time	time	departures_all	arrivals_all	stuck_all	en-route_all	departures_Shared-Bike	arrivals_Shared-Bike	stuck_Shared-Bike	en-route_Shared-Bike	departures_bike	arrivals_bike	stuck_bike	en-route_bike	departures_car	arrivals_car	stuck_car	en-route_car	departures_car_passenger	arrivals_car_passenger	stuck_car_passenger	en-route_car_passenger	departures_eScooter	arrivals_eScooter	stuck_eScooter	en-route_eScooter	departures_pt	arrivals_pt	stuck_pt	en-route_pt	departures_sharing:standardBikeShare	arrivals_sharing:standardBikeShare	stuck_sharing:standardBikeShare	en-route_sharing:standardBikeShare	departures_sharing:standardeScooter	arrivals_sharing:standardeScooter	stuck_sharing:standardeScooter	en-route_sharing:standardeScooter	departures_walk	arrivals_walk	stuck_walk	en-route_walk
00:00:00	0	0	0	0	0	0	0	0	0	0	0	0	0	0	0	0	0	0	0	0	0	0	0	0	0	0	0	0	0	0	0	0	0	0	0	0	0	0	0	0	0
00:05:00	300	0	0	0	0	0	0	0	0	0	0	0	0	0	0	0	0	0	0	0	0	0	0	0	0	0	0	0	0	0	0	0	0	0	0	0	0	0	0	0	0
00:10:00	600	0	0	0	0	0	0	0	0	0	0	0	0	0	0	0	0	0	0	0	0	0	0	0	0	0	0	0	0	0	0	0	0	0	0	0	0	0	0	0	0
00:15:00	900	0	0	0	0	0	0	0	0	0	0	0	0	0	0	0	0	0	0	0	0	0	0	0	0	0	0	0	0	0	0	0	0	0	0	0	0	0	0	0	0
00:20:00	1200	0	0	0	0	0	0	0	0	0	0	0	0	0	0	0	0	0	0	0	0	0	0	0	0	0	0	0	0	0	0	0	0	0	0	0	0	0	0	0	0
00:25:00	1500	0	0	0	0	0	0	0	0	0	0	0	0	0	0	0	0	0	0	0	0	0	0	0	0	0	0	0	0	0	0	0	0	0	0	0	0	0	0	0	0
00:30:00	1800	0	0	0	0	0	0	0	0	0	0	0	0	0	0	0	0	0	0	0	0	0	0	0	0	0	0	0	0	0	0	0	0	0	0	0	0	0	0	0	0
00:35:00	2100	0	0	0	0	0	0	0	0	0	0	0	0	0	0	0	0	0	0	0	0	0	0	0	0	0	0	0	0	0	0	0	0	0	0	0	0	0	0	0	0
00:40:00	2400	0	0	0	0	0	0	0	0	0	0	0	0	0	0	0	0	0	0	0	0	0	0	0	0	0	0	0	0	0	0	0	0	0	0	0	0	0	0	0	0
00:45:00	2700	0	0	0	0	0	0	0	0	0	0	0	0	0	0	0	0	0	0	0	0	0	0	0	0	0	0	0	0	0	0	0	0	0	0	0	0	0	0	0	0
00:50:00	3000	0	0	0	0	0	0	0	0	0	0	0	0	0	0	0	0	0	0	0	0	0	0	0	0	0	0	0	0	0	0	0	0	0	0	0	0	0	0	0	0
00:55:00	3300	0	0	0	0	0	0	0	0	0	0	0	0	0	0	0	0	0	0	0	0	0	0	0	0	0	0	0	0	0	0	0	0	0	0	0	0	0	0	0	0
01:00:00	3600	0	0	0	0	0	0	0	0	0	0	0	0	0	0	0	0	0	0	0	0	0	0	0	0	0	0	0	0	0	0	0	0	0	0	0	0	0	0	0	0
01:05:00	3900	0	0	0	0	0	0	0	0	0	0	0	0	0	0	0	0	0	0	0	0	0	0	0	0	0	0	0	0	0	0	0	0	0	0	0	0	0	0	0	0
01:10:00	4200	0	0	0	0	0	0	0	0	0	0	0	0	0	0	0	0	0	0	0	0	0	0	0	0	0	0	0	0	0	0	0	0	0	0	0	0	0	0	0	0
01:15:00	4500	0	0	0	0	0	0	0	0	0	0	0	0	0	0	0	0	0	0	0	0	0	0	0	0	0	0	0	0	0	0	0	0	0	0	0	0	0	0	0	0
01:20:00	4800	0	0	0	0	0	0	0	0	0	0	0	0	0	0	0	0	0	0	0	0	0	0	0	0	0	0	0	0	0	0	0	0	0	0	0	0	0	0	0	0
01:25:00	5100	0	0	0	0	0	0	0	0	0	0	0	0	0	0	0	0	0	0	0	0	0	0	0	0	0	0	0	0	0	0	0	0	0	0	0	0	0	0	0	0
01:30:00	5400	0	0	0	0	0	0	0	0	0	0	0	0	0	0	0	0	0	0	0	0	0	0	0	0	0	0	0	0	0	0	0	0	0	0	0	0	0	0	0	0
01:35:00	5700	0	0	0	0	0	0	0	0	0	0	0	0	0	0	0	0	0	0	0	0	0	0	0	0	0	0	0	0	0	0	0	0	0	0	0	0	0	0	0	0
01:40:00	6000	0	0	0	0	0	0	0	0	0	0	0	0	0	0	0	0	0	0	0	0	0	0	0	0	0	0	0	0	0	0	0	0	0	0	0	0	0	0	0	0
01:45:00	6300	0	0	0	0	0	0	0	0	0	0	0	0	0	0	0	0	0	0	0	0	0	0	0	0	0	0	0	0	0	0	0	0	0	0	0	0	0	0	0	0
01:50:00	6600	0	0	0	0	0	0	0	0	0	0	0	0	0	0	0	0	0	0	0	0	0	0	0	0	0	0	0	0	0	0	0	0	0	0	0	0	0	0	0	0
01:55:00	6900	0	0	0	0	0	0	0	0	0	0	0	0	0	0	0	0	0	0	0	0	0	0	0	0	0	0	0	0	0	0	0	0	0	0	0	0	0	0	0	0
02:00:00	7200	0	0	0	0	0	0	0	0	0	0	0	0	0	0	0	0	0	0	0	0	0	0	0	0	0	0	0	0	0	0	0	0	0	0	0	0	0	0	0	0
02:05:00	7500	0	0	0	0	0	0	0	0	0	0	0	0	0	0	0	0	0	0	0	0	0	0	0	0	0	0	0	0	0	0	0	0	0	0	0	0	0	0	0	0
02:10:00	7800	0	0	0	0	0	0	0	0	0	0	0	0	0	0	0	0	0	0	0	0	0	0	0	0	0	0	0	0	0	0	0	0	0	0	0	0	0	0	0	0
02:15:00	8100	0	0	0	0	0	0	0	0	0	0	0	0	0	0	0	0	0	0	0	0	0	0	0	0	0	0	0	0	0	0	0	0	0	0	0	0	0	0	0	0
02:20:00	8400	0	0	0	0	0	0	0	0	0	0	0	0	0	0	0	0	0	0	0	0	0	0	0	0	0	0	0	0	0	0	0	0	0	0	0	0	0	0	0	0
02:25:00	8700	0	0	0	0	0	0	0	0	0	0	0	0	0	0	0	0	0	0	0	0	0	0	0	0	0	0	0	0	0	0	0	0	0	0	0	0	0	0	0	0
02:30:00	9000	0	0	0	0	0	0	0	0	0	0	0	0	0	0	0	0	0	0	0	0	0	0	0	0	0	0	0	0	0	0	0	0	0	0	0	0	0	0	0	0
02:35:00	9300	0	0	0	0	0	0	0	0	0	0	0	0	0	0	0	0	0	0	0	0	0	0	0	0	0	0	0	0	0	0	0	0	0	0	0	0	0	0	0	0
02:40:00	9600	0	0	0	0	0	0	0	0	0	0	0	0	0	0	0	0	0	0	0	0	0	0	0	0	0	0	0	0	0	0	0	0	0	0	0	0	0	0	0	0
02:45:00	9900	0	0	0	0	0	0	0	0	0	0	0	0	0	0	0	0	0	0	0	0	0	0	0	0	0	0	0	0	0	0	0	0	0	0	0	0	0	0	0	0
02:50:00	10200	0	0	0	0	0	0	0	0	0	0	0	0	0	0	0	0	0	0	0	0	0	0	0	0	0	0	0	0	0	0	0	0	0	0	0	0	0	0	0	0
02:55:00	10500	0	0	0	0	0	0	0	0	0	0	0	0	0	0	0	0	0	0	0	0	0	0	0	0	0	0	0	0	0	0	0	0	0	0	0	0	0	0	0	0
03:00:00	10800	0	0	0	0	0	0	0	0	0	0	0	0	0	0	0	0	0	0	0	0	0	0	0	0	0	0	0	0	0	0	0	0	0	0	0	0	0	0	0	0
03:05:00	11100	0	0	0	0	0	0	0	0	0	0	0	0	0	0	0	0	0	0	0	0	0	0	0	0	0	0	0	0	0	0	0	0	0	0	0	0	0	0	0	0
03:10:00	11400	0	0	0	0	0	0	0	0	0	0	0	0	0	0	0	0	0	0	0	0	0	0	0	0	0	0	0	0	0	0	0	0	0	0	0	0	0	0	0	0
03:15:00	11700	0	0	0	0	0	0	0	0	0	0	0	0	0	0	0	0	0	0	0	0	0	0	0	0	0	0	0	0	0	0	0	0	0	0	0	0	0	0	0	0
03:20:00	12000	0	0	0	0	0	0	0	0	0	0	0	0	0	0	0	0	0	0	0	0	0	0	0	0	0	0	0	0	0	0	0	0	0	0	0	0	0	0	0	0
03:25:00	12300	0	0	0	0	0	0	0	0	0	0	0	0	0	0	0	0	0	0	0	0	0	0	0	0	0	0	0	0	0	0	0	0	0	0	0	0	0	0	0	0
03:30:00	12600	0	0	0	0	0	0	0	0	0	0	0	0	0	0	0	0	0	0	0	0	0	0	0	0	0	0	0	0	0	0	0	0	0	0	0	0	0	0	0	0
03:35:00	12900	0	0	0	0	0	0	0	0	0	0	0	0	0	0	0	0	0	0	0	0	0	0	0	0	0	0	0	0	0	0	0	0	0	0	0	0	0	0	0	0
03:40:00	13200	0	0	0	0	0	0	0	0	0	0	0	0	0	0	0	0	0	0	0	0	0	0	0	0	0	0	0	0	0	0	0	0	0	0	0	0	0	0	0	0
03:45:00	13500	0	0	0	0	0	0	0	0	0	0	0	0	0	0	0	0	0	0	0	0	0	0	0	0	0	0	0	0	0	0	0	0	0	0	0	0	0	0	0	0
03:50:00	13800	0	0	0	0	0	0	0	0	0	0	0	0	0	0	0	0	0	0	0	0	0	0	0	0	0	0	0	0	0	0	0	0	0	0	0	0	0	0	0	0
03:55:00	14100	0	0	0	0	0	0	0	0	0	0	0	0	0	0	0	0	0	0	0	0	0	0	0	0	0	0	0	0	0	0	0	0	0	0	0	0	0	0	0	0
04:00:00	14400	0	0	0	0	0	0	0	0	0	0	0	0	0	0	0	0	0	0	0	0	0	0	0	0	0	0	0	0	0	0	0	0	0	0	0	0	0	0	0	0
04:05:00	14700	0	0	0	0	0	0	0	0	0	0	0	0	0	0	0	0	0	0	0	0	0	0	0	0	0	0	0	0	0	0	0	0	0	0	0	0	0	0	0	0
04:10:00	15000	0	0	0	0	0	0	0	0	0	0	0	0	0	0	0	0	0	0	0	0	0	0	0	0	0	0	0	0	0	0	0	0	0	0	0	0	0	0	0	0
04:15:00	15300	0	0	0	0	0	0	0	0	0	0	0	0	0	0	0	0	0	0	0	0	0	0	0	0	0	0	0	0	0	0	0	0	0	0	0	0	0	0	0	0
04:20:00	15600	0	0	0	0	0	0	0	0	0	0	0	0	0	0	0	0	0	0	0	0	0	0	0	0	0	0	0	0	0	0	0	0	0	0	0	0	0	0	0	0
04:25:00	15900	0	0	0	0	0	0	0	0	0	0	0	0	0	0	0	0	0	0	0	0	0	0	0	0	0	0	0	0	0	0	0	0	0	0	0	0	0	0	0	0
04:30:00	16200	0	0	0	0	0	0	0	0	0	0	0	0	0	0	0	0	0	0	0	0	0	0	0	0	0	0	0	0	0	0	0	0	0	0	0	0	0	0	0	0
04:35:00	16500	0	0	0	0	0	0	0	0	0	0	0	0	0	0	0	0	0	0	0	0	0	0	0	0	0	0	0	0	0	0	0	0	0	0	0	0	0	0	0	0
04:40:00	16800	0	0	0	0	0	0	0	0	0	0	0	0	0	0	0	0	0	0	0	0	0	0	0	0	0	0	0	0	0	0	0	0	0	0	0	0	0	0	0	0
04:45:00	17100	0	0	0	0	0	0	0	0	0	0	0	0	0	0	0	0	0	0	0	0	0	0	0	0	0	0	0	0	0	0	0	0	0	0	0	0	0	0	0	0
04:50:00	17400	0	0	0	0	0	0	0	0	0	0	0	0	0	0	0	0	0	0	0	0	0	0	0	0	0	0	0	0	0	0	0	0	0	0	0	0	0	0	0	0
04:55:00	17700	0	0	0	0	0	0	0	0	0	0	0	0	0	0	0	0	0	0	0	0	0	0	0	0	0	0	0	0	0	0	0	0	0	0	0	0	0	0	0	0
05:00:00	18000	0	0	0	0	0	0	0	0	0	0	0	0	0	0	0	0	0	0	0	0	0	0	0	0	0	0	0	0	0	0	0	0	0	0	0	0	0	0	0	0
05:05:00	18300	0	0	0	0	0	0	0	0	0	0	0	0	0	0	0	0	0	0	0	0	0	0	0	0	0	0	0	0	0	0	0	0	0	0	0	0	0	0	0	0
05:10:00	18600	0	0	0	0	0	0	0	0	0	0	0	0	0	0	0	0	0	0	0	0	0	0	0	0	0	0	0	0	0	0	0	0	0	0	0	0	0	0	0	0
05:15:00	18900	0	0	0	0	0	0	0	0	0	0	0	0	0	0	0	0	0	0	0	0	0	0	0	0	0	0	0	0	0	0	0	0	0	0	0	0	0	0	0	0
05:20:00	19200	0	0	0	0	0	0	0	0	0	0	0	0	0	0	0	0	0	0	0	0	0	0	0	0	0	0	0	0	0	0	0	0	0	0	0	0	0	0	0	0
05:25:00	19500	0	0	0	0	0	0	0	0	0	0	0	0	0	0	0	0	0	0	0	0	0	0	0	0	0	0	0	0	0	0	0	0	0	0	0	0	0	0	0	0
05:30:00	19800	0	0	0	0	0	0	0	0	0	0	0	0	0	0	0	0	0	0	0	0	0	0	0	0	0	0	0	0	0	0	0	0	0	0	0	0	0	0	0	0
05:35:00	20100	0	0	0	0	0	0	0	0	0	0	0	0	0	0	0	0	0	0	0	0	0	0	0	0	0	0	0	0	0	0	0	0	0	0	0	0	0	0	0	0
05:40:00	20400	0	0	0	0	0	0	0	0	0	0	0	0	0	0	0	0	0	0	0	0	0	0	0	0	0	0	0	0	0	0	0	0	0	0	0	0	0	0	0	0
05:45:00	20700	0	0	0	0	0	0	0	0	0	0	0	0	0	0	0	0	0	0	0	0	0	0	0	0	0	0	0	0	0	0	0	0	0	0	0	0	0	0	0	0
05:50:00	21000	0	0	0	0	0	0	0	0	0	0	0	0	0	0	0	0	0	0	0	0	0	0	0	0	0	0	0	0	0	0	0	0	0	0	0	0	0	0	0	0
05:55:00	21300	0	0	0	0	0	0	0	0	0	0	0	0	0	0	0	0	0	0	0	0	0	0	0	0	0	0	0	0	0	0	0	0	0	0	0	0	0	0	0	0
06:00:00	21600	4	0	0	4	0	0	0	0	0	0	0	0	3	0	0	3	0	0	0	0	0	0	0	0	0	0	0	0	0	0	0	0	0	0	0	0	1	0	0	1
06:05:00	21900	4	2	0	6	0	0	0	0	0	0	0	0	1	1	0	3	0	0	0	0	0	0	0	0	0	0	0	0	0	0	0	0	0	0	0	0	3	1	0	3
06:10:00	22200	4	2	0	8	0	0	0	0	0	0	0	0	2	1	0	4	0	0	0	0	0	0	0	0	0	0	0	0	0	0	0	0	0	0	0	0	2	1	0	4
06:15:00	22500	2	2	0	8	1	0	0	1	0	0	0	0	0	2	0	2	0	0	0	0	0	0	0	0	0	0	0	0	0	0	0	0	0	0	0	0	1	0	0	5
06:20:00	22800	5	2	0	11	0	1	0	0	0	0	0	0	3	0	0	5	0	0	0	0	0	0	0	0	0	0	0	0	0	0	0	0	0	0	0	0	2	1	0	6
06:25:00	23100	7	5	1	12	0	0	0	0	0	0	0	0	1	2	0	4	0	0	0	0	0	0	0	0	1	0	0	1	0	0	0	0	0	0	1	-1	5	3	0	8
06:30:00	23400	43	6	1	48	0	0	0	0	0	0	0	0	30	4	0	30	0	0	0	0	1	0	0	1	0	0	0	1	0	0	0	0	0	0	1	-2	12	2	0	18
06:35:00	23700	37	20	3	62	0	0	0	0	1	0	0	1	21	16	0	35	0	0	0	0	0	0	0	1	0	0	0	1	0	0	0	0	0	0	3	-5	15	4	0	29
06:40:00	24000	35	18	1	78	0	0	0	0	0	0	0	1	26	13	0	48	0	0	0	0	0	0	0	1	2	0	0	3	0	0	0	0	0	0	1	-6	7	5	0	31
06:45:00	24300	39	34	0	83	0	0	0	0	0	1	0	0	20	23	0	45	0	0	0	0	1	1	0	1	3	1	0	5	0	0	0	0	0	0	0	-6	15	8	0	38
06:50:00	24600	44	29	0	98	0	0	0	0	0	0	0	0	23	21	0	47	0	0	0	0	1	0	0	2	1	0	0	6	0	0	0	0	0	0	0	-6	19	8	0	49
06:55:00	24900	83	41	6	134	1	0	0	1	0	0	0	0	45	19	0	73	0	0	0	0	0	2	0	0	2	0	0	8	0	0	2	-2	0	0	4	-10	35	20	0	64
07:00:00	25200	70	56	4	144	1	0	0	2	0	0	0	0	37	37	0	73	0	0	0	0	4	2	0	2	1	0	0	9	0	0	0	-2	0	0	4	-14	27	17	0	74
07:05:00	25500	68	51	4	157	0	2	0	0	0	0	0	0	34	30	0	77	0	0	0	0	1	0	0	3	2	0	0	11	0	0	0	-2	0	0	4	-18	31	19	0	86
07:10:00	25800	66	49	1	173	0	0	0	0	0	0	0	0	36	23	0	90	0	0	0	0	2	2	0	3	3	2	0	12	0	0	0	-2	0	0	1	-19	25	22	0	89
07:15:00	26100	89	49	4	209	0	0	0	0	0	0	0	0	51	33	0	108	0	0	0	0	1	1	0	3	2	0	0	14	0	0	1	-3	0	0	3	-22	35	15	0	109
07:20:00	26400	82	65	3	223	0	0	0	0	0	0	0	0	55	43	0	120	0	0	0	0	2	1	0	4	6	3	0	17	0	0	1	-4	0	0	2	-24	19	18	0	110
07:25:00	26700	120	75	5	263	0	0	0	0	0	0	0	0	64	45	0	139	0	0	0	0	0	2	0	2	9	0	0	26	0	0	0	-4	0	0	5	-29	47	28	0	129
07:30:00	27000	74	78	2	257	0	0	0	0	0	0	0	0	48	58	0	129	0	0	0	0	1	1	0	2	4	2	0	28	0	0	0	-4	0	0	2	-31	21	17	0	133
07:35:00	27300	92	95	5	249	2	0	0	2	0	0	0	0	44	65	0	108	0	0	0	0	0	0	0	2	5	6	0	27	0	0	0	-4	0	0	5	-36	41	24	0	150
07:40:00	27600	96	68	2	275	1	0	0	3	0	0	0	0	58	43	0	123	0	0	0	0	0	1	0	1	5	2	0	30	0	0	0	-4	0	0	2	-38	32	22	0	160
07:45:00	27900	99	83	2	289	0	2	0	1	1	0	0	1	56	54	0	125	0	0	0	0	3	1	0	3	4	0	0	34	0	0	0	-4	0	0	2	-40	35	26	0	169
07:50:00	28200	109	74	4	320	1	1	0	1	0	0	0	1	58	45	0	138	0	0	0	0	0	1	0	2	5	6	0	33	0	0	0	-4	0	0	4	-44	45	21	0	193
07:55:00	28500	114	107	7	320	0	1	0	0	0	1	0	0	65	63	0	140	12	1	0	11	1	1	0	2	6	1	0	38	0	0	1	-5	0	0	6	-50	30	39	0	184
08:00:00	28800	121	113	1	327	0	0	0	0	0	0	0	0	64	67	0	137	24	8	0	27	1	2	0	1	4	3	0	39	0	0	0	-5	0	0	1	-51	28	33	0	179
08:05:00	29100	104	95	8	328	0	0	0	0	0	0	0	0	48	53	0	132	17	9	0	35	0	1	0	0	3	2	0	40	0	0	0	-5	0	0	8	-59	36	30	0	185
08:10:00	29400	128	99	3	354	0	0	0	0	0	0	0	0	52	61	0	123	26	16	0	45	0	0	0	0	5	3	0	42	0	0	0	-5	0	0	3	-62	45	19	0	211
08:15:00	29700	93	93	2	352	2	0	0	2	0	0	0	0	48	45	0	126	14	16	0	43	1	0	0	1	3	1	0	44	0	0	1	-6	0	0	1	-63	25	31	0	205
08:20:00	30000	110	92	5	365	0	2	0	0	0	0	0	0	60	45	0	141	16	18	0	41	0	0	0	1	3	2	0	45	0	0	0	-6	0	0	5	-68	31	25	0	211
08:25:00	30300	112	94	0	383	1	0	0	1	0	0	0	0	61	62	0	140	20	13	0	48	1	1	0	1	5	1	0	49	0	0	0	-6	0	0	0	-68	24	17	0	218
08:30:00	30600	96	104	3	372	0	1	0	0	0	0	0	0	34	50	0	124	21	15	0	54	1	1	0	1	6	7	0	48	0	0	0	-6	0	0	3	-71	34	30	0	222
08:35:00	30900	75	95	3	349	1	0	0	1	0	0	0	0	35	51	0	108	8	20	0	42	0	1	0	0	3	3	0	48	0	0	0	-6	0	0	3	-74	28	20	0	230
08:40:00	31200	90	85	3	351	0	0	0	1	0	0	0	0	31	44	0	95	24	16	0	50	2	0	0	2	3	4	0	47	0	0	0	-6	0	0	3	-77	30	21	0	239
08:45:00	31500	106	69	1	387	1	1	0	1	0	0	0	0	42	30	0	107	39	15	0	74	0	1	0	1	5	0	0	52	0	0	0	-6	0	0	1	-78	19	22	0	236
08:50:00	31800	83	100	1	369	0	1	0	0	0	0	0	0	35	49	0	93	13	22	0	65	3	1	0	3	5	1	0	56	0	0	0	-6	0	0	1	-79	27	26	0	237
08:55:00	32100	86	86	4	365	0	0	0	0	0	0	0	0	29	35	0	87	18	18	0	65	2	1	0	4	6	5	0	57	0	0	1	-7	0	0	3	-82	31	27	0	241
09:00:00	32400	90	88	4	363	0	0	0	0	0	0	0	0	43	36	0	94	4	18	0	51	1	1	0	4	5	3	0	59	0	0	0	-7	0	0	4	-86	37	30	0	248
09:05:00	32700	75	89	3	346	0	0	0	0	0	0	0	0	34	31	0	97	6	10	0	47	2	1	0	5	4	10	0	53	0	0	0	-7	0	0	3	-89	29	37	0	240
09:10:00	33000	60	80	5	321	0	0	0	0	0	0	0	0	31	39	0	89	3	13	0	37	1	3	0	3	2	1	0	54	0	0	0	-7	0	0	5	-94	23	24	0	239
09:15:00	33300	65	80	2	304	0	0	0	0	0	0	0	0	37	41	0	85	2	11	0	28	1	1	0	3	8	0	0	62	0	0	0	-7	0	0	2	-96	17	27	0	229
09:20:00	33600	50	77	4	273	0	0	0	0	0	0	0	0	23	38	0	70	2	10	0	20	0	1	0	2	5	2	0	65	0	0	0	-7	0	0	4	-100	20	26	0	223
09:25:00	33900	60	74	1	258	0	0	0	0	0	0	0	0	20	27	0	63	4	2	0	22	0	0	0	2	3	15	0	53	0	0	0	-7	0	0	1	-101	33	30	0	226
09:30:00	34200	55	71	5	237	1	0	0	1	0	0	0	0	27	24	0	66	1	7	0	16	1	2	0	1	1	5	0	49	0	0	0	-7	0	0	5	-106	24	33	0	217
09:35:00	34500	51	63	1	224	0	0	0	1	0	0	0	0	26	32	0	60	8	6	0	18	2	2	0	1	2	2	0	49	0	0	0	-7	0	0	1	-107	13	21	0	209
09:40:00	34800	43	60	1	206	0	1	0	0	0	0	0	0	17	30	0	47	2	5	0	15	0	0	0	1	2	3	0	48	0	0	0	-7	0	0	1	-108	22	21	0	210
09:45:00	35100	48	63	1	190	1	0	0	1	0	0	0	0	24	30	0	41	0	5	0	10	0	1	0	0	4	0	0	52	0	0	0	-7	0	0	1	-109	19	27	0	202
09:50:00	35400	43	50	5	178	1	1	0	1	0	0	0	0	21	16	0	46	0	4	0	6	1	1	0	0	3	0	0	55	0	0	0	-7	0	0	5	-114	17	28	0	191
09:55:00	35700	50	51	6	171	0	1	0	0	1	0	0	1	28	21	0	53	0	2	0	4	0	0	0	0	0	1	0	54	0	0	0	-7	0	0	6	-120	21	26	0	186
10:00:00	36000	73	63	6	175	0	0	0	0	0	1	0	0	32	24	0	61	0	2	0	2	0	0	0	0	2	8	0	48	0	0	0	-7	0	0	6	-126	39	28	0	197
10:05:00	36300	63	61	4	173	0	0	0	0	0	0	0	0	34	34	0	61	0	1	0	1	0	0	0	0	0	4	0	44	0	0	0	-7	0	0	4	-130	29	22	0	204
10:10:00	36600	81	72	6	176	0	0	0	0	0	0	0	0	42	35	0	68	0	1	0	0	0	0	0	0	3	4	0	43	0	0	0	-7	0	0	6	-136	36	32	0	208
10:15:00	36900	65	59	4	178	0	0	0	0	0	0	0	0	23	26	0	65	0	0	0	0	0	0	0	0	2	0	0	45	0	0	1	-8	0	0	3	-139	40	33	0	215
10:20:00	37200	67	73	4	168	1	1	0	0	0	0	0	0	29	28	0	66	0	0	0	0	0	0	0	0	1	1	0	45	0	0	0	-8	0	0	4	-143	36	43	0	208
10:25:00	37500	78	79	0	167	1	0	0	1	0	0	0	0	42	41	0	67	0	0	0	0	0	0	0	0	2	2	0	45	0	0	0	-8	0	0	0	-143	33	36	0	205
10:30:00	37800	66	78	4	151	0	1	0	0	0	0	0	0	32	31	0	68	0	0	0	0	1	0	0	1	3	1	0	47	0	0	0	-8	0	0	4	-147	30	45	0	190
10:35:00	38100	41	64	3	125	0	0	0	0	0	0	0	0	13	29	0	52	2	1	0	1	0	0	0	1	1	1	0	47	0	0	0	-8	0	0	3	-150	25	33	0	182
10:40:00	38400	60	60	2	123	0	0	0	0	0	0	0	0	22	28	0	46	1	1	0	1	2	0	0	3	0	2	0	45	0	0	0	-8	0	0	2	-152	35	29	0	188
10:45:00	38700	71	73	3	118	0	0	0	0	0	0	0	0	30	29	0	47	3	0	0	4	0	2	0	1	2	4	0	43	0	0	0	-8	0	0	3	-155	36	38	0	186
10:50:00	39000	45	56	0	107	0	0	0	0	0	0	0	0	20	21	0	46	0	3	0	1	0	1	0	0	1	0	0	44	0	0	0	-8	0	0	0	-155	24	31	0	179
10:55:00	39300	41	60	3	85	0	0	0	0	0	0	0	0	15	21	0	40	2	0	0	3	0	0	0	0	2	1	0	45	0	0	0	-8	0	0	3	-158	22	38	0	163
11:00:00	39600	51	46	5	85	0	0	0	0	0	0	0	0	16	18	0	38	4	1	0	6	1	0	0	1	0	0	0	45	0	0	1	-9	0	0	4	-162	30	27	0	166
11:05:00	39900	76	67	2	92	0	0	0	0	0	0	0	0	31	19	0	50	1	1	0	6	0	0	0	1	7	8	0	44	0	0	1	-10	0	0	1	-163	37	39	0	164
11:10:00	40200	81	55	4	114	0	0	0	0	0	0	0	0	41	20	0	71	2	1	0	7	0	0	0	1	4	2	0	46	0	0	0	-10	0	0	4	-167	34	32	0	166
11:15:00	40500	57	66	1	104	0	0	0	0	0	0	0	0	30	39	0	62	10	3	0	14	0	0	0	1	1	3	0	44	0	0	0	-10	0	0	1	-168	16	21	0	161
11:20:00	40800	56	53	2	105	0	0	0	0	0	0	0	0	23	25	0	60	2	2	0	14	1	1	0	1	2	1	0	45	0	0	0	-10	0	0	2	-170	28	24	0	165
11:25:00	41100	73	73	3	102	0	0	0	0	0	0	0	0	31	35	0	56	3	3	0	14	0	1	0	0	0	1	0	44	0	0	0	-10	0	0	3	-173	39	33	0	171
11:30:00	41400	78	64	2	114	0	0	0	0	0	0	0	0	31	21	0	66	1	5	0	10	3	0	0	3	3	3	0	44	0	0	0	-10	0	0	2	-175	40	35	0	176
11:35:00	41700	89	87	3	113	1	1	0	0	0	0	0	0	37	35	0	68	3	3	0	10	1	1	0	3	5	8	0	41	0	0	0	-10	0	0	3	-178	42	39	0	179
11:40:00	42000	75	73	3	112	0	0	0	0	0	0	0	0	30	28	0	70	0	3	0	7	1	0	0	4	3	10	0	34	0	0	0	-10	0	0	3	-181	41	32	0	188
11:45:00	42300	79	84	3	104	0	0	0	0	0	0	0	0	40	34	0	76	3	6	0	4	0	3	0	1	5	2	0	37	0	0	0	-10	0	0	3	-184	31	39	0	180
11:50:00	42600	82	71	0	115	0	0	0	0	0	0	0	0	42	34	0	84	5	1	0	8	1	0	0	2	2	0	0	39	0	0	0	-10	0	0	0	-184	32	36	0	176
11:55:00	42900	93	78	4	126	0	0	0	0	0	0	0	0	42	33	0	93	1	1	0	8	0	2	0	0	3	3	0	39	0	0	1	-11	0	0	3	-187	47	39	0	184
12:00:00	43200	73	69	1	129	1	0	0	1	0	0	0	0	44	41	0	96	2	2	0	8	1	0	0	1	2	0	0	41	0	0	0	-11	0	0	1	-188	23	26	0	181
12:05:00	43500	52	65	0	116	0	0	0	1	0	0	0	0	27	38	0	85	8	5	0	11	0	0	0	1	4	0	0	45	0	0	0	-11	0	0	0	-188	13	22	0	172
12:10:00	43800	58	62	2	110	0	0	0	1	0	0	0	0	31	40	0	76	2	0	0	13	0	0	0	1	4	1	0	48	0	0	0	-11	0	0	2	-190	21	21	0	172
12:15:00	44100	51	54	1	106	2	1	0	2	0	0	0	0	29	31	0	74	1	3	0	11	1	0	0	2	1	2	0	47	0	0	0	-11	0	0	1	-191	17	17	0	172
12:20:00	44400	50	66	6	84	2	2	0	2	0	0	0	0	24	37	0	61	0	3	0	8	1	0	0	3	4	1	0	50	0	0	1	-12	0	0	5	-196	19	23	0	168
12:25:00	44700	54	61	3	74	0	0	0	2	0	0	0	0	30	28	0	63	0	3	0	5	0	1	0	2	3	3	0	50	0	0	1	-13	0	0	2	-198	21	26	0	163
12:30:00	45000	41	37	2	76	1	1	0	2	0	0	0	0	25	21	0	67	0	1	0	4	1	0	0	3	0	3	0	47	0	0	0	-13	0	0	2	-200	14	11	0	166
12:35:00	45300	30	47	0	59	1	2	0	1	0	0	0	0	9	25	0	51	0	2	0	2	0	0	0	3	3	4	0	46	0	0	0	-13	0	0	0	-200	17	14	0	169
12:40:00	45600	35	38	4	52	1	0	0	2	0	0	0	0	20	16	0	55	0	1	0	1	0	1	0	2	1	1	0	46	0	0	0	-13	0	0	4	-204	13	19	0	163
12:45:00	45900	44	31	0	65	0	0	0	2	0	0	0	0	28	20	0	63	0	0	0	1	1	0	0	3	1	1	0	46	0	0	0	-13	0	0	0	-204	14	10	0	167
12:50:00	46200	32	48	2	47	1	2	0	1	0	0	0	0	15	26	0	52	0	1	0	0	1	3	0	1	1	0	0	47	0	0	0	-13	0	0	2	-206	14	16	0	165
12:55:00	46500	41	39	0	49	0	1	0	0	0	0	0	0	17	21	0	48	0	0	0	0	2	0	0	3	3	3	0	47	0	0	0	-13	0	0	0	-206	19	14	0	170
13:00:00	46800	4	30	2	21	1	0	0	1	0	0	0	0	0	18	0	30	0	0	0	0	0	1	0	2	0	1	0	46	0	0	0	-13	0	0	2	-208	3	10	0	163
13:05:00	47100	6	32	1	-6	0	0	0	1	0	0	0	0	0	19	0	11	0	0	0	0	0	1	0	1	1	0	0	47	0	0	0	-13	0	0	1	-209	5	12	0	156
13:10:00	47400	4	14	0	-16	0	1	0	0	0	0	0	0	0	3	0	8	0	0	0	0	0	0	0	1	3	0	0	50	0	0	0	-13	0	0	0	-209	1	10	0	147
13:15:00	47700	19	12	1	-10	0	0	0	0	0	0	0	0	13	7	0	14	0	0	0	0	0	0	0	1	1	0	0	51	0	0	0	-13	0	0	1	-210	5	5	0	147
13:20:00	48000	13	12	0	-9	0	0	0	0	0	0	0	0	8	7	0	15	0	0	0	0	0	0	0	1	0	1	0	50	0	0	0	-13	0	0	0	-210	5	4	0	148
13:25:00	48300	14	19	1	-15	0	0	0	0	0	0	0	0	6	5	0	16	0	0	0	0	0	0	0	1	1	3	0	48	0	0	0	-13	0	0	1	-211	7	11	0	144
13:30:00	48600	52	21	2	14	0	0	0	0	0	0	0	0	37	6	0	47	1	0	0	1	0	0	0	1	1	2	0	47	0	0	0	-13	0	0	2	-213	13	13	0	144
13:35:00	48900	57	52	1	18	0	0	0	0	0	0	0	0	29	28	0	48	5	0	0	6	1	0	0	2	1	7	0	41	0	0	0	-13	0	0	1	-214	21	17	0	148
13:40:00	49200	55	49	2	22	1	0	0	1	0	0	0	0	19	22	0	45	5	2	0	9	2	1	0	3	0	4	0	37	0	0	0	-13	0	0	2	-216	28	20	0	156
13:45:00	49500	51	45	4	24	0	1	0	0	0	0	0	0	27	21	0	51	2	3	0	8	3	0	0	6	0	2	0	35	0	0	0	-13	0	0	4	-220	19	18	0	157
13:50:00	49800	86	56	4	50	0	0	0	0	0	0	0	0	39	23	0	67	15	7	0	16	0	3	0	3	3	1	0	37	0	0	0	-13	0	0	4	-224	29	22	0	164
13:55:00	50100	96	62	4	80	3	0	0	3	0	0	0	0	52	36	0	83	12	5	0	23	0	1	0	2	2	0	0	39	0	0	0	-13	0	0	4	-228	27	20	0	171
14:00:00	50400	77	75	4	78	0	1	0	2	0	0	0	0	44	39	0	88	3	10	0	16	1	1	0	2	4	0	0	43	0	0	0	-13	0	0	4	-232	25	24	0	172
14:05:00	50700	84	86	3	73	1	2	0	1	0	0	0	0	23	37	0	74	9	6	0	19	0	1	0	1	3	0	0	46	0	0	1	-14	0	0	2	-234	48	40	0	180
14:10:00	51000	77	66	2	82	1	1	0	1	0	0	0	0	33	29	0	78	14	11	0	22	3	1	0	3	5	0	0	51	0	0	1	-15	0	0	1	-235	21	24	0	177
14:15:00	51300	66	66	0	82	1	1	0	1	0	0	0	0	37	33	0	82	8	8	0	22	0	0	0	3	4	0	0	55	0	0	0	-15	0	0	0	-235	16	24	0	169
14:20:00	51600	82	75	5	84	0	0	0	1	0	0	0	0	26	29	0	79	14	8	0	28	0	3	0	0	4	6	0	53	0	0	0	-15	0	0	5	-240	38	29	0	178
14:25:00	51900	70	70	3	81	0	0	0	1	0	0	0	0	38	43	0	74	16	10	0	34	1	0	0	1	1	1	0	53	0	0	0	-15	0	0	3	-243	14	16	0	176
14:30:00	52200	56	69	4	64	0	1	0	0	0	0	0	0	21	26	0	69	12	15	0	31	0	1	0	0	2	4	0	51	0	0	0	-15	0	0	4	-247	21	22	0	175
14:35:00	52500	76	65	2	73	0	0	0	0	0	0	0	0	40	27	0	82	4	11	0	24	1	0	0	1	2	1	0	52	0	0	0	-15	0	0	2	-249	29	26	0	178
14:40:00	52800	53	70	0	56	0	0	0	0	0	0	0	0	25	37	0	70	8	8	0	24	0	0	0	1	1	3	0	50	0	0	0	-15	0	0	0	-249	19	22	0	175
14:45:00	53100	49	61	3	41	0	0	0	0	0	0	0	0	21	26	0	65	9	12	0	21	0	0	0	1	3	8	0	45	0	0	0	-15	0	0	3	-252	16	15	0	176
14:50:00	53400	59	71	2	27	0	0	0	0	0	0	0	0	26	33	0	58	3	6	0	18	0	1	0	0	4	2	0	47	0	0	0	-15	0	0	2	-254	26	29	0	173
14:55:00	53700	49	53	0	23	0	0	0	0	0	0	0	0	15	23	0	50	8	6	0	20	1	0	0	1	2	4	0	45	0	0	0	-15	0	0	0	-254	23	20	0	176
15:00:00	54000	42	52	1	12	0	0	0	0	0	0	0	0	17	20	0	47	3	9	0	14	0	0	0	1	0	4	0	41	0	0	0	-15	0	0	1	-255	22	19	0	179
15:05:00	54300	48	54	4	2	0	0	0	0	0	0	0	0	21	24	0	44	1	5	0	10	1	0	0	2	0	1	0	40	0	0	1	-16	0	0	3	-258	25	24	0	180
15:10:00	54600	53	58	4	-7	0	0	0	0	0	0	0	0	14	25	0	33	0	4	0	6	1	2	0	1	2	0	0	42	0	0	0	-16	0	0	4	-262	36	27	0	189
15:15:00	54900	56	47	0	2	0	0	0	0	0	0	0	0	26	11	0	48	1	2	0	5	2	2	0	1	2	1	0	43	0	0	0	-16	0	0	0	-262	25	31	0	183
15:20:00	55200	54	52	4	0	0	0	0	0	0	0	0	0	25	22	0	51	1	1	0	5	1	1	0	1	2	0	0	45	0	0	0	-16	0	0	4	-266	25	28	0	180
15:25:00	55500	48	53	4	-9	0	0	0	0	0	0	0	0	24	28	0	47	0	0	0	5	0	0	0	1	1	1	0	45	0	0	0	-16	0	0	4	-270	23	24	0	179
15:30:00	55800	68	49	4	6	0	0	0	0	0	0	0	0	32	25	0	54	0	1	0	4	0	1	0	0	0	1	0	44	0	0	0	-16	0	0	4	-274	36	21	0	194
15:35:00	56100	102	68	1	39	0	0	0	0	0	0	0	0	49	33	0	70	0	0	0	4	1	0	0	1	4	7	0	41	0	0	0	-16	0	0	1	-275	48	28	0	214
15:40:00	56400	97	94	8	34	0	0	0	0	0	0	0	0	45	43	0	72	0	1	0	3	1	1	0	1	3	0	0	44	0	0	1	-17	0	0	7	-282	48	49	0	213
15:45:00	56700	77	77	4	30	0	0	0	0	0	0	0	0	40	36	0	76	0	0	0	3	1	0	0	2	5	4	0	45	0	0	0	-17	0	0	4	-286	31	37	0	207
15:50:00	57000	74	77	5	22	1	1	0	0	2	1	0	1	35	35	0	76	0	1	0	2	0	1	0	1	1	0	0	46	0	0	0	-17	0	0	5	-291	35	38	0	204
15:55:00	57300	63	80	8	-3	0	0	0	0	0	1	0	0	22	32	0	66	0	0	0	2	0	0	0	1	2	4	0	44	0	0	0	-17	0	0	8	-299	39	43	0	200
16:00:00	57600	88	77	4	4	0	0	0	0	0	0	0	0	32	30	0	68	21	0	0	23	2	0	0	3	2	5	0	41	0	0	0	-17	0	0	4	-303	31	42	0	189
16:05:00	57900	86	68	2	20	0	0	0	0	0	0	0	0	35	32	0	71	19	7	0	35	0	2	0	1	0	4	0	37	0	0	0	-17	0	0	2	-305	32	23	0	198
16:10:00	58200	67	84	5	-2	0	0	0	0	0	0	0	0	21	34	0	58	18	15	0	38	0	1	0	0	1	0	0	38	0	0	1	-18	0	0	4	-309	27	34	0	191
16:15:00	58500	80	82	5	-9	0	0	0	0	0	0	0	0	25	33	0	50	16	14	0	40	0	0	0	0	6	6	0	38	0	0	0	-18	0	0	5	-314	33	29	0	195
16:20:00	58800	91	72	5	5	0	0	0	0	0	0	0	0	35	23	0	62	17	13	0	44	0	0	0	0	1	2	0	37	0	0	0	-18	0	0	5	-319	38	34	0	199
16:25:00	59100	99	85	1	18	1	1	0	0	0	0	0	0	35	29	0	68	27	19	0	52	0	0	0	0	3	4	0	36	0	0	0	-18	0	0	1	-320	33	32	0	200
16:30:00	59400	118	86	6	44	0	0	0	0	0	0	0	0	33	30	0	71	31	15	0	68	0	0	0	0	7	3	0	40	0	0	0	-18	0	0	6	-326	47	38	0	209
16:35:00	59700	131	96	2	77	1	0	0	1	0	0	0	0	45	27	0	89	28	22	0	74	2	0	0	2	4	2	0	42	0	0	0	-18	0	0	2	-328	51	45	0	215
16:40:00	60000	125	118	7	77	0	0	0	1	0	0	0	0	51	42	0	98	19	25	0	68	4	1	0	5	3	3	0	42	0	0	0	-18	0	0	7	-335	48	47	0	216
16:45:00	60300	98	103	9	63	1	1	0	1	0	0	0	0	36	38	0	96	29	22	0	75	0	1	0	4	1	6	0	37	0	0	0	-18	0	0	9	-344	31	35	0	212
16:50:00	60600	133	104	1	91	0	1	0	0	0	0	0	0	46	47	0	95	46	30	0	91	0	0	0	4	0	0	0	37	0	0	0	-18	0	0	1	-345	41	26	0	227
16:55:00	60900	117	116	4	88	0	0	0	0	0	0	0	0	45	46	0	94	31	26	0	96	1	2	0	3	4	1	0	40	0	0	0	-18	0	0	4	-349	36	41	0	222
17:00:00	61200	161	124	3	122	0	0	0	0	0	0	0	0	78	43	0	129	20	29	0	87	2	2	0	3	4	7	0	37	0	0	0	-18	0	0	3	-352	57	43	0	236
17:05:00	61500	143	113	4	148	1	0	0	1	0	0	0	0	82	56	0	155	12	23	0	76	0	0	0	3	1	6	0	32	0	0	0	-18	0	0	4	-356	47	28	0	255
17:10:00	61800	133	140	4	137	0	1	0	0	0	0	0	0	61	64	0	152	16	19	0	73	0	1	0	2	7	2	0	37	0	0	1	-19	0	0	3	-359	49	53	0	251
17:15:00	62100	150	136	2	149	0	0	0	0	0	0	0	0	66	71	0	147	26	22	0	77	3	0	0	5	2	3	0	36	0	0	0	-19	0	0	2	-361	53	40	0	264
17:20:00	62400	147	130	6	160	0	0	0	0	0	0	0	0	74	62	0	159	15	24	0	68	2	1	0	6	5	3	0	38	0	0	0	-19	0	0	6	-367	51	40	0	275
17:25:00	62700	94	138	0	116	0	0	0	0	0	0	0	0	44	67	0	136	0	23	0	45	0	0	0	6	6	4	0	40	0	0	0	-19	0	0	0	-367	44	44	0	275
17:30:00	63000	84	99	3	98	0	0	0	0	0	0	0	0	52	51	0	137	1	12	0	34	0	2	0	4	3	4	0	39	0	0	0	-19	0	0	3	-370	28	30	0	273
17:35:00	63300	73	93	2	76	0	0	0	0	0	0	0	0	47	55	0	129	2	9	0	27	0	0	0	4	3	3	0	39	0	0	0	-19	0	0	2	-372	21	26	0	268
17:40:00	63600	55	81	3	47	0	0	0	0	0	0	0	0	25	47	0	107	1	3	0	25	1	1	0	4	5	4	0	40	0	0	0	-19	0	0	3	-375	23	26	0	265
17:45:00	63900	91	77	4	57	0	0	0	0	0	0	0	0	62	45	0	124	1	1	0	25	0	1	0	3	2	3	0	39	0	0	0	-19	0	0	4	-379	26	27	0	264
17:50:00	64200	80	82	4	51	0	0	0	0	0	0	0	0	52	48	0	128	1	6	0	20	0	0	0	3	6	4	0	41	0	0	0	-19	0	0	4	-383	21	24	0	261
17:55:00	64500	74	87	4	34	0	0	0	0	0	0	0	0	45	51	0	122	0	4	0	16	1	1	0	3	3	4	0	40	0	0	0	-19	0	0	4	-387	25	27	0	259
18:00:00	64800	58	83	1	8	0	0	0	0	0	0	0	0	37	53	0	106	1	2	0	15	0	0	0	3	2	6	0	36	0	0	0	-19	0	0	1	-388	18	22	0	255
18:05:00	65100	58	78	6	-18	0	0	0	0	0	0	0	0	30	44	0	92	0	1	0	14	0	0	0	3	3	7	0	32	0	0	0	-19	0	0	6	-394	25	26	0	254
18:10:00	65400	45	72	4	-49	0	0	0	0	0	0	0	0	22	42	0	72	1	1	0	14	1	0	0	4	2	2	0	32	0	0	0	-19	0	0	4	-398	19	27	0	246
18:15:00	65700	38	61	2	-74	1	0	0	1	0	0	0	0	21	35	0	58	0	1	0	13	0	2	0	2	1	2	0	31	0	0	0	-19	0	0	2	-400	15	21	0	240
18:20:00	66000	49	47	2	-74	1	1	0	1	0	0	0	0	25	18	0	65	0	2	0	11	0	0	0	2	1	5	0	27	0	0	0	-19	0	0	2	-402	22	21	0	241
18:25:00	66300	38	50	2	-88	0	0	0	1	0	0	0	0	25	27	0	63	0	1	0	10	0	0	0	2	0	4	0	23	0	0	0	-19	0	0	2	-404	13	18	0	236
18:30:00	66600	38	50	4	-104	0	0	0	1	0	0	0	0	17	25	0	55	1	2	0	9	0	0	0	2	3	4	0	22	0	0	0	-19	0	0	4	-408	17	19	0	234
18:35:00	66900	48	51	2	-109	0	1	0	0	0	0	0	0	25	27	0	53	0	2	0	7	0	1	0	1	0	2	0	20	0	0	1	-20	0	0	1	-409	23	18	0	239
18:40:00	67200	24	39	3	-127	0	0	0	0	0	0	0	0	13	22	0	44	0	1	0	6	1	1	0	1	0	2	0	18	0	0	0	-20	0	0	3	-412	10	13	0	236
18:45:00	67500	26	37	0	-138	0	0	0	0	0	0	0	0	19	18	0	45	0	2	0	4	0	0	0	1	0	1	0	17	0	0	0	-20	0	0	0	-412	7	16	0	227
18:50:00	67800	12	32	1	-159	0	0	0	0	0	0	0	0	4	13	0	36	0	0	0	4	0	0	0	1	0	6	0	11	0	0	0	-20	0	0	1	-413	8	13	0	222
18:55:00	68100	27	35	3	-170	0	0	0	0	0	0	0	0	14	16	0	34	0	0	0	4	0	0	0	1	0	1	0	10	0	0	0	-20	0	0	3	-416	13	18	0	217
19:00:00	68400	53	36	0	-153	0	0	0	0	0	0	0	0	37	19	0	52	0	0	0	4	0	1	0	0	1	5	0	6	0	0	0	-20	0	0	0	-416	15	11	0	221
19:05:00	68700	72	43	1	-125	0	0	0	0	0	0	0	0	42	19	0	75	0	0	0	4	2	0	0	2	2	0	0	8	0	0	0	-20	0	0	1	-417	26	24	0	223
19:10:00	69000	50	56	3	-134	0	0	0	0	0	0	0	0	34	37	0	72	0	1	0	3	1	0	0	3	0	0	0	8	0	0	0	-20	0	0	3	-420	15	18	0	220
19:15:00	69300	42	44	2	-138	1	1	0	0	0	0	0	0	26	25	0	73	0	0	0	3	0	0	0	3	1	1	0	8	0	0	0	-20	0	0	2	-422	14	17	0	217
19:20:00	69600	44	57	2	-153	0	0	0	0	0	0	0	0	28	34	0	67	0	0	0	3	0	3	0	0	0	0	0	8	0	0	0	-20	0	0	2	-424	16	20	0	213
19:25:00	69900	69	50	3	-137	0	0	0	0	0	0	0	0	47	32	0	82	0	0	0	3	1	0	0	1	0	1	0	7	0	0	0	-20	0	0	3	-427	21	17	0	217
19:30:00	70200	48	45	3	-137	0	0	0	0	0	0	0	0	35	31	0	86	0	0	0	3	1	0	0	2	2	0	0	9	0	0	0	-20	0	0	3	-430	10	14	0	213
19:35:00	70500	32	56	2	-163	0	0	0	0	0	0	0	0	22	41	0	67	0	1	0	2	0	1	0	1	1	0	0	10	0	0	0	-20	0	0	2	-432	9	13	0	209
19:40:00	70800	31	39	1	-172	1	0	0	1	0	0	0	0	18	28	0	57	0	0	0	2	0	0	0	1	1	0	0	11	0	0	0	-20	0	0	1	-433	11	11	0	209
19:45:00	71100	54	37	0	-155	0	1	0	0	0	0	0	0	38	23	0	72	0	0	0	2	0	0	0	1	2	2	0	11	0	0	0	-20	0	0	0	-433	14	11	0	212
19:50:00	71400	34	40	1	-162	0	0	0	0	0	0	0	0	20	27	0	65	0	0	0	2	1	0	0	2	1	2	0	10	0	0	0	-20	0	0	1	-434	12	11	0	213
19:55:00	71700	44	54	1	-173	0	0	0	0	0	0	0	0	28	35	0	58	0	0	0	2	2	1	0	3	1	0	0	11	0	0	0	-20	0	0	1	-435	13	18	0	208
20:00:00	72000	10	43	1	-207	1	0	0	1	0	0	0	0	3	24	0	37	0	0	0	2	0	0	0	3	1	2	0	10	0	0	0	-20	0	0	1	-436	5	17	0	196
20:05:00	72300	7	31	0	-231	0	0	0	1	0	0	0	0	4	15	0	26	0	0	0	2	0	2	0	1	0	0	0	10	0	0	0	-20	0	0	0	-436	3	14	0	185
20:10:00	72600	7	21	0	-245	0	1	0	0	0	0	0	0	3	13	0	16	0	0	0	2	0	1	0	0	0	0	0	10	0	0	0	-20	0	0	0	-436	4	6	0	183
20:15:00	72900	8	19	0	-256	0	0	0	0	0	0	0	0	2	6	0	12	0	1	0	1	0	0	0	0	1	2	0	9	0	0	0	-20	0	0	0	-436	5	10	0	178
20:20:00	73200	8	14	2	-264	0	0	0	0	0	0	0	0	2	5	0	9	0	0	0	1	0	0	0	0	0	1	0	8	0	0	0	-20	0	0	2	-438	6	8	0	176
20:25:00	73500	5	10	0	-269	0	0	0	0	0	0	0	0	2	1	0	10	0	1	0	0	0	0	0	0	0	2	0	6	0	0	0	-20	0	0	0	-438	3	6	0	173
20:30:00	73800	6	12	1	-276	0	0	0	0	0	0	0	0	1	2	0	9	0	0	0	0	0	0	0	0	0	3	0	3	0	0	0	-20	0	0	1	-439	5	7	0	171
20:35:00	74100	7	10	0	-279	0	0	0	0	0	0	0	0	3	2	0	10	0	0	0	0	0	0	0	0	0	1	0	2	0	0	0	-20	0	0	0	-439	4	7	0	168
20:40:00	74400	5	9	0	-283	0	0	0	0	0	0	0	0	3	2	0	11	0	0	0	0	0	0	0	0	0	0	0	2	0	0	0	-20	0	0	0	-439	2	7	0	163
20:45:00	74700	8	13	1	-289	0	0	0	0	0	0	0	0	1	2	0	10	0	0	0	0	0	0	0	0	0	0	0	2	0	0	0	-20	0	0	1	-440	7	11	0	159
20:50:00	75000	6	10	1	-294	0	0	0	0	0	0	0	0	3	3	0	10	0	0	0	0	0	0	0	0	0	0	0	2	0	0	0	-20	0	0	1	-441	3	7	0	155
20:55:00	75300	3	8	0	-299	0	0	0	0	0	0	0	0	0	2	0	8	0	0	0	0	0	0	0	0	0	0	0	2	0	0	0	-20	0	0	0	-441	3	6	0	152
21:00:00	75600	8	10	1	-302	0	0	0	0	0	0	0	0	5	3	0	10	0	0	0	0	0	0	0	0	0	0	0	2	0	0	0	-20	0	0	1	-442	3	7	0	148
21:05:00	75900	2	6	0	-306	0	0	0	0	0	0	0	0	1	2	0	9	0	0	0	0	0	0	0	0	0	0	0	2	0	0	0	-20	0	0	0	-442	1	4	0	145
21:10:00	76200	5	9	1	-311	0	0	0	0	0	0	0	0	2	4	0	7	0	0	0	0	0	0	0	0	0	0	0	2	0	0	0	-20	0	0	1	-443	3	5	0	143
21:15:00	76500	4	6	0	-313	0	0	0	0	0	0	0	0	3	1	0	9	0	0	0	0	0	0	0	0	0	0	0	2	0	0	0	-20	0	0	0	-443	1	5	0	139
21:20:00	76800	2	4	0	-315	0	0	0	0	0	0	0	0	0	1	0	8	0	0	0	0	0	0	0	0	0	0	0	2	0	0	0	-20	0	0	0	-443	2	3	0	138
21:25:00	77100	0	3	0	-318	0	0	0	0	0	0	0	0	0	1	0	7	0	0	0	0	0	0	0	0	0	0	0	2	0	0	0	-20	0	0	0	-443	0	2	0	136
21:30:00	77400	3	4	0	-319	0	0	0	0	0	0	0	0	2	0	0	9	0	0	0	0	0	0	0	0	0	0	0	2	0	0	0	-20	0	0	0	-443	1	4	0	133
21:35:00	77700	1	4	1	-323	0	0	0	0	0	0	0	0	0	2	0	7	0	0	0	0	0	0	0	0	0	0	0	2	0	0	0	-20	0	0	1	-444	1	2	0	132
21:40:00	78000	1	3	0	-325	0	0	0	0	0	0	0	0	0	2	0	5	0	0	0	0	0	0	0	0	0	0	0	2	0	0	0	-20	0	0	0	-444	1	1	0	132
21:45:00	78300	1	2	1	-327	0	0	0	0	0	0	0	0	0	0	0	5	0	0	0	0	0	0	0	0	0	0	0	2	0	0	0	-20	0	0	1	-445	1	2	0	131
21:50:00	78600	3	4	0	-328	0	0	0	0	0	0	0	0	2	2	0	5	0	0	0	0	0	0	0	0	0	0	0	2	0	0	0	-20	0	0	0	-445	1	2	0	130
21:55:00	78900	1	3	0	-330	0	0	0	0	0	0	0	0	1	1	0	5	0	0	0	0	0	0	0	0	0	0	0	2	0	0	0	-20	0	0	0	-445	0	2	0	128
22:00:00	79200	1	4	1	-334	0	0	0	0	0	0	0	0	0	0	0	5	0	0	0	0	0	0	0	0	0	0	0	2	0	0	0	-20	0	0	1	-446	1	4	0	125
22:05:00	79500	1	4	1	-338	0	0	0	0	0	0	0	0	0	0	0	5	0	0	0	0	0	0	0	0	0	0	0	2	0	0	0	-20	0	0	1	-447	1	4	0	122
22:10:00	79800	2	4	0	-340	0	0	0	0	0	0	0	0	2	0	0	7	0	0	0	0	0	0	0	0	0	0	0	2	0	0	0	-20	0	0	0	-447	0	4	0	118
22:15:00	80100	4	5	1	-342	0	0	0	0	0	0	0	0	1	1	0	7	0	0	0	0	0	0	0	0	0	0	0	2	0	0	0	-20	0	0	1	-448	3	4	0	117
22:20:00	80400	5	5	0	-342	0	0	0	0	0	0	0	0	3	1	0	9	0	0	0	0	0	0	0	0	0	0	0	2	0	0	0	-20	0	0	0	-448	2	4	0	115
22:25:00	80700	4	8	0	-346	0	0	0	0	0	0	0	0	1	3	0	7	0	0	0	0	0	0	0	0	0	0	0	2	0	0	0	-20	0	0	0	-448	3	5	0	113
22:30:00	81000	0	4	0	-350	0	0	0	0	0	0	0	0	0	2	0	5	0	0	0	0	0	0	0	0	0	0	0	2	0	0	0	-20	0	0	0	-448	0	2	0	111
22:35:00	81300	4	5	1	-352	0	0	0	0	0	0	0	0	2	1	0	6	0	0	0	0	0	0	0	0	0	0	0	2	0	0	0	-20	0	0	1	-449	2	4	0	109
22:40:00	81600	2	4	0	-354	0	0	0	0	0	0	0	0	1	2	0	5	0	0	0	0	0	0	0	0	0	0	0	2	0	0	0	-20	0	0	0	-449	1	2	0	108
22:45:00	81900	0	3	0	-357	0	0	0	0	0	0	0	0	0	0	0	5	0	0	0	0	0	0	0	0	0	0	0	2	0	0	0	-20	0	0	0	-449	0	3	0	105
22:50:00	82200	2	6	1	-362	0	0	0	0	0	0	0	0	1	2	0	4	0	0	0	0	0	0	0	0	0	0	0	2	0	0	0	-20	0	0	1	-450	1	4	0	102
22:55:00	82500	4	5	2	-365	0	0	0	0	0	0	0	0	1	1	0	4	0	0	0	0	0	0	0	0	0	0	0	2	0	0	0	-20	0	0	2	-452	3	4	0	101
23:00:00	82800	6	9	0	-368	0	0	0	0	0	0	0	0	2	3	0	3	0	0	0	0	0	0	0	0	0	0	0	2	0	0	0	-20	0	0	0	-452	4	6	0	99
23:05:00	83100	4	6	1	-371	0	0	0	0	0	0	0	0	2	1	0	4	0	0	0	0	0	0	0	0	0	0	0	2	0	0	0	-20	0	0	1	-453	2	5	0	96
23:10:00	83400	1	2	0	-372	0	0	0	0	0	0	0	0	0	0	0	4	0	0	0	0	0	0	0	0	0	0	0	2	0	0	0	-20	0	0	0	-453	1	2	0	95
23:15:00	83700	1	0	0	-371	0	0	0	0	0	0	0	0	1	0	0	5	0	0	0	0	0	0	0	0	0	0	0	2	0	0	0	-20	0	0	0	-453	0	0	0	95
23:20:00	84000	4	3	1	-371	0	0	0	0	0	0	0	0	2	2	0	5	0	0	0	0	0	0	0	0	0	0	0	2	0	0	0	-20	0	0	1	-454	2	1	0	96
23:25:00	84300	4	4	0	-371	0	0	0	0	0	0	0	0	2	1	0	6	0	0	0	0	0	0	0	0	0	0	0	2	0	0	0	-20	0	0	0	-454	2	3	0	95
23:30:00	84600	3	6	1	-375	0	0	0	0	0	0	0	0	0	3	0	3	0	0	0	0	0	0	0	0	0	0	0	2	0	0	0	-20	0	0	1	-455	3	3	0	95
23:35:00	84900	3	3	1	-376	0	0	0	0	0	0	0	0	2	1	0	4	0	0	0	0	0	0	0	0	0	0	0	2	0	0	0	-20	0	0	1	-456	1	2	0	94
23:40:00	85200	2	1	0	-375	0	0	0	0	0	0	0	0	1	0	0	5	0	0	0	0	0	0	0	0	0	0	0	2	0	0	0	-20	0	0	0	-456	1	1	0	94
23:45:00	85500	3	4	1	-377	0	0	0	0	0	0	0	0	1	2	0	4	0	0	0	0	0	0	0	0	0	0	0	2	0	0	0	-20	0	0	1	-457	2	2	0	94
23:50:00	85800	3	4	0	-378	0	0	0	0	0	0	0	0	2	3	0	3	0	0	0	0	0	0	0	0	0	0	0	2	0	0	0	-20	0	0	0	-457	1	1	0	94
23:55:00	86100	2	2	0	-378	0	0	0	0	0	0	0	0	0	0	0	3	0	0	0	0	0	0	0	0	0	0	0	2	0	0	0	-20	0	0	0	-457	2	2	0	94
24:00:00	86400	4	1	0	-375	0	0	0	0	0	0	0	0	2	0	0	5	0	0	0	0	0	0	0	0	0	0	0	2	0	0	0	-20	0	0	0	-457	2	1	0	95
24:05:00	86700	1	5	0	-379	0	0	0	0	0	0	0	0	1	3	0	3	0	0	0	0	0	0	0	0	0	0	0	2	0	0	0	-20	0	0	0	-457	0	2	0	93
24:10:00	87000	2	2	0	-379	0	0	0	0	0	0	0	0	1	0	0	4	0	0	0	0	0	0	0	0	0	0	0	2	0	0	0	-20	0	0	0	-457	1	2	0	92
24:15:00	87300	0	3	0	-382	0	0	0	0	0	0	0	0	0	2	0	2	0	0	0	0	0	0	0	0	0	0	0	2	0	0	0	-20	0	0	0	-457	0	1	0	91
24:20:00	87600	1	2	0	-383	0	0	0	0	0	0	0	0	1	2	0	1	0	0	0	0	0	0	0	0	0	0	0	2	0	0	0	-20	0	0	0	-457	0	0	0	91
24:25:00	87900	2	3	1	-385	0	0	0	0	0	0	0	0	1	1	0	1	0	0	0	0	0	0	0	0	0	0	0	2	0	0	0	-20	0	0	1	-458	1	2	0	90
24:30:00	88200	1	3	0	-387	0	0	0	0	0	0	0	0	0	0	0	1	0	0	0	0	0	0	0	0	0	0	0	2	0	0	0	-20	0	0	0	-458	1	3	0	88
24:35:00	88500	2	4	0	-389	0	0	0	0	0	0	0	0	0	0	0	1	0	0	0	0	0	0	0	0	0	0	0	2	0	0	0	-20	0	0	0	-458	2	4	0	86
24:40:00	88800	3	3	0	-389	0	0	0	0	0	0	0	0	1	0	0	2	0	0	0	0	1	1	0	0	0	0	0	2	0	0	0	-20	0	0	0	-458	1	2	0	85
24:45:00	89100	0	1	0	-390	0	0	0	0	0	0	0	0	0	0	0	2	0	0	0	0	0	0	0	0	0	0	0	2	0	0	0	-20	0	0	0	-458	0	1	0	84
24:50:00	89400	1	3	0	-392	0	0	0	0	0	0	0	0	0	0	0	2	0	0	0	0	0	0	0	0	0	0	0	2	0	0	0	-20	0	0	0	-458	1	3	0	82
24:55:00	89700	1	2	1	-394	0	0	0	0	0	0	0	0	0	0	0	2	0	0	0	0	0	0	0	0	0	0	0	2	0	0	0	-20	0	0	1	-459	1	2	0	81
25:00:00	90000	0	1	0	-395	0	0	0	0	0	0	0	0	0	0	0	2	0	0	0	0	0	0	0	0	0	0	0	2	0	0	0	-20	0	0	0	-459	0	1	0	80
25:05:00	90300	1	1	1	-396	0	0	0	0	0	0	0	0	0	0	0	2	0	0	0	0	0	0	0	0	0	0	0	2	0	0	0	-20	0	0	1	-460	1	1	0	80
25:10:00	90600	1	2	0	-397	0	0	0	0	0	0	0	0	0	1	0	1	0	0	0	0	0	0	0	0	0	0	0	2	0	0	0	-20	0	0	0	-460	1	1	0	80
25:15:00	90900	3	4	1	-399	0	0	0	0	0	0	0	0	1	1	0	1	0	0	0	0	0	0	0	0	0	0	0	2	0	0	0	-20	0	0	1	-461	2	3	0	79
25:20:00	91200	0	0	0	-399	0	0	0	0	0	0	0	0	0	0	0	1	0	0	0	0	0	0	0	0	0	0	0	2	0	0	0	-20	0	0	0	-461	0	0	0	79
25:25:00	91500	0	0	0	-399	0	0	0	0	0	0	0	0	0	0	0	1	0	0	0	0	0	0	0	0	0	0	0	2	0	0	0	-20	0	0	0	-461	0	0	0	79
25:30:00	91800	0	0	0	-399	0	0	0	0	0	0	0	0	0	0	0	1	0	0	0	0	0	0	0	0	0	0	0	2	0	0	0	-20	0	0	0	-461	0	0	0	79
25:35:00	92100	0	0	0	-399	0	0	0	0	0	0	0	0	0	0	0	1	0	0	0	0	0	0	0	0	0	0	0	2	0	0	0	-20	0	0	0	-461	0	0	0	79
25:40:00	92400	0	1	0	-400	0	0	0	0	0	0	0	0	0	1	0	0	0	0	0	0	0	0	0	0	0	0	0	2	0	0	0	-20	0	0	0	-461	0	0	0	79
25:45:00	92700	0	1	0	-401	0	0	0	0	0	0	0	0	0	0	0	0	0	0	0	0	0	0	0	0	0	0	0	2	0	0	0	-20	0	0	0	-461	0	1	0	78
25:50:00	93000	2	3	1	-403	0	0	0	0	0	0	0	0	0	0	0	0	0	0	0	0	0	0	0	0	0	0	0	2	0	0	0	-20	0	0	1	-462	2	3	0	77
25:55:00	93300	0	1	0	-404	0	0	0	0	0	0	0	0	0	0	0	0	0	0	0	0	0	0	0	0	0	0	0	2	0	0	0	-20	0	0	0	-462	0	1	0	76
26:00:00	93600	1	1	1	-405	0	0	0	0	0	0	0	0	0	0	0	0	0	0	0	0	0	0	0	0	0	0	0	2	0	0	0	-20	0	0	1	-463	1	1	0	76
26:05:00	93900	1	2	0	-406	0	0	0	0	0	0	0	0	0	0	0	0	0	0	0	0	0	0	0	0	0	0	0	2	0	0	0	-20	0	0	0	-463	1	2	0	75
26:10:00	94200	2	4	0	-408	0	0	0	0	0	0	0	0	1	0	0	1	0	0	0	0	0	0	0	0	0	0	0	2	0	0	0	-20	0	0	0	-463	1	4	0	72
26:15:00	94500	3	3	1	-409	0	0	0	0	0	0	0	0	0	0	0	1	0	0	0	0	0	0	0	0	0	0	0	2	0	0	0	-20	0	0	1	-464	3	3	0	72
26:20:00	94800	0	1	1	-411	0	0	0	0	0	0	0	0	0	0	0	1	0	0	0	0	0	0	0	0	0	0	0	2	0	0	0	-20	0	0	1	-465	0	1	0	71
26:25:00	95100	0	1	0	-412	0	0	0	0	0	0	0	0	0	0	0	1	0	0	0	0	0	0	0	0	0	0	0	2	0	0	0	-20	0	0	0	-465	0	1	0	70
26:30:00	95400	0	0	0	-412	0	0	0	0	0	0	0	0	0	0	0	1	0	0	0	0	0	0	0	0	0	0	0	2	0	0	0	-20	0	0	0	-465	0	0	0	70
26:35:00	95700	0	0	0	-412	0	0	0	0	0	0	0	0	0	0	0	1	0	0	0	0	0	0	0	0	0	0	0	2	0	0	0	-20	0	0	0	-465	0	0	0	70
26:40:00	96000	0	0	0	-412	0	0	0	0	0	0	0	0	0	0	0	1	0	0	0	0	0	0	0	0	0	0	0	2	0	0	0	-20	0	0	0	-465	0	0	0	70
26:45:00	96300	0	1	0	-413	0	0	0	0	0	0	0	0	0	0	0	1	0	0	0	0	0	0	0	0	0	0	0	2	0	0	0	-20	0	0	0	-465	0	1	0	69
26:50:00	96600	1	2	0	-414	0	0	0	0	0	0	0	0	0	0	0	1	0	0	0	0	0	0	0	0	0	0	0	2	0	0	0	-20	0	0	0	-465	1	2	0	68
26:55:00	96900	3	5	1	-417	0	0	0	0	0	0	0	0	1	1	0	1	0	0	0	0	0	0	0	0	0	0	0	2	0	0	0	-20	0	0	1	-466	2	4	0	66
27:00:00	97200	1	1	1	-418	0	0	0	0	0	0	0	0	0	0	0	1	0	0	0	0	0	0	0	0	0	0	0	2	0	0	0	-20	0	0	1	-467	1	1	0	66
27:05:00	97500	0	0	0	-418	0	0	0	0	0	0	0	0	0	0	0	1	0	0	0	0	0	0	0	0	0	0	0	2	0	0	0	-20	0	0	0	-467	0	0	0	66
27:10:00	97800	1	3	0	-420	0	0	0	0	0	0	0	0	1	1	0	1	0	0	0	0	0	0	0	0	0	0	0	2	0	0	0	-20	0	0	0	-467	0	2	0	64
27:15:00	98100	0	0	0	-420	0	0	0	0	0	0	0	0	0	0	0	1	0	0	0	0	0	0	0	0	0	0	0	2	0	0	0	-20	0	0	0	-467	0	0	0	64
27:20:00	98400	0	1	0	-421	0	0	0	0	0	0	0	0	0	0	0	1	0	0	0	0	0	0	0	0	0	0	0	2	0	0	0	-20	0	0	0	-467	0	1	0	63
27:25:00	98700	1	1	1	-422	0	0	0	0	0	0	0	0	0	0	0	1	0	0	0	0	0	0	0	0	0	0	0	2	0	0	0	-20	0	0	1	-468	1	1	0	63
27:30:00	99000	0	3	0	-425	0	0	0	0	0	0	0	0	0	0	0	1	0	0	0	0	0	0	0	0	0	0	0	2	0	0	0	-20	0	0	0	-468	0	3	0	60
27:35:00	99300	3	4	3	-429	0	0	0	0	0	0	0	0	0	0	0	1	0	0	0	0	0	0	0	0	0	0	0	2	0	0	0	-20	0	0	3	-471	3	4	0	59
27:40:00	99600	5	6	1	-431	0	0	0	0	0	0	0	0	1	1	0	1	0	0	0	0	0	0	0	0	0	0	0	2	0	0	0	-20	0	0	1	-472	4	5	0	58
27:45:00	99900	2	3	1	-433	0	0	0	0	0	0	0	0	0	0	0	1	0	0	0	0	0	0	0	0	0	0	0	2	0	0	0	-20	0	0	1	-473	2	3	0	57
27:50:00	100200	0	0	0	-433	0	0	0	0	0	0	0	0	0	0	0	1	0	0	0	0	0	0	0	0	0	0	0	2	0	0	0	-20	0	0	0	-473	0	0	0	57
27:55:00	100500	0	0	0	-433	0	0	0	0	0	0	0	0	0	0	0	1	0	0	0	0	0	0	0	0	0	0	0	2	0	0	0	-20	0	0	0	-473	0	0	0	57
28:00:00	100800	1	1	0	-433	0	0	0	0	0	0	0	0	1	1	0	1	0	0	0	0	0	0	0	0	0	0	0	2	0	0	0	-20	0	0	0	-473	0	0	0	57
28:05:00	101100	0	0	0	-433	0	0	0	0	0	0	0	0	0	0	0	1	0	0	0	0	0	0	0	0	0	0	0	2	0	0	0	-20	0	0	0	-473	0	0	0	57
28:10:00	101400	0	2	0	-435	0	0	0	0	0	0	0	0	0	0	0	1	0	0	0	0	0	0	0	0	0	0	0	2	0	0	0	-20	0	0	0	-473	0	2	0	55
28:15:00	101700	1	2	1	-437	0	0	0	0	0	0	0	0	0	0	0	1	0	0	0	0	0	0	0	0	0	0	0	2	0	0	0	-20	0	0	1	-474	1	2	0	54
28:20:00	102000	0	0	0	-437	0	0	0	0	0	0	0	0	0	0	0	1	0	0	0	0	0	0	0	0	0	0	0	2	0	0	0	-20	0	0	0	-474	0	0	0	54
28:25:00	102300	1	1	0	-437	0	0	0	0	0	0	0	0	1	1	0	1	0	0	0	0	0	0	0	0	0	0	0	2	0	0	0	-20	0	0	0	-474	0	0	0	54
28:30:00	102600	0	0	0	-437	0	0	0	0	0	0	0	0	0	0	0	1	0	0	0	0	0	0	0	0	0	0	0	2	0	0	0	-20	0	0	0	-474	0	0	0	54
28:35:00	102900	3	4	0	-438	0	0	0	0	0	0	0	0	1	1	0	1	0	0	0	0	0	0	0	0	0	0	0	2	0	0	0	-20	0	0	0	-474	2	3	0	53
28:40:00	103200	1	1	1	-439	0	0	0	0	0	0	0	0	0	0	0	1	0	0	0	0	0	0	0	0	0	0	0	2	0	0	0	-20	0	0	1	-475	1	1	0	53
28:45:00	103500	0	0	0	-439	0	0	0	0	0	0	0	0	0	0	0	1	0	0	0	0	0	0	0	0	0	0	0	2	0	0	0	-20	0	0	0	-475	0	0	0	53
28:50:00	103800	0	1	0	-440	0	0	0	0	0	0	0	0	0	0	0	1	0	0	0	0	0	0	0	0	0	0	0	2	0	0	0	-20	0	0	0	-475	0	1	0	52
28:55:00	104100	0	0	0	-440	0	0	0	0	0	0	0	0	0	0	0	1	0	0	0	0	0	0	0	0	0	0	0	2	0	0	0	-20	0	0	0	-475	0	0	0	52
29:00:00	104400	1	2	0	-441	0	0	0	0	0	0	0	0	0	0	0	1	0	0	0	0	0	0	0	0	0	0	0	2	0	0	0	-20	0	0	0	-475	1	2	0	51
29:05:00	104700	0	0	0	-441	0	0	0	0	0	0	0	0	0	0	0	1	0	0	0	0	0	0	0	0	0	0	0	2	0	0	0	-20	0	0	0	-475	0	0	0	51
29:10:00	105000	1	1	0	-441	0	0	0	0	0	0	0	0	0	0	0	1	0	0	0	0	0	0	0	0	0	0	0	2	0	0	0	-20	0	0	0	-475	1	1	0	51
29:15:00	105300	0	0	0	-441	0	0	0	0	0	0	0	0	0	0	0	1	0	0	0	0	0	0	0	0	0	0	0	2	0	0	0	-20	0	0	0	-475	0	0	0	51
29:20:00	105600	1	1	0	-441	0	0	0	0	0	0	0	0	1	1	0	1	0	0	0	0	0	0	0	0	0	0	0	2	0	0	0	-20	0	0	0	-475	0	0	0	51
29:25:00	105900	2	4	0	-443	0	0	0	0	0	0	0	0	1	1	0	1	0	0	0	0	0	0	0	0	0	0	0	2	0	0	0	-20	0	0	0	-475	1	3	0	49
29:30:00	106200	0	1	0	-444	0	0	0	0	0	0	0	0	0	0	0	1	0	0	0	0	0	0	0	0	0	0	0	2	0	0	0	-20	0	0	0	-475	0	1	0	48
29:35:00	106500	0	0	0	-444	0	0	0	0	0	0	0	0	0	0	0	1	0	0	0	0	0	0	0	0	0	0	0	2	0	0	0	-20	0	0	0	-475	0	0	0	48
29:40:00	106800	1	1	0	-444	0	0	0	0	0	0	0	0	1	1	0	1	0	0	0	0	0	0	0	0	0	0	0	2	0	0	0	-20	0	0	0	-475	0	0	0	48
29:45:00	107100	0	0	0	-444	0	0	0	0	0	0	0	0	0	0	0	1	0	0	0	0	0	0	0	0	0	0	0	2	0	0	0	-20	0	0	0	-475	0	0	0	48
29:50:00	107400	0	2	0	-446	0	0	0	0	0	0	0	0	0	1	0	0	0	0	0	0	0	0	0	0	0	0	0	2	0	0	0	-20	0	0	0	-475	0	1	0	47
29:55:00	107700	0	1	0	-447	0	0	0	0	0	0	0	0	0	0	0	0	0	0	0	0	0	0	0	0	0	0	0	2	0	0	0	-20	0	0	0	-475	0	1	0	46
30:00:00	108000	0	0	48	-495	0	0	0	0	0	0	0	0	0	0	0	0	0	0	0	0	0	0	0	0	0	0	2	0	0	0	0	-20	0	0	0	-475	0	0	46	0
30:05:00	108300	0	0	0	-495	0	0	0	0	0	0	0	0	0	0	0	0	0	0	0	0	0	0	0	0	0	0	0	0	0	0	0	-20	0	0	0	-475	0	0	0	0
