time	time	departures_all	arrivals_all	stuck_all	en-route_all	departures_Shared-Bike	arrivals_Shared-Bike	stuck_Shared-Bike	en-route_Shared-Bike	departures_bike	arrivals_bike	stuck_bike	en-route_bike	departures_car	arrivals_car	stuck_car	en-route_car	departures_car_passenger	arrivals_car_passenger	stuck_car_passenger	en-route_car_passenger	departures_pt	arrivals_pt	stuck_pt	en-route_pt	departures_sharing:standardBikeShare	arrivals_sharing:standardBikeShare	stuck_sharing:standardBikeShare	en-route_sharing:standardBikeShare	departures_walk	arrivals_walk	stuck_walk	en-route_walk
00:00:00	0	0	0	0	0	0	0	0	0	0	0	0	0	0	0	0	0	0	0	0	0	0	0	0	0	0	0	0	0	0	0	0	0
00:05:00	300	0	0	0	0	0	0	0	0	0	0	0	0	0	0	0	0	0	0	0	0	0	0	0	0	0	0	0	0	0	0	0	0
00:10:00	600	0	0	0	0	0	0	0	0	0	0	0	0	0	0	0	0	0	0	0	0	0	0	0	0	0	0	0	0	0	0	0	0
00:15:00	900	0	0	0	0	0	0	0	0	0	0	0	0	0	0	0	0	0	0	0	0	0	0	0	0	0	0	0	0	0	0	0	0
00:20:00	1200	0	0	0	0	0	0	0	0	0	0	0	0	0	0	0	0	0	0	0	0	0	0	0	0	0	0	0	0	0	0	0	0
00:25:00	1500	0	0	0	0	0	0	0	0	0	0	0	0	0	0	0	0	0	0	0	0	0	0	0	0	0	0	0	0	0	0	0	0
00:30:00	1800	0	0	0	0	0	0	0	0	0	0	0	0	0	0	0	0	0	0	0	0	0	0	0	0	0	0	0	0	0	0	0	0
00:35:00	2100	0	0	0	0	0	0	0	0	0	0	0	0	0	0	0	0	0	0	0	0	0	0	0	0	0	0	0	0	0	0	0	0
00:40:00	2400	0	0	0	0	0	0	0	0	0	0	0	0	0	0	0	0	0	0	0	0	0	0	0	0	0	0	0	0	0	0	0	0
00:45:00	2700	0	0	0	0	0	0	0	0	0	0	0	0	0	0	0	0	0	0	0	0	0	0	0	0	0	0	0	0	0	0	0	0
00:50:00	3000	0	0	0	0	0	0	0	0	0	0	0	0	0	0	0	0	0	0	0	0	0	0	0	0	0	0	0	0	0	0	0	0
00:55:00	3300	0	0	0	0	0	0	0	0	0	0	0	0	0	0	0	0	0	0	0	0	0	0	0	0	0	0	0	0	0	0	0	0
01:00:00	3600	0	0	0	0	0	0	0	0	0	0	0	0	0	0	0	0	0	0	0	0	0	0	0	0	0	0	0	0	0	0	0	0
01:05:00	3900	0	0	0	0	0	0	0	0	0	0	0	0	0	0	0	0	0	0	0	0	0	0	0	0	0	0	0	0	0	0	0	0
01:10:00	4200	0	0	0	0	0	0	0	0	0	0	0	0	0	0	0	0	0	0	0	0	0	0	0	0	0	0	0	0	0	0	0	0
01:15:00	4500	0	0	0	0	0	0	0	0	0	0	0	0	0	0	0	0	0	0	0	0	0	0	0	0	0	0	0	0	0	0	0	0
01:20:00	4800	0	0	0	0	0	0	0	0	0	0	0	0	0	0	0	0	0	0	0	0	0	0	0	0	0	0	0	0	0	0	0	0
01:25:00	5100	0	0	0	0	0	0	0	0	0	0	0	0	0	0	0	0	0	0	0	0	0	0	0	0	0	0	0	0	0	0	0	0
01:30:00	5400	0	0	0	0	0	0	0	0	0	0	0	0	0	0	0	0	0	0	0	0	0	0	0	0	0	0	0	0	0	0	0	0
01:35:00	5700	0	0	0	0	0	0	0	0	0	0	0	0	0	0	0	0	0	0	0	0	0	0	0	0	0	0	0	0	0	0	0	0
01:40:00	6000	0	0	0	0	0	0	0	0	0	0	0	0	0	0	0	0	0	0	0	0	0	0	0	0	0	0	0	0	0	0	0	0
01:45:00	6300	0	0	0	0	0	0	0	0	0	0	0	0	0	0	0	0	0	0	0	0	0	0	0	0	0	0	0	0	0	0	0	0
01:50:00	6600	0	0	0	0	0	0	0	0	0	0	0	0	0	0	0	0	0	0	0	0	0	0	0	0	0	0	0	0	0	0	0	0
01:55:00	6900	0	0	0	0	0	0	0	0	0	0	0	0	0	0	0	0	0	0	0	0	0	0	0	0	0	0	0	0	0	0	0	0
02:00:00	7200	0	0	0	0	0	0	0	0	0	0	0	0	0	0	0	0	0	0	0	0	0	0	0	0	0	0	0	0	0	0	0	0
02:05:00	7500	0	0	0	0	0	0	0	0	0	0	0	0	0	0	0	0	0	0	0	0	0	0	0	0	0	0	0	0	0	0	0	0
02:10:00	7800	0	0	0	0	0	0	0	0	0	0	0	0	0	0	0	0	0	0	0	0	0	0	0	0	0	0	0	0	0	0	0	0
02:15:00	8100	0	0	0	0	0	0	0	0	0	0	0	0	0	0	0	0	0	0	0	0	0	0	0	0	0	0	0	0	0	0	0	0
02:20:00	8400	0	0	0	0	0	0	0	0	0	0	0	0	0	0	0	0	0	0	0	0	0	0	0	0	0	0	0	0	0	0	0	0
02:25:00	8700	0	0	0	0	0	0	0	0	0	0	0	0	0	0	0	0	0	0	0	0	0	0	0	0	0	0	0	0	0	0	0	0
02:30:00	9000	0	0	0	0	0	0	0	0	0	0	0	0	0	0	0	0	0	0	0	0	0	0	0	0	0	0	0	0	0	0	0	0
02:35:00	9300	0	0	0	0	0	0	0	0	0	0	0	0	0	0	0	0	0	0	0	0	0	0	0	0	0	0	0	0	0	0	0	0
02:40:00	9600	0	0	0	0	0	0	0	0	0	0	0	0	0	0	0	0	0	0	0	0	0	0	0	0	0	0	0	0	0	0	0	0
02:45:00	9900	0	0	0	0	0	0	0	0	0	0	0	0	0	0	0	0	0	0	0	0	0	0	0	0	0	0	0	0	0	0	0	0
02:50:00	10200	0	0	0	0	0	0	0	0	0	0	0	0	0	0	0	0	0	0	0	0	0	0	0	0	0	0	0	0	0	0	0	0
02:55:00	10500	0	0	0	0	0	0	0	0	0	0	0	0	0	0	0	0	0	0	0	0	0	0	0	0	0	0	0	0	0	0	0	0
03:00:00	10800	0	0	0	0	0	0	0	0	0	0	0	0	0	0	0	0	0	0	0	0	0	0	0	0	0	0	0	0	0	0	0	0
03:05:00	11100	0	0	0	0	0	0	0	0	0	0	0	0	0	0	0	0	0	0	0	0	0	0	0	0	0	0	0	0	0	0	0	0
03:10:00	11400	0	0	0	0	0	0	0	0	0	0	0	0	0	0	0	0	0	0	0	0	0	0	0	0	0	0	0	0	0	0	0	0
03:15:00	11700	0	0	0	0	0	0	0	0	0	0	0	0	0	0	0	0	0	0	0	0	0	0	0	0	0	0	0	0	0	0	0	0
03:20:00	12000	0	0	0	0	0	0	0	0	0	0	0	0	0	0	0	0	0	0	0	0	0	0	0	0	0	0	0	0	0	0	0	0
03:25:00	12300	0	0	0	0	0	0	0	0	0	0	0	0	0	0	0	0	0	0	0	0	0	0	0	0	0	0	0	0	0	0	0	0
03:30:00	12600	0	0	0	0	0	0	0	0	0	0	0	0	0	0	0	0	0	0	0	0	0	0	0	0	0	0	0	0	0	0	0	0
03:35:00	12900	0	0	0	0	0	0	0	0	0	0	0	0	0	0	0	0	0	0	0	0	0	0	0	0	0	0	0	0	0	0	0	0
03:40:00	13200	0	0	0	0	0	0	0	0	0	0	0	0	0	0	0	0	0	0	0	0	0	0	0	0	0	0	0	0	0	0	0	0
03:45:00	13500	0	0	0	0	0	0	0	0	0	0	0	0	0	0	0	0	0	0	0	0	0	0	0	0	0	0	0	0	0	0	0	0
03:50:00	13800	0	0	0	0	0	0	0	0	0	0	0	0	0	0	0	0	0	0	0	0	0	0	0	0	0	0	0	0	0	0	0	0
03:55:00	14100	0	0	0	0	0	0	0	0	0	0	0	0	0	0	0	0	0	0	0	0	0	0	0	0	0	0	0	0	0	0	0	0
04:00:00	14400	0	0	0	0	0	0	0	0	0	0	0	0	0	0	0	0	0	0	0	0	0	0	0	0	0	0	0	0	0	0	0	0
04:05:00	14700	0	0	0	0	0	0	0	0	0	0	0	0	0	0	0	0	0	0	0	0	0	0	0	0	0	0	0	0	0	0	0	0
04:10:00	15000	0	0	0	0	0	0	0	0	0	0	0	0	0	0	0	0	0	0	0	0	0	0	0	0	0	0	0	0	0	0	0	0
04:15:00	15300	0	0	0	0	0	0	0	0	0	0	0	0	0	0	0	0	0	0	0	0	0	0	0	0	0	0	0	0	0	0	0	0
04:20:00	15600	0	0	0	0	0	0	0	0	0	0	0	0	0	0	0	0	0	0	0	0	0	0	0	0	0	0	0	0	0	0	0	0
04:25:00	15900	0	0	0	0	0	0	0	0	0	0	0	0	0	0	0	0	0	0	0	0	0	0	0	0	0	0	0	0	0	0	0	0
04:30:00	16200	0	0	0	0	0	0	0	0	0	0	0	0	0	0	0	0	0	0	0	0	0	0	0	0	0	0	0	0	0	0	0	0
04:35:00	16500	0	0	0	0	0	0	0	0	0	0	0	0	0	0	0	0	0	0	0	0	0	0	0	0	0	0	0	0	0	0	0	0
04:40:00	16800	0	0	0	0	0	0	0	0	0	0	0	0	0	0	0	0	0	0	0	0	0	0	0	0	0	0	0	0	0	0	0	0
04:45:00	17100	0	0	0	0	0	0	0	0	0	0	0	0	0	0	0	0	0	0	0	0	0	0	0	0	0	0	0	0	0	0	0	0
04:50:00	17400	0	0	0	0	0	0	0	0	0	0	0	0	0	0	0	0	0	0	0	0	0	0	0	0	0	0	0	0	0	0	0	0
04:55:00	17700	0	0	0	0	0	0	0	0	0	0	0	0	0	0	0	0	0	0	0	0	0	0	0	0	0	0	0	0	0	0	0	0
05:00:00	18000	0	0	0	0	0	0	0	0	0	0	0	0	0	0	0	0	0	0	0	0	0	0	0	0	0	0	0	0	0	0	0	0
05:05:00	18300	0	0	0	0	0	0	0	0	0	0	0	0	0	0	0	0	0	0	0	0	0	0	0	0	0	0	0	0	0	0	0	0
05:10:00	18600	0	0	0	0	0	0	0	0	0	0	0	0	0	0	0	0	0	0	0	0	0	0	0	0	0	0	0	0	0	0	0	0
05:15:00	18900	0	0	0	0	0	0	0	0	0	0	0	0	0	0	0	0	0	0	0	0	0	0	0	0	0	0	0	0	0	0	0	0
05:20:00	19200	0	0	0	0	0	0	0	0	0	0	0	0	0	0	0	0	0	0	0	0	0	0	0	0	0	0	0	0	0	0	0	0
05:25:00	19500	0	0	0	0	0	0	0	0	0	0	0	0	0	0	0	0	0	0	0	0	0	0	0	0	0	0	0	0	0	0	0	0
05:30:00	19800	0	0	0	0	0	0	0	0	0	0	0	0	0	0	0	0	0	0	0	0	0	0	0	0	0	0	0	0	0	0	0	0
05:35:00	20100	0	0	0	0	0	0	0	0	0	0	0	0	0	0	0	0	0	0	0	0	0	0	0	0	0	0	0	0	0	0	0	0
05:40:00	20400	0	0	0	0	0	0	0	0	0	0	0	0	0	0	0	0	0	0	0	0	0	0	0	0	0	0	0	0	0	0	0	0
05:45:00	20700	0	0	0	0	0	0	0	0	0	0	0	0	0	0	0	0	0	0	0	0	0	0	0	0	0	0	0	0	0	0	0	0
05:50:00	21000	0	0	0	0	0	0	0	0	0	0	0	0	0	0	0	0	0	0	0	0	0	0	0	0	0	0	0	0	0	0	0	0
05:55:00	21300	0	0	0	0	0	0	0	0	0	0	0	0	0	0	0	0	0	0	0	0	0	0	0	0	0	0	0	0	0	0	0	0
06:00:00	21600	4	0	0	4	0	0	0	0	0	0	0	0	3	0	0	3	0	0	0	0	0	0	0	0	0	0	0	0	1	0	0	1
06:05:00	21900	4	0	0	8	0	0	0	0	0	0	0	0	2	0	0	5	0	0	0	0	0	0	0	0	0	0	0	0	2	0	0	3
06:10:00	22200	3	2	0	9	0	0	0	0	0	0	0	0	3	1	0	7	0	0	0	0	0	0	0	0	0	0	0	0	0	1	0	2
06:15:00	22500	1	2	0	8	0	0	0	0	0	0	0	0	1	2	0	6	0	0	0	0	0	0	0	0	0	0	0	0	0	0	0	2
06:20:00	22800	5	2	0	11	0	0	0	0	0	0	0	0	4	1	0	9	0	0	0	0	1	0	0	1	0	0	0	0	0	1	0	1
06:25:00	23100	5	3	0	13	0	0	0	0	0	0	0	0	4	3	0	10	0	0	0	0	0	0	0	1	0	0	0	0	1	0	0	2
06:30:00	23400	43	5	0	51	0	0	0	0	0	0	0	0	35	4	0	41	0	0	0	0	0	1	0	0	0	0	0	0	8	0	0	10
06:35:00	23700	38	20	0	69	0	0	0	0	0	0	0	0	28	16	0	53	0	0	0	0	0	0	0	0	0	0	0	0	10	4	0	16
06:40:00	24000	36	19	0	86	0	0	0	0	0	0	0	0	26	14	0	65	0	0	0	0	3	0	0	3	0	0	0	0	7	5	0	18
06:45:00	24300	37	35	0	88	0	0	0	0	0	0	0	0	25	27	0	63	0	0	0	0	5	0	0	8	0	0	0	0	7	8	0	17
06:50:00	24600	41	25	0	104	0	0	0	0	0	0	0	0	29	21	0	71	0	0	0	0	1	0	0	9	0	0	0	0	11	4	0	24
06:55:00	24900	79	40	1	142	1	0	0	1	0	0	0	0	60	30	0	101	0	0	0	0	2	0	0	11	0	0	1	-1	16	10	0	30
07:00:00	25200	70	56	0	156	2	0	0	3	0	0	0	0	46	40	0	107	0	0	0	0	3	0	0	14	0	0	0	-1	19	16	0	33
07:05:00	25500	64	45	1	174	2	2	0	3	1	0	0	1	35	30	0	112	0	0	0	0	1	0	0	15	0	0	1	-2	25	13	0	45
07:10:00	25800	73	56	0	191	1	2	0	2	0	0	0	1	50	36	0	126	0	0	0	0	5	3	0	17	0	0	0	-2	17	15	0	47
07:15:00	26100	85	48	0	228	0	1	0	1	0	0	0	1	70	43	0	153	0	0	0	0	1	0	0	18	0	0	0	-2	14	4	0	57
07:20:00	26400	90	77	0	241	0	1	0	0	0	0	0	1	58	51	0	160	0	0	0	0	12	2	0	28	0	0	0	-2	20	23	0	54
07:25:00	26700	120	84	0	277	2	0	0	2	0	1	0	0	87	59	0	188	0	0	0	0	9	0	0	37	0	0	0	-2	22	24	0	52
07:30:00	27000	83	97	0	263	0	1	0	1	0	0	0	0	56	73	0	171	0	0	0	0	6	5	0	38	0	0	0	-2	21	18	0	55
07:35:00	27300	101	95	0	269	1	2	0	0	0	0	0	0	61	69	0	163	0	0	0	0	5	9	0	34	0	0	0	-2	34	15	0	74
07:40:00	27600	97	81	0	285	0	0	0	0	0	0	0	0	71	52	0	182	0	0	0	0	6	2	0	38	0	0	0	-2	20	27	0	67
07:45:00	27900	98	85	0	298	0	0	0	0	0	0	0	0	75	61	0	196	0	0	0	0	6	1	0	43	0	0	0	-2	17	23	0	61
07:50:00	28200	116	88	1	325	0	0	0	0	1	0	0	1	78	61	0	213	0	0	0	0	8	6	0	45	0	0	1	-3	29	21	0	69
07:55:00	28500	123	115	1	332	1	0	0	1	0	0	0	1	82	85	0	210	12	1	0	11	7	4	0	48	0	0	1	-4	21	25	0	65
08:00:00	28800	134	123	0	343	1	0	0	2	0	0	0	1	75	84	0	201	24	7	0	28	7	5	0	50	0	0	0	-4	27	27	0	65
08:05:00	29100	124	110	0	357	2	2	0	2	0	0	0	1	66	66	0	201	17	10	0	35	9	8	0	51	0	0	0	-4	30	24	0	71
08:10:00	29400	135	124	1	367	0	1	0	1	0	0	0	1	77	84	0	194	26	16	0	45	5	3	0	53	0	0	1	-5	27	20	0	78
08:15:00	29700	100	110	0	357	2	0	0	3	0	0	0	1	60	70	0	184	14	15	0	44	3	2	0	54	0	0	0	-5	21	23	0	76
08:20:00	30000	113	99	0	371	0	1	0	2	0	0	0	1	72	58	0	198	16	18	0	42	8	0	0	62	0	0	0	-5	17	22	0	71
08:25:00	30300	112	101	0	382	0	1	0	1	0	0	0	1	70	69	0	199	20	12	0	50	4	2	0	64	0	0	0	-5	18	17	0	72
08:30:00	30600	104	117	0	369	0	1	0	0	1	1	0	1	49	65	0	183	21	17	0	54	13	5	0	72	0	0	0	-5	20	28	0	64
08:35:00	30900	81	95	0	355	1	1	0	0	0	0	0	1	54	60	0	177	8	18	0	44	6	3	0	75	0	0	0	-5	12	13	0	63
08:40:00	31200	89	81	0	363	0	0	0	0	0	0	0	1	40	44	0	173	24	18	0	50	8	4	0	79	0	0	0	-5	17	15	0	65
08:45:00	31500	107	81	0	389	0	0	0	0	0	0	0	1	51	54	0	170	39	14	0	75	3	2	0	80	0	0	0	-5	14	11	0	68
08:50:00	31800	82	94	1	376	0	0	0	0	0	0	0	1	49	58	0	161	13	22	0	66	5	0	0	85	0	0	1	-6	15	14	0	69
08:55:00	32100	93	94	0	375	0	0	0	0	1	0	0	2	47	52	0	156	18	19	0	65	7	9	0	83	0	0	0	-6	20	14	0	75
09:00:00	32400	97	99	0	373	0	0	0	0	0	1	0	1	70	61	0	165	4	16	0	53	9	1	0	91	0	0	0	-6	14	20	0	69
09:05:00	32700	77	91	0	359	0	0	0	0	0	0	0	1	46	44	0	167	6	12	0	47	4	11	0	84	0	0	0	-6	21	24	0	66
09:10:00	33000	60	82	0	337	0	0	0	0	0	0	0	1	40	49	0	158	3	12	0	38	4	0	0	88	0	0	0	-6	13	21	0	58
09:15:00	33300	56	69	0	324	0	0	0	0	0	0	0	1	43	52	0	149	2	11	0	29	3	0	0	91	0	0	0	-6	8	6	0	60
09:20:00	33600	54	86	0	292	0	0	0	0	1	0	0	2	35	52	0	132	2	11	0	20	5	4	0	92	0	0	0	-6	11	19	0	52
09:25:00	33900	65	74	0	283	0	0	0	0	0	1	0	1	34	42	0	124	4	2	0	22	1	16	0	77	0	0	0	-6	26	13	0	65
09:30:00	34200	47	69	0	261	0	0	0	0	0	0	0	1	31	39	0	116	1	6	0	17	1	5	0	73	0	0	0	-6	14	19	0	60
09:35:00	34500	48	61	0	248	0	0	0	0	0	0	0	1	25	38	0	103	8	6	0	19	4	2	0	75	0	0	0	-6	11	15	0	56
09:40:00	34800	40	62	0	226	0	0	0	0	0	0	0	1	20	34	0	89	2	5	0	16	3	3	0	75	0	0	0	-6	15	20	0	51
09:45:00	35100	45	64	0	207	0	0	0	0	0	1	0	0	28	39	0	78	0	6	0	10	6	1	0	80	0	0	0	-6	11	17	0	45
09:50:00	35400	41	44	0	204	1	1	0	0	0	0	0	0	23	20	0	81	0	4	0	6	5	0	0	85	0	0	0	-6	12	19	0	38
09:55:00	35700	48	41	0	211	0	0	0	0	0	0	0	0	37	26	0	92	0	2	0	4	2	0	0	87	0	0	0	-6	9	13	0	34
10:00:00	36000	78	71	0	218	0	0	0	0	0	0	0	0	39	35	0	96	0	2	0	2	3	13	0	77	0	0	0	-6	36	21	0	49
10:05:00	36300	62	60	0	220	0	0	0	0	0	0	0	0	39	39	0	96	0	1	0	1	0	5	0	72	0	0	0	-6	23	15	0	57
10:10:00	36600	81	81	0	220	0	0	0	0	0	0	0	0	49	37	0	108	0	1	0	0	2	6	0	68	0	0	0	-6	30	37	0	50
10:15:00	36900	64	70	0	214	1	0	0	1	0	0	0	0	34	41	0	101	0	0	0	0	2	1	0	69	0	0	0	-6	27	28	0	49
10:20:00	37200	70	78	1	205	0	1	0	0	0	0	0	0	39	38	0	102	0	0	0	0	4	2	0	71	0	0	1	-7	27	37	0	39
10:25:00	37500	78	76	0	207	0	0	0	0	0	0	0	0	53	52	0	103	0	0	0	0	3	3	0	71	0	0	0	-7	22	21	0	40
10:30:00	37800	60	72	0	195	0	0	0	0	1	0	0	1	33	40	0	96	0	0	0	0	1	2	0	70	0	0	0	-7	25	30	0	35
10:35:00	38100	47	67	0	175	0	0	0	0	0	1	0	0	20	44	0	72	2	1	0	1	3	1	0	72	0	0	0	-7	22	20	0	37
10:40:00	38400	53	56	0	172	0	0	0	0	0	0	0	0	26	30	0	68	1	1	0	1	1	0	0	73	0	0	0	-7	25	25	0	37
10:45:00	38700	70	71	0	171	0	0	0	0	0	0	0	0	33	33	0	68	3	0	0	4	2	10	0	65	0	0	0	-7	32	28	0	41
10:50:00	39000	44	58	0	157	0	0	0	0	0	0	0	0	26	29	0	65	0	2	0	2	2	2	0	65	0	0	0	-7	16	25	0	32
10:55:00	39300	39	48	0	148	0	0	0	0	0	0	0	0	20	24	0	61	2	1	0	3	2	1	0	66	0	0	0	-7	15	22	0	25
11:00:00	39600	49	45	0	152	0	0	0	0	0	0	0	0	26	22	0	65	4	1	0	6	0	0	0	66	0	0	0	-7	19	22	0	22
11:05:00	39900	90	70	0	172	1	1	0	0	0	0	0	0	39	27	0	77	1	1	0	6	12	12	0	66	0	0	0	-7	37	29	0	30
11:10:00	40200	81	52	0	201	0	0	0	0	0	0	0	0	43	25	0	95	2	1	0	7	3	1	0	68	0	0	0	-7	33	25	0	38
11:15:00	40500	63	60	0	204	1	0	0	1	0	0	0	0	35	35	0	95	10	3	0	14	2	3	0	67	0	0	0	-7	15	19	0	34
11:20:00	40800	63	59	0	208	0	0	0	1	0	0	0	0	34	35	0	94	2	1	0	15	3	3	0	67	0	0	0	-7	24	20	0	38
11:25:00	41100	72	73	0	207	0	1	0	0	0	0	0	0	44	43	0	95	3	4	0	14	2	0	0	69	0	0	0	-7	23	25	0	36
11:30:00	41400	86	66	0	227	0	0	0	0	0	0	0	0	52	30	0	117	1	5	0	10	4	4	0	69	0	0	0	-7	29	27	0	38
11:35:00	41700	100	91	0	236	1	0	0	1	0	0	0	0	51	44	0	124	3	3	0	10	9	10	0	68	0	0	0	-7	36	34	0	40
11:40:00	42000	87	85	0	238	0	1	0	0	0	0	0	0	47	41	0	130	0	3	0	7	4	14	0	58	0	0	0	-7	36	26	0	50
11:45:00	42300	82	91	0	229	0	0	0	0	0	0	0	0	51	50	0	131	3	4	0	6	5	6	0	57	0	0	0	-7	23	31	0	42
11:50:00	42600	84	72	0	241	0	0	0	0	0	0	0	0	51	42	0	140	5	3	0	8	0	1	0	56	0	0	0	-7	28	26	0	44
11:55:00	42900	104	89	0	256	0	0	0	0	0	0	0	0	64	52	0	152	1	1	0	8	3	9	0	50	0	0	0	-7	36	27	0	53
12:00:00	43200	86	94	0	248	0	0	0	0	0	0	0	0	61	60	0	153	2	1	0	9	5	0	0	55	0	0	0	-7	18	33	0	38
12:05:00	43500	62	79	0	231	2	0	0	2	0	0	0	0	38	49	0	142	8	6	0	11	3	0	0	58	0	0	0	-7	11	24	0	25
12:10:00	43800	65	56	0	240	0	0	0	2	0	0	0	0	48	43	0	147	2	0	0	13	2	1	0	59	0	0	0	-7	13	12	0	26
12:15:00	44100	57	70	0	227	2	1	0	3	0	0	0	0	38	53	0	132	1	3	0	11	4	2	0	61	0	0	0	-7	12	11	0	27
12:20:00	44400	52	68	0	211	0	3	0	0	0	0	0	0	35	47	0	120	0	3	0	8	4	2	0	63	0	0	0	-7	13	13	0	27
12:25:00	44700	59	59	1	210	1	0	0	1	0	0	0	0	42	34	0	128	0	3	0	5	4	3	0	64	0	0	1	-8	12	19	0	20
12:30:00	45000	43	49	0	204	1	0	0	2	0	0	0	0	30	37	0	121	0	1	0	4	3	3	0	64	0	0	0	-8	9	8	0	21
12:35:00	45300	28	51	0	181	0	1	0	1	0	0	0	0	12	37	0	96	0	2	0	2	4	3	0	65	0	0	0	-8	12	8	0	25
12:40:00	45600	34	35	0	180	1	0	0	2	0	0	0	0	24	26	0	94	0	1	0	1	2	2	0	65	0	0	0	-8	7	6	0	26
12:45:00	45900	46	41	0	185	0	1	0	1	0	0	0	0	34	32	0	96	0	0	0	1	4	1	0	68	0	0	0	-8	8	7	0	27
12:50:00	46200	29	42	0	172	0	1	0	0	0	0	0	0	21	31	0	86	0	1	0	0	3	0	0	71	0	0	0	-8	5	9	0	23
12:55:00	46500	37	38	0	171	0	0	0	0	0	0	0	0	25	28	0	83	0	0	0	0	3	4	0	70	0	0	0	-8	9	6	0	26
13:00:00	46800	2	32	0	141	0	0	0	0	0	0	0	0	0	24	0	59	0	0	0	0	2	0	0	72	0	0	0	-8	0	8	0	18
13:05:00	47100	3	27	0	117	0	0	0	0	0	0	0	0	2	22	0	39	0	0	0	0	0	0	0	72	0	0	0	-8	1	5	0	14
13:10:00	47400	3	17	0	103	0	0	0	0	0	0	0	0	0	11	0	28	0	0	0	0	2	1	0	73	0	0	0	-8	1	5	0	10
13:15:00	47700	21	10	0	114	0	0	0	0	0	0	0	0	15	8	0	35	0	0	0	0	0	0	0	73	0	0	0	-8	6	2	0	14
13:20:00	48000	19	19	0	114	1	0	0	1	0	0	0	0	9	9	0	35	0	0	0	0	1	2	0	72	0	0	0	-8	8	8	0	14
13:25:00	48300	19	17	0	116	0	0	0	1	0	0	0	0	10	8	0	37	0	0	0	0	2	4	0	70	0	0	0	-8	7	5	0	16
13:30:00	48600	57	23	0	150	0	1	0	0	0	0	0	0	42	15	0	64	1	0	0	1	1	3	0	68	0	0	0	-8	13	4	0	25
13:35:00	48900	64	49	0	165	1	0	0	1	0	0	0	0	35	30	0	69	5	0	0	6	1	8	0	61	0	0	0	-8	22	11	0	36
13:40:00	49200	47	42	0	170	0	0	0	1	0	0	0	0	30	26	0	73	5	2	0	9	1	3	0	59	0	0	0	-8	11	11	0	36
13:45:00	49500	62	47	0	185	1	1	0	1	0	0	0	0	40	26	0	87	2	3	0	8	2	3	0	58	0	0	0	-8	17	14	0	39
13:50:00	49800	101	56	0	230	1	1	0	1	0	0	0	0	61	28	0	120	15	7	0	16	3	2	0	59	0	0	0	-8	21	18	0	42
13:55:00	50100	118	82	1	265	3	1	0	3	0	0	0	0	69	50	0	139	12	5	0	23	3	2	0	60	0	0	1	-9	31	24	0	49
14:00:00	50400	94	79	0	280	1	0	0	4	0	0	0	0	61	47	0	153	3	9	0	17	4	0	0	64	0	0	0	-9	25	23	0	51
14:05:00	50700	94	91	0	283	2	3	0	3	0	0	0	0	40	45	0	148	9	6	0	20	4	0	0	68	0	0	0	-9	39	37	0	53
14:10:00	51000	91	86	0	288	3	2	0	4	0	0	0	0	55	49	0	154	14	12	0	22	4	0	0	72	0	0	0	-9	15	23	0	45
14:15:00	51300	74	83	0	279	1	5	0	0	0	0	0	0	35	53	0	136	8	7	0	23	7	1	0	78	0	0	0	-9	23	17	0	51
14:20:00	51600	89	84	0	284	0	0	0	0	0	0	0	0	44	42	0	138	14	8	0	29	9	5	0	82	0	0	0	-9	22	29	0	44
14:25:00	51900	79	81	0	282	0	0	0	0	0	0	0	0	46	53	0	131	16	11	0	34	4	1	0	85	0	0	0	-9	13	16	0	41
14:30:00	52200	55	68	0	269	0	0	0	0	0	0	0	0	25	32	0	124	11	13	0	32	7	3	0	89	0	0	0	-9	12	20	0	33
14:35:00	52500	76	69	0	276	0	0	0	0	0	0	0	0	45	38	0	131	5	13	0	24	3	4	0	88	0	0	0	-9	23	14	0	42
14:40:00	52800	63	85	0	254	0	0	0	0	0	0	0	0	34	53	0	112	8	7	0	25	3	3	0	88	0	0	0	-9	18	22	0	38
14:45:00	53100	62	74	0	242	0	0	0	0	0	0	0	0	24	30	0	106	9	13	0	21	8	15	0	81	0	0	0	-9	21	16	0	43
14:50:00	53400	55	70	0	227	0	0	0	0	0	0	0	0	26	34	0	98	3	6	0	18	2	3	0	80	0	0	0	-9	24	27	0	40
14:55:00	53700	48	64	0	211	1	0	0	1	0	0	0	0	18	27	0	89	8	7	0	19	5	5	0	80	0	0	0	-9	16	25	0	31
15:00:00	54000	45	61	0	195	0	1	0	0	0	0	0	0	31	34	0	86	3	8	0	14	1	4	0	77	0	0	0	-9	10	14	0	27
15:05:00	54300	50	50	0	195	0	0	0	0	0	0	0	0	26	35	0	77	1	4	0	11	3	0	0	80	0	0	0	-9	20	11	0	36
15:10:00	54600	49	59	0	185	0	0	0	0	0	0	0	0	32	37	0	72	0	5	0	6	1	1	0	80	0	0	0	-9	16	16	0	36
15:15:00	54900	62	49	0	198	1	0	0	1	0	0	0	0	38	26	0	84	1	2	0	5	5	2	0	83	0	0	0	-9	17	19	0	34
15:20:00	55200	57	52	1	202	0	1	0	0	0	0	0	0	31	25	0	90	1	1	0	5	5	1	0	87	0	0	1	-10	20	24	0	30
15:25:00	55500	54	61	0	195	0	0	0	0	0	0	0	0	35	42	0	83	0	0	0	5	2	2	0	87	0	0	0	-10	17	17	0	30
15:30:00	55800	79	50	0	224	0	0	0	0	0	0	0	0	51	27	0	107	0	1	0	4	4	2	0	89	0	0	0	-10	24	20	0	34
15:35:00	56100	102	72	0	254	0	0	0	0	0	0	0	0	60	42	0	125	0	0	0	4	6	5	0	90	0	0	0	-10	36	25	0	45
15:40:00	56400	108	95	0	267	0	0	0	0	0	0	0	0	63	53	0	135	0	1	0	3	5	3	0	92	0	0	0	-10	40	38	0	47
15:45:00	56700	81	88	0	260	1	0	0	1	0	0	0	0	52	53	0	134	0	0	0	3	4	6	0	90	0	0	0	-10	24	29	0	42
15:50:00	57000	83	88	1	254	1	1	0	1	0	0	0	0	53	55	0	132	0	1	0	2	1	0	0	91	0	0	1	-11	28	31	0	39
15:55:00	57300	67	81	0	240	0	1	0	0	0	0	0	0	39	46	0	125	0	0	0	2	1	7	0	85	0	0	0	-11	27	27	0	39
16:00:00	57600	93	85	0	248	1	0	0	1	0	0	0	0	42	46	0	121	21	0	0	23	3	8	0	80	0	0	0	-11	26	31	0	34
16:05:00	57900	84	77	0	255	0	1	0	0	0	0	0	0	43	47	0	117	19	8	0	34	2	2	0	80	0	0	0	-11	20	19	0	35
16:10:00	58200	72	94	0	233	1	1	0	0	0	0	0	0	27	47	0	97	18	14	0	38	2	2	0	80	0	0	0	-11	24	30	0	29
16:15:00	58500	87	88	0	232	0	0	0	0	0	0	0	0	36	43	0	90	16	14	0	40	4	13	0	71	0	0	0	-11	31	18	0	42
16:20:00	58800	97	71	0	258	0	0	0	0	0	0	0	0	47	29	0	108	17	11	0	46	2	2	0	71	0	0	0	-11	31	29	0	44
16:25:00	59100	105	81	0	282	0	0	0	0	0	0	0	0	48	37	0	119	27	20	0	53	3	5	0	69	0	0	0	-11	27	19	0	52
16:30:00	59400	120	92	0	310	0	0	0	0	0	0	0	0	57	49	0	127	31	15	0	69	6	3	0	72	0	0	0	-11	26	25	0	53
16:35:00	59700	134	93	0	351	0	0	0	0	0	0	0	0	66	40	0	153	27	20	0	76	3	4	0	71	0	0	0	-11	38	29	0	62
16:40:00	60000	143	133	0	361	1	0	0	1	0	0	0	0	81	62	0	172	20	28	0	68	5	7	0	69	0	0	0	-11	36	36	0	62
16:45:00	60300	106	100	0	367	0	0	0	1	0	0	0	0	54	54	0	172	28	18	0	78	4	4	0	69	0	0	0	-11	20	24	0	58
16:50:00	60600	159	142	0	384	1	2	0	0	0	0	0	0	74	69	0	177	47	32	0	93	2	4	0	67	0	0	0	-11	35	35	0	58
16:55:00	60900	133	117	1	399	0	0	0	0	0	0	0	0	68	60	0	185	31	26	0	98	5	1	0	71	0	0	1	-12	29	30	0	57
17:00:00	61200	183	130	0	452	1	0	0	1	1	0	0	1	110	61	0	234	20	31	0	87	7	9	0	69	0	0	0	-12	44	29	0	72
17:05:00	61500	190	144	0	498	0	0	0	1	0	1	0	0	122	72	0	284	12	20	0	79	9	14	0	64	0	0	0	-12	47	37	0	82
17:10:00	61800	168	162	0	504	0	1	0	0	0	0	0	0	100	94	0	290	15	20	0	74	11	4	0	71	0	0	0	-12	42	43	0	81
17:15:00	62100	187	180	0	511	1	1	0	0	1	0	0	1	113	108	0	295	25	22	0	77	4	9	0	66	0	0	0	-12	43	40	0	84
17:20:00	62400	186	160	0	537	1	0	0	1	0	0	0	1	118	92	0	321	14	22	0	69	9	2	0	73	0	0	0	-12	44	44	0	84
17:25:00	62700	130	175	0	492	0	1	0	0	0	1	0	0	87	102	0	306	3	26	0	46	9	6	0	76	0	0	0	-12	31	39	0	76
17:30:00	63000	113	140	0	465	1	0	0	1	0	0	0	0	76	95	0	287	1	11	0	36	5	9	0	72	0	0	0	-12	30	25	0	81
17:35:00	63300	102	101	0	466	0	1	0	0	1	0	0	1	71	71	0	287	0	4	0	32	9	4	0	77	0	0	0	-12	21	21	0	81
17:40:00	63600	79	113	0	432	1	0	0	1	0	0	0	1	38	70	0	255	3	10	0	25	12	7	0	82	0	0	0	-12	25	26	0	80
17:45:00	63900	116	108	0	440	1	0	0	2	0	0	0	1	81	74	0	262	1	1	0	25	7	6	0	83	0	0	0	-12	26	27	0	79
17:50:00	64200	92	100	0	432	0	1	0	1	0	0	0	1	74	72	0	264	0	4	0	21	7	1	0	89	0	0	0	-12	11	22	0	68
17:55:00	64500	109	122	1	418	0	0	0	1	0	0	0	1	77	81	0	260	1	5	0	17	10	7	0	92	0	0	1	-13	21	29	0	60
18:00:00	64800	78	113	0	383	0	1	0	0	0	1	0	0	53	83	0	230	1	2	0	16	5	5	0	92	0	0	0	-13	19	21	0	58
18:05:00	65100	71	91	0	363	0	0	0	0	0	0	0	0	44	60	0	214	0	2	0	14	5	13	0	84	0	0	0	-13	22	16	0	64
18:10:00	65400	53	82	0	334	1	0	0	1	0	0	0	0	34	58	0	190	0	0	0	14	5	6	0	83	0	0	0	-13	13	18	0	59
18:15:00	65700	44	82	0	296	1	2	0	0	0	0	0	0	24	56	0	158	1	2	0	13	0	6	0	77	0	0	0	-13	18	16	0	61
18:20:00	66000	65	68	0	293	0	0	0	0	0	0	0	0	37	37	0	158	0	1	0	12	1	18	0	60	0	0	0	-13	27	12	0	76
18:25:00	66300	50	70	0	273	0	0	0	0	0	0	0	0	30	38	0	150	0	1	0	11	2	8	0	54	0	0	0	-13	18	23	0	71
18:30:00	66600	46	65	0	254	1	0	0	1	0	0	0	0	26	35	0	141	0	0	0	11	0	11	0	43	0	0	0	-13	19	19	0	71
18:35:00	66900	63	83	0	234	0	1	0	0	0	0	0	0	41	49	0	133	1	3	0	9	1	5	0	39	0	0	0	-13	20	25	0	66
18:40:00	67200	35	61	0	208	1	0	0	1	0	0	0	0	28	34	0	127	0	2	0	7	0	2	0	37	0	0	0	-13	6	23	0	49
18:45:00	67500	31	52	0	187	0	1	0	0	0	0	0	0	23	35	0	115	0	3	0	4	2	2	0	37	0	0	0	-13	6	11	0	44
18:50:00	67800	20	44	0	163	0	0	0	0	0	0	0	0	7	24	0	98	0	0	0	4	0	10	0	27	0	0	0	-13	13	10	0	47
18:55:00	68100	25	38	0	150	0	0	0	0	0	0	0	0	15	24	0	89	0	0	0	4	1	6	0	22	0	0	0	-13	9	8	0	48
19:00:00	68400	67	41	0	176	0	0	0	0	0	0	0	0	57	25	0	121	0	0	0	4	0	6	0	16	0	0	0	-13	10	10	0	48
19:05:00	68700	82	41	0	217	0	0	0	0	0	0	0	0	66	29	0	158	0	0	0	4	4	0	0	20	0	0	0	-13	12	12	0	48
19:10:00	69000	64	66	0	215	1	0	0	1	0	0	0	0	48	49	0	157	0	0	0	4	2	1	0	21	0	0	0	-13	13	16	0	45
19:15:00	69300	62	68	0	209	1	1	0	1	0	0	0	0	41	46	0	152	0	1	0	3	6	3	0	24	0	0	0	-13	14	17	0	42
19:20:00	69600	59	60	0	208	1	0	0	2	0	0	0	0	50	49	0	153	0	0	0	3	0	1	0	23	0	0	0	-13	8	10	0	40
19:25:00	69900	87	54	0	241	0	0	0	2	0	0	0	0	75	46	0	182	0	0	0	3	0	1	0	22	0	0	0	-13	12	7	0	45
19:30:00	70200	70	63	0	248	2	1	0	3	0	0	0	0	51	47	0	186	0	0	0	3	0	4	0	18	0	0	0	-13	17	11	0	51
19:35:00	70500	52	84	0	216	0	1	0	2	0	0	0	0	41	68	0	159	0	0	0	3	1	3	0	16	0	0	0	-13	10	12	0	49
19:40:00	70800	39	60	0	195	0	0	0	2	0	0	0	0	34	46	0	147	0	0	0	3	1	0	0	17	0	0	0	-13	4	14	0	39
19:45:00	71100	63	54	0	204	0	1	0	1	0	0	0	0	51	41	0	157	0	1	0	2	0	4	0	13	0	0	0	-13	12	7	0	44
19:50:00	71400	49	61	0	192	0	1	0	0	0	0	0	0	40	47	0	150	0	0	0	2	2	0	0	15	0	0	0	-13	7	13	0	38
19:55:00	71700	52	68	0	176	0	0	0	0	0	0	0	0	41	54	0	137	0	0	0	2	2	3	0	14	0	0	0	-13	9	11	0	36
20:00:00	72000	10	45	0	141	0	0	0	0	0	0	0	0	5	37	0	105	0	0	0	2	0	2	0	12	0	0	0	-13	5	6	0	35
20:05:00	72300	5	42	0	104	0	0	0	0	0	0	0	0	4	30	0	79	0	0	0	2	1	0	0	13	0	0	0	-13	0	12	0	23
20:10:00	72600	5	17	0	92	0	0	0	0	0	0	0	0	3	14	0	68	0	0	0	2	0	0	0	13	0	0	0	-13	2	3	0	22
20:15:00	72900	8	25	0	75	0	0	0	0	0	0	0	0	3	17	0	54	0	0	0	2	1	3	0	11	0	0	0	-13	4	5	0	21
20:20:00	73200	7	16	0	66	0	0	0	0	0	0	0	0	5	12	0	47	0	1	0	1	0	0	0	11	0	0	0	-13	2	3	0	20
20:25:00	73500	10	10	0	66	0	0	0	0	0	0	0	0	6	4	0	49	0	0	0	1	0	3	0	8	0	0	0	-13	4	3	0	21
20:30:00	73800	8	21	0	53	0	0	0	0	0	0	0	0	4	13	0	40	0	1	0	0	0	3	0	5	0	0	0	-13	4	4	0	21
20:35:00	74100	5	10	0	48	0	0	0	0	0	0	0	0	3	5	0	38	0	0	0	0	0	2	0	3	0	0	0	-13	2	3	0	20
20:40:00	74400	4	10	0	42	0	0	0	0	0	0	0	0	4	6	0	36	0	0	0	0	0	0	0	3	0	0	0	-13	0	4	0	16
20:45:00	74700	5	9	0	38	0	0	0	0	0	0	0	0	3	4	0	35	0	0	0	0	0	0	0	3	0	0	0	-13	2	5	0	13
20:50:00	75000	9	11	0	36	0	0	0	0	0	0	0	0	5	6	0	34	0	0	0	0	0	0	0	3	0	0	0	-13	4	5	0	12
20:55:00	75300	4	7	0	33	0	0	0	0	0	0	0	0	3	4	0	33	0	0	0	0	0	0	0	3	0	0	0	-13	1	3	0	10
21:00:00	75600	11	14	0	30	0	0	0	0	0	0	0	0	10	11	0	32	0	0	0	0	0	0	0	3	0	0	0	-13	1	3	0	8
21:05:00	75900	6	7	0	29	0	0	0	0	0	0	0	0	5	5	0	32	0	0	0	0	0	0	0	3	0	0	0	-13	1	2	0	7
21:10:00	76200	2	4	0	27	0	0	0	0	0	0	0	0	2	3	0	31	0	0	0	0	0	0	0	3	0	0	0	-13	0	1	0	6
21:15:00	76500	1	4	0	24	0	0	0	0	0	0	0	0	1	4	0	28	0	0	0	0	0	0	0	3	0	0	0	-13	0	0	0	6
21:20:00	76800	3	5	0	22	0	0	0	0	0	0	0	0	3	4	0	27	0	0	0	0	0	0	0	3	0	0	0	-13	0	1	0	5
21:25:00	77100	1	3	0	20	0	0	0	0	0	0	0	0	1	3	0	25	0	0	0	0	0	0	0	3	0	0	0	-13	0	0	0	5
21:30:00	77400	0	4	0	16	0	0	0	0	0	0	0	0	0	4	0	21	0	0	0	0	0	0	0	3	0	0	0	-13	0	0	0	5
21:35:00	77700	0	3	0	13	0	0	0	0	0	0	0	0	0	3	0	18	0	0	0	0	0	0	0	3	0	0	0	-13	0	0	0	5
21:40:00	78000	2	4	0	11	0	0	0	0	0	0	0	0	2	4	0	16	0	0	0	0	0	0	0	3	0	0	0	-13	0	0	0	5
21:45:00	78300	2	4	0	9	0	0	0	0	0	0	0	0	2	2	0	16	0	0	0	0	0	0	0	3	0	0	0	-13	0	2	0	3
21:50:00	78600	3	5	0	7	0	0	0	0	0	0	0	0	3	5	0	14	0	0	0	0	0	0	0	3	0	0	0	-13	0	0	0	3
21:55:00	78900	1	1	0	7	0	0	0	0	0	0	0	0	1	1	0	14	0	0	0	0	0	0	0	3	0	0	0	-13	0	0	0	3
22:00:00	79200	1	2	0	6	0	0	0	0	0	0	0	0	0	2	0	12	0	0	0	0	0	0	0	3	0	0	0	-13	1	0	0	4
22:05:00	79500	0	2	0	4	0	0	0	0	0	0	0	0	0	0	0	12	0	0	0	0	0	0	0	3	0	0	0	-13	0	2	0	2
22:10:00	79800	1	2	0	3	0	0	0	0	0	0	0	0	1	2	0	11	0	0	0	0	0	0	0	3	0	0	0	-13	0	0	0	2
22:15:00	80100	1	3	0	1	0	0	0	0	0	0	0	0	0	2	0	9	0	0	0	0	0	0	0	3	0	0	0	-13	1	1	0	2
22:20:00	80400	2	4	0	-1	0	0	0	0	0	0	0	0	2	2	0	9	0	0	0	0	0	0	0	3	0	0	0	-13	0	2	0	0
22:25:00	80700	0	3	0	-4	0	0	0	0	0	0	0	0	0	3	0	6	0	0	0	0	0	0	0	3	0	0	0	-13	0	0	0	0
22:30:00	81000	0	0	0	-4	0	0	0	0	0	0	0	0	0	0	0	6	0	0	0	0	0	0	0	3	0	0	0	-13	0	0	0	0
22:35:00	81300	0	0	0	-4	0	0	0	0	0	0	0	0	0	0	0	6	0	0	0	0	0	0	0	3	0	0	0	-13	0	0	0	0
22:40:00	81600	0	1	0	-5	0	0	0	0	0	0	0	0	0	1	0	5	0	0	0	0	0	0	0	3	0	0	0	-13	0	0	0	0
22:45:00	81900	2	2	0	-5	0	0	0	0	0	0	0	0	2	2	0	5	0	0	0	0	0	0	0	3	0	0	0	-13	0	0	0	0
22:50:00	82200	0	1	0	-6	0	0	0	0	0	0	0	0	0	1	0	4	0	0	0	0	0	0	0	3	0	0	0	-13	0	0	0	0
22:55:00	82500	0	0	0	-6	0	0	0	0	0	0	0	0	0	0	0	4	0	0	0	0	0	0	0	3	0	0	0	-13	0	0	0	0
23:00:00	82800	0	0	0	-6	0	0	0	0	0	0	0	0	0	0	0	4	0	0	0	0	0	0	0	3	0	0	0	-13	0	0	0	0
23:05:00	83100	0	0	0	-6	0	0	0	0	0	0	0	0	0	0	0	4	0	0	0	0	0	0	0	3	0	0	0	-13	0	0	0	0
23:10:00	83400	0	0	0	-6	0	0	0	0	0	0	0	0	0	0	0	4	0	0	0	0	0	0	0	3	0	0	0	-13	0	0	0	0
23:15:00	83700	6	2	0	-2	0	0	0	0	0	0	0	0	6	2	0	8	0	0	0	0	0	0	0	3	0	0	0	-13	0	0	0	0
23:20:00	84000	5	4	0	-1	0	0	0	0	0	0	0	0	4	4	0	8	0	0	0	0	0	0	0	3	0	0	0	-13	1	0	0	1
23:25:00	84300	5	1	0	3	0	0	0	0	0	0	0	0	3	0	0	11	0	0	0	0	0	0	0	3	0	0	0	-13	2	1	0	2
23:30:00	84600	2	7	0	-2	0	0	0	0	0	0	0	0	2	5	0	8	0	0	0	0	0	0	0	3	0	0	0	-13	0	2	0	0
23:35:00	84900	2	0	0	0	0	0	0	0	0	0	0	0	2	0	0	10	0	0	0	0	0	0	0	3	0	0	0	-13	0	0	0	0
23:40:00	85200	3	3	0	0	0	0	0	0	0	0	0	0	3	3	0	10	0	0	0	0	0	0	0	3	0	0	0	-13	0	0	0	0
23:45:00	85500	4	4	0	0	0	0	0	0	0	0	0	0	4	4	0	10	0	0	0	0	0	0	0	3	0	0	0	-13	0	0	0	0
23:50:00	85800	4	4	0	0	0	0	0	0	0	0	0	0	3	3	0	10	0	0	0	0	0	0	0	3	0	0	0	-13	1	1	0	0
23:55:00	86100	2	2	0	0	0	0	0	0	0	0	0	0	0	2	0	8	0	0	0	0	0	0	0	3	0	0	0	-13	2	0	0	2
24:00:00	86400	4	1	0	3	0	0	0	0	0	0	0	0	4	0	0	12	0	0	0	0	0	0	0	3	0	0	0	-13	0	1	0	1
24:05:00	86700	2	4	0	1	0	0	0	0	0	0	0	0	2	3	0	11	0	0	0	0	0	0	0	3	0	0	0	-13	0	1	0	0
24:10:00	87000	3	3	0	1	0	0	0	0	0	0	0	0	2	3	0	10	0	0	0	0	0	0	0	3	0	0	0	-13	1	0	0	1
24:15:00	87300	0	2	0	-1	0	0	0	0	0	0	0	0	0	2	0	8	0	0	0	0	0	0	0	3	0	0	0	-13	0	0	0	1
24:20:00	87600	0	2	0	-3	0	0	0	0	0	0	0	0	0	2	0	6	0	0	0	0	0	0	0	3	0	0	0	-13	0	0	0	1
24:25:00	87900	0	2	0	-5	0	0	0	0	0	0	0	0	0	1	0	5	0	0	0	0	0	0	0	3	0	0	0	-13	0	1	0	0
24:30:00	88200	0	0	0	-5	0	0	0	0	0	0	0	0	0	0	0	5	0	0	0	0	0	0	0	3	0	0	0	-13	0	0	0	0
24:35:00	88500	0	2	0	-7	0	0	0	0	0	0	0	0	0	2	0	3	0	0	0	0	0	0	0	3	0	0	0	-13	0	0	0	0
24:40:00	88800	0	0	0	-7	0	0	0	0	0	0	0	0	0	0	0	3	0	0	0	0	0	0	0	3	0	0	0	-13	0	0	0	0
24:45:00	89100	0	0	0	-7	0	0	0	0	0	0	0	0	0	0	0	3	0	0	0	0	0	0	0	3	0	0	0	-13	0	0	0	0
24:50:00	89400	0	2	0	-9	0	0	0	0	0	0	0	0	0	2	0	1	0	0	0	0	0	0	0	3	0	0	0	-13	0	0	0	0
24:55:00	89700	0	0	0	-9	0	0	0	0	0	0	0	0	0	0	0	1	0	0	0	0	0	0	0	3	0	0	0	-13	0	0	0	0
25:00:00	90000	0	0	0	-9	0	0	0	0	0	0	0	0	0	0	0	1	0	0	0	0	0	0	0	3	0	0	0	-13	0	0	0	0
25:05:00	90300	0	0	0	-9	0	0	0	0	0	0	0	0	0	0	0	1	0	0	0	0	0	0	0	3	0	0	0	-13	0	0	0	0
25:10:00	90600	0	0	0	-9	0	0	0	0	0	0	0	0	0	0	0	1	0	0	0	0	0	0	0	3	0	0	0	-13	0	0	0	0
25:15:00	90900	0	0	0	-9	0	0	0	0	0	0	0	0	0	0	0	1	0	0	0	0	0	0	0	3	0	0	0	-13	0	0	0	0
25:20:00	91200	0	0	0	-9	0	0	0	0	0	0	0	0	0	0	0	1	0	0	0	0	0	0	0	3	0	0	0	-13	0	0	0	0
25:25:00	91500	0	0	0	-9	0	0	0	0	0	0	0	0	0	0	0	1	0	0	0	0	0	0	0	3	0	0	0	-13	0	0	0	0
25:30:00	91800	0	0	0	-9	0	0	0	0	0	0	0	0	0	0	0	1	0	0	0	0	0	0	0	3	0	0	0	-13	0	0	0	0
25:35:00	92100	0	0	0	-9	0	0	0	0	0	0	0	0	0	0	0	1	0	0	0	0	0	0	0	3	0	0	0	-13	0	0	0	0
25:40:00	92400	0	0	0	-9	0	0	0	0	0	0	0	0	0	0	0	1	0	0	0	0	0	0	0	3	0	0	0	-13	0	0	0	0
25:45:00	92700	0	0	0	-9	0	0	0	0	0	0	0	0	0	0	0	1	0	0	0	0	0	0	0	3	0	0	0	-13	0	0	0	0
25:50:00	93000	0	0	0	-9	0	0	0	0	0	0	0	0	0	0	0	1	0	0	0	0	0	0	0	3	0	0	0	-13	0	0	0	0
25:55:00	93300	0	0	0	-9	0	0	0	0	0	0	0	0	0	0	0	1	0	0	0	0	0	0	0	3	0	0	0	-13	0	0	0	0
26:00:00	93600	0	0	0	-9	0	0	0	0	0	0	0	0	0	0	0	1	0	0	0	0	0	0	0	3	0	0	0	-13	0	0	0	0
26:05:00	93900	2	2	0	-9	0	0	0	0	0	0	0	0	2	2	0	1	0	0	0	0	0	0	0	3	0	0	0	-13	0	0	0	0
26:10:00	94200	0	1	0	-10	0	0	0	0	0	0	0	0	0	1	0	0	0	0	0	0	0	0	0	3	0	0	0	-13	0	0	0	0
26:15:00	94500	0	0	0	-10	0	0	0	0	0	0	0	0	0	0	0	0	0	0	0	0	0	0	0	3	0	0	0	-13	0	0	0	0
26:20:00	94800	0	0	0	-10	0	0	0	0	0	0	0	0	0	0	0	0	0	0	0	0	0	0	0	3	0	0	0	-13	0	0	0	0
26:25:00	95100	0	0	0	-10	0	0	0	0	0	0	0	0	0	0	0	0	0	0	0	0	0	0	0	3	0	0	0	-13	0	0	0	0
26:30:00	95400	0	0	0	-10	0	0	0	0	0	0	0	0	0	0	0	0	0	0	0	0	0	0	0	3	0	0	0	-13	0	0	0	0
26:35:00	95700	0	0	0	-10	0	0	0	0	0	0	0	0	0	0	0	0	0	0	0	0	0	0	0	3	0	0	0	-13	0	0	0	0
26:40:00	96000	0	0	0	-10	0	0	0	0	0	0	0	0	0	0	0	0	0	0	0	0	0	0	0	3	0	0	0	-13	0	0	0	0
26:45:00	96300	0	0	0	-10	0	0	0	0	0	0	0	0	0	0	0	0	0	0	0	0	0	0	0	3	0	0	0	-13	0	0	0	0
26:50:00	96600	0	0	0	-10	0	0	0	0	0	0	0	0	0	0	0	0	0	0	0	0	0	0	0	3	0	0	0	-13	0	0	0	0
26:55:00	96900	0	0	0	-10	0	0	0	0	0	0	0	0	0	0	0	0	0	0	0	0	0	0	0	3	0	0	0	-13	0	0	0	0
27:00:00	97200	0	0	0	-10	0	0	0	0	0	0	0	0	0	0	0	0	0	0	0	0	0	0	0	3	0	0	0	-13	0	0	0	0
27:05:00	97500	0	0	0	-10	0	0	0	0	0	0	0	0	0	0	0	0	0	0	0	0	0	0	0	3	0	0	0	-13	0	0	0	0
27:10:00	97800	0	0	0	-10	0	0	0	0	0	0	0	0	0	0	0	0	0	0	0	0	0	0	0	3	0	0	0	-13	0	0	0	0
27:15:00	98100	0	0	0	-10	0	0	0	0	0	0	0	0	0	0	0	0	0	0	0	0	0	0	0	3	0	0	0	-13	0	0	0	0
27:20:00	98400	0	0	0	-10	0	0	0	0	0	0	0	0	0	0	0	0	0	0	0	0	0	0	0	3	0	0	0	-13	0	0	0	0
27:25:00	98700	0	0	0	-10	0	0	0	0	0	0	0	0	0	0	0	0	0	0	0	0	0	0	0	3	0	0	0	-13	0	0	0	0
27:30:00	99000	0	0	0	-10	0	0	0	0	0	0	0	0	0	0	0	0	0	0	0	0	0	0	0	3	0	0	0	-13	0	0	0	0
27:35:00	99300	0	0	0	-10	0	0	0	0	0	0	0	0	0	0	0	0	0	0	0	0	0	0	0	3	0	0	0	-13	0	0	0	0
27:40:00	99600	0	0	0	-10	0	0	0	0	0	0	0	0	0	0	0	0	0	0	0	0	0	0	0	3	0	0	0	-13	0	0	0	0
27:45:00	99900	0	0	0	-10	0	0	0	0	0	0	0	0	0	0	0	0	0	0	0	0	0	0	0	3	0	0	0	-13	0	0	0	0
27:50:00	100200	0	0	0	-10	0	0	0	0	0	0	0	0	0	0	0	0	0	0	0	0	0	0	0	3	0	0	0	-13	0	0	0	0
27:55:00	100500	0	0	0	-10	0	0	0	0	0	0	0	0	0	0	0	0	0	0	0	0	0	0	0	3	0	0	0	-13	0	0	0	0
28:00:00	100800	0	0	0	-10	0	0	0	0	0	0	0	0	0	0	0	0	0	0	0	0	0	0	0	3	0	0	0	-13	0	0	0	0
28:05:00	101100	0	0	0	-10	0	0	0	0	0	0	0	0	0	0	0	0	0	0	0	0	0	0	0	3	0	0	0	-13	0	0	0	0
28:10:00	101400	0	0	0	-10	0	0	0	0	0	0	0	0	0	0	0	0	0	0	0	0	0	0	0	3	0	0	0	-13	0	0	0	0
28:15:00	101700	0	0	0	-10	0	0	0	0	0	0	0	0	0	0	0	0	0	0	0	0	0	0	0	3	0	0	0	-13	0	0	0	0
28:20:00	102000	0	0	0	-10	0	0	0	0	0	0	0	0	0	0	0	0	0	0	0	0	0	0	0	3	0	0	0	-13	0	0	0	0
28:25:00	102300	0	0	0	-10	0	0	0	0	0	0	0	0	0	0	0	0	0	0	0	0	0	0	0	3	0	0	0	-13	0	0	0	0
28:30:00	102600	0	0	0	-10	0	0	0	0	0	0	0	0	0	0	0	0	0	0	0	0	0	0	0	3	0	0	0	-13	0	0	0	0
28:35:00	102900	0	0	0	-10	0	0	0	0	0	0	0	0	0	0	0	0	0	0	0	0	0	0	0	3	0	0	0	-13	0	0	0	0
28:40:00	103200	0	0	0	-10	0	0	0	0	0	0	0	0	0	0	0	0	0	0	0	0	0	0	0	3	0	0	0	-13	0	0	0	0
28:45:00	103500	0	0	0	-10	0	0	0	0	0	0	0	0	0	0	0	0	0	0	0	0	0	0	0	3	0	0	0	-13	0	0	0	0
28:50:00	103800	0	0	0	-10	0	0	0	0	0	0	0	0	0	0	0	0	0	0	0	0	0	0	0	3	0	0	0	-13	0	0	0	0
28:55:00	104100	0	0	0	-10	0	0	0	0	0	0	0	0	0	0	0	0	0	0	0	0	0	0	0	3	0	0	0	-13	0	0	0	0
29:00:00	104400	0	0	0	-10	0	0	0	0	0	0	0	0	0	0	0	0	0	0	0	0	0	0	0	3	0	0	0	-13	0	0	0	0
29:05:00	104700	0	0	0	-10	0	0	0	0	0	0	0	0	0	0	0	0	0	0	0	0	0	0	0	3	0	0	0	-13	0	0	0	0
29:10:00	105000	0	0	0	-10	0	0	0	0	0	0	0	0	0	0	0	0	0	0	0	0	0	0	0	3	0	0	0	-13	0	0	0	0
29:15:00	105300	0	0	0	-10	0	0	0	0	0	0	0	0	0	0	0	0	0	0	0	0	0	0	0	3	0	0	0	-13	0	0	0	0
29:20:00	105600	0	0	0	-10	0	0	0	0	0	0	0	0	0	0	0	0	0	0	0	0	0	0	0	3	0	0	0	-13	0	0	0	0
29:25:00	105900	0	0	0	-10	0	0	0	0	0	0	0	0	0	0	0	0	0	0	0	0	0	0	0	3	0	0	0	-13	0	0	0	0
29:30:00	106200	0	0	0	-10	0	0	0	0	0	0	0	0	0	0	0	0	0	0	0	0	0	0	0	3	0	0	0	-13	0	0	0	0
29:35:00	106500	0	0	0	-10	0	0	0	0	0	0	0	0	0	0	0	0	0	0	0	0	0	0	0	3	0	0	0	-13	0	0	0	0
29:40:00	106800	0	0	0	-10	0	0	0	0	0	0	0	0	0	0	0	0	0	0	0	0	0	0	0	3	0	0	0	-13	0	0	0	0
29:45:00	107100	0	0	0	-10	0	0	0	0	0	0	0	0	0	0	0	0	0	0	0	0	0	0	0	3	0	0	0	-13	0	0	0	0
29:50:00	107400	0	0	0	-10	0	0	0	0	0	0	0	0	0	0	0	0	0	0	0	0	0	0	0	3	0	0	0	-13	0	0	0	0
29:55:00	107700	0	0	0	-10	0	0	0	0	0	0	0	0	0	0	0	0	0	0	0	0	0	0	0	3	0	0	0	-13	0	0	0	0
30:00:00	108000	0	0	3	-13	0	0	0	0	0	0	0	0	0	0	0	0	0	0	0	0	0	0	3	0	0	0	0	-13	0	0	0	0
30:05:00	108300	0	0	0	-13	0	0	0	0	0	0	0	0	0	0	0	0	0	0	0	0	0	0	0	0	0	0	0	-13	0	0	0	0
