time	time	departures_all	arrivals_all	stuck_all	en-route_all	departures_Shared-Bike	arrivals_Shared-Bike	stuck_Shared-Bike	en-route_Shared-Bike	departures_bike	arrivals_bike	stuck_bike	en-route_bike	departures_car	arrivals_car	stuck_car	en-route_car	departures_car_passenger	arrivals_car_passenger	stuck_car_passenger	en-route_car_passenger	departures_pt	arrivals_pt	stuck_pt	en-route_pt	departures_sharing:standardBikeShare	arrivals_sharing:standardBikeShare	stuck_sharing:standardBikeShare	en-route_sharing:standardBikeShare	departures_walk	arrivals_walk	stuck_walk	en-route_walk
00:00:00	0	0	0	0	0	0	0	0	0	0	0	0	0	0	0	0	0	0	0	0	0	0	0	0	0	0	0	0	0	0	0	0	0
00:05:00	300	0	0	0	0	0	0	0	0	0	0	0	0	0	0	0	0	0	0	0	0	0	0	0	0	0	0	0	0	0	0	0	0
00:10:00	600	0	0	0	0	0	0	0	0	0	0	0	0	0	0	0	0	0	0	0	0	0	0	0	0	0	0	0	0	0	0	0	0
00:15:00	900	0	0	0	0	0	0	0	0	0	0	0	0	0	0	0	0	0	0	0	0	0	0	0	0	0	0	0	0	0	0	0	0
00:20:00	1200	0	0	0	0	0	0	0	0	0	0	0	0	0	0	0	0	0	0	0	0	0	0	0	0	0	0	0	0	0	0	0	0
00:25:00	1500	0	0	0	0	0	0	0	0	0	0	0	0	0	0	0	0	0	0	0	0	0	0	0	0	0	0	0	0	0	0	0	0
00:30:00	1800	0	0	0	0	0	0	0	0	0	0	0	0	0	0	0	0	0	0	0	0	0	0	0	0	0	0	0	0	0	0	0	0
00:35:00	2100	0	0	0	0	0	0	0	0	0	0	0	0	0	0	0	0	0	0	0	0	0	0	0	0	0	0	0	0	0	0	0	0
00:40:00	2400	0	0	0	0	0	0	0	0	0	0	0	0	0	0	0	0	0	0	0	0	0	0	0	0	0	0	0	0	0	0	0	0
00:45:00	2700	0	0	0	0	0	0	0	0	0	0	0	0	0	0	0	0	0	0	0	0	0	0	0	0	0	0	0	0	0	0	0	0
00:50:00	3000	0	0	0	0	0	0	0	0	0	0	0	0	0	0	0	0	0	0	0	0	0	0	0	0	0	0	0	0	0	0	0	0
00:55:00	3300	0	0	0	0	0	0	0	0	0	0	0	0	0	0	0	0	0	0	0	0	0	0	0	0	0	0	0	0	0	0	0	0
01:00:00	3600	0	0	0	0	0	0	0	0	0	0	0	0	0	0	0	0	0	0	0	0	0	0	0	0	0	0	0	0	0	0	0	0
01:05:00	3900	0	0	0	0	0	0	0	0	0	0	0	0	0	0	0	0	0	0	0	0	0	0	0	0	0	0	0	0	0	0	0	0
01:10:00	4200	0	0	0	0	0	0	0	0	0	0	0	0	0	0	0	0	0	0	0	0	0	0	0	0	0	0	0	0	0	0	0	0
01:15:00	4500	0	0	0	0	0	0	0	0	0	0	0	0	0	0	0	0	0	0	0	0	0	0	0	0	0	0	0	0	0	0	0	0
01:20:00	4800	0	0	0	0	0	0	0	0	0	0	0	0	0	0	0	0	0	0	0	0	0	0	0	0	0	0	0	0	0	0	0	0
01:25:00	5100	0	0	0	0	0	0	0	0	0	0	0	0	0	0	0	0	0	0	0	0	0	0	0	0	0	0	0	0	0	0	0	0
01:30:00	5400	0	0	0	0	0	0	0	0	0	0	0	0	0	0	0	0	0	0	0	0	0	0	0	0	0	0	0	0	0	0	0	0
01:35:00	5700	0	0	0	0	0	0	0	0	0	0	0	0	0	0	0	0	0	0	0	0	0	0	0	0	0	0	0	0	0	0	0	0
01:40:00	6000	0	0	0	0	0	0	0	0	0	0	0	0	0	0	0	0	0	0	0	0	0	0	0	0	0	0	0	0	0	0	0	0
01:45:00	6300	0	0	0	0	0	0	0	0	0	0	0	0	0	0	0	0	0	0	0	0	0	0	0	0	0	0	0	0	0	0	0	0
01:50:00	6600	0	0	0	0	0	0	0	0	0	0	0	0	0	0	0	0	0	0	0	0	0	0	0	0	0	0	0	0	0	0	0	0
01:55:00	6900	0	0	0	0	0	0	0	0	0	0	0	0	0	0	0	0	0	0	0	0	0	0	0	0	0	0	0	0	0	0	0	0
02:00:00	7200	0	0	0	0	0	0	0	0	0	0	0	0	0	0	0	0	0	0	0	0	0	0	0	0	0	0	0	0	0	0	0	0
02:05:00	7500	0	0	0	0	0	0	0	0	0	0	0	0	0	0	0	0	0	0	0	0	0	0	0	0	0	0	0	0	0	0	0	0
02:10:00	7800	0	0	0	0	0	0	0	0	0	0	0	0	0	0	0	0	0	0	0	0	0	0	0	0	0	0	0	0	0	0	0	0
02:15:00	8100	0	0	0	0	0	0	0	0	0	0	0	0	0	0	0	0	0	0	0	0	0	0	0	0	0	0	0	0	0	0	0	0
02:20:00	8400	0	0	0	0	0	0	0	0	0	0	0	0	0	0	0	0	0	0	0	0	0	0	0	0	0	0	0	0	0	0	0	0
02:25:00	8700	0	0	0	0	0	0	0	0	0	0	0	0	0	0	0	0	0	0	0	0	0	0	0	0	0	0	0	0	0	0	0	0
02:30:00	9000	0	0	0	0	0	0	0	0	0	0	0	0	0	0	0	0	0	0	0	0	0	0	0	0	0	0	0	0	0	0	0	0
02:35:00	9300	0	0	0	0	0	0	0	0	0	0	0	0	0	0	0	0	0	0	0	0	0	0	0	0	0	0	0	0	0	0	0	0
02:40:00	9600	0	0	0	0	0	0	0	0	0	0	0	0	0	0	0	0	0	0	0	0	0	0	0	0	0	0	0	0	0	0	0	0
02:45:00	9900	0	0	0	0	0	0	0	0	0	0	0	0	0	0	0	0	0	0	0	0	0	0	0	0	0	0	0	0	0	0	0	0
02:50:00	10200	0	0	0	0	0	0	0	0	0	0	0	0	0	0	0	0	0	0	0	0	0	0	0	0	0	0	0	0	0	0	0	0
02:55:00	10500	0	0	0	0	0	0	0	0	0	0	0	0	0	0	0	0	0	0	0	0	0	0	0	0	0	0	0	0	0	0	0	0
03:00:00	10800	0	0	0	0	0	0	0	0	0	0	0	0	0	0	0	0	0	0	0	0	0	0	0	0	0	0	0	0	0	0	0	0
03:05:00	11100	0	0	0	0	0	0	0	0	0	0	0	0	0	0	0	0	0	0	0	0	0	0	0	0	0	0	0	0	0	0	0	0
03:10:00	11400	0	0	0	0	0	0	0	0	0	0	0	0	0	0	0	0	0	0	0	0	0	0	0	0	0	0	0	0	0	0	0	0
03:15:00	11700	0	0	0	0	0	0	0	0	0	0	0	0	0	0	0	0	0	0	0	0	0	0	0	0	0	0	0	0	0	0	0	0
03:20:00	12000	0	0	0	0	0	0	0	0	0	0	0	0	0	0	0	0	0	0	0	0	0	0	0	0	0	0	0	0	0	0	0	0
03:25:00	12300	0	0	0	0	0	0	0	0	0	0	0	0	0	0	0	0	0	0	0	0	0	0	0	0	0	0	0	0	0	0	0	0
03:30:00	12600	0	0	0	0	0	0	0	0	0	0	0	0	0	0	0	0	0	0	0	0	0	0	0	0	0	0	0	0	0	0	0	0
03:35:00	12900	0	0	0	0	0	0	0	0	0	0	0	0	0	0	0	0	0	0	0	0	0	0	0	0	0	0	0	0	0	0	0	0
03:40:00	13200	0	0	0	0	0	0	0	0	0	0	0	0	0	0	0	0	0	0	0	0	0	0	0	0	0	0	0	0	0	0	0	0
03:45:00	13500	0	0	0	0	0	0	0	0	0	0	0	0	0	0	0	0	0	0	0	0	0	0	0	0	0	0	0	0	0	0	0	0
03:50:00	13800	0	0	0	0	0	0	0	0	0	0	0	0	0	0	0	0	0	0	0	0	0	0	0	0	0	0	0	0	0	0	0	0
03:55:00	14100	0	0	0	0	0	0	0	0	0	0	0	0	0	0	0	0	0	0	0	0	0	0	0	0	0	0	0	0	0	0	0	0
04:00:00	14400	0	0	0	0	0	0	0	0	0	0	0	0	0	0	0	0	0	0	0	0	0	0	0	0	0	0	0	0	0	0	0	0
04:05:00	14700	0	0	0	0	0	0	0	0	0	0	0	0	0	0	0	0	0	0	0	0	0	0	0	0	0	0	0	0	0	0	0	0
04:10:00	15000	0	0	0	0	0	0	0	0	0	0	0	0	0	0	0	0	0	0	0	0	0	0	0	0	0	0	0	0	0	0	0	0
04:15:00	15300	0	0	0	0	0	0	0	0	0	0	0	0	0	0	0	0	0	0	0	0	0	0	0	0	0	0	0	0	0	0	0	0
04:20:00	15600	0	0	0	0	0	0	0	0	0	0	0	0	0	0	0	0	0	0	0	0	0	0	0	0	0	0	0	0	0	0	0	0
04:25:00	15900	0	0	0	0	0	0	0	0	0	0	0	0	0	0	0	0	0	0	0	0	0	0	0	0	0	0	0	0	0	0	0	0
04:30:00	16200	0	0	0	0	0	0	0	0	0	0	0	0	0	0	0	0	0	0	0	0	0	0	0	0	0	0	0	0	0	0	0	0
04:35:00	16500	0	0	0	0	0	0	0	0	0	0	0	0	0	0	0	0	0	0	0	0	0	0	0	0	0	0	0	0	0	0	0	0
04:40:00	16800	0	0	0	0	0	0	0	0	0	0	0	0	0	0	0	0	0	0	0	0	0	0	0	0	0	0	0	0	0	0	0	0
04:45:00	17100	0	0	0	0	0	0	0	0	0	0	0	0	0	0	0	0	0	0	0	0	0	0	0	0	0	0	0	0	0	0	0	0
04:50:00	17400	0	0	0	0	0	0	0	0	0	0	0	0	0	0	0	0	0	0	0	0	0	0	0	0	0	0	0	0	0	0	0	0
04:55:00	17700	0	0	0	0	0	0	0	0	0	0	0	0	0	0	0	0	0	0	0	0	0	0	0	0	0	0	0	0	0	0	0	0
05:00:00	18000	0	0	0	0	0	0	0	0	0	0	0	0	0	0	0	0	0	0	0	0	0	0	0	0	0	0	0	0	0	0	0	0
05:05:00	18300	0	0	0	0	0	0	0	0	0	0	0	0	0	0	0	0	0	0	0	0	0	0	0	0	0	0	0	0	0	0	0	0
05:10:00	18600	0	0	0	0	0	0	0	0	0	0	0	0	0	0	0	0	0	0	0	0	0	0	0	0	0	0	0	0	0	0	0	0
05:15:00	18900	0	0	0	0	0	0	0	0	0	0	0	0	0	0	0	0	0	0	0	0	0	0	0	0	0	0	0	0	0	0	0	0
05:20:00	19200	0	0	0	0	0	0	0	0	0	0	0	0	0	0	0	0	0	0	0	0	0	0	0	0	0	0	0	0	0	0	0	0
05:25:00	19500	0	0	0	0	0	0	0	0	0	0	0	0	0	0	0	0	0	0	0	0	0	0	0	0	0	0	0	0	0	0	0	0
05:30:00	19800	0	0	0	0	0	0	0	0	0	0	0	0	0	0	0	0	0	0	0	0	0	0	0	0	0	0	0	0	0	0	0	0
05:35:00	20100	0	0	0	0	0	0	0	0	0	0	0	0	0	0	0	0	0	0	0	0	0	0	0	0	0	0	0	0	0	0	0	0
05:40:00	20400	0	0	0	0	0	0	0	0	0	0	0	0	0	0	0	0	0	0	0	0	0	0	0	0	0	0	0	0	0	0	0	0
05:45:00	20700	0	0	0	0	0	0	0	0	0	0	0	0	0	0	0	0	0	0	0	0	0	0	0	0	0	0	0	0	0	0	0	0
05:50:00	21000	0	0	0	0	0	0	0	0	0	0	0	0	0	0	0	0	0	0	0	0	0	0	0	0	0	0	0	0	0	0	0	0
05:55:00	21300	0	0	0	0	0	0	0	0	0	0	0	0	0	0	0	0	0	0	0	0	0	0	0	0	0	0	0	0	0	0	0	0
06:00:00	21600	4	0	0	4	0	0	0	0	0	0	0	0	3	0	0	3	0	0	0	0	0	0	0	0	0	0	0	0	1	0	0	1
06:05:00	21900	4	0	0	8	0	0	0	0	0	0	0	0	2	0	0	5	0	0	0	0	0	0	0	0	0	0	0	0	2	0	0	3
06:10:00	22200	3	2	0	9	0	0	0	0	0	0	0	0	3	1	0	7	0	0	0	0	0	0	0	0	0	0	0	0	0	1	0	2
06:15:00	22500	1	2	0	8	0	0	0	0	0	0	0	0	1	2	0	6	0	0	0	0	0	0	0	0	0	0	0	0	0	0	0	2
06:20:00	22800	5	2	0	11	0	0	0	0	0	0	0	0	4	1	0	9	0	0	0	0	1	0	0	1	0	0	0	0	0	1	0	1
06:25:00	23100	5	3	0	13	0	0	0	0	0	0	0	0	4	3	0	10	0	0	0	0	0	0	0	1	0	0	0	0	1	0	0	2
06:30:00	23400	43	5	0	51	0	0	0	0	0	0	0	0	33	4	0	39	0	0	0	0	0	1	0	0	0	0	0	0	10	0	0	12
06:35:00	23700	38	19	0	70	0	0	0	0	0	0	0	0	29	15	0	53	0	0	0	0	0	0	0	0	0	0	0	0	9	4	0	17
06:40:00	24000	36	18	0	88	0	0	0	0	0	0	0	0	27	14	0	66	0	0	0	0	3	0	0	3	0	0	0	0	6	4	0	19
06:45:00	24300	39	39	0	88	1	0	0	1	0	0	0	0	25	29	0	62	0	0	0	0	5	0	0	8	0	0	0	0	8	10	0	17
06:50:00	24600	41	25	0	104	0	0	0	1	0	0	0	0	30	21	0	71	0	0	0	0	2	0	0	10	0	0	0	0	9	4	0	22
06:55:00	24900	79	41	1	141	0	0	0	1	0	0	0	0	58	30	0	99	0	0	0	0	4	0	0	14	0	0	1	-1	17	11	0	28
07:00:00	25200	70	50	0	161	1	1	0	1	0	0	0	0	44	37	0	106	0	0	0	0	4	0	0	18	0	0	0	-1	21	12	0	37
07:05:00	25500	63	45	1	178	1	0	0	2	1	0	0	1	39	33	0	112	0	0	0	0	2	1	0	19	0	0	1	-2	20	11	0	46
07:10:00	25800	72	57	0	193	0	1	0	1	0	0	0	1	48	36	0	124	0	0	0	0	4	8	0	15	0	0	0	-2	20	12	0	54
07:15:00	26100	87	53	0	227	0	1	0	0	0	0	0	1	72	43	0	153	0	0	0	0	1	0	0	16	0	0	0	-2	14	9	0	59
07:20:00	26400	85	74	0	238	1	0	0	1	0	0	0	1	58	51	0	160	0	0	0	0	9	2	0	23	0	0	0	-2	17	21	0	55
07:25:00	26700	115	85	0	268	1	0	0	2	0	1	0	0	88	63	0	185	0	0	0	0	8	0	0	31	0	0	0	-2	18	21	0	52
07:30:00	27000	84	94	0	258	0	1	0	1	0	0	0	0	59	74	0	170	0	0	0	0	6	4	0	33	0	0	0	-2	19	15	0	56
07:35:00	27300	96	90	0	264	1	2	0	0	0	0	0	0	59	65	0	164	0	0	0	0	4	5	0	32	0	0	0	-2	32	18	0	70
07:40:00	27600	102	83	0	283	0	0	0	0	0	0	0	0	75	56	0	183	0	0	0	0	8	1	0	39	0	0	0	-2	19	26	0	63
07:45:00	27900	100	84	0	299	0	0	0	0	0	0	0	0	76	62	0	197	0	0	0	0	7	2	0	44	0	0	0	-2	17	20	0	60
07:50:00	28200	114	83	0	330	0	0	0	0	1	0	0	1	77	62	0	212	0	0	0	0	8	6	0	46	0	0	0	-2	28	15	0	73
07:55:00	28500	122	111	0	341	0	0	0	0	0	0	0	1	83	84	0	211	12	1	0	11	7	4	0	49	0	0	0	-2	20	22	0	71
08:00:00	28800	137	126	0	352	1	0	0	1	0	0	0	1	75	86	0	200	24	7	0	28	9	4	0	54	0	0	0	-2	28	29	0	70
08:05:00	29100	120	108	0	364	2	2	0	1	0	0	0	1	66	65	0	201	17	10	0	35	8	7	0	55	0	0	0	-2	27	24	0	73
08:10:00	29400	136	122	1	377	0	0	0	1	0	0	0	1	80	82	0	199	26	16	0	45	6	6	0	55	0	0	1	-3	24	18	0	79
08:15:00	29700	105	120	0	362	2	1	0	2	0	0	0	1	67	73	0	193	14	15	0	44	6	2	0	59	0	0	0	-3	16	29	0	66
08:20:00	30000	111	99	0	374	0	1	0	1	0	0	0	1	68	60	0	201	16	18	0	42	6	0	0	65	0	0	0	-3	21	20	0	67
08:25:00	30300	109	97	0	386	0	1	0	0	0	0	0	1	67	69	0	199	20	12	0	50	3	1	0	67	0	0	0	-3	19	14	0	72
08:30:00	30600	105	115	0	376	0	0	0	0	1	1	0	1	48	61	0	186	21	17	0	54	12	8	0	71	0	0	0	-3	23	28	0	67
08:35:00	30900	82	96	0	362	1	1	0	0	0	0	0	1	53	60	0	179	8	18	0	44	6	4	0	73	0	0	0	-3	14	13	0	68
08:40:00	31200	89	87	0	364	0	0	0	0	0	0	0	1	41	48	0	172	24	18	0	50	7	5	0	75	0	0	0	-3	17	16	0	69
08:45:00	31500	104	77	0	391	0	0	0	0	0	0	0	1	51	51	0	172	39	14	0	75	3	0	0	78	0	0	0	-3	11	12	0	68
08:50:00	31800	88	103	1	375	0	0	0	0	0	0	0	1	55	63	0	164	13	22	0	66	6	1	0	83	0	0	1	-4	14	17	0	65
08:55:00	32100	89	93	0	371	0	0	0	0	1	0	0	2	41	51	0	154	18	19	0	65	7	8	0	82	0	0	0	-4	22	15	0	72
09:00:00	32400	99	97	0	373	0	0	0	0	0	1	0	1	72	59	0	167	4	16	0	53	11	1	0	92	0	0	0	-4	12	20	0	64
09:05:00	32700	74	88	0	359	0	0	0	0	0	0	0	1	45	44	0	168	6	12	0	47	3	10	0	85	0	0	0	-4	20	22	0	62
09:10:00	33000	62	79	0	342	0	0	0	0	0	0	0	1	43	50	0	161	3	12	0	38	3	0	0	88	0	0	0	-4	13	17	0	58
09:15:00	33300	55	73	0	324	0	0	0	0	0	0	0	1	44	51	0	154	2	11	0	29	5	0	0	93	0	0	0	-4	4	11	0	51
09:20:00	33600	58	88	0	294	1	0	0	1	1	0	0	2	32	52	0	134	2	11	0	20	6	4	0	95	0	0	0	-4	16	21	0	46
09:25:00	33900	68	79	0	283	0	1	0	0	0	1	0	1	36	44	0	126	4	2	0	22	1	18	0	78	0	0	0	-4	27	13	0	60
09:30:00	34200	48	65	0	266	0	0	0	0	0	0	0	1	31	38	0	119	1	6	0	17	1	4	0	75	0	0	0	-4	15	17	0	58
09:35:00	34500	52	67	0	251	1	0	0	1	0	0	0	1	27	41	0	105	8	6	0	19	4	2	0	77	0	0	0	-4	12	18	0	52
09:40:00	34800	41	61	0	231	0	1	0	0	0	0	0	1	22	34	0	93	2	5	0	16	1	2	0	76	0	0	0	-4	16	19	0	49
09:45:00	35100	45	68	0	208	0	0	0	0	0	1	0	0	26	41	0	78	0	6	0	10	5	2	0	79	0	0	0	-4	14	18	0	45
09:50:00	35400	39	42	0	205	0	0	0	0	0	0	0	0	22	19	0	81	0	4	0	6	5	0	0	84	0	0	0	-4	12	19	0	38
09:55:00	35700	48	44	0	209	0	0	0	0	0	0	0	0	36	27	0	90	0	2	0	4	2	0	0	86	0	0	0	-4	10	15	0	33
10:00:00	36000	82	71	0	220	1	0	0	1	0	0	0	0	39	32	0	97	0	2	0	2	3	14	0	75	0	0	0	-4	39	23	0	49
10:05:00	36300	59	59	0	220	0	0	0	1	0	0	0	0	39	40	0	96	0	1	0	1	0	4	0	71	0	0	0	-4	20	14	0	55
10:10:00	36600	80	78	0	222	0	0	0	1	0	0	0	0	50	36	0	110	0	1	0	0	1	5	0	67	0	0	0	-4	29	36	0	48
10:15:00	36900	62	70	0	214	0	1	0	0	0	0	0	0	34	41	0	103	0	0	0	0	1	1	0	67	0	0	0	-4	27	27	0	48
10:20:00	37200	69	77	0	206	0	0	0	0	0	0	0	0	40	43	0	100	0	0	0	0	4	2	0	69	0	0	0	-4	25	32	0	41
10:25:00	37500	80	79	0	207	1	0	0	1	0	0	0	0	54	50	0	104	0	0	0	0	2	3	0	68	0	0	0	-4	23	26	0	38
10:30:00	37800	60	70	0	197	0	1	0	0	1	0	0	1	33	39	0	98	0	0	0	0	1	0	0	69	0	0	0	-4	25	30	0	33
10:35:00	38100	47	67	0	177	0	0	0	0	0	1	0	0	21	43	0	76	2	1	0	1	4	1	0	72	0	0	0	-4	20	21	0	32
10:40:00	38400	53	61	0	169	0	0	0	0	0	0	0	0	25	34	0	67	1	1	0	1	0	0	0	72	0	0	0	-4	27	26	0	33
10:45:00	38700	69	69	0	169	0	0	0	0	0	0	0	0	31	30	0	68	3	0	0	4	2	10	0	64	0	0	0	-4	33	29	0	37
10:50:00	39000	44	53	0	160	0	0	0	0	0	0	0	0	22	23	0	67	0	2	0	2	1	2	0	63	0	0	0	-4	21	26	0	32
10:55:00	39300	38	50	0	148	0	0	0	0	0	0	0	0	20	25	0	62	2	1	0	3	1	1	0	63	0	0	0	-4	15	23	0	24
11:00:00	39600	48	45	0	151	0	0	0	0	0	0	0	0	25	24	0	63	4	1	0	6	0	0	0	63	0	0	0	-4	19	20	0	23
11:05:00	39900	89	71	0	169	1	1	0	0	0	0	0	0	36	22	0	77	1	1	0	6	12	12	0	63	0	0	0	-4	39	35	0	27
11:10:00	40200	81	51	0	199	0	0	0	0	0	0	0	0	44	26	0	95	2	1	0	7	4	1	0	66	0	0	0	-4	31	23	0	35
11:15:00	40500	62	60	0	201	1	0	0	1	0	0	0	0	34	35	0	94	10	3	0	14	2	2	0	66	0	0	0	-4	15	20	0	30
11:20:00	40800	61	57	0	205	0	0	0	1	0	0	0	0	35	36	0	93	2	1	0	15	3	2	0	67	0	0	0	-4	21	18	0	33
11:25:00	41100	72	70	0	207	0	1	0	0	0	0	0	0	43	40	0	96	3	4	0	14	2	0	0	69	0	0	0	-4	24	25	0	32
11:30:00	41400	84	65	0	226	0	0	0	0	0	0	0	0	53	33	0	116	1	5	0	10	3	4	0	68	0	0	0	-4	27	23	0	36
11:35:00	41700	100	88	0	238	1	0	0	1	0	0	0	0	51	44	0	123	3	3	0	10	8	10	0	66	0	0	0	-4	37	31	0	42
11:40:00	42000	87	87	0	238	0	1	0	0	0	0	0	0	46	40	0	129	0	3	0	7	4	15	0	55	0	0	0	-4	37	28	0	51
11:45:00	42300	83	93	1	227	0	0	0	0	0	0	0	0	48	53	0	124	3	4	0	6	6	6	0	55	0	0	1	-5	26	30	0	47
11:50:00	42600	85	70	0	242	0	0	0	0	0	0	0	0	52	36	0	140	5	3	0	8	0	1	0	54	0	0	0	-5	28	30	0	45
11:55:00	42900	105	87	0	260	1	1	0	0	0	0	0	0	62	49	0	153	1	1	0	8	3	6	0	51	0	0	0	-5	38	30	0	53
12:00:00	43200	85	97	0	248	0	0	0	0	0	0	0	0	61	62	0	152	2	1	0	9	5	0	0	56	0	0	0	-5	17	34	0	36
12:05:00	43500	62	77	0	233	2	0	0	2	0	0	0	0	39	49	0	142	8	6	0	11	3	0	0	59	0	0	0	-5	10	22	0	24
12:10:00	43800	65	54	0	244	0	0	0	2	0	0	0	0	47	42	0	147	2	0	0	13	2	1	0	60	0	0	0	-5	14	11	0	27
12:15:00	44100	58	70	0	232	3	1	0	4	0	0	0	0	36	51	0	132	1	3	0	11	3	2	0	61	0	0	0	-5	15	13	0	29
12:20:00	44400	52	70	0	214	0	4	0	0	0	0	0	0	34	45	0	121	0	3	0	8	4	2	0	63	0	0	0	-5	14	16	0	27
12:25:00	44700	64	60	0	218	1	0	0	1	0	0	0	0	44	33	0	132	0	3	0	5	4	6	0	61	0	0	0	-5	15	18	0	24
12:30:00	45000	41	50	0	209	1	0	0	2	0	0	0	0	32	40	0	124	0	1	0	4	2	3	0	60	0	0	0	-5	6	6	0	24
12:35:00	45300	28	53	0	184	0	2	0	0	0	0	0	0	12	38	0	98	0	2	0	2	4	2	0	62	0	0	0	-5	12	9	0	27
12:40:00	45600	34	36	0	182	1	0	0	1	0	0	0	0	25	28	0	95	0	1	0	1	2	2	0	62	0	0	0	-5	6	5	0	28
12:45:00	45900	47	42	0	187	1	0	0	2	0	0	0	0	32	33	0	94	0	0	0	1	3	1	0	64	0	0	0	-5	11	8	0	31
12:50:00	46200	28	39	0	176	0	1	0	1	0	0	0	0	20	30	0	84	0	1	0	0	3	0	0	67	0	0	0	-5	5	7	0	29
12:55:00	46500	38	39	0	175	0	0	0	1	0	0	0	0	25	27	0	82	0	0	0	0	4	4	0	67	0	0	0	-5	9	8	0	30
13:00:00	46800	4	34	0	145	0	1	0	0	0	0	0	0	0	22	0	60	0	0	0	0	3	0	0	70	0	0	0	-5	1	11	0	20
13:05:00	47100	3	31	0	117	0	0	0	0	0	0	0	0	3	25	0	38	0	0	0	0	0	0	0	70	0	0	0	-5	0	6	0	14
13:10:00	47400	2	15	0	104	0	0	0	0	0	0	0	0	0	10	0	28	0	0	0	0	1	1	0	70	0	0	0	-5	1	4	0	11
13:15:00	47700	21	6	0	119	0	0	0	0	0	0	0	0	14	6	0	36	0	0	0	0	0	0	0	70	0	0	0	-5	7	0	0	18
13:20:00	48000	18	24	0	113	0	0	0	0	0	0	0	0	9	9	0	36	0	0	0	0	1	3	0	68	0	0	0	-5	8	12	0	14
13:25:00	48300	19	18	0	114	0	0	0	0	0	0	0	0	11	9	0	38	0	0	0	0	2	3	0	67	0	0	0	-5	6	6	0	14
13:30:00	48600	56	23	0	147	0	0	0	0	0	0	0	0	41	16	0	63	1	0	0	1	1	3	0	65	0	0	0	-5	13	4	0	23
13:35:00	48900	61	44	0	164	0	0	0	0	0	0	0	0	34	29	0	68	5	0	0	6	1	7	0	59	0	0	0	-5	21	8	0	36
13:40:00	49200	46	37	0	173	0	0	0	0	0	0	0	0	35	25	0	78	5	2	0	9	2	2	0	59	0	0	0	-5	4	8	0	32
13:45:00	49500	60	48	0	185	0	0	0	0	0	0	0	0	41	30	0	89	2	3	0	8	2	2	0	59	0	0	0	-5	15	13	0	34
13:50:00	49800	101	57	1	228	1	1	0	0	0	0	0	0	60	30	0	119	15	7	0	16	3	2	0	60	0	0	1	-6	22	17	0	39
13:55:00	50100	116	73	0	271	2	0	0	2	0	0	0	0	74	49	0	144	12	5	0	23	2	2	0	60	0	0	0	-6	26	17	0	48
14:00:00	50400	93	84	0	280	0	0	0	2	0	0	0	0	63	52	0	155	3	9	0	17	4	0	0	64	0	0	0	-6	23	23	0	48
14:05:00	50700	93	93	0	280	2	3	0	1	0	0	0	0	41	49	0	147	9	6	0	20	4	1	0	67	0	0	0	-6	37	34	0	51
14:10:00	51000	88	81	0	287	2	1	0	2	0	0	0	0	53	49	0	151	14	11	0	23	6	0	0	73	0	0	0	-6	13	20	0	44
14:15:00	51300	72	78	0	281	0	2	0	0	0	0	0	0	40	50	0	141	8	8	0	23	7	1	0	79	0	0	0	-6	17	17	0	44
14:20:00	51600	87	84	0	284	0	0	0	0	0	0	0	0	43	44	0	140	14	9	0	28	8	4	0	83	0	0	0	-6	22	27	0	39
14:25:00	51900	77	80	0	281	0	0	0	0	0	0	0	0	44	56	0	128	16	10	0	34	5	1	0	87	0	0	0	-6	12	13	0	38
14:30:00	52200	57	69	0	269	0	0	0	0	0	0	0	0	24	34	0	118	12	14	0	32	5	3	0	89	0	0	0	-6	16	18	0	36
14:35:00	52500	77	70	0	276	2	0	0	2	0	0	0	0	41	37	0	122	4	12	0	24	3	3	0	89	0	0	0	-6	27	18	0	45
14:40:00	52800	64	83	0	257	0	1	0	1	0	0	0	0	35	49	0	108	8	7	0	25	3	3	0	89	0	0	0	-6	18	23	0	40
14:45:00	53100	62	74	0	245	0	0	0	1	0	0	0	0	23	29	0	102	9	13	0	21	9	14	0	84	0	0	0	-6	21	18	0	43
14:50:00	53400	56	72	0	229	0	1	0	0	0	0	0	0	27	35	0	94	3	6	0	18	2	3	0	83	0	0	0	-6	24	27	0	40
14:55:00	53700	49	63	0	215	1	0	0	1	0	0	0	0	18	27	0	85	8	7	0	19	5	6	0	82	0	0	0	-6	17	23	0	34
15:00:00	54000	44	56	0	203	0	1	0	0	0	0	0	0	27	30	0	82	3	8	0	14	0	4	0	78	0	0	0	-6	14	13	0	35
15:05:00	54300	49	50	0	202	0	0	0	0	0	0	0	0	27	36	0	73	1	4	0	11	2	0	0	80	0	0	0	-6	19	10	0	44
15:10:00	54600	51	56	0	197	0	0	0	0	0	0	0	0	30	30	0	73	0	5	0	6	3	0	0	83	0	0	0	-6	18	21	0	41
15:15:00	54900	64	54	0	207	1	0	0	1	0	0	0	0	39	26	0	86	1	2	0	5	7	3	0	87	0	0	0	-6	16	23	0	34
15:20:00	55200	56	51	0	212	0	1	0	0	0	0	0	0	32	26	0	92	1	1	0	5	4	1	0	90	0	0	0	-6	19	22	0	31
15:25:00	55500	55	61	0	206	0	0	0	0	0	0	0	0	36	42	0	86	0	0	0	5	3	2	0	91	0	0	0	-6	16	17	0	30
15:30:00	55800	80	52	0	234	0	0	0	0	0	0	0	0	49	30	0	105	0	1	0	4	4	3	0	92	0	0	0	-6	27	18	0	39
15:35:00	56100	105	74	0	265	0	0	0	0	0	0	0	0	67	42	0	130	0	0	0	4	5	7	0	90	0	0	0	-6	33	25	0	47
15:40:00	56400	107	94	0	278	0	0	0	0	0	0	0	0	66	58	0	138	0	1	0	3	3	4	0	89	0	0	0	-6	38	31	0	54
15:45:00	56700	80	89	0	269	1	0	0	1	0	0	0	0	50	56	0	132	0	0	0	3	4	5	0	88	0	0	0	-6	25	28	0	51
15:50:00	57000	84	85	0	268	1	2	0	0	0	0	0	0	58	52	0	138	0	1	0	2	1	0	0	89	0	0	0	-6	24	30	0	45
15:55:00	57300	68	84	1	251	1	0	0	1	0	0	0	0	36	48	0	126	0	0	0	2	1	7	0	83	0	0	1	-7	30	29	0	46
16:00:00	57600	95	89	0	257	0	1	0	0	0	0	0	0	35	46	0	115	21	0	0	23	5	8	0	80	0	0	0	-7	34	34	0	46
16:05:00	57900	83	78	0	262	0	0	0	0	0	0	0	0	43	44	0	114	19	8	0	34	2	3	0	79	0	0	0	-7	19	23	0	42
16:10:00	58200	72	89	0	245	1	1	0	0	0	0	0	0	28	43	0	99	18	14	0	38	3	1	0	81	0	0	0	-7	22	30	0	34
16:15:00	58500	88	89	0	244	0	0	0	0	0	0	0	0	35	40	0	94	16	14	0	40	4	14	0	71	0	0	0	-7	33	21	0	46
16:20:00	58800	96	72	0	268	0	0	0	0	0	0	0	0	47	30	0	111	17	11	0	46	2	2	0	71	0	0	0	-7	30	29	0	47
16:25:00	59100	104	85	0	287	0	0	0	0	0	0	0	0	46	39	0	118	27	20	0	53	2	5	0	68	0	0	0	-7	29	21	0	55
16:30:00	59400	119	91	0	315	0	0	0	0	0	0	0	0	59	46	0	131	31	15	0	69	4	4	0	68	0	0	0	-7	25	26	0	54
16:35:00	59700	134	95	0	354	0	0	0	0	0	0	0	0	68	42	0	157	27	20	0	76	3	3	0	68	0	0	0	-7	36	30	0	60
16:40:00	60000	140	129	0	365	1	0	0	1	0	0	0	0	83	62	0	178	20	28	0	68	5	5	0	68	0	0	0	-7	31	34	0	57
16:45:00	60300	107	99	0	373	0	0	0	1	0	0	0	0	55	54	0	179	28	18	0	78	4	5	0	67	0	0	0	-7	20	22	0	55
16:50:00	60600	156	142	0	387	0	1	0	0	0	0	0	0	73	74	0	178	47	32	0	93	3	4	0	66	0	0	0	-7	33	31	0	57
16:55:00	60900	132	119	0	400	0	0	0	0	0	0	0	0	73	63	0	188	31	26	0	98	3	1	0	68	0	0	0	-7	25	29	0	53
17:00:00	61200	179	128	0	451	1	0	0	1	2	1	0	1	109	62	0	235	20	31	0	87	4	9	0	63	0	0	0	-7	43	25	0	71
17:05:00	61500	187	145	0	493	1	1	0	1	0	1	0	0	125	77	0	283	12	20	0	79	7	12	0	58	0	0	0	-7	42	34	0	79
17:10:00	61800	168	158	0	503	0	0	0	1	0	0	0	0	101	95	0	289	15	20	0	74	11	4	0	65	0	0	0	-7	41	39	0	81
17:15:00	62100	185	173	0	515	1	2	0	0	1	0	0	1	107	105	0	291	25	22	0	77	4	8	0	61	0	0	0	-7	47	36	0	92
17:20:00	62400	190	160	0	545	1	0	0	1	0	0	0	1	118	88	0	321	14	22	0	69	10	1	0	70	0	0	0	-7	47	49	0	90
17:25:00	62700	128	175	0	498	0	1	0	0	0	1	0	0	85	101	0	305	3	26	0	46	8	6	0	72	0	0	0	-7	32	40	0	82
17:30:00	63000	110	139	0	469	1	0	0	1	0	0	0	0	78	94	0	289	1	11	0	36	4	7	0	69	0	0	0	-7	26	27	0	81
17:35:00	63300	101	106	0	464	0	1	0	0	1	0	0	1	73	74	0	288	0	4	0	32	9	2	0	76	0	0	0	-7	18	25	0	74
17:40:00	63600	79	112	0	431	1	0	0	1	0	0	0	1	41	70	0	259	3	10	0	25	11	8	0	79	0	0	0	-7	23	24	0	73
17:45:00	63900	118	109	0	440	0	0	0	1	0	0	0	1	84	76	0	267	1	1	0	25	7	6	0	80	0	0	0	-7	26	26	0	73
17:50:00	64200	95	103	0	432	1	1	0	1	0	1	0	0	75	75	0	267	0	4	0	21	7	2	0	85	0	0	0	-7	12	20	0	65
17:55:00	64500	111	120	0	423	0	1	0	0	0	0	0	0	77	80	0	264	1	5	0	17	11	6	0	90	0	0	0	-7	22	28	0	59
18:00:00	64800	71	105	0	389	0	0	0	0	0	0	0	0	51	82	0	233	1	2	0	16	2	5	0	87	0	0	0	-7	17	16	0	60
18:05:00	65100	73	97	0	365	0	0	0	0	1	0	0	1	43	63	0	213	0	2	0	14	6	13	0	80	0	0	0	-7	23	19	0	64
18:10:00	65400	51	80	0	336	0	0	0	0	0	1	0	0	33	56	0	190	0	0	0	14	6	4	0	82	0	0	0	-7	12	19	0	57
18:15:00	65700	44	81	0	299	2	1	0	1	0	0	0	0	28	59	0	159	1	2	0	13	0	5	0	77	0	0	0	-7	13	14	0	56
18:20:00	66000	66	71	0	294	0	1	0	0	0	0	0	0	39	37	0	161	0	1	0	12	1	17	0	61	0	0	0	-7	26	15	0	67
18:25:00	66300	49	70	0	273	0	0	0	0	0	0	0	0	30	41	0	150	0	1	0	11	2	9	0	54	0	0	0	-7	17	19	0	65
18:30:00	66600	45	63	0	255	1	0	0	1	0	0	0	0	27	36	0	141	0	0	0	11	0	9	0	45	0	0	0	-7	17	18	0	64
18:35:00	66900	66	79	0	242	0	1	0	0	0	0	0	0	41	47	0	135	1	3	0	9	2	7	0	40	0	0	0	-7	22	21	0	65
18:40:00	67200	37	62	0	217	1	0	0	1	0	0	0	0	28	35	0	128	0	2	0	7	2	3	0	39	0	0	0	-7	6	22	0	49
18:45:00	67500	33	53	0	197	0	1	0	0	0	0	0	0	24	36	0	116	0	3	0	4	2	3	0	38	0	0	0	-7	7	10	0	46
18:50:00	67800	18	42	0	173	0	0	0	0	0	0	0	0	7	23	0	100	0	0	0	4	0	8	0	30	0	0	0	-7	11	11	0	46
18:55:00	68100	26	40	0	159	0	0	0	0	0	0	0	0	15	24	0	91	0	0	0	4	1	7	0	24	0	0	0	-7	10	9	0	47
19:00:00	68400	69	43	0	185	0	0	0	0	0	0	0	0	57	26	0	122	0	0	0	4	0	7	0	17	0	0	0	-7	12	10	0	49
19:05:00	68700	82	42	0	225	0	0	0	0	0	0	0	0	68	32	0	158	0	0	0	4	4	0	0	21	0	0	0	-7	10	10	0	49
19:10:00	69000	64	63	0	226	0	0	0	0	1	0	0	1	54	49	0	163	0	0	0	4	2	1	0	22	0	0	0	-7	7	13	0	43
19:15:00	69300	60	68	0	218	0	0	0	0	0	1	0	0	43	50	0	156	0	1	0	3	5	4	0	23	0	0	0	-7	12	12	0	43
19:20:00	69600	56	58	0	216	0	0	0	0	0	0	0	0	48	49	0	155	0	0	0	3	0	0	0	23	0	0	0	-7	8	9	0	42
19:25:00	69900	87	55	0	248	0	0	0	0	0	0	0	0	74	46	0	183	0	0	0	3	0	1	0	22	0	0	0	-7	13	8	0	47
19:30:00	70200	63	61	0	250	0	0	0	0	0	0	0	0	50	48	0	185	0	0	0	3	0	4	0	18	0	0	0	-7	13	9	0	51
19:35:00	70500	51	84	0	217	0	0	0	0	0	0	0	0	39	67	0	157	0	0	0	3	1	4	0	15	0	0	0	-7	11	13	0	49
19:40:00	70800	39	56	1	199	0	0	0	0	0	0	0	0	33	44	0	146	0	0	0	3	1	0	0	16	0	0	1	-8	5	12	0	42
19:45:00	71100	65	57	0	207	0	0	0	0	0	0	0	0	50	41	0	155	0	1	0	2	2	4	0	14	0	0	0	-8	13	11	0	44
19:50:00	71400	48	58	0	197	0	0	0	0	0	0	0	0	39	45	0	149	0	0	0	2	2	1	0	15	0	0	0	-8	7	12	0	39
19:55:00	71700	55	69	0	183	1	0	0	1	0	0	0	0	39	55	0	133	0	0	0	2	3	2	0	16	0	0	0	-8	12	12	0	39
20:00:00	72000	10	43	0	150	0	0	0	1	0	0	0	0	5	34	0	104	0	0	0	2	0	2	0	14	0	0	0	-8	5	7	0	37
20:05:00	72300	5	43	0	112	0	0	0	1	0	0	0	0	4	30	0	78	0	0	0	2	1	0	0	15	0	0	0	-8	0	13	0	24
20:10:00	72600	6	19	0	99	0	1	0	0	0	0	0	0	3	15	0	66	0	0	0	2	0	0	0	15	0	0	0	-8	3	3	0	24
20:15:00	72900	7	23	0	83	0	0	0	0	0	0	0	0	3	15	0	54	0	0	0	2	0	3	0	12	0	0	0	-8	4	5	0	23
20:20:00	73200	9	19	0	73	0	0	0	0	0	0	0	0	5	12	0	47	0	1	0	1	1	1	0	12	0	0	0	-8	3	5	0	21
20:25:00	73500	12	12	0	73	0	0	0	0	0	0	0	0	7	4	0	50	0	0	0	1	0	4	0	8	0	0	0	-8	5	4	0	22
20:30:00	73800	9	22	0	60	0	0	0	0	0	0	0	0	3	13	0	40	0	1	0	0	0	4	0	4	0	0	0	-8	6	4	0	24
20:35:00	74100	4	9	0	55	0	0	0	0	0	0	0	0	3	5	0	38	0	0	0	0	0	1	0	3	0	0	0	-8	1	3	0	22
20:40:00	74400	4	12	0	47	0	0	0	0	0	0	0	0	4	7	0	35	0	0	0	0	0	0	0	3	0	0	0	-8	0	5	0	17
20:45:00	74700	5	10	0	42	0	0	0	0	0	0	0	0	3	3	0	35	0	0	0	0	0	0	0	3	0	0	0	-8	2	7	0	12
20:50:00	75000	9	11	0	40	0	0	0	0	0	0	0	0	5	7	0	33	0	0	0	0	0	0	0	3	0	0	0	-8	4	4	0	12
20:55:00	75300	4	7	0	37	0	0	0	0	0	0	0	0	4	4	0	33	0	0	0	0	0	0	0	3	0	0	0	-8	0	3	0	9
21:00:00	75600	11	13	0	35	0	0	0	0	0	0	0	0	11	11	0	33	0	0	0	0	0	0	0	3	0	0	0	-8	0	2	0	7
21:05:00	75900	6	8	0	33	0	0	0	0	0	0	0	0	6	6	0	33	0	0	0	0	0	0	0	3	0	0	0	-8	0	2	0	5
21:10:00	76200	3	4	0	32	0	0	0	0	0	0	0	0	3	4	0	32	0	0	0	0	0	0	0	3	0	0	0	-8	0	0	0	5
21:15:00	76500	1	5	0	28	0	0	0	0	0	0	0	0	1	5	0	28	0	0	0	0	0	0	0	3	0	0	0	-8	0	0	0	5
21:20:00	76800	2	3	0	27	0	0	0	0	0	0	0	0	2	3	0	27	0	0	0	0	0	0	0	3	0	0	0	-8	0	0	0	5
21:25:00	77100	1	3	0	25	0	0	0	0	0	0	0	0	1	3	0	25	0	0	0	0	0	0	0	3	0	0	0	-8	0	0	0	5
21:30:00	77400	0	4	0	21	0	0	0	0	0	0	0	0	0	4	0	21	0	0	0	0	0	0	0	3	0	0	0	-8	0	0	0	5
21:35:00	77700	0	3	0	18	0	0	0	0	0	0	0	0	0	3	0	18	0	0	0	0	0	0	0	3	0	0	0	-8	0	0	0	5
21:40:00	78000	2	4	0	16	0	0	0	0	0	0	0	0	2	4	0	16	0	0	0	0	0	0	0	3	0	0	0	-8	0	0	0	5
21:45:00	78300	2	4	0	14	0	0	0	0	0	0	0	0	2	2	0	16	0	0	0	0	0	0	0	3	0	0	0	-8	0	2	0	3
21:50:00	78600	3	5	0	12	0	0	0	0	0	0	0	0	3	5	0	14	0	0	0	0	0	0	0	3	0	0	0	-8	0	0	0	3
21:55:00	78900	1	1	0	12	0	0	0	0	0	0	0	0	1	1	0	14	0	0	0	0	0	0	0	3	0	0	0	-8	0	0	0	3
22:00:00	79200	1	2	0	11	0	0	0	0	0	0	0	0	0	2	0	12	0	0	0	0	0	0	0	3	0	0	0	-8	1	0	0	4
22:05:00	79500	0	2	0	9	0	0	0	0	0	0	0	0	0	0	0	12	0	0	0	0	0	0	0	3	0	0	0	-8	0	2	0	2
22:10:00	79800	1	2	0	8	0	0	0	0	0	0	0	0	1	2	0	11	0	0	0	0	0	0	0	3	0	0	0	-8	0	0	0	2
22:15:00	80100	1	3	0	6	0	0	0	0	0	0	0	0	0	2	0	9	0	0	0	0	0	0	0	3	0	0	0	-8	1	1	0	2
22:20:00	80400	2	4	0	4	0	0	0	0	0	0	0	0	2	2	0	9	0	0	0	0	0	0	0	3	0	0	0	-8	0	2	0	0
22:25:00	80700	0	3	0	1	0	0	0	0	0	0	0	0	0	3	0	6	0	0	0	0	0	0	0	3	0	0	0	-8	0	0	0	0
22:30:00	81000	0	0	0	1	0	0	0	0	0	0	0	0	0	0	0	6	0	0	0	0	0	0	0	3	0	0	0	-8	0	0	0	0
22:35:00	81300	0	0	0	1	0	0	0	0	0	0	0	0	0	0	0	6	0	0	0	0	0	0	0	3	0	0	0	-8	0	0	0	0
22:40:00	81600	0	1	0	0	0	0	0	0	0	0	0	0	0	1	0	5	0	0	0	0	0	0	0	3	0	0	0	-8	0	0	0	0
22:45:00	81900	2	2	0	0	0	0	0	0	0	0	0	0	2	2	0	5	0	0	0	0	0	0	0	3	0	0	0	-8	0	0	0	0
22:50:00	82200	0	1	0	-1	0	0	0	0	0	0	0	0	0	1	0	4	0	0	0	0	0	0	0	3	0	0	0	-8	0	0	0	0
22:55:00	82500	0	0	0	-1	0	0	0	0	0	0	0	0	0	0	0	4	0	0	0	0	0	0	0	3	0	0	0	-8	0	0	0	0
23:00:00	82800	0	0	0	-1	0	0	0	0	0	0	0	0	0	0	0	4	0	0	0	0	0	0	0	3	0	0	0	-8	0	0	0	0
23:05:00	83100	0	0	0	-1	0	0	0	0	0	0	0	0	0	0	0	4	0	0	0	0	0	0	0	3	0	0	0	-8	0	0	0	0
23:10:00	83400	0	0	0	-1	0	0	0	0	0	0	0	0	0	0	0	4	0	0	0	0	0	0	0	3	0	0	0	-8	0	0	0	0
23:15:00	83700	6	2	0	3	0	0	0	0	0	0	0	0	6	2	0	8	0	0	0	0	0	0	0	3	0	0	0	-8	0	0	0	0
23:20:00	84000	5	4	0	4	0	0	0	0	0	0	0	0	4	4	0	8	0	0	0	0	0	0	0	3	0	0	0	-8	1	0	0	1
23:25:00	84300	5	1	0	8	0	0	0	0	0	0	0	0	3	0	0	11	0	0	0	0	0	0	0	3	0	0	0	-8	2	1	0	2
23:30:00	84600	2	7	0	3	0	0	0	0	0	0	0	0	2	5	0	8	0	0	0	0	0	0	0	3	0	0	0	-8	0	2	0	0
23:35:00	84900	2	0	0	5	0	0	0	0	0	0	0	0	2	0	0	10	0	0	0	0	0	0	0	3	0	0	0	-8	0	0	0	0
23:40:00	85200	3	3	0	5	0	0	0	0	0	0	0	0	3	3	0	10	0	0	0	0	0	0	0	3	0	0	0	-8	0	0	0	0
23:45:00	85500	4	3	0	6	0	0	0	0	0	0	0	0	3	3	0	10	0	0	0	0	0	0	0	3	0	0	0	-8	1	0	0	1
23:50:00	85800	4	5	0	5	0	0	0	0	0	0	0	0	3	3	0	10	0	0	0	0	0	0	0	3	0	0	0	-8	1	2	0	0
23:55:00	86100	2	2	0	5	0	0	0	0	0	0	0	0	0	2	0	8	0	0	0	0	0	0	0	3	0	0	0	-8	2	0	0	2
24:00:00	86400	4	1	0	8	0	0	0	0	0	0	0	0	3	0	0	11	0	0	0	0	0	0	0	3	0	0	0	-8	1	1	0	2
24:05:00	86700	2	3	0	7	0	0	0	0	0	0	0	0	2	2	0	11	0	0	0	0	0	0	0	3	0	0	0	-8	0	1	0	1
24:10:00	87000	3	4	0	6	0	0	0	0	0	0	0	0	2	3	0	10	0	0	0	0	0	0	0	3	0	0	0	-8	1	1	0	1
24:15:00	87300	0	2	0	4	0	0	0	0	0	0	0	0	0	2	0	8	0	0	0	0	0	0	0	3	0	0	0	-8	0	0	0	1
24:20:00	87600	0	2	0	2	0	0	0	0	0	0	0	0	0	2	0	6	0	0	0	0	0	0	0	3	0	0	0	-8	0	0	0	1
24:25:00	87900	0	2	0	0	0	0	0	0	0	0	0	0	0	1	0	5	0	0	0	0	0	0	0	3	0	0	0	-8	0	1	0	0
24:30:00	88200	0	0	0	0	0	0	0	0	0	0	0	0	0	0	0	5	0	0	0	0	0	0	0	3	0	0	0	-8	0	0	0	0
24:35:00	88500	0	2	0	-2	0	0	0	0	0	0	0	0	0	2	0	3	0	0	0	0	0	0	0	3	0	0	0	-8	0	0	0	0
24:40:00	88800	0	0	0	-2	0	0	0	0	0	0	0	0	0	0	0	3	0	0	0	0	0	0	0	3	0	0	0	-8	0	0	0	0
24:45:00	89100	0	0	0	-2	0	0	0	0	0	0	0	0	0	0	0	3	0	0	0	0	0	0	0	3	0	0	0	-8	0	0	0	0
24:50:00	89400	0	2	0	-4	0	0	0	0	0	0	0	0	0	2	0	1	0	0	0	0	0	0	0	3	0	0	0	-8	0	0	0	0
24:55:00	89700	0	0	0	-4	0	0	0	0	0	0	0	0	0	0	0	1	0	0	0	0	0	0	0	3	0	0	0	-8	0	0	0	0
25:00:00	90000	0	0	0	-4	0	0	0	0	0	0	0	0	0	0	0	1	0	0	0	0	0	0	0	3	0	0	0	-8	0	0	0	0
25:05:00	90300	0	0	0	-4	0	0	0	0	0	0	0	0	0	0	0	1	0	0	0	0	0	0	0	3	0	0	0	-8	0	0	0	0
25:10:00	90600	0	0	0	-4	0	0	0	0	0	0	0	0	0	0	0	1	0	0	0	0	0	0	0	3	0	0	0	-8	0	0	0	0
25:15:00	90900	0	0	0	-4	0	0	0	0	0	0	0	0	0	0	0	1	0	0	0	0	0	0	0	3	0	0	0	-8	0	0	0	0
25:20:00	91200	0	0	0	-4	0	0	0	0	0	0	0	0	0	0	0	1	0	0	0	0	0	0	0	3	0	0	0	-8	0	0	0	0
25:25:00	91500	0	0	0	-4	0	0	0	0	0	0	0	0	0	0	0	1	0	0	0	0	0	0	0	3	0	0	0	-8	0	0	0	0
25:30:00	91800	0	0	0	-4	0	0	0	0	0	0	0	0	0	0	0	1	0	0	0	0	0	0	0	3	0	0	0	-8	0	0	0	0
25:35:00	92100	0	0	0	-4	0	0	0	0	0	0	0	0	0	0	0	1	0	0	0	0	0	0	0	3	0	0	0	-8	0	0	0	0
25:40:00	92400	0	0	0	-4	0	0	0	0	0	0	0	0	0	0	0	1	0	0	0	0	0	0	0	3	0	0	0	-8	0	0	0	0
25:45:00	92700	0	0	0	-4	0	0	0	0	0	0	0	0	0	0	0	1	0	0	0	0	0	0	0	3	0	0	0	-8	0	0	0	0
25:50:00	93000	0	0	0	-4	0	0	0	0	0	0	0	0	0	0	0	1	0	0	0	0	0	0	0	3	0	0	0	-8	0	0	0	0
25:55:00	93300	0	0	0	-4	0	0	0	0	0	0	0	0	0	0	0	1	0	0	0	0	0	0	0	3	0	0	0	-8	0	0	0	0
26:00:00	93600	0	0	0	-4	0	0	0	0	0	0	0	0	0	0	0	1	0	0	0	0	0	0	0	3	0	0	0	-8	0	0	0	0
26:05:00	93900	2	2	0	-4	0	0	0	0	0	0	0	0	2	2	0	1	0	0	0	0	0	0	0	3	0	0	0	-8	0	0	0	0
26:10:00	94200	0	1	0	-5	0	0	0	0	0	0	0	0	0	1	0	0	0	0	0	0	0	0	0	3	0	0	0	-8	0	0	0	0
26:15:00	94500	0	0	0	-5	0	0	0	0	0	0	0	0	0	0	0	0	0	0	0	0	0	0	0	3	0	0	0	-8	0	0	0	0
26:20:00	94800	0	0	0	-5	0	0	0	0	0	0	0	0	0	0	0	0	0	0	0	0	0	0	0	3	0	0	0	-8	0	0	0	0
26:25:00	95100	0	0	0	-5	0	0	0	0	0	0	0	0	0	0	0	0	0	0	0	0	0	0	0	3	0	0	0	-8	0	0	0	0
26:30:00	95400	0	0	0	-5	0	0	0	0	0	0	0	0	0	0	0	0	0	0	0	0	0	0	0	3	0	0	0	-8	0	0	0	0
26:35:00	95700	0	0	0	-5	0	0	0	0	0	0	0	0	0	0	0	0	0	0	0	0	0	0	0	3	0	0	0	-8	0	0	0	0
26:40:00	96000	0	0	0	-5	0	0	0	0	0	0	0	0	0	0	0	0	0	0	0	0	0	0	0	3	0	0	0	-8	0	0	0	0
26:45:00	96300	0	0	0	-5	0	0	0	0	0	0	0	0	0	0	0	0	0	0	0	0	0	0	0	3	0	0	0	-8	0	0	0	0
26:50:00	96600	0	0	0	-5	0	0	0	0	0	0	0	0	0	0	0	0	0	0	0	0	0	0	0	3	0	0	0	-8	0	0	0	0
26:55:00	96900	0	0	0	-5	0	0	0	0	0	0	0	0	0	0	0	0	0	0	0	0	0	0	0	3	0	0	0	-8	0	0	0	0
27:00:00	97200	0	0	0	-5	0	0	0	0	0	0	0	0	0	0	0	0	0	0	0	0	0	0	0	3	0	0	0	-8	0	0	0	0
27:05:00	97500	0	0	0	-5	0	0	0	0	0	0	0	0	0	0	0	0	0	0	0	0	0	0	0	3	0	0	0	-8	0	0	0	0
27:10:00	97800	0	0	0	-5	0	0	0	0	0	0	0	0	0	0	0	0	0	0	0	0	0	0	0	3	0	0	0	-8	0	0	0	0
27:15:00	98100	0	0	0	-5	0	0	0	0	0	0	0	0	0	0	0	0	0	0	0	0	0	0	0	3	0	0	0	-8	0	0	0	0
27:20:00	98400	0	0	0	-5	0	0	0	0	0	0	0	0	0	0	0	0	0	0	0	0	0	0	0	3	0	0	0	-8	0	0	0	0
27:25:00	98700	0	0	0	-5	0	0	0	0	0	0	0	0	0	0	0	0	0	0	0	0	0	0	0	3	0	0	0	-8	0	0	0	0
27:30:00	99000	0	0	0	-5	0	0	0	0	0	0	0	0	0	0	0	0	0	0	0	0	0	0	0	3	0	0	0	-8	0	0	0	0
27:35:00	99300	0	0	0	-5	0	0	0	0	0	0	0	0	0	0	0	0	0	0	0	0	0	0	0	3	0	0	0	-8	0	0	0	0
27:40:00	99600	0	0	0	-5	0	0	0	0	0	0	0	0	0	0	0	0	0	0	0	0	0	0	0	3	0	0	0	-8	0	0	0	0
27:45:00	99900	0	0	0	-5	0	0	0	0	0	0	0	0	0	0	0	0	0	0	0	0	0	0	0	3	0	0	0	-8	0	0	0	0
27:50:00	100200	0	0	0	-5	0	0	0	0	0	0	0	0	0	0	0	0	0	0	0	0	0	0	0	3	0	0	0	-8	0	0	0	0
27:55:00	100500	0	0	0	-5	0	0	0	0	0	0	0	0	0	0	0	0	0	0	0	0	0	0	0	3	0	0	0	-8	0	0	0	0
28:00:00	100800	0	0	0	-5	0	0	0	0	0	0	0	0	0	0	0	0	0	0	0	0	0	0	0	3	0	0	0	-8	0	0	0	0
28:05:00	101100	0	0	0	-5	0	0	0	0	0	0	0	0	0	0	0	0	0	0	0	0	0	0	0	3	0	0	0	-8	0	0	0	0
28:10:00	101400	0	0	0	-5	0	0	0	0	0	0	0	0	0	0	0	0	0	0	0	0	0	0	0	3	0	0	0	-8	0	0	0	0
28:15:00	101700	0	0	0	-5	0	0	0	0	0	0	0	0	0	0	0	0	0	0	0	0	0	0	0	3	0	0	0	-8	0	0	0	0
28:20:00	102000	0	0	0	-5	0	0	0	0	0	0	0	0	0	0	0	0	0	0	0	0	0	0	0	3	0	0	0	-8	0	0	0	0
28:25:00	102300	0	0	0	-5	0	0	0	0	0	0	0	0	0	0	0	0	0	0	0	0	0	0	0	3	0	0	0	-8	0	0	0	0
28:30:00	102600	0	0	0	-5	0	0	0	0	0	0	0	0	0	0	0	0	0	0	0	0	0	0	0	3	0	0	0	-8	0	0	0	0
28:35:00	102900	0	0	0	-5	0	0	0	0	0	0	0	0	0	0	0	0	0	0	0	0	0	0	0	3	0	0	0	-8	0	0	0	0
28:40:00	103200	0	0	0	-5	0	0	0	0	0	0	0	0	0	0	0	0	0	0	0	0	0	0	0	3	0	0	0	-8	0	0	0	0
28:45:00	103500	0	0	0	-5	0	0	0	0	0	0	0	0	0	0	0	0	0	0	0	0	0	0	0	3	0	0	0	-8	0	0	0	0
28:50:00	103800	0	0	0	-5	0	0	0	0	0	0	0	0	0	0	0	0	0	0	0	0	0	0	0	3	0	0	0	-8	0	0	0	0
28:55:00	104100	0	0	0	-5	0	0	0	0	0	0	0	0	0	0	0	0	0	0	0	0	0	0	0	3	0	0	0	-8	0	0	0	0
29:00:00	104400	0	0	0	-5	0	0	0	0	0	0	0	0	0	0	0	0	0	0	0	0	0	0	0	3	0	0	0	-8	0	0	0	0
29:05:00	104700	0	0	0	-5	0	0	0	0	0	0	0	0	0	0	0	0	0	0	0	0	0	0	0	3	0	0	0	-8	0	0	0	0
29:10:00	105000	0	0	0	-5	0	0	0	0	0	0	0	0	0	0	0	0	0	0	0	0	0	0	0	3	0	0	0	-8	0	0	0	0
29:15:00	105300	0	0	0	-5	0	0	0	0	0	0	0	0	0	0	0	0	0	0	0	0	0	0	0	3	0	0	0	-8	0	0	0	0
29:20:00	105600	0	0	0	-5	0	0	0	0	0	0	0	0	0	0	0	0	0	0	0	0	0	0	0	3	0	0	0	-8	0	0	0	0
29:25:00	105900	0	0	0	-5	0	0	0	0	0	0	0	0	0	0	0	0	0	0	0	0	0	0	0	3	0	0	0	-8	0	0	0	0
29:30:00	106200	0	0	0	-5	0	0	0	0	0	0	0	0	0	0	0	0	0	0	0	0	0	0	0	3	0	0	0	-8	0	0	0	0
29:35:00	106500	0	0	0	-5	0	0	0	0	0	0	0	0	0	0	0	0	0	0	0	0	0	0	0	3	0	0	0	-8	0	0	0	0
29:40:00	106800	0	0	0	-5	0	0	0	0	0	0	0	0	0	0	0	0	0	0	0	0	0	0	0	3	0	0	0	-8	0	0	0	0
29:45:00	107100	0	0	0	-5	0	0	0	0	0	0	0	0	0	0	0	0	0	0	0	0	0	0	0	3	0	0	0	-8	0	0	0	0
29:50:00	107400	0	0	0	-5	0	0	0	0	0	0	0	0	0	0	0	0	0	0	0	0	0	0	0	3	0	0	0	-8	0	0	0	0
29:55:00	107700	0	0	0	-5	0	0	0	0	0	0	0	0	0	0	0	0	0	0	0	0	0	0	0	3	0	0	0	-8	0	0	0	0
30:00:00	108000	0	0	3	-8	0	0	0	0	0	0	0	0	0	0	0	0	0	0	0	0	0	0	3	0	0	0	0	-8	0	0	0	0
30:05:00	108300	0	0	0	-8	0	0	0	0	0	0	0	0	0	0	0	0	0	0	0	0	0	0	0	0	0	0	0	-8	0	0	0	0
