time	time	departures_all	arrivals_all	stuck_all	en-route_all	departures_Shared-Bike	arrivals_Shared-Bike	stuck_Shared-Bike	en-route_Shared-Bike	departures_bike	arrivals_bike	stuck_bike	en-route_bike	departures_car	arrivals_car	stuck_car	en-route_car	departures_car_passenger	arrivals_car_passenger	stuck_car_passenger	en-route_car_passenger	departures_eScooter	arrivals_eScooter	stuck_eScooter	en-route_eScooter	departures_pt	arrivals_pt	stuck_pt	en-route_pt	departures_sharing:standardBikeShare	arrivals_sharing:standardBikeShare	stuck_sharing:standardBikeShare	en-route_sharing:standardBikeShare	departures_sharing:standardeScooter	arrivals_sharing:standardeScooter	stuck_sharing:standardeScooter	en-route_sharing:standardeScooter	departures_walk	arrivals_walk	stuck_walk	en-route_walk
00:00:00	0	0	0	0	0	0	0	0	0	0	0	0	0	0	0	0	0	0	0	0	0	0	0	0	0	0	0	0	0	0	0	0	0	0	0	0	0	0	0	0	0
00:05:00	300	0	0	0	0	0	0	0	0	0	0	0	0	0	0	0	0	0	0	0	0	0	0	0	0	0	0	0	0	0	0	0	0	0	0	0	0	0	0	0	0
00:10:00	600	0	0	0	0	0	0	0	0	0	0	0	0	0	0	0	0	0	0	0	0	0	0	0	0	0	0	0	0	0	0	0	0	0	0	0	0	0	0	0	0
00:15:00	900	0	0	0	0	0	0	0	0	0	0	0	0	0	0	0	0	0	0	0	0	0	0	0	0	0	0	0	0	0	0	0	0	0	0	0	0	0	0	0	0
00:20:00	1200	0	0	0	0	0	0	0	0	0	0	0	0	0	0	0	0	0	0	0	0	0	0	0	0	0	0	0	0	0	0	0	0	0	0	0	0	0	0	0	0
00:25:00	1500	0	0	0	0	0	0	0	0	0	0	0	0	0	0	0	0	0	0	0	0	0	0	0	0	0	0	0	0	0	0	0	0	0	0	0	0	0	0	0	0
00:30:00	1800	0	0	0	0	0	0	0	0	0	0	0	0	0	0	0	0	0	0	0	0	0	0	0	0	0	0	0	0	0	0	0	0	0	0	0	0	0	0	0	0
00:35:00	2100	0	0	0	0	0	0	0	0	0	0	0	0	0	0	0	0	0	0	0	0	0	0	0	0	0	0	0	0	0	0	0	0	0	0	0	0	0	0	0	0
00:40:00	2400	0	0	0	0	0	0	0	0	0	0	0	0	0	0	0	0	0	0	0	0	0	0	0	0	0	0	0	0	0	0	0	0	0	0	0	0	0	0	0	0
00:45:00	2700	0	0	0	0	0	0	0	0	0	0	0	0	0	0	0	0	0	0	0	0	0	0	0	0	0	0	0	0	0	0	0	0	0	0	0	0	0	0	0	0
00:50:00	3000	0	0	0	0	0	0	0	0	0	0	0	0	0	0	0	0	0	0	0	0	0	0	0	0	0	0	0	0	0	0	0	0	0	0	0	0	0	0	0	0
00:55:00	3300	0	0	0	0	0	0	0	0	0	0	0	0	0	0	0	0	0	0	0	0	0	0	0	0	0	0	0	0	0	0	0	0	0	0	0	0	0	0	0	0
01:00:00	3600	0	0	0	0	0	0	0	0	0	0	0	0	0	0	0	0	0	0	0	0	0	0	0	0	0	0	0	0	0	0	0	0	0	0	0	0	0	0	0	0
01:05:00	3900	0	0	0	0	0	0	0	0	0	0	0	0	0	0	0	0	0	0	0	0	0	0	0	0	0	0	0	0	0	0	0	0	0	0	0	0	0	0	0	0
01:10:00	4200	0	0	0	0	0	0	0	0	0	0	0	0	0	0	0	0	0	0	0	0	0	0	0	0	0	0	0	0	0	0	0	0	0	0	0	0	0	0	0	0
01:15:00	4500	0	0	0	0	0	0	0	0	0	0	0	0	0	0	0	0	0	0	0	0	0	0	0	0	0	0	0	0	0	0	0	0	0	0	0	0	0	0	0	0
01:20:00	4800	0	0	0	0	0	0	0	0	0	0	0	0	0	0	0	0	0	0	0	0	0	0	0	0	0	0	0	0	0	0	0	0	0	0	0	0	0	0	0	0
01:25:00	5100	0	0	0	0	0	0	0	0	0	0	0	0	0	0	0	0	0	0	0	0	0	0	0	0	0	0	0	0	0	0	0	0	0	0	0	0	0	0	0	0
01:30:00	5400	0	0	0	0	0	0	0	0	0	0	0	0	0	0	0	0	0	0	0	0	0	0	0	0	0	0	0	0	0	0	0	0	0	0	0	0	0	0	0	0
01:35:00	5700	0	0	0	0	0	0	0	0	0	0	0	0	0	0	0	0	0	0	0	0	0	0	0	0	0	0	0	0	0	0	0	0	0	0	0	0	0	0	0	0
01:40:00	6000	0	0	0	0	0	0	0	0	0	0	0	0	0	0	0	0	0	0	0	0	0	0	0	0	0	0	0	0	0	0	0	0	0	0	0	0	0	0	0	0
01:45:00	6300	0	0	0	0	0	0	0	0	0	0	0	0	0	0	0	0	0	0	0	0	0	0	0	0	0	0	0	0	0	0	0	0	0	0	0	0	0	0	0	0
01:50:00	6600	0	0	0	0	0	0	0	0	0	0	0	0	0	0	0	0	0	0	0	0	0	0	0	0	0	0	0	0	0	0	0	0	0	0	0	0	0	0	0	0
01:55:00	6900	0	0	0	0	0	0	0	0	0	0	0	0	0	0	0	0	0	0	0	0	0	0	0	0	0	0	0	0	0	0	0	0	0	0	0	0	0	0	0	0
02:00:00	7200	0	0	0	0	0	0	0	0	0	0	0	0	0	0	0	0	0	0	0	0	0	0	0	0	0	0	0	0	0	0	0	0	0	0	0	0	0	0	0	0
02:05:00	7500	0	0	0	0	0	0	0	0	0	0	0	0	0	0	0	0	0	0	0	0	0	0	0	0	0	0	0	0	0	0	0	0	0	0	0	0	0	0	0	0
02:10:00	7800	0	0	0	0	0	0	0	0	0	0	0	0	0	0	0	0	0	0	0	0	0	0	0	0	0	0	0	0	0	0	0	0	0	0	0	0	0	0	0	0
02:15:00	8100	0	0	0	0	0	0	0	0	0	0	0	0	0	0	0	0	0	0	0	0	0	0	0	0	0	0	0	0	0	0	0	0	0	0	0	0	0	0	0	0
02:20:00	8400	0	0	0	0	0	0	0	0	0	0	0	0	0	0	0	0	0	0	0	0	0	0	0	0	0	0	0	0	0	0	0	0	0	0	0	0	0	0	0	0
02:25:00	8700	0	0	0	0	0	0	0	0	0	0	0	0	0	0	0	0	0	0	0	0	0	0	0	0	0	0	0	0	0	0	0	0	0	0	0	0	0	0	0	0
02:30:00	9000	0	0	0	0	0	0	0	0	0	0	0	0	0	0	0	0	0	0	0	0	0	0	0	0	0	0	0	0	0	0	0	0	0	0	0	0	0	0	0	0
02:35:00	9300	0	0	0	0	0	0	0	0	0	0	0	0	0	0	0	0	0	0	0	0	0	0	0	0	0	0	0	0	0	0	0	0	0	0	0	0	0	0	0	0
02:40:00	9600	0	0	0	0	0	0	0	0	0	0	0	0	0	0	0	0	0	0	0	0	0	0	0	0	0	0	0	0	0	0	0	0	0	0	0	0	0	0	0	0
02:45:00	9900	0	0	0	0	0	0	0	0	0	0	0	0	0	0	0	0	0	0	0	0	0	0	0	0	0	0	0	0	0	0	0	0	0	0	0	0	0	0	0	0
02:50:00	10200	0	0	0	0	0	0	0	0	0	0	0	0	0	0	0	0	0	0	0	0	0	0	0	0	0	0	0	0	0	0	0	0	0	0	0	0	0	0	0	0
02:55:00	10500	0	0	0	0	0	0	0	0	0	0	0	0	0	0	0	0	0	0	0	0	0	0	0	0	0	0	0	0	0	0	0	0	0	0	0	0	0	0	0	0
03:00:00	10800	0	0	0	0	0	0	0	0	0	0	0	0	0	0	0	0	0	0	0	0	0	0	0	0	0	0	0	0	0	0	0	0	0	0	0	0	0	0	0	0
03:05:00	11100	0	0	0	0	0	0	0	0	0	0	0	0	0	0	0	0	0	0	0	0	0	0	0	0	0	0	0	0	0	0	0	0	0	0	0	0	0	0	0	0
03:10:00	11400	0	0	0	0	0	0	0	0	0	0	0	0	0	0	0	0	0	0	0	0	0	0	0	0	0	0	0	0	0	0	0	0	0	0	0	0	0	0	0	0
03:15:00	11700	0	0	0	0	0	0	0	0	0	0	0	0	0	0	0	0	0	0	0	0	0	0	0	0	0	0	0	0	0	0	0	0	0	0	0	0	0	0	0	0
03:20:00	12000	0	0	0	0	0	0	0	0	0	0	0	0	0	0	0	0	0	0	0	0	0	0	0	0	0	0	0	0	0	0	0	0	0	0	0	0	0	0	0	0
03:25:00	12300	0	0	0	0	0	0	0	0	0	0	0	0	0	0	0	0	0	0	0	0	0	0	0	0	0	0	0	0	0	0	0	0	0	0	0	0	0	0	0	0
03:30:00	12600	0	0	0	0	0	0	0	0	0	0	0	0	0	0	0	0	0	0	0	0	0	0	0	0	0	0	0	0	0	0	0	0	0	0	0	0	0	0	0	0
03:35:00	12900	0	0	0	0	0	0	0	0	0	0	0	0	0	0	0	0	0	0	0	0	0	0	0	0	0	0	0	0	0	0	0	0	0	0	0	0	0	0	0	0
03:40:00	13200	0	0	0	0	0	0	0	0	0	0	0	0	0	0	0	0	0	0	0	0	0	0	0	0	0	0	0	0	0	0	0	0	0	0	0	0	0	0	0	0
03:45:00	13500	0	0	0	0	0	0	0	0	0	0	0	0	0	0	0	0	0	0	0	0	0	0	0	0	0	0	0	0	0	0	0	0	0	0	0	0	0	0	0	0
03:50:00	13800	0	0	0	0	0	0	0	0	0	0	0	0	0	0	0	0	0	0	0	0	0	0	0	0	0	0	0	0	0	0	0	0	0	0	0	0	0	0	0	0
03:55:00	14100	0	0	0	0	0	0	0	0	0	0	0	0	0	0	0	0	0	0	0	0	0	0	0	0	0	0	0	0	0	0	0	0	0	0	0	0	0	0	0	0
04:00:00	14400	0	0	0	0	0	0	0	0	0	0	0	0	0	0	0	0	0	0	0	0	0	0	0	0	0	0	0	0	0	0	0	0	0	0	0	0	0	0	0	0
04:05:00	14700	0	0	0	0	0	0	0	0	0	0	0	0	0	0	0	0	0	0	0	0	0	0	0	0	0	0	0	0	0	0	0	0	0	0	0	0	0	0	0	0
04:10:00	15000	0	0	0	0	0	0	0	0	0	0	0	0	0	0	0	0	0	0	0	0	0	0	0	0	0	0	0	0	0	0	0	0	0	0	0	0	0	0	0	0
04:15:00	15300	0	0	0	0	0	0	0	0	0	0	0	0	0	0	0	0	0	0	0	0	0	0	0	0	0	0	0	0	0	0	0	0	0	0	0	0	0	0	0	0
04:20:00	15600	0	0	0	0	0	0	0	0	0	0	0	0	0	0	0	0	0	0	0	0	0	0	0	0	0	0	0	0	0	0	0	0	0	0	0	0	0	0	0	0
04:25:00	15900	0	0	0	0	0	0	0	0	0	0	0	0	0	0	0	0	0	0	0	0	0	0	0	0	0	0	0	0	0	0	0	0	0	0	0	0	0	0	0	0
04:30:00	16200	0	0	0	0	0	0	0	0	0	0	0	0	0	0	0	0	0	0	0	0	0	0	0	0	0	0	0	0	0	0	0	0	0	0	0	0	0	0	0	0
04:35:00	16500	0	0	0	0	0	0	0	0	0	0	0	0	0	0	0	0	0	0	0	0	0	0	0	0	0	0	0	0	0	0	0	0	0	0	0	0	0	0	0	0
04:40:00	16800	0	0	0	0	0	0	0	0	0	0	0	0	0	0	0	0	0	0	0	0	0	0	0	0	0	0	0	0	0	0	0	0	0	0	0	0	0	0	0	0
04:45:00	17100	0	0	0	0	0	0	0	0	0	0	0	0	0	0	0	0	0	0	0	0	0	0	0	0	0	0	0	0	0	0	0	0	0	0	0	0	0	0	0	0
04:50:00	17400	0	0	0	0	0	0	0	0	0	0	0	0	0	0	0	0	0	0	0	0	0	0	0	0	0	0	0	0	0	0	0	0	0	0	0	0	0	0	0	0
04:55:00	17700	0	0	0	0	0	0	0	0	0	0	0	0	0	0	0	0	0	0	0	0	0	0	0	0	0	0	0	0	0	0	0	0	0	0	0	0	0	0	0	0
05:00:00	18000	0	0	0	0	0	0	0	0	0	0	0	0	0	0	0	0	0	0	0	0	0	0	0	0	0	0	0	0	0	0	0	0	0	0	0	0	0	0	0	0
05:05:00	18300	0	0	0	0	0	0	0	0	0	0	0	0	0	0	0	0	0	0	0	0	0	0	0	0	0	0	0	0	0	0	0	0	0	0	0	0	0	0	0	0
05:10:00	18600	0	0	0	0	0	0	0	0	0	0	0	0	0	0	0	0	0	0	0	0	0	0	0	0	0	0	0	0	0	0	0	0	0	0	0	0	0	0	0	0
05:15:00	18900	0	0	0	0	0	0	0	0	0	0	0	0	0	0	0	0	0	0	0	0	0	0	0	0	0	0	0	0	0	0	0	0	0	0	0	0	0	0	0	0
05:20:00	19200	0	0	0	0	0	0	0	0	0	0	0	0	0	0	0	0	0	0	0	0	0	0	0	0	0	0	0	0	0	0	0	0	0	0	0	0	0	0	0	0
05:25:00	19500	0	0	0	0	0	0	0	0	0	0	0	0	0	0	0	0	0	0	0	0	0	0	0	0	0	0	0	0	0	0	0	0	0	0	0	0	0	0	0	0
05:30:00	19800	0	0	0	0	0	0	0	0	0	0	0	0	0	0	0	0	0	0	0	0	0	0	0	0	0	0	0	0	0	0	0	0	0	0	0	0	0	0	0	0
05:35:00	20100	0	0	0	0	0	0	0	0	0	0	0	0	0	0	0	0	0	0	0	0	0	0	0	0	0	0	0	0	0	0	0	0	0	0	0	0	0	0	0	0
05:40:00	20400	0	0	0	0	0	0	0	0	0	0	0	0	0	0	0	0	0	0	0	0	0	0	0	0	0	0	0	0	0	0	0	0	0	0	0	0	0	0	0	0
05:45:00	20700	0	0	0	0	0	0	0	0	0	0	0	0	0	0	0	0	0	0	0	0	0	0	0	0	0	0	0	0	0	0	0	0	0	0	0	0	0	0	0	0
05:50:00	21000	0	0	0	0	0	0	0	0	0	0	0	0	0	0	0	0	0	0	0	0	0	0	0	0	0	0	0	0	0	0	0	0	0	0	0	0	0	0	0	0
05:55:00	21300	0	0	0	0	0	0	0	0	0	0	0	0	0	0	0	0	0	0	0	0	0	0	0	0	0	0	0	0	0	0	0	0	0	0	0	0	0	0	0	0
06:00:00	21600	4	0	0	4	0	0	0	0	0	0	0	0	3	0	0	3	0	0	0	0	0	0	0	0	0	0	0	0	0	0	0	0	0	0	0	0	1	0	0	1
06:05:00	21900	4	1	0	7	0	0	0	0	0	0	0	0	3	1	0	5	0	0	0	0	0	0	0	0	0	0	0	0	0	0	0	0	0	0	0	0	1	0	0	2
06:10:00	22200	3	1	0	9	0	0	0	0	0	0	0	0	3	1	0	7	0	0	0	0	0	0	0	0	0	0	0	0	0	0	0	0	0	0	0	0	0	0	0	2
06:15:00	22500	1	3	0	7	0	0	0	0	0	0	0	0	0	3	0	4	0	0	0	0	0	0	0	0	0	0	0	0	0	0	0	0	0	0	0	0	1	0	0	3
06:20:00	22800	4	0	0	11	0	0	0	0	0	0	0	0	3	0	0	7	0	0	0	0	0	0	0	0	0	0	0	0	0	0	0	0	0	0	0	0	1	0	0	4
06:25:00	23100	6	4	0	13	0	0	0	0	0	0	0	0	3	3	0	7	0	0	0	0	0	0	0	0	0	0	0	0	0	0	0	0	0	0	0	0	3	1	0	6
06:30:00	23400	43	6	2	48	0	0	0	0	0	0	0	0	29	3	0	33	0	0	0	0	1	0	0	1	0	0	0	0	0	0	0	0	0	0	2	-2	13	3	0	16
06:35:00	23700	37	21	2	62	0	0	0	0	1	0	0	1	23	16	0	40	0	0	0	0	0	0	0	1	0	0	0	0	0	0	0	0	0	0	2	-4	13	5	0	24
06:40:00	24000	35	19	1	77	0	0	0	0	0	0	0	1	24	14	0	50	0	0	0	0	0	0	0	1	2	0	0	2	0	0	0	0	0	0	1	-5	9	5	0	28
06:45:00	24300	38	33	0	82	0	0	0	0	0	1	0	0	19	22	0	47	0	0	0	0	1	1	0	1	2	0	0	4	0	0	0	0	0	0	0	-5	16	9	0	35
06:50:00	24600	44	26	0	100	0	0	0	0	0	0	0	0	25	20	0	52	0	0	0	0	2	0	0	3	1	0	0	5	0	0	0	0	0	0	0	-5	16	6	0	45
06:55:00	24900	83	42	6	135	2	0	0	2	0	0	0	0	47	20	0	79	0	0	0	0	0	2	0	1	2	0	0	7	0	0	2	-2	0	0	4	-9	32	20	0	57
07:00:00	25200	68	51	3	149	0	0	0	2	1	0	0	1	40	35	0	84	0	0	0	0	3	2	0	2	1	0	0	8	0	0	0	-2	0	0	3	-12	23	14	0	66
07:05:00	25500	68	57	6	154	0	2	0	0	0	0	0	1	29	32	0	81	0	0	0	0	1	1	0	2	2	0	0	10	0	0	0	-2	0	0	6	-18	36	22	0	80
07:10:00	25800	67	49	1	171	0	0	0	0	0	0	0	1	43	25	0	99	0	0	0	0	2	1	0	3	3	3	0	10	0	0	0	-2	0	0	1	-19	19	20	0	79
07:15:00	26100	88	51	5	203	0	0	0	0	0	0	0	1	51	38	0	112	0	0	0	0	0	1	0	2	1	0	0	11	0	0	1	-3	0	0	4	-23	36	12	0	103
07:20:00	26400	81	68	4	212	0	0	0	0	0	1	0	0	55	45	0	122	0	0	0	0	1	1	0	2	6	2	0	15	0	0	1	-4	0	0	3	-26	19	19	0	103
07:25:00	26700	120	83	5	244	0	0	0	0	0	0	0	0	69	52	0	139	0	0	0	0	0	2	0	0	10	0	0	25	0	0	1	-5	0	0	4	-30	41	29	0	115
07:30:00	27000	74	74	2	242	0	0	0	0	0	0	0	0	43	54	0	128	0	0	0	0	1	0	0	1	4	2	0	27	0	0	0	-5	0	0	2	-32	26	18	0	123
07:35:00	27300	90	87	4	241	2	0	0	2	0	0	0	0	41	63	0	106	0	0	0	0	1	0	0	2	2	5	0	24	0	0	0	-5	0	0	4	-36	44	19	0	148
07:40:00	27600	91	69	2	261	1	0	0	3	0	0	0	0	53	43	0	116	0	0	0	0	0	0	0	2	4	2	0	26	0	0	0	-5	0	0	2	-38	33	24	0	157
07:45:00	27900	94	78	4	273	0	2	0	1	0	0	0	0	53	48	0	121	0	0	0	0	2	1	0	3	4	0	0	30	0	0	0	-5	0	0	4	-42	35	27	0	165
07:50:00	28200	112	75	3	307	0	1	0	0	0	0	0	0	61	43	0	139	0	0	0	0	1	1	0	3	5	7	0	28	0	0	0	-5	0	0	3	-45	45	23	0	187
07:55:00	28500	114	101	5	315	0	0	0	0	0	0	0	0	67	66	0	140	12	1	0	11	0	1	0	2	7	1	0	34	0	0	1	-6	0	0	4	-49	28	32	0	183
08:00:00	28800	116	113	1	317	0	0	0	0	0	0	0	0	59	73	0	126	24	8	0	27	0	1	0	1	6	2	0	38	0	0	0	-6	0	0	1	-50	27	29	0	181
08:05:00	29100	105	88	9	325	0	0	0	0	0	0	0	0	51	46	0	131	17	9	0	35	0	0	0	1	4	2	0	40	0	0	0	-6	0	0	9	-59	33	31	0	183
08:10:00	29400	134	105	3	351	0	0	0	0	0	0	0	0	61	59	0	133	26	16	0	45	0	1	0	0	7	4	0	43	0	0	0	-6	0	0	3	-62	40	25	0	198
08:15:00	29700	94	96	2	347	1	0	0	1	0	0	0	0	45	50	0	128	14	16	0	43	2	0	0	2	4	2	0	45	0	0	0	-6	0	0	2	-64	28	28	0	198
08:20:00	30000	105	87	4	361	0	1	0	0	0	0	0	0	56	44	0	140	16	17	0	42	0	0	0	2	3	2	0	46	0	0	0	-6	0	0	4	-68	30	23	0	205
08:25:00	30300	113	97	2	375	1	0	0	1	0	0	0	0	60	58	0	142	20	14	0	48	0	2	0	0	4	1	0	49	0	0	0	-6	0	0	2	-70	28	22	0	211
08:30:00	30600	99	107	5	362	0	1	0	0	0	0	0	0	35	51	0	126	21	15	0	54	2	1	0	1	7	6	0	50	0	0	0	-6	0	0	5	-75	34	33	0	212
08:35:00	30900	75	87	1	349	1	0	0	1	0	0	0	0	37	51	0	112	8	19	0	43	0	0	0	1	2	3	0	49	0	0	0	-6	0	0	1	-76	27	14	0	225
08:40:00	31200	87	80	1	355	1	0	0	2	0	0	0	0	34	39	0	107	24	17	0	50	2	0	0	3	4	4	0	49	0	0	0	-6	0	0	1	-77	22	20	0	227
08:45:00	31500	112	76	3	388	1	1	0	2	0	0	0	0	43	32	0	118	39	15	0	74	0	1	0	2	5	0	0	54	0	0	0	-6	0	0	3	-80	24	27	0	224
08:50:00	31800	82	97	4	369	0	2	0	0	0	0	0	0	31	45	0	104	13	22	0	65	3	2	0	3	4	0	0	58	0	0	0	-6	0	0	4	-84	31	26	0	229
08:55:00	32100	84	83	2	368	0	0	0	0	0	0	0	0	33	36	0	101	18	18	0	65	2	1	0	4	8	5	0	61	0	0	1	-7	0	0	1	-85	23	23	0	229
09:00:00	32400	90	92	5	361	0	0	0	0	0	0	0	0	47	39	0	109	4	18	0	51	1	1	0	4	3	2	0	62	0	0	0	-7	0	0	5	-90	35	32	0	232
09:05:00	32700	75	93	5	338	0	0	0	0	0	0	0	0	29	31	0	107	6	10	0	47	1	1	0	4	4	8	0	58	0	0	0	-7	0	0	5	-95	35	43	0	224
09:10:00	33000	63	86	4	311	0	0	0	0	0	0	0	0	32	44	0	95	3	13	0	37	2	3	0	3	3	2	0	59	0	0	0	-7	0	0	4	-99	23	24	0	223
09:15:00	33300	68	90	2	287	0	0	0	0	0	0	0	0	35	42	0	88	2	10	0	29	1	2	0	2	8	1	0	66	0	0	0	-7	0	0	2	-101	22	35	0	210
09:20:00	33600	53	80	4	256	0	0	0	0	0	0	0	0	25	40	0	73	2	11	0	20	1	0	0	3	3	3	0	66	0	0	0	-7	0	0	4	-105	22	26	0	206
09:25:00	33900	57	68	0	245	0	0	0	0	0	0	0	0	21	26	0	68	4	2	0	22	1	0	0	4	3	12	0	57	0	0	0	-7	0	0	0	-105	28	28	0	206
09:30:00	34200	55	72	5	223	1	0	0	1	0	0	0	0	24	24	0	68	1	7	0	16	1	2	0	3	2	6	0	53	0	0	0	-7	0	0	5	-110	26	33	0	199
09:35:00	34500	57	74	3	203	0	0	0	1	0	0	0	0	26	33	0	61	8	6	0	18	2	3	0	2	4	3	0	54	0	0	0	-7	0	0	3	-113	17	29	0	187
09:40:00	34800	44	60	2	185	0	1	0	0	0	0	0	0	20	28	0	53	2	5	0	15	0	1	0	1	2	2	0	54	0	0	0	-7	0	0	2	-115	20	23	0	184
09:45:00	35100	47	61	2	169	1	0	0	1	0	0	0	0	25	33	0	45	0	5	0	10	0	1	0	0	3	0	0	57	0	0	0	-7	0	0	2	-117	18	22	0	180
09:50:00	35400	43	50	4	158	1	1	0	1	0	0	0	0	22	18	0	49	0	5	0	5	1	1	0	0	4	1	0	60	0	0	0	-7	0	0	4	-121	15	24	0	171
09:55:00	35700	49	46	5	156	0	1	0	0	0	0	0	0	29	21	0	57	0	1	0	4	0	0	0	0	0	2	0	58	0	0	0	-7	0	0	5	-126	20	21	0	170
10:00:00	36000	76	69	7	156	0	0	0	0	0	0	0	0	29	23	0	63	0	2	0	2	0	0	0	0	2	10	0	50	0	0	0	-7	0	0	7	-133	45	34	0	181
10:05:00	36300	62	59	4	155	0	0	0	0	0	0	0	0	35	30	0	68	0	1	0	1	0	0	0	0	0	3	0	47	0	0	0	-7	0	0	4	-137	27	25	0	183
10:10:00	36600	82	78	7	152	0	0	0	0	0	0	0	0	46	37	0	77	0	1	0	0	0	0	0	0	2	4	0	45	0	0	0	-7	0	0	7	-144	34	36	0	181
10:15:00	36900	63	67	5	143	0	0	0	0	0	0	0	0	25	35	0	67	0	0	0	0	0	0	0	0	1	0	0	46	0	0	1	-8	0	0	4	-148	37	32	0	186
10:20:00	37200	65	65	7	136	1	1	0	0	0	0	0	0	25	26	0	66	0	0	0	0	0	0	0	0	0	1	0	45	0	0	0	-8	0	0	7	-155	39	37	0	188
10:25:00	37500	76	79	0	133	1	0	0	1	0	0	0	0	38	43	0	61	0	0	0	0	0	0	0	0	2	1	0	46	0	0	0	-8	0	0	0	-155	35	35	0	188
10:30:00	37800	61	67	2	125	0	1	0	0	0	0	0	0	28	23	0	66	0	0	0	0	0	0	0	0	2	0	0	48	0	0	0	-8	0	0	2	-157	31	43	0	176
10:35:00	38100	45	68	2	100	0	0	0	0	0	0	0	0	23	32	0	57	2	1	0	1	0	0	0	0	1	1	0	48	0	0	0	-8	0	0	2	-159	19	34	0	161
10:40:00	38400	55	61	1	93	1	1	0	0	0	0	0	0	21	31	0	47	1	1	0	1	0	0	0	0	0	0	0	48	0	0	0	-8	0	0	1	-160	32	28	0	165
10:45:00	38700	70	69	2	92	0	0	0	0	0	0	0	0	31	30	0	48	3	0	0	4	0	0	0	0	2	5	0	45	0	0	0	-8	0	0	2	-162	34	34	0	165
10:50:00	39000	43	54	1	80	0	0	0	0	0	0	0	0	18	21	0	45	0	3	0	1	0	0	0	0	1	0	0	46	0	0	1	-9	0	0	0	-162	24	30	0	159
10:55:00	39300	38	55	3	60	0	0	0	0	0	0	0	0	12	20	0	37	2	0	0	3	0	0	0	0	1	2	0	45	0	0	0	-9	0	0	3	-165	23	33	0	149
11:00:00	39600	48	46	3	59	0	0	0	0	0	0	0	0	18	17	0	38	4	1	0	6	1	0	0	1	0	0	0	45	0	0	1	-10	0	0	2	-167	25	28	0	146
11:05:00	39900	79	67	1	70	0	0	0	0	0	0	0	0	30	22	0	46	1	1	0	6	0	0	0	1	10	11	0	44	0	0	0	-10	0	0	1	-168	38	33	0	151
11:10:00	40200	76	52	4	90	0	0	0	0	0	0	0	0	37	22	0	61	2	1	0	7	1	0	0	2	2	0	0	46	0	0	0	-10	0	0	4	-172	34	29	0	156
11:15:00	40500	57	60	2	85	0	0	0	0	0	0	0	0	26	32	0	55	10	3	0	14	0	0	0	2	2	2	0	46	0	0	0	-10	0	0	2	-174	19	23	0	152
11:20:00	40800	61	55	3	88	0	0	0	0	0	0	0	0	25	22	0	58	2	2	0	14	2	1	0	3	3	1	0	48	0	0	1	-11	0	0	2	-176	29	29	0	152
11:25:00	41100	74	71	3	88	0	0	0	0	0	0	0	0	33	35	0	56	3	4	0	13	0	2	0	1	0	1	0	47	0	0	0	-11	0	0	3	-179	38	29	0	161
11:30:00	41400	76	62	1	101	0	0	0	0	0	0	0	0	35	22	0	69	1	4	0	10	2	1	0	2	2	2	0	47	0	0	0	-11	0	0	1	-180	36	33	0	164
11:35:00	41700	91	85	2	105	0	0	0	0	0	0	0	0	36	33	0	72	3	3	0	10	3	1	0	4	5	9	0	43	0	0	0	-11	0	0	2	-182	44	39	0	169
11:40:00	42000	77	67	2	113	0	0	0	0	0	0	0	0	30	25	0	77	0	3	0	7	1	0	0	5	3	11	0	35	0	0	0	-11	0	0	2	-184	43	28	0	184
11:45:00	42300	85	97	2	99	0	0	0	0	0	0	0	0	43	39	0	81	3	6	0	4	1	3	0	3	5	4	0	36	0	0	0	-11	0	0	2	-186	33	45	0	172
11:50:00	42600	83	80	2	100	0	0	0	0	0	0	0	0	41	33	0	89	5	1	0	8	2	0	0	5	2	0	0	38	0	0	0	-11	0	0	2	-188	33	46	0	159
11:55:00	42900	95	81	3	111	0	0	0	0	0	0	0	0	47	38	0	98	1	1	0	8	0	3	0	2	2	2	0	38	0	0	1	-12	0	0	2	-190	45	37	0	167
12:00:00	43200	70	79	1	101	0	0	0	0	0	0	0	0	45	50	0	93	2	2	0	8	1	0	0	3	1	0	0	39	0	0	0	-12	0	0	1	-191	21	27	0	161
12:05:00	43500	54	66	1	88	0	0	0	0	0	0	0	0	23	39	0	77	8	5	0	11	1	1	0	3	5	0	0	44	0	0	0	-12	0	0	1	-192	17	21	0	157
12:10:00	43800	61	62	2	85	0	0	0	0	0	0	0	0	28	40	0	65	2	0	0	13	0	1	0	2	4	1	0	47	0	0	0	-12	0	0	2	-194	27	20	0	164
12:15:00	44100	55	53	0	87	2	0	0	2	0	0	0	0	25	28	0	62	1	3	0	11	3	0	0	5	2	2	0	47	0	0	0	-12	0	0	0	-194	22	20	0	166
12:20:00	44400	46	59	4	70	1	2	0	1	0	0	0	0	24	34	0	52	0	3	0	8	2	0	0	7	2	1	0	48	0	0	0	-12	0	0	4	-198	17	19	0	164
12:25:00	44700	58	59	4	65	1	0	0	2	0	0	0	0	34	24	0	62	0	3	0	5	1	1	0	7	3	3	0	48	0	0	1	-13	0	0	3	-201	19	28	0	155
12:30:00	45000	40	44	3	58	0	0	0	2	0	0	0	0	25	21	0	66	0	1	0	4	1	3	0	5	0	2	0	46	0	0	0	-13	0	0	3	-204	14	17	0	152
12:35:00	45300	35	45	1	47	1	2	0	1	0	0	0	0	11	21	0	56	0	2	0	2	0	1	0	4	3	5	0	44	0	0	0	-13	0	0	1	-205	20	14	0	158
12:40:00	45600	37	41	4	39	1	0	0	2	0	0	0	0	18	17	0	57	0	1	0	1	0	2	0	2	3	1	0	46	0	0	0	-13	0	0	4	-209	15	20	0	153
12:45:00	45900	45	31	2	51	0	0	0	2	0	0	0	0	27	21	0	63	0	0	0	1	1	0	0	3	1	2	0	45	0	0	1	-14	0	0	1	-210	16	8	0	161
12:50:00	46200	30	46	2	33	1	2	0	1	0	0	0	0	13	26	0	50	0	1	0	0	0	3	0	0	1	0	0	46	0	0	1	-15	0	0	1	-211	15	14	0	162
12:55:00	46500	39	36	0	36	0	1	0	0	0	0	0	0	18	20	0	48	0	0	0	0	1	0	0	1	3	3	0	46	0	0	0	-15	0	0	0	-211	17	12	0	167
13:00:00	46800	4	30	2	8	0	0	0	0	0	0	0	0	0	18	0	30	0	0	0	0	0	0	0	1	0	1	0	45	0	0	0	-15	0	0	2	-213	4	11	0	160
13:05:00	47100	4	29	1	-18	0	0	0	0	0	0	0	0	0	18	0	12	0	0	0	0	0	0	0	1	1	0	0	46	0	0	0	-15	0	0	1	-214	3	11	0	152
13:10:00	47400	6	15	1	-28	0	0	0	0	0	0	0	0	0	4	0	8	0	0	0	0	0	0	0	1	3	0	0	49	0	0	0	-15	0	0	1	-215	3	11	0	144
13:15:00	47700	21	15	0	-22	0	0	0	0	0	0	0	0	14	6	0	16	0	0	0	0	1	0	0	2	1	1	0	49	0	0	0	-15	0	0	0	-215	5	8	0	141
13:20:00	48000	11	13	0	-24	0	0	0	0	0	0	0	0	6	8	0	14	0	0	0	0	0	0	0	2	0	0	0	49	0	0	0	-15	0	0	0	-215	5	5	0	141
13:25:00	48300	19	28	1	-34	0	0	0	0	0	0	0	0	8	8	0	14	0	0	0	0	0	1	0	1	2	4	0	47	0	0	0	-15	0	0	1	-216	9	15	0	135
13:30:00	48600	50	14	2	0	0	0	0	0	0	0	0	0	40	4	0	50	1	0	0	1	0	0	0	1	0	1	0	46	0	0	0	-15	0	0	2	-218	9	9	0	135
13:35:00	48900	58	56	1	1	0	0	0	0	0	0	0	0	28	31	0	47	5	0	0	6	1	0	0	2	1	8	0	39	0	0	0	-15	0	0	1	-219	23	17	0	141
13:40:00	49200	51	48	3	1	1	0	0	1	0	0	0	0	19	23	0	43	5	2	0	9	2	1	0	3	0	3	0	36	0	0	0	-15	0	0	3	-222	24	19	0	146
13:45:00	49500	60	47	1	13	0	1	0	0	0	0	0	0	33	21	0	55	2	3	0	8	4	1	0	6	1	3	0	34	0	0	0	-15	0	0	1	-223	20	18	0	148
13:50:00	49800	89	59	3	40	0	0	0	0	0	0	0	0	44	27	0	72	15	7	0	16	1	2	0	5	2	1	0	35	0	0	0	-15	0	0	3	-226	27	22	0	153
13:55:00	50100	95	61	1	73	3	0	0	3	0	0	0	0	53	38	0	87	12	5	0	23	0	1	0	4	1	0	0	36	0	0	0	-15	0	0	1	-227	26	17	0	162
14:00:00	50400	80	80	4	69	1	2	0	2	0	0	0	0	45	42	0	90	3	10	0	16	1	1	0	4	4	0	0	40	0	0	0	-15	0	0	4	-231	26	25	0	163
14:05:00	50700	88	83	2	72	1	2	0	1	0	0	0	0	31	35	0	86	9	6	0	19	1	4	0	1	2	0	0	42	0	0	0	-15	0	0	2	-233	44	36	0	171
14:10:00	51000	75	69	1	77	2	1	0	2	0	0	0	0	33	34	0	85	14	12	0	21	1	1	0	1	5	0	0	47	0	0	1	-16	0	0	0	-233	20	21	0	170
14:15:00	51300	67	66	1	77	2	2	0	2	0	0	0	0	32	31	0	86	8	8	0	21	0	0	0	1	3	0	0	50	0	0	0	-16	0	0	1	-234	22	25	0	167
14:20:00	51600	77	67	3	84	0	0	0	2	0	0	0	0	29	29	0	86	14	7	0	28	0	1	0	0	5	6	0	49	0	0	0	-16	0	0	3	-237	29	24	0	172
14:25:00	51900	70	70	3	81	0	0	0	2	0	0	0	0	40	44	0	82	16	11	0	33	0	0	0	0	2	1	0	50	0	0	0	-16	0	0	3	-240	12	14	0	170
14:30:00	52200	59	66	2	72	0	2	0	0	0	0	0	0	22	24	0	80	12	14	0	31	1	0	0	1	4	3	0	51	0	0	0	-16	0	0	2	-242	20	23	0	167
14:35:00	52500	75	65	2	80	1	0	0	1	0	0	0	0	40	29	0	91	4	11	0	24	1	1	0	1	2	2	0	51	0	0	0	-16	0	0	2	-244	27	22	0	172
14:40:00	52800	57	82	1	54	0	0	0	1	0	0	0	0	22	40	0	73	8	9	0	23	0	1	0	0	1	3	0	49	0	0	0	-16	0	0	1	-245	26	29	0	169
14:45:00	53100	46	62	2	36	0	0	0	1	0	0	0	0	18	28	0	63	9	11	0	21	0	0	0	0	4	8	0	45	0	0	0	-16	0	0	2	-247	15	15	0	169
14:50:00	53400	56	68	2	22	0	1	0	0	0	0	0	0	24	32	0	55	3	6	0	18	0	0	0	0	3	1	0	47	0	0	0	-16	0	0	2	-249	26	28	0	167
14:55:00	53700	44	48	0	18	0	0	0	0	0	0	0	0	16	21	0	50	8	6	0	20	0	0	0	0	2	3	0	46	0	0	0	-16	0	0	0	-249	18	18	0	167
15:00:00	54000	43	54	2	5	0	0	0	0	0	0	0	0	18	22	0	46	3	9	0	14	0	0	0	0	0	3	0	43	0	0	0	-16	0	0	2	-251	22	20	0	169
15:05:00	54300	50	57	4	-6	0	0	0	0	0	0	0	0	19	25	0	40	1	5	0	10	1	0	0	1	2	1	0	44	0	0	1	-17	0	0	3	-254	27	26	0	170
15:10:00	54600	52	51	2	-7	0	0	0	0	0	0	0	0	17	21	0	36	0	4	0	6	2	2	0	1	2	0	0	46	0	0	0	-17	0	0	2	-256	31	24	0	177
15:15:00	54900	58	49	1	1	0	0	0	0	0	0	0	0	27	14	0	49	1	2	0	5	1	1	0	1	3	3	0	46	0	0	0	-17	0	0	1	-257	26	29	0	174
15:20:00	55200	55	49	2	5	0	0	0	0	0	0	0	0	30	24	0	55	1	1	0	5	1	1	0	1	2	0	0	48	0	0	0	-17	0	0	2	-259	21	23	0	172
15:25:00	55500	48	55	3	-5	0	0	0	0	0	0	0	0	26	30	0	51	0	0	0	5	0	0	0	1	2	1	0	49	0	0	0	-17	0	0	3	-262	20	24	0	168
15:30:00	55800	70	54	9	2	0	0	0	0	0	0	0	0	28	23	0	56	0	1	0	4	0	1	0	0	0	0	0	49	0	0	0	-17	0	0	9	-271	42	29	0	181
15:35:00	56100	102	66	2	36	0	0	0	0	0	0	0	0	52	28	0	80	0	0	0	4	3	0	0	3	5	5	0	49	0	0	0	-17	0	0	2	-273	42	33	0	190
15:40:00	56400	101	97	7	33	0	0	0	0	0	0	0	0	46	44	0	82	0	1	0	3	0	2	0	1	3	0	0	52	0	0	0	-17	0	0	7	-280	52	50	0	192
15:45:00	56700	76	76	3	30	0	0	0	0	0	0	0	0	42	35	0	89	0	0	0	3	0	0	0	1	4	4	0	52	0	0	0	-17	0	0	3	-283	30	37	0	185
15:50:00	57000	71	78	5	18	1	1	0	0	2	1	0	1	37	44	0	82	0	1	0	2	0	0	0	1	0	0	0	52	0	0	0	-17	0	0	5	-288	31	31	0	185
15:55:00	57300	63	78	7	-4	0	0	0	0	0	1	0	0	20	35	0	67	0	0	0	2	0	0	0	1	2	4	0	50	0	0	1	-18	0	0	6	-294	41	38	0	188
16:00:00	57600	89	75	3	7	0	0	0	0	0	0	0	0	32	28	0	71	21	0	0	23	1	1	0	1	1	3	0	48	0	0	0	-18	0	0	3	-297	34	43	0	179
16:05:00	57900	87	71	2	21	1	0	0	1	0	0	0	0	36	31	0	76	19	7	0	35	0	1	0	0	0	5	0	43	0	0	0	-18	0	0	2	-299	31	27	0	183
16:10:00	58200	67	83	3	2	0	0	0	1	0	0	0	0	21	33	0	64	18	15	0	38	0	0	0	0	0	1	0	42	0	0	1	-19	0	0	2	-301	28	34	0	177
16:15:00	58500	88	95	3	-8	0	1	0	0	0	0	0	0	27	34	0	57	16	14	0	40	1	0	0	1	8	8	0	42	0	0	0	-19	0	0	3	-304	36	38	0	175
16:20:00	58800	89	68	5	8	0	0	0	0	0	0	0	0	36	23	0	70	17	13	0	44	0	0	0	1	1	2	0	41	0	0	0	-19	0	0	5	-309	35	30	0	180
16:25:00	59100	98	92	3	11	0	0	0	0	0	0	0	0	33	33	0	70	28	20	0	52	0	1	0	0	4	4	0	41	0	0	0	-19	0	0	3	-312	33	34	0	179
16:30:00	59400	116	89	7	31	0	0	0	0	0	0	0	0	32	31	0	71	30	14	0	68	0	0	0	0	9	4	0	46	0	0	0	-19	0	0	7	-319	45	40	0	184
16:35:00	59700	127	96	4	58	1	0	0	1	0	0	0	0	50	27	0	94	28	23	0	73	1	0	0	1	3	2	0	47	0	0	0	-19	0	0	4	-323	44	44	0	184
16:40:00	60000	121	120	7	52	0	0	0	1	0	0	0	0	50	47	0	97	19	24	0	68	2	1	0	2	3	4	0	46	0	0	1	-20	0	0	6	-329	47	44	0	187
16:45:00	60300	97	92	7	50	1	1	0	1	0	0	0	0	34	35	0	96	29	22	0	75	0	0	0	2	0	6	0	40	0	0	0	-20	0	0	7	-336	33	28	0	192
16:50:00	60600	141	109	1	81	0	1	0	0	0	0	0	0	47	43	0	100	46	30	0	91	1	0	0	3	1	2	0	39	0	0	0	-20	0	0	1	-337	46	33	0	205
16:55:00	60900	117	110	3	85	0	0	0	0	0	0	0	0	44	44	0	100	31	27	0	95	1	1	0	3	3	1	0	41	0	0	0	-20	0	0	3	-340	38	37	0	206
17:00:00	61200	157	121	2	119	0	0	0	0	0	0	0	0	81	46	0	135	20	28	0	87	1	1	0	3	3	9	0	35	0	0	0	-20	0	0	2	-342	52	37	0	221
17:05:00	61500	144	112	3	148	0	0	0	0	0	0	0	0	84	59	0	160	12	23	0	76	0	0	0	3	2	5	0	32	0	0	0	-20	0	0	3	-345	46	25	0	242
17:10:00	61800	137	140	5	140	0	0	0	0	0	0	0	0	64	67	0	157	16	20	0	72	2	1	0	4	5	1	0	36	0	0	0	-20	0	0	5	-350	50	51	0	241
17:15:00	62100	141	133	2	146	0	0	0	0	0	0	0	0	67	70	0	154	25	20	0	77	1	1	0	4	4	3	0	37	0	0	0	-20	0	0	2	-352	44	39	0	246
17:20:00	62400	152	131	3	164	1	0	0	1	0	0	0	0	82	60	0	176	16	25	0	68	0	2	0	2	6	2	0	41	0	0	0	-20	0	0	3	-355	47	42	0	251
17:25:00	62700	100	144	0	120	0	1	0	0	0	0	0	0	46	75	0	147	0	23	0	45	2	0	0	4	5	2	0	44	0	0	0	-20	0	0	0	-355	47	43	0	255
17:30:00	63000	81	104	3	94	1	0	0	1	0	0	0	0	51	57	0	141	1	12	0	34	0	2	0	2	2	4	0	42	0	0	0	-20	0	0	3	-358	26	29	0	252
17:35:00	63300	81	94	3	78	0	0	0	1	0	0	0	0	47	51	0	137	2	8	0	28	1	1	0	2	7	2	0	47	0	0	0	-20	0	0	3	-361	24	32	0	244
17:40:00	63600	56	82	3	49	0	0	0	1	0	0	0	0	22	48	0	111	2	5	0	25	1	0	0	3	5	6	0	46	0	0	0	-20	0	0	3	-364	26	23	0	247
17:45:00	63900	87	76	1	59	0	1	0	0	0	0	0	0	55	46	0	120	0	0	0	25	0	0	0	3	0	4	0	42	0	0	0	-20	0	0	1	-365	32	25	0	254
17:50:00	64200	81	79	5	56	1	0	0	1	0	0	0	0	55	46	0	129	1	6	0	20	0	0	0	3	6	2	0	46	0	0	0	-20	0	0	5	-370	18	25	0	247
17:55:00	64500	73	84	3	42	0	1	0	0	0	0	0	0	47	53	0	123	0	4	0	16	0	0	0	3	3	4	0	45	0	0	0	-20	0	0	3	-373	23	22	0	248
18:00:00	64800	58	86	2	12	0	0	0	0	0	0	0	0	32	57	0	98	1	2	0	15	0	1	0	2	3	6	0	42	0	0	0	-20	0	0	2	-375	22	20	0	250
18:05:00	65100	57	72	6	-9	0	0	0	0	0	0	0	0	33	41	0	90	0	1	0	14	0	0	0	2	3	6	0	39	0	0	0	-20	0	0	6	-381	21	24	0	247
18:10:00	65400	43	60	4	-30	0	0	0	0	0	0	0	0	24	37	0	77	1	1	0	14	1	0	0	3	2	2	0	39	0	0	0	-20	0	0	4	-385	15	20	0	242
18:15:00	65700	35	53	2	-50	0	0	0	0	0	0	0	0	20	32	0	65	0	1	0	13	0	1	0	2	1	3	0	37	0	0	0	-20	0	0	2	-387	14	16	0	240
18:20:00	66000	47	52	1	-56	0	0	0	0	0	0	0	0	27	23	0	69	0	2	0	11	0	0	0	2	1	7	0	31	0	0	0	-20	0	0	1	-388	19	20	0	239
18:25:00	66300	39	49	3	-69	0	0	0	0	0	0	0	0	30	28	0	71	0	1	0	10	0	0	0	2	0	3	0	28	0	0	0	-20	0	0	3	-391	9	17	0	231
18:30:00	66600	41	58	4	-90	0	0	0	0	0	0	0	0	18	28	0	61	1	1	0	10	0	0	0	2	4	7	0	25	0	0	0	-20	0	0	4	-395	18	22	0	227
18:35:00	66900	50	57	2	-99	0	0	0	0	0	0	0	0	28	27	0	62	0	3	0	7	0	1	0	1	0	4	0	21	0	0	1	-21	0	0	1	-396	22	22	0	227
18:40:00	67200	26	41	4	-118	0	0	0	0	0	0	0	0	12	24	0	50	0	1	0	6	1	0	0	2	1	3	0	19	0	0	0	-21	0	0	4	-400	12	13	0	226
18:45:00	67500	26	44	0	-136	0	0	0	0	0	0	0	0	19	24	0	45	0	2	0	4	0	1	0	1	0	2	0	17	0	0	0	-21	0	0	0	-400	7	15	0	218
18:50:00	67800	15	32	3	-156	0	0	0	0	0	0	0	0	3	12	0	36	0	0	0	4	0	0	0	1	0	5	0	12	0	0	0	-21	0	0	3	-403	12	15	0	215
18:55:00	68100	24	28	1	-161	0	0	0	0	0	0	0	0	16	16	0	36	0	0	0	4	0	0	0	1	0	1	0	11	0	0	0	-21	0	0	1	-404	8	11	0	212
19:00:00	68400	52	38	0	-147	0	0	0	0	0	0	0	0	36	20	0	52	0	0	0	4	0	1	0	0	1	5	0	7	0	0	0	-21	0	0	0	-404	15	12	0	215
19:05:00	68700	70	43	3	-123	0	0	0	0	1	0	0	1	43	19	0	76	0	0	0	4	1	0	0	1	1	0	0	8	0	0	0	-21	0	0	3	-407	24	24	0	215
19:10:00	69000	50	53	2	-128	0	0	0	0	0	0	0	1	35	36	0	75	0	1	0	3	0	0	0	1	0	0	0	8	0	0	0	-21	0	0	2	-409	15	16	0	214
19:15:00	69300	47	47	2	-130	1	1	0	0	0	0	0	1	31	31	0	75	0	0	0	3	1	0	0	2	1	3	0	6	0	0	0	-21	0	0	2	-411	13	12	0	215
19:20:00	69600	45	55	2	-142	0	0	0	0	0	0	0	1	30	34	0	71	0	0	0	3	0	1	0	1	0	0	0	6	0	0	0	-21	0	0	2	-413	15	20	0	210
19:25:00	69900	68	49	1	-124	0	0	0	0	0	1	0	0	51	33	0	89	0	0	0	3	1	0	0	2	0	0	0	6	0	0	0	-21	0	0	1	-414	16	15	0	211
19:30:00	70200	54	57	4	-131	0	0	0	0	0	0	0	0	40	36	0	93	0	0	0	3	0	1	0	1	1	2	0	5	0	0	0	-21	0	0	4	-418	13	18	0	206
19:35:00	70500	37	57	2	-153	0	0	0	0	0	0	0	0	27	41	0	79	0	0	0	3	0	1	0	0	2	0	0	7	0	0	0	-21	0	0	2	-420	8	15	0	199
19:40:00	70800	35	48	2	-168	1	0	0	1	0	0	0	0	19	33	0	65	0	1	0	2	0	0	0	0	1	0	0	8	0	0	0	-21	0	0	2	-422	14	14	0	199
19:45:00	71100	48	39	1	-160	0	1	0	0	0	0	0	0	36	30	0	71	0	0	0	2	0	0	0	0	1	1	0	8	0	0	0	-21	0	0	1	-423	11	7	0	203
19:50:00	71400	34	40	2	-168	0	0	0	0	0	0	0	0	24	28	0	67	0	0	0	2	0	0	0	0	0	2	0	6	0	0	0	-21	0	0	2	-425	10	10	0	203
19:55:00	71700	39	44	1	-174	0	0	0	0	0	0	0	0	27	34	0	60	0	0	0	2	1	0	0	1	0	0	0	6	0	0	0	-21	0	0	1	-426	11	10	0	204
20:00:00	72000	10	43	1	-208	1	0	0	1	0	0	0	0	4	25	0	39	0	0	0	2	0	0	0	1	1	1	0	6	0	0	0	-21	0	0	1	-427	4	17	0	191
20:05:00	72300	5	28	0	-231	0	0	0	1	0	0	0	0	3	15	0	27	0	0	0	2	0	1	0	0	0	0	0	6	0	0	0	-21	0	0	0	-427	2	12	0	181
20:10:00	72600	4	20	0	-247	0	1	0	0	0	0	0	0	1	14	0	14	0	0	0	2	0	0	0	0	0	0	0	6	0	0	0	-21	0	0	0	-427	3	5	0	179
20:15:00	72900	7	16	0	-256	0	0	0	0	0	0	0	0	3	8	0	9	0	0	0	2	0	0	0	0	1	0	0	7	0	0	0	-21	0	0	0	-427	3	8	0	174
20:20:00	73200	7	16	1	-266	0	0	0	0	0	0	0	0	2	6	0	5	0	1	0	1	0	0	0	0	0	1	0	6	0	0	0	-21	0	0	1	-428	5	8	0	171
20:25:00	73500	5	10	0	-271	0	0	0	0	0	0	0	0	2	1	0	6	0	1	0	0	0	0	0	0	0	2	0	4	0	0	0	-21	0	0	0	-428	3	6	0	168
20:30:00	73800	6	10	2	-277	0	0	0	0	0	0	0	0	1	1	0	6	0	0	0	0	0	0	0	0	0	2	0	2	0	0	0	-21	0	0	2	-430	5	7	0	166
20:35:00	74100	6	9	0	-280	0	0	0	0	0	0	0	0	3	2	0	7	0	0	0	0	0	0	0	0	0	1	0	1	0	0	0	-21	0	0	0	-430	3	6	0	163
20:40:00	74400	6	7	0	-281	0	0	0	0	0	0	0	0	4	2	0	9	0	0	0	0	0	0	0	0	0	0	0	1	0	0	0	-21	0	0	0	-430	2	5	0	160
20:45:00	74700	5	8	0	-284	0	0	0	0	0	0	0	0	2	2	0	9	0	0	0	0	0	0	0	0	0	0	0	1	0	0	0	-21	0	0	0	-430	3	6	0	157
20:50:00	75000	8	11	1	-288	0	0	0	0	0	0	0	0	6	3	0	12	0	0	0	0	0	0	0	0	0	0	0	1	0	0	0	-21	0	0	1	-431	2	8	0	151
20:55:00	75300	2	5	0	-291	0	0	0	0	0	0	0	0	0	2	0	10	0	0	0	0	0	0	0	0	0	0	0	1	0	0	0	-21	0	0	0	-431	2	3	0	150
21:00:00	75600	7	9	1	-294	0	0	0	0	0	0	0	0	4	3	0	11	0	0	0	0	0	0	0	0	0	0	0	1	0	0	0	-21	0	0	1	-432	3	6	0	147
21:05:00	75900	2	7	0	-299	0	0	0	0	0	0	0	0	1	2	0	10	0	0	0	0	0	0	0	0	0	0	0	1	0	0	0	-21	0	0	0	-432	1	5	0	143
21:10:00	76200	5	10	1	-305	0	0	0	0	0	0	0	0	2	6	0	6	0	0	0	0	0	0	0	0	0	0	0	1	0	0	0	-21	0	0	1	-433	3	4	0	142
21:15:00	76500	4	9	0	-310	0	0	0	0	0	0	0	0	3	2	0	7	0	0	0	0	0	0	0	0	0	0	0	1	0	0	0	-21	0	0	0	-433	1	7	0	136
21:20:00	76800	1	2	0	-311	0	0	0	0	0	0	0	0	1	0	0	8	0	0	0	0	0	0	0	0	0	0	0	1	0	0	0	-21	0	0	0	-433	0	2	0	134
21:25:00	77100	0	2	0	-313	0	0	0	0	0	0	0	0	0	1	0	7	0	0	0	0	0	0	0	0	0	0	0	1	0	0	0	-21	0	0	0	-433	0	1	0	133
21:30:00	77400	2	4	0	-315	0	0	0	0	0	0	0	0	1	1	0	7	0	0	0	0	0	0	0	0	0	0	0	1	0	0	0	-21	0	0	0	-433	1	3	0	131
21:35:00	77700	2	3	1	-317	0	0	0	0	0	0	0	0	1	1	0	7	0	0	0	0	0	0	0	0	0	0	0	1	0	0	0	-21	0	0	1	-434	1	2	0	130
21:40:00	78000	0	2	0	-319	0	0	0	0	0	0	0	0	0	2	0	5	0	0	0	0	0	0	0	0	0	0	0	1	0	0	0	-21	0	0	0	-434	0	0	0	130
21:45:00	78300	0	2	0	-321	0	0	0	0	0	0	0	0	0	0	0	5	0	0	0	0	0	0	0	0	0	0	0	1	0	0	0	-21	0	0	0	-434	0	2	0	128
21:50:00	78600	2	3	0	-322	0	0	0	0	0	0	0	0	2	1	0	6	0	0	0	0	0	0	0	0	0	0	0	1	0	0	0	-21	0	0	0	-434	0	2	0	126
21:55:00	78900	2	5	1	-326	0	0	0	0	0	0	0	0	1	3	0	4	0	0	0	0	0	0	0	0	0	0	0	1	0	0	0	-21	0	0	1	-435	1	2	0	125
22:00:00	79200	0	4	0	-330	0	0	0	0	0	0	0	0	0	0	0	4	0	0	0	0	0	0	0	0	0	0	0	1	0	0	0	-21	0	0	0	-435	0	4	0	121
22:05:00	79500	1	4	1	-334	0	0	0	0	0	0	0	0	0	0	0	4	0	0	0	0	0	0	0	0	0	0	0	1	0	0	0	-21	0	0	1	-436	1	4	0	118
22:10:00	79800	3	5	1	-337	0	0	0	0	0	0	0	0	2	0	0	6	0	0	0	0	0	0	0	0	0	0	0	1	0	0	0	-21	0	0	1	-437	1	5	0	114
22:15:00	80100	3	4	1	-339	0	0	0	0	0	0	0	0	1	1	0	6	0	0	0	0	0	0	0	0	0	0	0	1	0	0	0	-21	0	0	1	-438	2	3	0	113
22:20:00	80400	6	6	0	-339	0	0	0	0	0	0	0	0	2	1	0	7	0	0	0	0	0	0	0	0	0	0	0	1	0	0	0	-21	0	0	0	-438	4	5	0	112
22:25:00	80700	2	6	0	-343	0	0	0	0	0	0	0	0	1	1	0	7	0	0	0	0	0	0	0	0	0	0	0	1	0	0	0	-21	0	0	0	-438	1	5	0	108
22:30:00	81000	0	4	0	-347	0	0	0	0	0	0	0	0	0	2	0	5	0	0	0	0	0	0	0	0	0	0	0	1	0	0	0	-21	0	0	0	-438	0	2	0	106
22:35:00	81300	4	6	2	-351	0	0	0	0	0	0	0	0	2	2	0	5	0	0	0	0	0	0	0	0	0	0	0	1	0	0	0	-21	0	0	2	-440	2	4	0	104
22:40:00	81600	1	4	0	-354	0	0	0	0	0	0	0	0	0	1	0	4	0	0	0	0	0	0	0	0	0	0	0	1	0	0	0	-21	0	0	0	-440	1	3	0	102
22:45:00	81900	0	1	0	-355	0	0	0	0	0	0	0	0	0	0	0	4	0	0	0	0	0	0	0	0	0	0	0	1	0	0	0	-21	0	0	0	-440	0	1	0	101
22:50:00	82200	2	5	1	-359	0	0	0	0	0	0	0	0	1	1	0	4	0	0	0	0	0	0	0	0	0	0	0	1	0	0	0	-21	0	0	1	-441	1	4	0	98
22:55:00	82500	5	6	2	-362	0	0	0	0	0	0	0	0	1	1	0	4	0	0	0	0	0	0	0	0	0	0	0	1	0	0	0	-21	0	0	2	-443	4	5	0	97
23:00:00	82800	4	8	0	-366	0	0	0	0	0	0	0	0	2	3	0	3	0	0	0	0	0	0	0	0	0	0	0	1	0	0	0	-21	0	0	0	-443	2	5	0	94
23:05:00	83100	4	6	1	-369	0	0	0	0	0	0	0	0	2	1	0	4	0	0	0	0	0	0	0	0	0	0	0	1	0	0	0	-21	0	0	1	-444	2	5	0	91
23:10:00	83400	2	3	1	-371	0	0	0	0	0	0	0	0	0	0	0	4	0	0	0	0	0	0	0	0	0	0	0	1	0	0	0	-21	0	0	1	-445	2	3	0	90
23:15:00	83700	3	0	0	-368	0	0	0	0	0	0	0	0	2	0	0	6	0	0	0	0	0	0	0	0	0	0	0	1	0	0	0	-21	0	0	0	-445	1	0	0	91
23:20:00	84000	4	4	1	-369	0	0	0	0	0	0	0	0	2	3	0	5	0	0	0	0	0	0	0	0	0	0	0	1	0	0	0	-21	0	0	1	-446	2	1	0	92
23:25:00	84300	4	4	0	-369	0	0	0	0	0	0	0	0	2	1	0	6	0	0	0	0	0	0	0	0	0	0	0	1	0	0	0	-21	0	0	0	-446	2	3	0	91
23:30:00	84600	3	7	1	-374	0	0	0	0	0	0	0	0	0	3	0	3	0	0	0	0	0	0	0	0	0	0	0	1	0	0	0	-21	0	0	1	-447	3	4	0	90
23:35:00	84900	4	4	2	-376	0	0	0	0	0	0	0	0	2	1	0	4	0	0	0	0	0	0	0	0	0	0	0	1	0	0	0	-21	0	0	2	-449	2	3	0	89
23:40:00	85200	2	1	0	-375	0	0	0	0	0	0	0	0	2	0	0	6	0	0	0	0	0	0	0	0	0	0	0	1	0	0	0	-21	0	0	0	-449	0	1	0	88
23:45:00	85500	3	4	1	-377	0	0	0	0	0	0	0	0	1	2	0	5	0	0	0	0	0	0	0	0	0	0	0	1	0	0	0	-21	0	0	1	-450	2	2	0	88
23:50:00	85800	4	4	0	-377	0	0	0	0	0	0	0	0	2	3	0	4	0	0	0	0	0	0	0	0	0	0	0	1	0	0	0	-21	0	0	0	-450	2	1	0	89
23:55:00	86100	3	3	0	-377	0	0	0	0	0	0	0	0	1	1	0	4	0	0	0	0	0	0	0	0	0	0	0	1	0	0	0	-21	0	0	0	-450	2	2	0	89
24:00:00	86400	4	2	0	-375	0	0	0	0	0	0	0	0	2	0	0	6	0	0	0	0	0	0	0	0	0	0	0	1	0	0	0	-21	0	0	0	-450	2	2	0	89
24:05:00	86700	1	5	0	-379	0	0	0	0	0	0	0	0	1	4	0	3	0	0	0	0	0	0	0	0	0	0	0	1	0	0	0	-21	0	0	0	-450	0	1	0	88
24:10:00	87000	3	3	0	-379	0	0	0	0	0	0	0	0	1	0	0	4	0	0	0	0	0	0	0	0	0	0	0	1	0	0	0	-21	0	0	0	-450	2	3	0	87
24:15:00	87300	0	3	0	-382	0	0	0	0	0	0	0	0	0	2	0	2	0	0	0	0	0	0	0	0	0	0	0	1	0	0	0	-21	0	0	0	-450	0	1	0	86
24:20:00	87600	4	6	0	-384	0	0	0	0	0	0	0	0	2	3	0	1	0	0	0	0	0	0	0	0	0	0	0	1	0	0	0	-21	0	0	0	-450	2	3	0	85
24:25:00	87900	3	4	1	-386	1	0	0	1	0	0	0	0	1	1	0	1	0	0	0	0	0	0	0	0	0	0	0	1	0	0	0	-21	0	0	1	-451	1	3	0	83
24:30:00	88200	1	2	0	-387	0	1	0	0	0	0	0	0	0	0	0	1	0	0	0	0	0	0	0	0	0	0	0	1	0	0	0	-21	0	0	0	-451	1	1	0	83
24:35:00	88500	2	5	0	-390	0	0	0	0	0	0	0	0	0	0	0	1	0	0	0	0	0	0	0	0	0	0	0	1	0	0	0	-21	0	0	0	-451	2	5	0	80
24:40:00	88800	3	3	0	-390	0	0	0	0	0	0	0	0	1	0	0	2	0	0	0	0	1	1	0	0	0	0	0	1	0	0	0	-21	0	0	0	-451	1	2	0	79
24:45:00	89100	0	1	0	-391	0	0	0	0	0	0	0	0	0	0	0	2	0	0	0	0	0	0	0	0	0	0	0	1	0	0	0	-21	0	0	0	-451	0	1	0	78
24:50:00	89400	2	2	0	-391	0	0	0	0	0	0	0	0	1	0	0	3	0	0	0	0	0	0	0	0	0	0	0	1	0	0	0	-21	0	0	0	-451	1	2	0	77
24:55:00	89700	0	0	0	-391	0	0	0	0	0	0	0	0	0	0	0	3	0	0	0	0	0	0	0	0	0	0	0	1	0	0	0	-21	0	0	0	-451	0	0	0	77
25:00:00	90000	0	1	0	-392	0	0	0	0	0	0	0	0	0	0	0	3	0	0	0	0	0	0	0	0	0	0	0	1	0	0	0	-21	0	0	0	-451	0	1	0	76
25:05:00	90300	1	1	1	-393	0	0	0	0	0	0	0	0	0	0	0	3	0	0	0	0	0	0	0	0	0	0	0	1	0	0	0	-21	0	0	1	-452	1	1	0	76
25:10:00	90600	1	1	0	-393	0	0	0	0	0	0	0	0	0	1	0	2	0	0	0	0	0	0	0	0	0	0	0	1	0	0	0	-21	0	0	0	-452	1	0	0	77
25:15:00	90900	2	3	0	-394	0	0	0	0	0	0	0	0	1	1	0	2	0	0	0	0	0	0	0	0	0	0	0	1	0	0	0	-21	0	0	0	-452	1	2	0	76
25:20:00	91200	0	0	0	-394	0	0	0	0	0	0	0	0	0	0	0	2	0	0	0	0	0	0	0	0	0	0	0	1	0	0	0	-21	0	0	0	-452	0	0	0	76
25:25:00	91500	0	0	0	-394	0	0	0	0	0	0	0	0	0	0	0	2	0	0	0	0	0	0	0	0	0	0	0	1	0	0	0	-21	0	0	0	-452	0	0	0	76
25:30:00	91800	0	0	0	-394	0	0	0	0	0	0	0	0	0	0	0	2	0	0	0	0	0	0	0	0	0	0	0	1	0	0	0	-21	0	0	0	-452	0	0	0	76
25:35:00	92100	1	2	0	-395	0	0	0	0	0	0	0	0	1	1	0	2	0	0	0	0	0	0	0	0	0	0	0	1	0	0	0	-21	0	0	0	-452	0	1	0	75
25:40:00	92400	0	1	0	-396	0	0	0	0	0	0	0	0	0	1	0	1	0	0	0	0	0	0	0	0	0	0	0	1	0	0	0	-21	0	0	0	-452	0	0	0	75
25:45:00	92700	0	1	0	-397	0	0	0	0	0	0	0	0	0	0	0	1	0	0	0	0	0	0	0	0	0	0	0	1	0	0	0	-21	0	0	0	-452	0	1	0	74
25:50:00	93000	4	5	1	-399	0	0	0	0	0	0	0	0	1	1	0	1	0	0	0	0	0	0	0	0	0	0	0	1	0	0	0	-21	0	0	1	-453	3	4	0	73
25:55:00	93300	0	1	0	-400	0	0	0	0	0	0	0	0	0	0	0	1	0	0	0	0	0	0	0	0	0	0	0	1	0	0	0	-21	0	0	0	-453	0	1	0	72
26:00:00	93600	1	2	1	-402	0	0	0	0	0	0	0	0	0	0	0	1	0	0	0	0	0	0	0	0	0	0	0	1	0	0	0	-21	0	0	1	-454	1	2	0	71
26:05:00	93900	2	3	1	-404	0	0	0	0	0	0	0	0	0	0	0	1	0	0	0	0	0	0	0	0	0	0	0	1	0	0	0	-21	0	0	1	-455	2	3	0	70
26:10:00	94200	3	6	0	-407	0	0	0	0	0	0	0	0	1	1	0	1	0	0	0	0	0	0	0	0	0	0	0	1	0	0	0	-21	0	0	0	-455	2	5	0	67
26:15:00	94500	3	3	1	-408	0	0	0	0	0	0	0	0	0	0	0	1	0	0	0	0	0	0	0	0	0	0	0	1	0	0	0	-21	0	0	1	-456	3	3	0	67
26:20:00	94800	0	0	1	-409	0	0	0	0	0	0	0	0	0	0	0	1	0	0	0	0	0	0	0	0	0	0	0	1	0	0	0	-21	0	0	1	-457	0	0	0	67
26:25:00	95100	0	1	0	-410	0	0	0	0	0	0	0	0	0	0	0	1	0	0	0	0	0	0	0	0	0	0	0	1	0	0	0	-21	0	0	0	-457	0	1	0	66
26:30:00	95400	1	1	0	-410	0	0	0	0	0	0	0	0	0	0	0	1	0	0	0	0	0	0	0	0	0	0	0	1	0	0	0	-21	0	0	0	-457	1	1	0	66
26:35:00	95700	0	1	0	-411	0	0	0	0	0	0	0	0	0	0	0	1	0	0	0	0	0	0	0	0	0	0	0	1	0	0	0	-21	0	0	0	-457	0	1	0	65
26:40:00	96000	0	0	0	-411	0	0	0	0	0	0	0	0	0	0	0	1	0	0	0	0	0	0	0	0	0	0	0	1	0	0	0	-21	0	0	0	-457	0	0	0	65
26:45:00	96300	0	1	0	-412	0	0	0	0	0	0	0	0	0	0	0	1	0	0	0	0	0	0	0	0	0	0	0	1	0	0	0	-21	0	0	0	-457	0	1	0	64
26:50:00	96600	0	0	0	-412	0	0	0	0	0	0	0	0	0	0	0	1	0	0	0	0	0	0	0	0	0	0	0	1	0	0	0	-21	0	0	0	-457	0	0	0	64
26:55:00	96900	2	3	0	-413	0	0	0	0	0	0	0	0	1	1	0	1	0	0	0	0	0	0	0	0	0	0	0	1	0	0	0	-21	0	0	0	-457	1	2	0	63
27:00:00	97200	1	1	1	-414	0	0	0	0	0	0	0	0	0	0	0	1	0	0	0	0	0	0	0	0	0	0	0	1	0	0	0	-21	0	0	1	-458	1	1	0	63
27:05:00	97500	0	0	0	-414	0	0	0	0	0	0	0	0	0	0	0	1	0	0	0	0	0	0	0	0	0	0	0	1	0	0	0	-21	0	0	0	-458	0	0	0	63
27:10:00	97800	1	2	0	-415	0	0	0	0	0	0	0	0	1	1	0	1	0	0	0	0	0	0	0	0	0	0	0	1	0	0	0	-21	0	0	0	-458	0	1	0	62
27:15:00	98100	1	1	1	-416	0	0	0	0	0	0	0	0	0	0	0	1	0	0	0	0	0	0	0	0	0	0	0	1	0	0	0	-21	0	0	1	-459	1	1	0	62
27:20:00	98400	0	0	0	-416	0	0	0	0	0	0	0	0	0	0	0	1	0	0	0	0	0	0	0	0	0	0	0	1	0	0	0	-21	0	0	0	-459	0	0	0	62
27:25:00	98700	0	0	0	-416	0	0	0	0	0	0	0	0	0	0	0	1	0	0	0	0	0	0	0	0	0	0	0	1	0	0	0	-21	0	0	0	-459	0	0	0	62
27:30:00	99000	0	3	0	-419	0	0	0	0	0	0	0	0	0	0	0	1	0	0	0	0	0	0	0	0	0	0	0	1	0	0	0	-21	0	0	0	-459	0	3	0	59
27:35:00	99300	2	3	2	-422	0	0	0	0	0	0	0	0	0	0	0	1	0	0	0	0	0	0	0	0	0	0	0	1	0	0	0	-21	0	0	2	-461	2	3	0	58
27:40:00	99600	5	6	1	-424	0	0	0	0	0	0	0	0	1	1	0	1	0	0	0	0	0	0	0	0	0	0	0	1	0	0	0	-21	0	0	1	-462	4	5	0	57
27:45:00	99900	2	3	1	-426	0	0	0	0	0	0	0	0	0	0	0	1	0	0	0	0	0	0	0	0	0	0	0	1	0	0	0	-21	0	0	1	-463	2	3	0	56
27:50:00	100200	0	0	0	-426	0	0	0	0	0	0	0	0	0	0	0	1	0	0	0	0	0	0	0	0	0	0	0	1	0	0	0	-21	0	0	0	-463	0	0	0	56
27:55:00	100500	2	2	0	-426	0	0	0	0	0	0	0	0	1	0	0	2	0	0	0	0	0	0	0	0	0	0	0	1	0	0	0	-21	0	0	0	-463	1	2	0	55
28:00:00	100800	2	2	0	-426	0	0	0	0	0	0	0	0	1	2	0	1	0	0	0	0	0	0	0	0	0	0	0	1	0	0	0	-21	0	0	0	-463	1	0	0	56
28:05:00	101100	0	1	0	-427	0	0	0	0	0	0	0	0	0	1	0	0	0	0	0	0	0	0	0	0	0	0	0	1	0	0	0	-21	0	0	0	-463	0	0	0	56
28:10:00	101400	0	2	0	-429	0	0	0	0	0	0	0	0	0	0	0	0	0	0	0	0	0	0	0	0	0	0	0	1	0	0	0	-21	0	0	0	-463	0	2	0	54
28:15:00	101700	1	1	1	-430	0	0	0	0	0	0	0	0	0	0	0	0	0	0	0	0	0	0	0	0	0	0	0	1	0	0	0	-21	0	0	1	-464	1	1	0	54
28:20:00	102000	0	0	0	-430	0	0	0	0	0	0	0	0	0	0	0	0	0	0	0	0	0	0	0	0	0	0	0	1	0	0	0	-21	0	0	0	-464	0	0	0	54
28:25:00	102300	0	0	0	-430	0	0	0	0	0	0	0	0	0	0	0	0	0	0	0	0	0	0	0	0	0	0	0	1	0	0	0	-21	0	0	0	-464	0	0	0	54
28:30:00	102600	0	0	0	-430	0	0	0	0	0	0	0	0	0	0	0	0	0	0	0	0	0	0	0	0	0	0	0	1	0	0	0	-21	0	0	0	-464	0	0	0	54
28:35:00	102900	2	3	0	-431	0	0	0	0	0	0	0	0	1	0	0	1	0	0	0	0	0	0	0	0	0	0	0	1	0	0	0	-21	0	0	0	-464	1	3	0	52
28:40:00	103200	1	2	1	-433	0	0	0	0	0	0	0	0	0	0	0	1	0	0	0	0	0	0	0	0	0	0	0	1	0	0	0	-21	0	0	1	-465	1	2	0	51
28:45:00	103500	1	1	1	-434	0	0	0	0	0	0	0	0	0	0	0	1	0	0	0	0	0	0	0	0	0	0	0	1	0	0	0	-21	0	0	1	-466	1	1	0	51
28:50:00	103800	0	1	0	-435	0	0	0	0	0	0	0	0	0	0	0	1	0	0	0	0	0	0	0	0	0	0	0	1	0	0	0	-21	0	0	0	-466	0	1	0	50
28:55:00	104100	1	1	0	-435	0	0	0	0	0	0	0	0	0	0	0	1	0	0	0	0	0	0	0	0	0	0	0	1	0	0	0	-21	0	0	0	-466	1	1	0	50
29:00:00	104400	1	2	0	-436	0	0	0	0	0	0	0	0	0	0	0	1	0	0	0	0	0	0	0	0	0	0	0	1	0	0	0	-21	0	0	0	-466	1	2	0	49
29:05:00	104700	0	0	0	-436	0	0	0	0	0	0	0	0	0	0	0	1	0	0	0	0	0	0	0	0	0	0	0	1	0	0	0	-21	0	0	0	-466	0	0	0	49
29:10:00	105000	0	0	0	-436	0	0	0	0	0	0	0	0	0	0	0	1	0	0	0	0	0	0	0	0	0	0	0	1	0	0	0	-21	0	0	0	-466	0	0	0	49
29:15:00	105300	0	0	0	-436	0	0	0	0	0	0	0	0	0	0	0	1	0	0	0	0	0	0	0	0	0	0	0	1	0	0	0	-21	0	0	0	-466	0	0	0	49
29:20:00	105600	2	2	0	-436	0	0	0	0	0	0	0	0	2	1	0	2	0	0	0	0	0	0	0	0	0	0	0	1	0	0	0	-21	0	0	0	-466	0	1	0	48
29:25:00	105900	2	4	0	-438	0	0	0	0	0	0	0	0	1	1	0	2	0	0	0	0	0	0	0	0	0	0	0	1	0	0	0	-21	0	0	0	-466	1	3	0	46
29:30:00	106200	1	2	0	-439	0	0	0	0	0	0	0	0	0	1	0	1	0	0	0	0	0	0	0	0	0	0	0	1	0	0	0	-21	0	0	0	-466	1	1	0	46
29:35:00	106500	0	0	0	-439	0	0	0	0	0	0	0	0	0	0	0	1	0	0	0	0	0	0	0	0	0	0	0	1	0	0	0	-21	0	0	0	-466	0	0	0	46
29:40:00	106800	1	1	0	-439	0	0	0	0	0	0	0	0	1	1	0	1	0	0	0	0	0	0	0	0	0	0	0	1	0	0	0	-21	0	0	0	-466	0	0	0	46
29:45:00	107100	0	0	0	-439	0	0	0	0	0	0	0	0	0	0	0	1	0	0	0	0	0	0	0	0	0	0	0	1	0	0	0	-21	0	0	0	-466	0	0	0	46
29:50:00	107400	0	4	0	-443	0	0	0	0	0	0	0	0	0	1	0	0	0	0	0	0	0	0	0	0	0	0	0	1	0	0	0	-21	0	0	0	-466	0	3	0	43
29:55:00	107700	1	1	1	-444	0	0	0	0	0	0	0	0	0	0	0	0	0	0	0	0	0	0	0	0	0	0	0	1	0	0	0	-21	0	0	1	-467	1	1	0	43
30:00:00	108000	0	0	44	-488	0	0	0	0	0	0	0	0	0	0	0	0	0	0	0	0	0	0	0	0	0	0	1	0	0	0	0	-21	0	0	0	-467	0	0	43	0
30:05:00	108300	0	0	0	-488	0	0	0	0	0	0	0	0	0	0	0	0	0	0	0	0	0	0	0	0	0	0	0	0	0	0	0	-21	0	0	0	-467	0	0	0	0
