time	time	departures_all	arrivals_all	stuck_all	en-route_all	departures_Shared-Bike	arrivals_Shared-Bike	stuck_Shared-Bike	en-route_Shared-Bike	departures_bike	arrivals_bike	stuck_bike	en-route_bike	departures_car	arrivals_car	stuck_car	en-route_car	departures_car_passenger	arrivals_car_passenger	stuck_car_passenger	en-route_car_passenger	departures_eScooter	arrivals_eScooter	stuck_eScooter	en-route_eScooter	departures_pt	arrivals_pt	stuck_pt	en-route_pt	departures_sharing:standardBikeShare	arrivals_sharing:standardBikeShare	stuck_sharing:standardBikeShare	en-route_sharing:standardBikeShare	departures_sharing:standardeScooter	arrivals_sharing:standardeScooter	stuck_sharing:standardeScooter	en-route_sharing:standardeScooter	departures_walk	arrivals_walk	stuck_walk	en-route_walk
00:00:00	0	0	0	0	0	0	0	0	0	0	0	0	0	0	0	0	0	0	0	0	0	0	0	0	0	0	0	0	0	0	0	0	0	0	0	0	0	0	0	0	0
00:05:00	300	0	0	0	0	0	0	0	0	0	0	0	0	0	0	0	0	0	0	0	0	0	0	0	0	0	0	0	0	0	0	0	0	0	0	0	0	0	0	0	0
00:10:00	600	0	0	0	0	0	0	0	0	0	0	0	0	0	0	0	0	0	0	0	0	0	0	0	0	0	0	0	0	0	0	0	0	0	0	0	0	0	0	0	0
00:15:00	900	0	0	0	0	0	0	0	0	0	0	0	0	0	0	0	0	0	0	0	0	0	0	0	0	0	0	0	0	0	0	0	0	0	0	0	0	0	0	0	0
00:20:00	1200	0	0	0	0	0	0	0	0	0	0	0	0	0	0	0	0	0	0	0	0	0	0	0	0	0	0	0	0	0	0	0	0	0	0	0	0	0	0	0	0
00:25:00	1500	0	0	0	0	0	0	0	0	0	0	0	0	0	0	0	0	0	0	0	0	0	0	0	0	0	0	0	0	0	0	0	0	0	0	0	0	0	0	0	0
00:30:00	1800	0	0	0	0	0	0	0	0	0	0	0	0	0	0	0	0	0	0	0	0	0	0	0	0	0	0	0	0	0	0	0	0	0	0	0	0	0	0	0	0
00:35:00	2100	0	0	0	0	0	0	0	0	0	0	0	0	0	0	0	0	0	0	0	0	0	0	0	0	0	0	0	0	0	0	0	0	0	0	0	0	0	0	0	0
00:40:00	2400	0	0	0	0	0	0	0	0	0	0	0	0	0	0	0	0	0	0	0	0	0	0	0	0	0	0	0	0	0	0	0	0	0	0	0	0	0	0	0	0
00:45:00	2700	0	0	0	0	0	0	0	0	0	0	0	0	0	0	0	0	0	0	0	0	0	0	0	0	0	0	0	0	0	0	0	0	0	0	0	0	0	0	0	0
00:50:00	3000	0	0	0	0	0	0	0	0	0	0	0	0	0	0	0	0	0	0	0	0	0	0	0	0	0	0	0	0	0	0	0	0	0	0	0	0	0	0	0	0
00:55:00	3300	0	0	0	0	0	0	0	0	0	0	0	0	0	0	0	0	0	0	0	0	0	0	0	0	0	0	0	0	0	0	0	0	0	0	0	0	0	0	0	0
01:00:00	3600	0	0	0	0	0	0	0	0	0	0	0	0	0	0	0	0	0	0	0	0	0	0	0	0	0	0	0	0	0	0	0	0	0	0	0	0	0	0	0	0
01:05:00	3900	0	0	0	0	0	0	0	0	0	0	0	0	0	0	0	0	0	0	0	0	0	0	0	0	0	0	0	0	0	0	0	0	0	0	0	0	0	0	0	0
01:10:00	4200	0	0	0	0	0	0	0	0	0	0	0	0	0	0	0	0	0	0	0	0	0	0	0	0	0	0	0	0	0	0	0	0	0	0	0	0	0	0	0	0
01:15:00	4500	0	0	0	0	0	0	0	0	0	0	0	0	0	0	0	0	0	0	0	0	0	0	0	0	0	0	0	0	0	0	0	0	0	0	0	0	0	0	0	0
01:20:00	4800	0	0	0	0	0	0	0	0	0	0	0	0	0	0	0	0	0	0	0	0	0	0	0	0	0	0	0	0	0	0	0	0	0	0	0	0	0	0	0	0
01:25:00	5100	0	0	0	0	0	0	0	0	0	0	0	0	0	0	0	0	0	0	0	0	0	0	0	0	0	0	0	0	0	0	0	0	0	0	0	0	0	0	0	0
01:30:00	5400	0	0	0	0	0	0	0	0	0	0	0	0	0	0	0	0	0	0	0	0	0	0	0	0	0	0	0	0	0	0	0	0	0	0	0	0	0	0	0	0
01:35:00	5700	0	0	0	0	0	0	0	0	0	0	0	0	0	0	0	0	0	0	0	0	0	0	0	0	0	0	0	0	0	0	0	0	0	0	0	0	0	0	0	0
01:40:00	6000	0	0	0	0	0	0	0	0	0	0	0	0	0	0	0	0	0	0	0	0	0	0	0	0	0	0	0	0	0	0	0	0	0	0	0	0	0	0	0	0
01:45:00	6300	0	0	0	0	0	0	0	0	0	0	0	0	0	0	0	0	0	0	0	0	0	0	0	0	0	0	0	0	0	0	0	0	0	0	0	0	0	0	0	0
01:50:00	6600	0	0	0	0	0	0	0	0	0	0	0	0	0	0	0	0	0	0	0	0	0	0	0	0	0	0	0	0	0	0	0	0	0	0	0	0	0	0	0	0
01:55:00	6900	0	0	0	0	0	0	0	0	0	0	0	0	0	0	0	0	0	0	0	0	0	0	0	0	0	0	0	0	0	0	0	0	0	0	0	0	0	0	0	0
02:00:00	7200	0	0	0	0	0	0	0	0	0	0	0	0	0	0	0	0	0	0	0	0	0	0	0	0	0	0	0	0	0	0	0	0	0	0	0	0	0	0	0	0
02:05:00	7500	0	0	0	0	0	0	0	0	0	0	0	0	0	0	0	0	0	0	0	0	0	0	0	0	0	0	0	0	0	0	0	0	0	0	0	0	0	0	0	0
02:10:00	7800	0	0	0	0	0	0	0	0	0	0	0	0	0	0	0	0	0	0	0	0	0	0	0	0	0	0	0	0	0	0	0	0	0	0	0	0	0	0	0	0
02:15:00	8100	0	0	0	0	0	0	0	0	0	0	0	0	0	0	0	0	0	0	0	0	0	0	0	0	0	0	0	0	0	0	0	0	0	0	0	0	0	0	0	0
02:20:00	8400	0	0	0	0	0	0	0	0	0	0	0	0	0	0	0	0	0	0	0	0	0	0	0	0	0	0	0	0	0	0	0	0	0	0	0	0	0	0	0	0
02:25:00	8700	0	0	0	0	0	0	0	0	0	0	0	0	0	0	0	0	0	0	0	0	0	0	0	0	0	0	0	0	0	0	0	0	0	0	0	0	0	0	0	0
02:30:00	9000	0	0	0	0	0	0	0	0	0	0	0	0	0	0	0	0	0	0	0	0	0	0	0	0	0	0	0	0	0	0	0	0	0	0	0	0	0	0	0	0
02:35:00	9300	0	0	0	0	0	0	0	0	0	0	0	0	0	0	0	0	0	0	0	0	0	0	0	0	0	0	0	0	0	0	0	0	0	0	0	0	0	0	0	0
02:40:00	9600	0	0	0	0	0	0	0	0	0	0	0	0	0	0	0	0	0	0	0	0	0	0	0	0	0	0	0	0	0	0	0	0	0	0	0	0	0	0	0	0
02:45:00	9900	0	0	0	0	0	0	0	0	0	0	0	0	0	0	0	0	0	0	0	0	0	0	0	0	0	0	0	0	0	0	0	0	0	0	0	0	0	0	0	0
02:50:00	10200	0	0	0	0	0	0	0	0	0	0	0	0	0	0	0	0	0	0	0	0	0	0	0	0	0	0	0	0	0	0	0	0	0	0	0	0	0	0	0	0
02:55:00	10500	0	0	0	0	0	0	0	0	0	0	0	0	0	0	0	0	0	0	0	0	0	0	0	0	0	0	0	0	0	0	0	0	0	0	0	0	0	0	0	0
03:00:00	10800	0	0	0	0	0	0	0	0	0	0	0	0	0	0	0	0	0	0	0	0	0	0	0	0	0	0	0	0	0	0	0	0	0	0	0	0	0	0	0	0
03:05:00	11100	0	0	0	0	0	0	0	0	0	0	0	0	0	0	0	0	0	0	0	0	0	0	0	0	0	0	0	0	0	0	0	0	0	0	0	0	0	0	0	0
03:10:00	11400	0	0	0	0	0	0	0	0	0	0	0	0	0	0	0	0	0	0	0	0	0	0	0	0	0	0	0	0	0	0	0	0	0	0	0	0	0	0	0	0
03:15:00	11700	0	0	0	0	0	0	0	0	0	0	0	0	0	0	0	0	0	0	0	0	0	0	0	0	0	0	0	0	0	0	0	0	0	0	0	0	0	0	0	0
03:20:00	12000	0	0	0	0	0	0	0	0	0	0	0	0	0	0	0	0	0	0	0	0	0	0	0	0	0	0	0	0	0	0	0	0	0	0	0	0	0	0	0	0
03:25:00	12300	0	0	0	0	0	0	0	0	0	0	0	0	0	0	0	0	0	0	0	0	0	0	0	0	0	0	0	0	0	0	0	0	0	0	0	0	0	0	0	0
03:30:00	12600	0	0	0	0	0	0	0	0	0	0	0	0	0	0	0	0	0	0	0	0	0	0	0	0	0	0	0	0	0	0	0	0	0	0	0	0	0	0	0	0
03:35:00	12900	0	0	0	0	0	0	0	0	0	0	0	0	0	0	0	0	0	0	0	0	0	0	0	0	0	0	0	0	0	0	0	0	0	0	0	0	0	0	0	0
03:40:00	13200	0	0	0	0	0	0	0	0	0	0	0	0	0	0	0	0	0	0	0	0	0	0	0	0	0	0	0	0	0	0	0	0	0	0	0	0	0	0	0	0
03:45:00	13500	0	0	0	0	0	0	0	0	0	0	0	0	0	0	0	0	0	0	0	0	0	0	0	0	0	0	0	0	0	0	0	0	0	0	0	0	0	0	0	0
03:50:00	13800	0	0	0	0	0	0	0	0	0	0	0	0	0	0	0	0	0	0	0	0	0	0	0	0	0	0	0	0	0	0	0	0	0	0	0	0	0	0	0	0
03:55:00	14100	0	0	0	0	0	0	0	0	0	0	0	0	0	0	0	0	0	0	0	0	0	0	0	0	0	0	0	0	0	0	0	0	0	0	0	0	0	0	0	0
04:00:00	14400	0	0	0	0	0	0	0	0	0	0	0	0	0	0	0	0	0	0	0	0	0	0	0	0	0	0	0	0	0	0	0	0	0	0	0	0	0	0	0	0
04:05:00	14700	0	0	0	0	0	0	0	0	0	0	0	0	0	0	0	0	0	0	0	0	0	0	0	0	0	0	0	0	0	0	0	0	0	0	0	0	0	0	0	0
04:10:00	15000	0	0	0	0	0	0	0	0	0	0	0	0	0	0	0	0	0	0	0	0	0	0	0	0	0	0	0	0	0	0	0	0	0	0	0	0	0	0	0	0
04:15:00	15300	0	0	0	0	0	0	0	0	0	0	0	0	0	0	0	0	0	0	0	0	0	0	0	0	0	0	0	0	0	0	0	0	0	0	0	0	0	0	0	0
04:20:00	15600	0	0	0	0	0	0	0	0	0	0	0	0	0	0	0	0	0	0	0	0	0	0	0	0	0	0	0	0	0	0	0	0	0	0	0	0	0	0	0	0
04:25:00	15900	0	0	0	0	0	0	0	0	0	0	0	0	0	0	0	0	0	0	0	0	0	0	0	0	0	0	0	0	0	0	0	0	0	0	0	0	0	0	0	0
04:30:00	16200	0	0	0	0	0	0	0	0	0	0	0	0	0	0	0	0	0	0	0	0	0	0	0	0	0	0	0	0	0	0	0	0	0	0	0	0	0	0	0	0
04:35:00	16500	0	0	0	0	0	0	0	0	0	0	0	0	0	0	0	0	0	0	0	0	0	0	0	0	0	0	0	0	0	0	0	0	0	0	0	0	0	0	0	0
04:40:00	16800	0	0	0	0	0	0	0	0	0	0	0	0	0	0	0	0	0	0	0	0	0	0	0	0	0	0	0	0	0	0	0	0	0	0	0	0	0	0	0	0
04:45:00	17100	0	0	0	0	0	0	0	0	0	0	0	0	0	0	0	0	0	0	0	0	0	0	0	0	0	0	0	0	0	0	0	0	0	0	0	0	0	0	0	0
04:50:00	17400	0	0	0	0	0	0	0	0	0	0	0	0	0	0	0	0	0	0	0	0	0	0	0	0	0	0	0	0	0	0	0	0	0	0	0	0	0	0	0	0
04:55:00	17700	0	0	0	0	0	0	0	0	0	0	0	0	0	0	0	0	0	0	0	0	0	0	0	0	0	0	0	0	0	0	0	0	0	0	0	0	0	0	0	0
05:00:00	18000	0	0	0	0	0	0	0	0	0	0	0	0	0	0	0	0	0	0	0	0	0	0	0	0	0	0	0	0	0	0	0	0	0	0	0	0	0	0	0	0
05:05:00	18300	0	0	0	0	0	0	0	0	0	0	0	0	0	0	0	0	0	0	0	0	0	0	0	0	0	0	0	0	0	0	0	0	0	0	0	0	0	0	0	0
05:10:00	18600	0	0	0	0	0	0	0	0	0	0	0	0	0	0	0	0	0	0	0	0	0	0	0	0	0	0	0	0	0	0	0	0	0	0	0	0	0	0	0	0
05:15:00	18900	0	0	0	0	0	0	0	0	0	0	0	0	0	0	0	0	0	0	0	0	0	0	0	0	0	0	0	0	0	0	0	0	0	0	0	0	0	0	0	0
05:20:00	19200	0	0	0	0	0	0	0	0	0	0	0	0	0	0	0	0	0	0	0	0	0	0	0	0	0	0	0	0	0	0	0	0	0	0	0	0	0	0	0	0
05:25:00	19500	0	0	0	0	0	0	0	0	0	0	0	0	0	0	0	0	0	0	0	0	0	0	0	0	0	0	0	0	0	0	0	0	0	0	0	0	0	0	0	0
05:30:00	19800	0	0	0	0	0	0	0	0	0	0	0	0	0	0	0	0	0	0	0	0	0	0	0	0	0	0	0	0	0	0	0	0	0	0	0	0	0	0	0	0
05:35:00	20100	0	0	0	0	0	0	0	0	0	0	0	0	0	0	0	0	0	0	0	0	0	0	0	0	0	0	0	0	0	0	0	0	0	0	0	0	0	0	0	0
05:40:00	20400	0	0	0	0	0	0	0	0	0	0	0	0	0	0	0	0	0	0	0	0	0	0	0	0	0	0	0	0	0	0	0	0	0	0	0	0	0	0	0	0
05:45:00	20700	0	0	0	0	0	0	0	0	0	0	0	0	0	0	0	0	0	0	0	0	0	0	0	0	0	0	0	0	0	0	0	0	0	0	0	0	0	0	0	0
05:50:00	21000	0	0	0	0	0	0	0	0	0	0	0	0	0	0	0	0	0	0	0	0	0	0	0	0	0	0	0	0	0	0	0	0	0	0	0	0	0	0	0	0
05:55:00	21300	0	0	0	0	0	0	0	0	0	0	0	0	0	0	0	0	0	0	0	0	0	0	0	0	0	0	0	0	0	0	0	0	0	0	0	0	0	0	0	0
06:00:00	21600	4	0	0	4	0	0	0	0	0	0	0	0	3	0	0	3	0	0	0	0	0	0	0	0	0	0	0	0	0	0	0	0	0	0	0	0	1	0	0	1
06:05:00	21900	4	2	1	5	0	0	0	0	0	0	0	0	1	1	0	3	0	0	0	0	0	0	0	0	0	0	0	0	0	0	0	0	0	0	1	-1	3	1	0	3
06:10:00	22200	3	1	0	7	0	0	0	0	0	0	0	0	3	1	0	5	0	0	0	0	0	0	0	0	0	0	0	0	0	0	0	0	0	0	0	-1	0	0	0	3
06:15:00	22500	1	3	0	5	0	0	0	0	0	0	0	0	0	3	0	2	0	0	0	0	0	0	0	0	0	0	0	0	0	0	0	0	0	0	0	-1	1	0	0	4
06:20:00	22800	4	0	0	9	0	0	0	0	0	0	0	0	2	0	0	4	0	0	0	0	0	0	0	0	0	0	0	0	0	0	0	0	0	0	0	-1	2	0	0	6
06:25:00	23100	5	2	0	12	0	0	0	0	0	0	0	0	3	2	0	5	0	0	0	0	0	0	0	0	0	0	0	0	0	0	0	0	0	0	0	-1	2	0	0	8
06:30:00	23400	44	6	2	48	0	0	0	0	0	0	0	0	23	2	0	26	0	0	0	0	0	0	0	0	2	0	0	2	0	0	0	0	0	0	2	-3	19	4	0	23
06:35:00	23700	37	17	0	68	0	0	0	0	0	0	0	0	20	13	0	33	0	0	0	0	0	0	0	0	0	0	0	2	0	0	0	0	0	0	0	-3	17	4	0	36
06:40:00	24000	36	17	0	87	0	0	0	0	0	0	0	0	22	10	0	45	0	0	0	0	1	0	0	1	1	0	0	3	0	0	0	0	0	0	0	-3	12	7	0	41
06:45:00	24300	39	36	1	89	1	0	0	1	0	0	0	0	20	24	0	41	0	0	0	0	2	0	0	3	3	1	0	5	0	0	0	0	0	0	1	-4	13	11	0	43
06:50:00	24600	46	32	3	100	0	1	0	0	0	0	0	0	23	17	0	47	0	0	0	0	1	0	0	4	2	0	0	7	0	0	0	0	0	0	3	-7	20	14	0	49
06:55:00	24900	85	42	2	141	2	0	0	2	0	0	0	0	52	22	0	77	0	0	0	0	0	2	0	2	3	0	0	10	0	0	0	0	0	0	2	-9	28	18	0	59
07:00:00	25200	66	44	2	161	2	0	0	4	0	0	0	0	38	33	0	82	0	0	0	0	0	0	0	2	1	0	0	11	0	0	0	0	0	0	2	-11	25	11	0	73
07:05:00	25500	70	57	4	170	0	4	0	0	0	0	0	0	23	29	0	76	0	0	0	0	3	2	0	3	0	1	0	10	0	0	0	0	0	0	4	-15	44	21	0	96
07:10:00	25800	79	65	3	181	1	0	0	1	0	0	0	0	36	28	0	84	0	0	0	0	1	2	0	2	6	5	0	11	0	0	0	0	0	0	3	-18	35	30	0	101
07:15:00	26100	89	60	4	206	1	0	0	2	0	0	0	0	48	42	0	90	0	0	0	0	1	1	0	2	2	1	0	12	0	0	0	0	0	0	4	-22	37	16	0	122
07:20:00	26400	87	64	2	227	1	1	0	2	0	0	0	0	49	37	0	102	0	0	0	0	1	1	0	2	8	1	0	19	0	0	0	0	0	0	2	-24	28	24	0	126
07:25:00	26700	119	72	3	271	0	1	0	1	0	0	0	0	66	41	0	127	0	0	0	0	1	1	0	2	10	1	0	28	0	0	1	-1	0	0	2	-26	42	28	0	140
07:30:00	27000	80	92	6	253	0	1	0	0	0	0	0	0	37	55	0	109	0	0	0	0	2	2	0	2	6	2	0	32	0	0	0	-1	0	0	6	-32	35	32	0	143
07:35:00	27300	90	83	3	257	0	0	0	0	0	0	0	0	43	53	0	99	0	0	0	0	2	1	0	3	5	3	0	34	0	0	0	-1	0	0	3	-35	40	26	0	157
07:40:00	27600	99	78	9	269	0	0	0	0	0	0	0	0	44	36	0	107	0	0	0	0	1	2	0	2	9	2	0	41	0	0	1	-2	0	0	8	-43	45	38	0	164
07:45:00	27900	90	67	2	290	1	1	0	0	0	0	0	0	52	41	0	118	0	0	0	0	1	1	0	2	3	1	0	43	0	0	0	-2	0	0	2	-45	33	23	0	174
07:50:00	28200	117	83	3	321	2	1	0	1	0	0	0	0	62	45	0	135	0	0	0	0	3	0	0	5	8	6	0	45	0	0	0	-2	0	0	3	-48	42	31	0	185
07:55:00	28500	116	104	4	329	0	1	0	0	0	0	0	0	56	60	0	131	12	1	0	11	1	2	0	4	9	2	0	52	0	0	1	-3	0	0	3	-51	38	38	0	185
08:00:00	28800	136	116	5	344	0	0	0	0	0	0	0	0	54	67	0	118	24	7	0	28	0	2	0	2	7	9	0	50	0	0	0	-3	0	0	5	-56	51	31	0	205
08:05:00	29100	115	103	3	353	0	0	0	0	0	0	0	0	53	45	0	126	17	10	0	35	1	1	0	2	8	6	0	52	0	0	0	-3	0	0	3	-59	36	41	0	200
08:10:00	29400	140	120	7	366	0	0	0	0	0	0	0	0	60	64	0	122	26	16	0	45	2	0	0	4	6	7	0	51	0	0	0	-3	0	0	7	-66	46	33	0	213
08:15:00	29700	89	94	1	360	1	0	0	1	0	0	0	0	44	51	0	115	14	16	0	43	0	1	0	3	4	1	0	54	0	0	0	-3	0	0	1	-67	26	25	0	214
08:20:00	30000	113	109	4	360	0	0	0	1	0	0	0	0	60	55	0	120	16	17	0	42	0	0	0	3	6	4	0	56	0	0	0	-3	0	0	4	-71	31	33	0	212
08:25:00	30300	110	100	6	364	0	0	0	1	0	0	0	0	54	53	0	121	20	13	0	49	0	2	0	1	2	5	0	53	0	0	0	-3	0	0	6	-77	34	27	0	219
08:30:00	30600	108	103	8	361	1	1	0	1	0	0	0	0	36	53	0	104	21	15	0	55	2	0	0	3	7	5	0	55	0	0	0	-3	0	0	8	-85	41	29	0	231
08:35:00	30900	69	85	4	341	0	0	0	1	0	0	0	0	33	43	0	94	8	21	0	42	0	0	0	3	4	4	0	55	0	0	0	-3	0	0	4	-89	24	17	0	238
08:40:00	31200	93	81	1	352	0	0	0	1	0	0	0	0	28	37	0	85	24	17	0	49	0	2	0	1	9	2	0	62	0	0	0	-3	0	0	1	-90	32	23	0	247
08:45:00	31500	100	69	4	379	0	1	0	0	0	0	0	0	30	33	0	82	39	14	0	74	1	1	0	1	3	1	0	64	0	0	1	-4	0	0	3	-93	27	19	0	255
08:50:00	31800	73	84	1	367	0	0	0	0	0	0	0	0	32	35	0	79	13	22	0	65	1	1	0	1	4	0	0	68	0	0	0	-4	0	0	1	-94	23	26	0	252
08:55:00	32100	81	80	2	366	0	0	0	0	0	0	0	0	29	34	0	74	18	19	0	64	1	1	0	1	7	5	0	70	0	0	0	-4	0	0	2	-96	26	21	0	257
09:00:00	32400	85	76	2	373	2	0	0	2	0	0	0	0	43	32	0	85	4	17	0	51	0	0	0	1	6	2	0	74	0	0	0	-4	0	0	2	-98	30	25	0	262
09:05:00	32700	81	94	3	357	0	1	0	1	0	0	0	0	33	32	0	86	6	11	0	46	3	1	0	3	4	9	0	69	0	0	0	-4	0	0	3	-101	35	40	0	257
09:10:00	33000	62	84	3	332	0	0	0	1	0	0	0	0	25	38	0	73	3	11	0	38	1	1	0	3	4	2	0	71	0	0	0	-4	0	0	3	-104	29	32	0	254
09:15:00	33300	55	68	2	317	0	1	0	0	0	0	0	0	31	34	0	70	2	11	0	29	1	1	0	3	4	2	0	73	0	0	0	-4	0	0	2	-106	17	19	0	252
09:20:00	33600	50	81	6	280	1	0	0	1	0	0	0	0	20	30	0	60	2	11	0	20	0	2	0	1	8	2	0	79	0	0	0	-4	0	0	6	-112	19	36	0	235
09:25:00	33900	56	60	2	274	0	0	0	1	0	0	0	0	27	26	0	61	4	2	0	22	0	0	0	1	1	14	0	66	0	0	0	-4	0	0	2	-114	24	18	0	241
09:30:00	34200	45	58	2	259	0	1	0	0	0	0	0	0	23	26	0	58	1	8	0	15	0	0	0	1	0	5	0	61	0	0	0	-4	0	0	2	-116	21	18	0	244
09:35:00	34500	40	54	1	244	0	0	0	0	0	0	0	0	16	27	0	47	8	5	0	18	2	1	0	2	1	1	0	61	0	0	0	-4	0	0	1	-117	13	20	0	237
09:40:00	34800	41	56	3	226	0	0	0	0	0	0	0	0	18	19	0	46	2	5	0	15	0	2	0	0	2	2	0	61	0	0	1	-5	0	0	2	-119	19	28	0	228
09:45:00	35100	44	58	0	212	0	0	0	0	0	0	0	0	26	31	0	41	0	5	0	10	0	0	0	0	3	1	0	63	0	0	0	-5	0	0	0	-119	15	21	0	222
09:50:00	35400	38	40	0	210	0	0	0	0	0	0	0	0	23	15	0	49	0	4	0	6	0	0	0	0	3	1	0	65	0	0	0	-5	0	0	0	-119	12	20	0	214
09:55:00	35700	55	56	8	201	0	0	0	0	1	0	0	1	25	23	0	51	0	2	0	4	0	0	0	0	1	0	0	66	0	0	0	-5	0	0	8	-127	28	31	0	211
10:00:00	36000	83	79	4	201	0	0	0	0	0	1	0	0	34	28	0	57	0	2	0	2	0	0	0	0	2	15	0	53	0	0	0	-5	0	0	4	-131	47	33	0	225
10:05:00	36300	58	59	8	192	0	0	0	0	0	0	0	0	25	30	0	52	0	1	0	1	0	0	0	0	0	2	0	51	0	0	0	-5	0	0	8	-139	33	26	0	232
10:10:00	36600	88	88	7	185	0	0	0	0	0	0	0	0	44	38	0	58	0	1	0	0	0	0	0	0	1	5	0	47	0	0	0	-5	0	0	7	-146	43	44	0	231
10:15:00	36900	69	73	5	176	1	0	0	1	0	0	0	0	28	31	0	55	0	0	0	0	0	0	0	0	1	1	0	47	0	0	1	-6	0	0	4	-150	39	41	0	229
10:20:00	37200	68	68	5	171	0	0	0	1	0	0	0	0	24	22	0	57	0	0	0	0	0	0	0	0	2	2	0	47	0	0	0	-6	0	0	5	-155	42	44	0	227
10:25:00	37500	78	74	3	172	0	1	0	0	0	0	0	0	42	34	0	65	0	0	0	0	1	0	0	1	3	3	0	47	0	0	0	-6	0	0	3	-158	32	36	0	223
10:30:00	37800	61	67	6	160	0	0	0	0	0	0	0	0	18	24	0	59	0	0	0	0	1	0	0	2	1	1	0	47	0	0	0	-6	0	0	6	-164	41	42	0	222
10:35:00	38100	51	71	3	137	0	0	0	0	0	0	0	0	21	35	0	45	2	1	0	1	0	1	0	1	3	1	0	49	0	0	0	-6	0	0	3	-167	25	33	0	214
10:40:00	38400	57	71	5	118	0	0	0	0	0	0	0	0	20	24	0	41	1	1	0	1	1	0	0	2	0	1	0	48	0	0	0	-6	0	0	5	-172	35	45	0	204
10:45:00	38700	76	69	4	121	0	0	0	0	0	0	0	0	30	26	0	45	3	0	0	4	0	1	0	1	2	5	0	45	0	0	0	-6	0	0	4	-176	41	37	0	208
10:50:00	39000	49	67	3	100	0	0	0	0	0	0	0	0	20	23	0	42	0	3	0	1	1	0	0	2	2	1	0	46	0	0	0	-6	0	0	3	-179	26	40	0	194
10:55:00	39300	44	50	2	92	0	0	0	0	0	0	0	0	14	18	0	38	2	0	0	3	0	0	0	2	3	0	0	49	0	0	0	-6	0	0	2	-181	25	32	0	187
11:00:00	39600	51	51	1	91	0	0	0	0	0	0	0	0	25	22	0	41	4	1	0	6	1	0	0	3	0	1	0	48	0	0	0	-6	0	0	1	-182	21	27	0	181
11:05:00	39900	76	71	4	92	0	0	0	0	0	0	0	0	30	20	0	51	1	1	0	6	1	3	0	1	5	4	0	49	0	0	1	-7	0	0	3	-185	39	43	0	177
11:10:00	40200	77	57	3	109	0	0	0	0	0	0	0	0	40	24	0	67	2	1	0	7	0	0	0	1	1	2	0	48	0	0	0	-7	0	0	3	-188	34	30	0	181
11:15:00	40500	58	57	2	108	1	0	0	1	0	0	0	0	21	27	0	61	10	3	0	14	1	1	0	1	0	3	0	45	0	0	0	-7	0	0	2	-190	25	23	0	183
11:20:00	40800	60	53	1	114	0	0	0	1	0	0	0	0	31	27	0	65	2	2	0	14	0	0	0	1	2	2	0	45	0	0	0	-7	0	0	1	-191	25	22	0	186
11:25:00	41100	72	74	4	108	1	0	0	2	0	0	0	0	34	40	0	59	3	3	0	14	0	0	0	1	2	0	0	47	0	0	0	-7	0	0	4	-195	32	31	0	187
11:30:00	41400	73	70	4	107	1	2	0	1	0	0	0	0	31	24	0	66	1	5	0	10	1	0	0	2	2	0	0	49	0	0	1	-8	0	0	3	-198	37	39	0	185
11:35:00	41700	87	77	3	114	0	0	0	1	0	0	0	0	39	38	0	67	3	3	0	10	2	0	0	4	4	5	0	48	0	0	0	-8	0	0	3	-201	39	31	0	193
11:40:00	42000	73	72	3	112	1	1	0	1	0	0	0	0	26	22	0	71	0	4	0	6	1	2	0	3	2	13	0	37	0	0	0	-8	0	0	3	-204	43	30	0	206
11:45:00	42300	81	83	6	104	0	0	0	1	0	0	0	0	34	37	0	68	3	5	0	4	0	0	0	3	7	5	0	39	0	0	0	-8	0	0	6	-210	37	36	0	207
11:50:00	42600	85	71	3	115	0	1	0	0	0	0	0	0	40	29	0	79	5	1	0	8	0	1	0	2	2	1	0	40	0	0	0	-8	0	0	3	-213	38	38	0	207
11:55:00	42900	102	102	3	112	0	0	0	0	0	0	0	0	51	42	0	88	1	1	0	8	0	0	0	2	6	5	0	41	0	0	0	-8	0	0	3	-216	44	54	0	197
12:00:00	43200	81	85	2	106	1	0	0	1	0	0	0	0	45	40	0	93	2	2	0	8	2	1	0	3	5	0	0	46	0	0	0	-8	0	0	2	-218	26	42	0	181
12:05:00	43500	67	74	1	98	1	1	0	1	0	0	0	0	29	39	0	83	8	5	0	11	3	0	0	6	7	0	0	53	0	0	0	-8	0	0	1	-219	19	29	0	171
12:10:00	43800	63	58	2	101	0	1	0	0	0	0	0	0	31	34	0	80	2	0	0	13	0	2	0	4	5	1	0	57	0	0	0	-8	0	0	2	-221	25	20	0	176
12:15:00	44100	58	74	2	83	2	0	0	2	0	0	0	0	33	40	0	73	1	3	0	11	1	1	0	4	4	6	0	55	0	0	1	-9	0	0	1	-222	17	24	0	169
12:20:00	44400	47	62	3	65	0	2	0	0	0	0	0	0	24	36	0	61	0	3	0	8	0	1	0	3	1	3	0	53	0	0	0	-9	0	0	3	-225	22	17	0	174
12:25:00	44700	63	65	5	58	0	0	0	0	0	0	0	0	37	30	0	68	0	3	0	5	1	1	0	3	2	5	0	50	0	0	0	-9	0	0	5	-230	23	26	0	171
12:30:00	45000	44	56	2	44	0	0	0	0	0	0	0	0	24	28	0	64	0	1	0	4	3	1	0	5	1	3	0	48	0	0	0	-9	0	0	2	-232	16	23	0	164
12:35:00	45300	30	41	1	32	0	0	0	0	0	0	0	0	9	22	0	51	0	2	0	2	2	1	0	6	1	3	0	46	0	0	0	-9	0	0	1	-233	18	13	0	169
12:40:00	45600	34	34	3	29	0	0	0	0	0	0	0	0	19	18	0	52	0	1	0	1	1	0	0	7	1	2	0	45	0	0	0	-9	0	0	3	-236	13	13	0	169
12:45:00	45900	45	37	1	36	0	0	0	0	0	0	0	0	26	20	0	58	0	0	0	1	0	0	0	7	3	1	0	47	0	0	0	-9	0	0	1	-237	16	16	0	169
12:50:00	46200	32	38	1	29	1	0	0	1	0	0	0	0	18	22	0	54	0	1	0	0	0	2	0	5	2	0	0	49	0	0	0	-9	0	0	1	-238	11	13	0	167
12:55:00	46500	41	42	3	25	1	1	0	1	0	0	0	0	21	23	0	52	0	0	0	0	0	0	0	5	4	1	0	52	0	0	0	-9	0	0	3	-241	15	17	0	165
13:00:00	46800	7	30	3	-1	0	0	0	1	0	0	0	0	1	17	0	36	0	0	0	0	0	1	0	4	1	1	0	52	0	0	0	-9	0	0	3	-244	5	11	0	159
13:05:00	47100	1	29	0	-29	0	0	0	1	0	0	0	0	0	21	0	15	0	0	0	0	0	0	0	4	0	0	0	52	0	0	0	-9	0	0	0	-244	1	8	0	152
13:10:00	47400	4	17	0	-42	0	1	0	0	0	0	0	0	0	4	0	11	0	0	0	0	0	1	0	3	2	0	0	54	0	0	0	-9	0	0	0	-244	2	11	0	143
13:15:00	47700	23	22	2	-43	0	0	0	0	0	0	0	0	8	8	0	11	0	0	0	0	0	0	0	3	1	2	0	53	0	0	0	-9	0	0	2	-246	14	12	0	145
13:20:00	48000	19	21	0	-45	0	0	0	0	0	0	0	0	9	7	0	13	0	0	0	0	2	1	0	4	2	3	0	52	0	0	0	-9	0	0	0	-246	6	10	0	141
13:25:00	48300	17	22	0	-50	0	0	0	0	0	0	0	0	6	4	0	15	0	0	0	0	0	2	0	2	0	4	0	48	0	0	0	-9	0	0	0	-246	11	12	0	140
13:30:00	48600	56	24	3	-21	0	0	0	0	0	0	0	0	37	9	0	43	1	0	0	1	0	1	0	1	1	2	0	47	0	0	0	-9	0	0	3	-249	17	12	0	145
13:35:00	48900	57	51	3	-18	1	0	0	1	0	0	0	0	20	24	0	39	5	0	0	6	0	0	0	1	1	7	0	41	0	0	0	-9	0	0	3	-252	30	20	0	155
13:40:00	49200	46	44	4	-20	0	0	0	1	0	0	0	0	19	18	0	40	5	2	0	9	2	0	0	3	0	3	0	38	0	0	0	-9	0	0	4	-256	20	21	0	154
13:45:00	49500	61	52	3	-14	1	1	0	1	0	0	0	0	30	19	0	51	2	3	0	8	2	3	0	2	2	2	0	38	0	0	0	-9	0	0	3	-259	24	24	0	154
13:50:00	49800	95	55	4	22	1	1	0	1	0	0	0	0	43	23	0	71	15	7	0	16	1	1	0	2	4	2	0	40	0	0	1	-10	0	0	3	-262	31	21	0	164
13:55:00	50100	102	65	3	56	0	1	0	0	0	0	0	0	56	39	0	88	12	5	0	23	2	0	0	4	0	0	0	40	0	0	0	-10	0	0	3	-265	32	20	0	176
14:00:00	50400	76	77	1	54	0	0	0	0	0	0	0	0	41	41	0	88	3	9	0	17	0	2	0	2	3	0	0	43	0	0	0	-10	0	0	1	-266	29	25	0	180
14:05:00	50700	82	78	0	58	0	0	0	0	0	0	0	0	33	40	0	81	9	5	0	21	1	1	0	2	1	0	0	44	0	0	0	-10	0	0	0	-266	38	32	0	186
14:10:00	51000	74	66	4	62	1	0	0	1	0	0	0	0	39	32	0	88	14	13	0	22	0	0	0	2	4	0	0	48	0	0	0	-10	0	0	4	-270	16	21	0	181
14:15:00	51300	69	72	3	56	2	2	0	1	0	0	0	0	32	37	0	83	8	8	0	22	2	1	0	3	3	0	0	51	0	0	1	-11	0	0	2	-272	22	24	0	179
14:20:00	51600	82	73	2	63	0	1	0	0	0	0	0	0	35	34	0	84	14	8	0	28	0	0	0	3	5	5	0	51	0	0	0	-11	0	0	2	-274	28	25	0	182
14:25:00	51900	70	71	0	62	1	0	0	1	0	0	0	0	34	40	0	78	16	11	0	33	1	1	0	3	5	0	0	56	0	0	0	-11	0	0	0	-274	13	19	0	176
14:30:00	52200	60	70	2	50	2	0	0	3	0	0	0	0	14	24	0	68	12	13	0	32	2	1	0	4	4	2	0	58	0	0	0	-11	0	0	2	-276	26	30	0	172
14:35:00	52500	79	82	6	41	0	1	0	2	0	0	0	0	29	29	0	68	4	12	0	24	2	1	0	5	3	3	0	58	0	0	0	-11	0	0	6	-282	41	36	0	177
14:40:00	52800	67	84	2	22	0	1	0	1	0	0	0	0	29	40	0	57	8	8	0	24	1	2	0	4	2	6	0	54	0	0	0	-11	0	0	2	-284	27	27	0	177
14:45:00	53100	57	72	3	4	0	1	0	0	0	0	0	0	15	22	0	50	9	14	0	19	0	0	0	4	5	15	0	44	0	0	0	-11	0	0	3	-287	28	20	0	185
14:50:00	53400	55	71	6	-18	0	0	0	0	0	0	0	0	24	25	0	49	3	5	0	17	0	2	0	2	0	3	0	41	0	0	1	-12	0	0	5	-292	28	36	0	177
14:55:00	53700	43	53	2	-30	0	0	0	0	0	0	0	0	15	19	0	45	8	6	0	19	0	0	0	2	1	3	0	39	0	0	1	-13	0	0	1	-293	19	25	0	171
15:00:00	54000	41	55	3	-47	0	0	0	0	0	0	0	0	19	23	0	41	4	10	0	13	1	0	0	3	1	1	0	39	0	0	0	-13	0	0	3	-296	16	21	0	166
15:05:00	54300	50	50	6	-53	0	0	0	0	0	0	0	0	22	22	0	41	0	3	0	10	0	0	0	3	1	1	0	39	0	0	0	-13	0	0	6	-302	27	24	0	169
15:10:00	54600	47	53	3	-62	1	1	0	0	0	0	0	0	19	20	0	40	0	4	0	6	0	1	0	2	3	1	0	41	0	0	0	-13	0	0	3	-305	24	26	0	167
15:15:00	54900	60	54	1	-57	0	0	0	0	0	0	0	0	29	21	0	48	1	2	0	5	1	0	0	3	4	3	0	42	0	0	0	-13	0	0	1	-306	25	28	0	164
15:20:00	55200	54	47	3	-53	0	0	0	0	0	0	0	0	25	24	0	49	1	1	0	5	1	1	0	3	3	0	0	45	0	0	0	-13	0	0	3	-309	24	21	0	167
15:25:00	55500	47	57	3	-66	0	0	0	0	0	0	0	0	21	28	0	42	0	0	0	5	2	0	0	5	2	1	0	46	0	0	0	-13	0	0	3	-312	22	28	0	161
15:30:00	55800	84	55	6	-43	1	1	0	0	0	0	0	0	36	21	0	57	0	1	0	4	3	1	0	7	2	1	0	47	0	0	0	-13	0	0	6	-318	42	30	0	173
15:35:00	56100	87	63	2	-21	0	0	0	0	0	0	0	0	40	26	0	71	0	0	0	4	1	2	0	6	5	2	0	50	0	0	0	-13	0	0	2	-320	41	33	0	181
15:40:00	56400	100	89	5	-15	1	0	0	1	0	0	0	0	52	43	0	80	0	1	0	3	1	1	0	6	3	0	0	53	0	0	0	-13	0	0	5	-325	43	44	0	180
15:45:00	56700	77	77	11	-26	0	1	0	0	0	0	0	0	36	31	0	85	0	1	0	2	1	3	0	4	5	1	0	57	0	0	2	-15	0	0	9	-334	35	40	0	175
15:50:00	57000	75	74	2	-27	0	0	0	0	0	0	0	0	39	41	0	83	0	0	0	2	0	0	0	4	1	0	0	58	0	0	0	-15	0	0	2	-336	35	33	0	177
15:55:00	57300	67	77	5	-42	0	0	0	0	0	0	0	0	30	38	0	75	0	0	0	2	2	4	0	2	1	4	0	55	0	0	1	-16	0	0	4	-340	34	31	0	180
16:00:00	57600	84	74	2	-34	1	0	0	1	0	0	0	0	26	32	0	69	21	0	0	23	0	0	0	2	1	5	0	51	0	0	0	-16	0	0	2	-342	35	37	0	178
16:05:00	57900	81	74	0	-27	0	1	0	0	0	0	0	0	35	37	0	67	19	7	0	35	1	2	0	1	1	3	0	49	0	0	0	-16	0	0	0	-342	25	24	0	179
16:10:00	58200	71	87	2	-45	0	0	0	0	0	0	0	0	26	35	0	58	18	15	0	38	0	1	0	0	0	2	0	47	0	0	0	-16	0	0	2	-344	27	34	0	172
16:15:00	58500	78	83	1	-51	0	0	0	0	0	0	0	0	31	33	0	56	16	14	0	40	0	0	0	0	4	7	0	44	0	0	0	-16	0	0	1	-345	27	29	0	170
16:20:00	58800	91	71	2	-33	0	0	0	0	0	0	0	0	37	25	0	68	17	12	0	45	0	0	0	0	2	2	0	44	0	0	0	-16	0	0	2	-347	35	32	0	173
16:25:00	59100	105	88	4	-20	0	0	0	0	0	0	0	0	28	31	0	65	27	19	0	53	1	0	0	1	3	4	0	43	0	0	0	-16	0	0	4	-351	46	34	0	185
16:30:00	59400	115	86	3	6	0	0	0	0	0	0	0	0	40	33	0	72	31	17	0	67	2	0	0	3	5	3	0	45	0	0	0	-16	0	0	3	-354	37	33	0	189
16:35:00	59700	121	87	3	37	0	0	0	0	0	0	0	0	43	31	0	84	27	21	0	73	2	0	0	5	3	2	0	46	0	0	0	-16	0	0	3	-357	46	33	0	202
16:40:00	60000	123	113	3	44	0	0	0	0	0	0	0	0	56	36	0	104	20	25	0	68	0	1	0	4	4	6	0	44	0	0	0	-16	0	0	3	-360	43	45	0	200
16:45:00	60300	99	98	3	42	0	0	0	0	0	0	0	0	29	36	0	97	29	21	0	76	0	0	0	4	6	7	0	43	0	0	0	-16	0	0	3	-363	35	34	0	201
16:50:00	60600	143	107	2	76	1	0	0	1	0	0	0	0	54	45	0	106	46	30	0	92	2	1	0	5	2	2	0	43	0	0	0	-16	0	0	2	-365	38	29	0	210
16:55:00	60900	112	119	2	67	0	1	0	0	0	0	0	0	45	57	0	94	32	28	0	96	1	2	0	4	3	1	0	45	0	0	0	-16	0	0	2	-367	31	30	0	211
17:00:00	61200	146	120	9	84	1	0	0	1	0	0	0	0	67	41	0	120	19	29	0	86	0	1	0	3	2	8	0	39	0	0	0	-16	0	0	9	-376	57	41	0	227
17:05:00	61500	166	134	3	113	1	0	0	2	0	0	0	0	86	59	0	147	12	20	0	78	3	2	0	4	5	8	0	36	0	0	0	-16	0	0	3	-379	59	45	0	241
17:10:00	61800	136	129	4	116	0	2	0	0	0	0	0	0	62	59	0	150	16	22	0	72	3	2	0	5	2	2	0	36	0	0	0	-16	0	0	4	-383	53	42	0	252
17:15:00	62100	145	142	5	114	0	0	0	0	0	0	0	0	67	61	0	156	27	22	0	77	0	2	0	3	3	7	0	32	0	0	0	-16	0	0	5	-388	48	50	0	250
17:20:00	62400	150	134	6	124	0	0	0	0	0	0	0	0	75	59	0	172	13	22	0	68	4	1	0	6	3	1	0	34	0	0	0	-16	0	0	6	-394	55	51	0	254
17:25:00	62700	102	156	3	67	1	0	0	1	0	0	0	0	45	74	0	143	1	25	0	44	0	4	0	2	7	3	0	38	0	0	0	-16	0	0	3	-397	48	50	0	252
17:30:00	63000	76	102	1	40	0	1	0	0	0	0	0	0	41	62	0	122	1	10	0	35	2	0	0	4	4	1	0	41	0	0	0	-16	0	0	1	-398	28	28	0	252
17:35:00	63300	71	88	6	17	0	0	0	0	0	0	0	0	38	46	0	114	2	8	0	29	0	2	0	2	4	3	0	42	0	0	0	-16	0	0	6	-404	27	29	0	250
17:40:00	63600	54	67	4	0	0	0	0	0	0	0	0	0	23	38	0	99	1	5	0	25	0	0	0	2	5	2	0	45	0	0	0	-16	0	0	4	-408	25	22	0	253
17:45:00	63900	94	68	5	21	0	0	0	0	0	0	0	0	55	37	0	117	1	1	0	25	1	1	0	2	0	4	0	41	0	0	0	-16	0	0	5	-413	37	25	0	265
17:50:00	64200	81	81	5	16	0	0	0	0	0	0	0	0	48	42	0	123	1	7	0	19	1	1	0	2	7	3	0	45	0	0	0	-16	0	0	5	-418	24	28	0	261
17:55:00	64500	85	94	7	0	2	0	0	2	0	0	0	0	49	48	0	124	0	3	0	16	0	0	0	2	6	6	0	45	0	0	0	-16	0	0	7	-425	28	37	0	252
18:00:00	64800	61	88	2	-29	0	1	0	1	0	0	0	0	34	53	0	105	1	1	0	16	0	0	0	2	2	3	0	44	0	0	0	-16	0	0	2	-427	24	30	0	246
18:05:00	65100	57	70	4	-46	2	2	0	1	0	0	0	0	24	38	0	91	0	2	0	14	0	1	0	1	4	7	0	41	0	0	0	-16	0	0	4	-431	27	20	0	253
18:10:00	65400	52	72	0	-66	1	0	0	2	0	0	0	0	25	34	0	82	0	0	0	14	1	1	0	1	7	4	0	44	0	0	0	-16	0	0	0	-431	18	33	0	238
18:15:00	65700	40	65	2	-93	0	1	0	1	0	0	0	0	20	39	0	63	1	3	0	12	0	0	0	1	3	2	0	45	0	0	0	-16	0	0	2	-433	16	20	0	234
18:20:00	66000	55	49	0	-87	0	1	0	0	0	0	0	0	30	16	0	77	0	1	0	11	0	0	0	1	0	7	0	38	0	0	0	-16	0	0	0	-433	25	24	0	235
18:25:00	66300	43	57	4	-105	0	0	0	0	0	0	0	0	22	29	0	70	0	1	0	10	1	0	0	2	1	4	0	35	0	0	0	-16	0	0	4	-437	19	23	0	231
18:30:00	66600	33	52	3	-127	0	0	0	0	0	0	0	0	18	27	0	61	0	1	0	9	0	0	0	2	2	3	0	34	0	0	0	-16	0	0	3	-440	13	21	0	223
18:35:00	66900	51	55	3	-134	0	0	0	0	0	0	0	0	26	29	0	58	1	3	0	7	0	1	0	1	1	4	0	31	0	0	1	-17	0	0	2	-442	23	18	0	228
18:40:00	67200	25	41	1	-151	0	0	0	0	0	0	0	0	13	22	0	49	0	1	0	6	0	0	0	1	0	2	0	29	0	0	0	-17	0	0	1	-443	12	16	0	224
18:45:00	67500	27	38	1	-163	0	0	0	0	0	0	0	0	15	14	0	50	0	2	0	4	0	1	0	0	1	2	0	28	0	0	0	-17	0	0	1	-444	11	19	0	216
18:50:00	67800	20	40	2	-185	0	0	0	0	0	0	0	0	6	12	0	44	0	0	0	4	0	0	0	0	0	10	0	18	0	0	0	-17	0	0	2	-446	14	18	0	212
18:55:00	68100	26	38	2	-199	0	0	0	0	0	0	0	0	7	17	0	34	0	0	0	4	0	0	0	0	3	4	0	17	0	0	0	-17	0	0	2	-448	16	17	0	211
19:00:00	68400	56	41	5	-189	0	0	0	0	0	0	0	0	34	17	0	51	0	0	0	4	1	0	0	1	0	5	0	12	0	0	0	-17	0	0	5	-453	21	19	0	213
19:05:00	68700	66	38	6	-167	0	0	0	0	0	0	0	0	44	16	0	79	0	0	0	4	0	0	0	1	3	0	0	15	0	0	1	-18	0	0	5	-458	19	22	0	210
19:10:00	69000	46	48	3	-172	0	0	0	0	0	0	0	0	29	35	0	73	0	0	0	4	0	1	0	0	1	0	0	16	0	0	0	-18	0	0	3	-461	16	12	0	214
19:15:00	69300	43	57	2	-188	0	0	0	0	0	0	0	0	26	34	0	65	0	1	0	3	0	0	0	0	3	2	0	17	0	0	0	-18	0	0	2	-463	14	20	0	208
19:20:00	69600	49	47	4	-190	0	0	0	0	1	0	0	1	29	27	0	67	0	0	0	3	0	0	0	0	0	2	0	15	0	0	0	-18	0	0	4	-467	19	18	0	209
19:25:00	69900	79	58	6	-175	1	0	0	1	0	0	0	1	50	30	0	87	0	0	0	3	2	0	0	2	0	0	0	15	0	0	0	-18	0	0	6	-473	26	28	0	207
19:30:00	70200	55	45	1	-166	1	1	0	1	0	0	0	1	38	28	0	97	0	0	0	3	1	0	0	3	1	3	0	13	0	0	0	-18	0	0	1	-474	14	13	0	208
19:35:00	70500	36	68	3	-201	0	1	0	0	0	1	0	0	20	47	0	70	0	1	0	2	0	0	0	3	1	0	0	14	0	0	0	-18	0	0	3	-477	15	18	0	205
19:40:00	70800	35	49	1	-216	1	0	0	1	0	0	0	0	21	31	0	60	0	0	0	2	0	0	0	3	0	1	0	13	0	0	0	-18	0	0	1	-478	13	17	0	201
19:45:00	71100	61	41	1	-197	0	1	0	0	0	0	0	0	35	23	0	72	0	0	0	2	1	1	0	3	3	3	0	13	0	0	0	-18	0	0	1	-479	22	13	0	210
19:50:00	71400	38	47	1	-207	0	0	0	0	1	0	0	1	22	26	0	68	0	0	0	2	1	1	0	3	0	1	0	12	0	0	0	-18	0	0	1	-480	14	19	0	205
19:55:00	71700	45	55	2	-219	0	0	0	0	0	1	0	0	25	32	0	61	0	0	0	2	1	0	0	4	1	1	0	12	0	0	0	-18	0	0	2	-482	18	21	0	202
20:00:00	72000	11	47	2	-257	0	0	0	0	0	0	0	0	5	30	0	36	0	0	0	2	0	0	0	4	0	2	0	10	0	0	0	-18	0	0	2	-484	6	15	0	193
20:05:00	72300	9	30	0	-278	0	0	0	0	0	0	0	0	6	15	0	27	0	0	0	2	0	1	0	3	1	0	0	11	0	0	0	-18	0	0	0	-484	2	14	0	181
20:10:00	72600	4	21	1	-296	0	0	0	0	0	0	0	0	1	10	0	18	0	0	0	2	0	0	0	3	1	0	0	12	0	0	0	-18	0	0	1	-485	2	11	0	172
20:15:00	72900	6	17	2	-309	0	0	0	0	0	0	0	0	2	10	0	10	0	0	0	2	0	0	0	3	0	0	0	12	0	0	0	-18	0	0	2	-487	4	7	0	169
20:20:00	73200	2	11	0	-318	0	0	0	0	0	0	0	0	1	4	0	7	0	1	0	1	0	0	0	3	0	0	0	12	0	0	0	-18	0	0	0	-487	1	6	0	164
20:25:00	73500	7	11	0	-322	0	0	0	0	0	0	0	0	3	1	0	9	0	1	0	0	0	0	0	3	0	3	0	9	0	0	0	-18	0	0	0	-487	4	6	0	162
20:30:00	73800	10	18	2	-332	0	0	0	0	0	0	0	0	1	5	0	5	0	0	0	0	0	0	0	3	0	5	0	4	0	0	0	-18	0	0	2	-489	9	8	0	163
20:35:00	74100	6	8	2	-336	0	0	0	0	0	0	0	0	1	1	0	5	0	0	0	0	0	0	0	3	0	1	0	3	0	0	0	-18	0	0	2	-491	5	6	0	162
20:40:00	74400	7	12	1	-342	0	0	0	0	0	0	0	0	2	0	0	7	0	0	0	0	0	1	0	2	0	0	0	3	0	0	0	-18	0	0	1	-492	5	11	0	156
20:45:00	74700	4	7	1	-346	0	0	0	0	0	0	0	0	2	2	0	7	0	0	0	0	0	0	0	2	0	0	0	3	0	0	0	-18	0	0	1	-493	2	5	0	153
20:50:00	75000	6	12	0	-352	0	0	0	0	0	0	0	0	4	4	0	7	0	0	0	0	0	1	0	1	0	0	0	3	0	0	0	-18	0	0	0	-493	2	7	0	148
20:55:00	75300	2	9	0	-359	0	0	0	0	0	0	0	0	0	3	0	4	0	0	0	0	0	0	0	1	0	0	0	3	0	0	0	-18	0	0	0	-493	2	6	0	144
21:00:00	75600	8	10	2	-363	0	0	0	0	0	0	0	0	3	1	0	6	0	0	0	0	0	1	0	0	0	0	0	3	0	0	0	-18	0	0	2	-495	5	8	0	141
21:05:00	75900	5	6	1	-365	0	0	0	0	0	0	0	0	3	1	0	8	0	0	0	0	0	0	0	0	0	0	0	3	0	0	0	-18	0	0	1	-496	2	5	0	138
21:10:00	76200	1	9	0	-373	0	0	0	0	0	0	0	0	0	3	0	5	0	0	0	0	0	0	0	0	0	0	0	3	0	0	0	-18	0	0	0	-496	1	6	0	133
21:15:00	76500	4	6	1	-376	0	0	0	0	0	0	0	0	1	2	0	4	0	0	0	0	0	0	0	0	0	0	0	3	0	0	0	-18	0	0	1	-497	3	4	0	132
21:20:00	76800	1	5	0	-380	0	0	0	0	0	0	0	0	0	1	0	3	0	0	0	0	0	0	0	0	0	0	0	3	0	0	0	-18	0	0	0	-497	1	4	0	129
21:25:00	77100	1	4	1	-384	0	0	0	0	0	0	0	0	0	0	0	3	0	0	0	0	0	0	0	0	0	0	0	3	0	0	0	-18	0	0	1	-498	1	4	0	126
21:30:00	77400	2	2	1	-385	0	0	0	0	0	0	0	0	0	0	0	3	0	0	0	0	0	0	0	0	0	0	0	3	0	0	0	-18	0	0	1	-499	2	2	0	126
21:35:00	77700	2	5	1	-389	0	0	0	0	0	0	0	0	0	3	0	0	0	0	0	0	0	0	0	0	0	0	0	3	0	0	0	-18	0	0	1	-500	2	2	0	126
21:40:00	78000	0	2	0	-391	0	0	0	0	0	0	0	0	0	0	0	0	0	0	0	0	0	0	0	0	0	0	0	3	0	0	0	-18	0	0	0	-500	0	2	0	124
21:45:00	78300	2	5	1	-395	0	0	0	0	0	0	0	0	0	0	0	0	0	0	0	0	0	0	0	0	0	0	0	3	0	0	0	-18	0	0	1	-501	2	5	0	121
21:50:00	78600	3	5	0	-397	0	0	0	0	0	0	0	0	1	1	0	0	0	0	0	0	0	0	0	0	0	0	0	3	0	0	0	-18	0	0	0	-501	2	4	0	119
21:55:00	78900	1	2	0	-398	0	0	0	0	0	0	0	0	1	0	0	1	0	0	0	0	0	0	0	0	0	0	0	3	0	0	0	-18	0	0	0	-501	0	2	0	117
22:00:00	79200	2	6	1	-403	0	0	0	0	0	0	0	0	0	0	0	1	0	0	0	0	0	0	0	0	0	0	0	3	0	0	0	-18	0	0	1	-502	2	6	0	113
22:05:00	79500	1	2	1	-405	0	0	0	0	0	0	0	0	0	0	0	1	0	0	0	0	0	0	0	0	0	0	0	3	0	0	0	-18	0	0	1	-503	1	2	0	112
22:10:00	79800	0	0	0	-405	0	0	0	0	0	0	0	0	0	0	0	1	0	0	0	0	0	0	0	0	0	0	0	3	0	0	0	-18	0	0	0	-503	0	0	0	112
22:15:00	80100	2	5	0	-408	0	0	0	0	0	0	0	0	0	0	0	1	0	0	0	0	0	0	0	0	0	0	0	3	0	0	0	-18	0	0	0	-503	2	5	0	109
22:20:00	80400	2	3	0	-409	0	0	0	0	0	0	0	0	0	0	0	1	0	0	0	0	0	0	0	0	0	0	0	3	0	0	0	-18	0	0	0	-503	2	3	0	108
22:25:00	80700	0	1	0	-410	0	0	0	0	0	0	0	0	0	0	0	1	0	0	0	0	0	0	0	0	0	0	0	3	0	0	0	-18	0	0	0	-503	0	1	0	107
22:30:00	81000	0	1	0	-411	0	0	0	0	0	0	0	0	0	0	0	1	0	0	0	0	0	0	0	0	0	0	0	3	0	0	0	-18	0	0	0	-503	0	1	0	106
22:35:00	81300	2	3	1	-413	0	0	0	0	0	0	0	0	1	0	0	2	0	0	0	0	0	0	0	0	0	0	0	3	0	0	0	-18	0	0	1	-504	1	3	0	104
22:40:00	81600	1	1	0	-413	0	0	0	0	0	0	0	0	0	0	0	2	0	0	0	0	0	0	0	0	0	0	0	3	0	0	0	-18	0	0	0	-504	1	1	0	104
22:45:00	81900	0	1	0	-414	0	0	0	0	0	0	0	0	0	1	0	1	0	0	0	0	0	0	0	0	0	0	0	3	0	0	0	-18	0	0	0	-504	0	0	0	104
22:50:00	82200	0	2	0	-416	0	0	0	0	0	0	0	0	0	1	0	0	0	0	0	0	0	0	0	0	0	0	0	3	0	0	0	-18	0	0	0	-504	0	1	0	103
22:55:00	82500	1	1	1	-417	0	0	0	0	0	0	0	0	0	0	0	0	0	0	0	0	0	0	0	0	0	0	0	3	0	0	0	-18	0	0	1	-505	1	1	0	103
23:00:00	82800	0	0	0	-417	0	0	0	0	0	0	0	0	0	0	0	0	0	0	0	0	0	0	0	0	0	0	0	3	0	0	0	-18	0	0	0	-505	0	0	0	103
23:05:00	83100	2	3	0	-418	0	0	0	0	0	0	0	0	1	0	0	1	0	0	0	0	0	0	0	0	0	0	0	3	0	0	0	-18	0	0	0	-505	1	3	0	101
23:10:00	83400	2	3	2	-421	0	0	0	0	0	0	0	0	0	0	0	1	0	0	0	0	0	0	0	0	0	0	0	3	0	0	0	-18	0	0	2	-507	2	3	0	100
23:15:00	83700	1	1	0	-421	0	0	0	0	0	0	0	0	1	0	0	2	0	0	0	0	0	0	0	0	0	0	0	3	0	0	0	-18	0	0	0	-507	0	1	0	99
23:20:00	84000	3	4	1	-423	0	0	0	0	0	0	0	0	1	1	0	2	0	0	0	0	0	0	0	0	0	0	0	3	0	0	0	-18	0	0	1	-508	2	3	0	98
23:25:00	84300	4	2	0	-421	0	0	0	0	0	0	0	0	1	0	0	3	0	0	0	0	0	0	0	0	0	0	0	3	0	0	0	-18	0	0	0	-508	3	2	0	99
23:30:00	84600	2	6	0	-425	0	0	0	0	0	0	0	0	2	2	0	3	0	0	0	0	0	0	0	0	0	0	0	3	0	0	0	-18	0	0	0	-508	0	4	0	95
23:35:00	84900	2	0	0	-423	0	0	0	0	0	0	0	0	2	0	0	5	0	0	0	0	0	0	0	0	0	0	0	3	0	0	0	-18	0	0	0	-508	0	0	0	95
23:40:00	85200	2	1	0	-422	0	0	0	0	0	0	0	0	2	1	0	6	0	0	0	0	0	0	0	0	0	0	0	3	0	0	0	-18	0	0	0	-508	0	0	0	95
23:45:00	85500	2	3	0	-423	0	0	0	0	0	0	0	0	0	2	0	4	0	0	0	0	0	0	0	0	0	0	0	3	0	0	0	-18	0	0	0	-508	2	1	0	96
23:50:00	85800	2	4	1	-426	0	0	0	0	0	0	0	0	0	1	0	3	0	0	0	0	0	0	0	0	0	0	0	3	0	0	0	-18	0	0	1	-509	2	3	0	95
23:55:00	86100	2	2	0	-426	0	0	0	0	0	0	0	0	0	1	0	2	0	0	0	0	0	0	0	0	0	0	0	3	0	0	0	-18	0	0	0	-509	2	1	0	96
24:00:00	86400	4	2	0	-424	0	0	0	0	0	0	0	0	3	0	0	5	0	0	0	0	0	0	0	0	0	0	0	3	0	0	0	-18	0	0	0	-509	1	2	0	95
24:05:00	86700	2	4	0	-426	0	0	0	0	0	0	0	0	2	3	0	4	0	0	0	0	0	0	0	0	0	0	0	3	0	0	0	-18	0	0	0	-509	0	1	0	94
24:10:00	87000	2	4	1	-429	0	0	0	0	0	0	0	0	0	2	0	2	0	0	0	0	0	0	0	0	0	0	0	3	0	0	0	-18	0	0	1	-510	2	2	0	94
24:15:00	87300	2	2	0	-429	0	0	0	0	0	0	0	0	0	0	0	2	0	0	0	0	0	0	0	0	0	0	0	3	0	0	0	-18	0	0	0	-510	2	2	0	94
24:20:00	87600	4	7	0	-432	0	0	0	0	0	0	0	0	0	1	0	1	0	0	0	0	1	1	0	0	0	0	0	3	0	0	0	-18	0	0	0	-510	3	5	0	92
24:25:00	87900	2	3	1	-434	0	0	0	0	0	0	0	0	0	0	0	1	0	0	0	0	0	0	0	0	0	0	0	3	0	0	0	-18	0	0	1	-511	2	3	0	91
24:30:00	88200	2	4	1	-437	0	0	0	0	0	0	0	0	1	0	0	2	0	0	0	0	0	0	0	0	0	0	0	3	0	0	0	-18	0	0	1	-512	1	4	0	88
24:35:00	88500	1	3	0	-439	0	0	0	0	0	0	0	0	1	2	0	1	0	0	0	0	0	0	0	0	0	0	0	3	0	0	0	-18	0	0	0	-512	0	1	0	87
24:40:00	88800	0	1	0	-440	0	0	0	0	0	0	0	0	0	0	0	1	0	0	0	0	0	0	0	0	0	0	0	3	0	0	0	-18	0	0	0	-512	0	1	0	86
24:45:00	89100	2	2	0	-440	0	0	0	0	0	0	0	0	2	0	0	3	0	0	0	0	0	0	0	0	0	0	0	3	0	0	0	-18	0	0	0	-512	0	2	0	84
24:50:00	89400	0	1	0	-441	0	0	0	0	0	0	0	0	0	1	0	2	0	0	0	0	0	0	0	0	0	0	0	3	0	0	0	-18	0	0	0	-512	0	0	0	84
24:55:00	89700	0	0	0	-441	0	0	0	0	0	0	0	0	0	0	0	2	0	0	0	0	0	0	0	0	0	0	0	3	0	0	0	-18	0	0	0	-512	0	0	0	84
25:00:00	90000	0	0	0	-441	0	0	0	0	0	0	0	0	0	0	0	2	0	0	0	0	0	0	0	0	0	0	0	3	0	0	0	-18	0	0	0	-512	0	0	0	84
25:05:00	90300	0	0	0	-441	0	0	0	0	0	0	0	0	0	0	0	2	0	0	0	0	0	0	0	0	0	0	0	3	0	0	0	-18	0	0	0	-512	0	0	0	84
25:10:00	90600	1	2	0	-442	0	0	0	0	0	0	0	0	0	0	0	2	0	0	0	0	0	0	0	0	0	0	0	3	0	0	0	-18	0	0	0	-512	1	2	0	83
25:15:00	90900	1	1	1	-443	0	0	0	0	0	0	0	0	0	0	0	2	0	0	0	0	0	0	0	0	0	0	0	3	0	0	0	-18	0	0	1	-513	1	1	0	83
25:20:00	91200	0	1	0	-444	0	0	0	0	0	0	0	0	0	1	0	1	0	0	0	0	0	0	0	0	0	0	0	3	0	0	0	-18	0	0	0	-513	0	0	0	83
25:25:00	91500	0	0	0	-444	0	0	0	0	0	0	0	0	0	0	0	1	0	0	0	0	0	0	0	0	0	0	0	3	0	0	0	-18	0	0	0	-513	0	0	0	83
25:30:00	91800	2	2	0	-444	0	0	0	0	0	0	0	0	0	1	0	0	0	0	0	0	0	0	0	0	0	0	0	3	0	0	0	-18	0	0	0	-513	2	1	0	84
25:35:00	92100	2	3	0	-445	0	0	0	0	0	0	0	0	1	1	0	0	0	0	0	0	0	0	0	0	0	0	0	3	0	0	0	-18	0	0	0	-513	1	2	0	83
25:40:00	92400	0	0	0	-445	0	0	0	0	0	0	0	0	0	0	0	0	0	0	0	0	0	0	0	0	0	0	0	3	0	0	0	-18	0	0	0	-513	0	0	0	83
25:45:00	92700	0	0	0	-445	0	0	0	0	0	0	0	0	0	0	0	0	0	0	0	0	0	0	0	0	0	0	0	3	0	0	0	-18	0	0	0	-513	0	0	0	83
25:50:00	93000	1	2	0	-446	0	0	0	0	0	0	0	0	0	0	0	0	0	0	0	0	0	0	0	0	0	0	0	3	0	0	0	-18	0	0	0	-513	1	2	0	82
25:55:00	93300	1	3	1	-449	0	0	0	0	0	0	0	0	0	0	0	0	0	0	0	0	0	0	0	0	0	0	0	3	0	0	0	-18	0	0	1	-514	1	3	0	80
26:00:00	93600	0	3	0	-452	0	0	0	0	0	0	0	0	0	0	0	0	0	0	0	0	0	0	0	0	0	0	0	3	0	0	0	-18	0	0	0	-514	0	3	0	77
26:05:00	93900	4	4	3	-455	0	0	0	0	0	0	0	0	1	0	0	1	0	0	0	0	0	0	0	0	0	0	0	3	0	0	0	-18	0	0	3	-517	3	4	0	76
26:10:00	94200	1	2	0	-456	0	0	0	0	0	0	0	0	1	0	0	2	0	0	0	0	0	0	0	0	0	0	0	3	0	0	0	-18	0	0	0	-517	0	2	0	74
26:15:00	94500	1	1	1	-457	0	0	0	0	0	0	0	0	0	0	0	2	0	0	0	0	0	0	0	0	0	0	0	3	0	0	0	-18	0	0	1	-518	1	1	0	74
26:20:00	94800	0	1	0	-458	0	0	0	0	0	0	0	0	0	0	0	2	0	0	0	0	0	0	0	0	0	0	0	3	0	0	0	-18	0	0	0	-518	0	1	0	73
26:25:00	95100	0	2	0	-460	0	0	0	0	0	0	0	0	0	0	0	2	0	0	0	0	0	0	0	0	0	0	0	3	0	0	0	-18	0	0	0	-518	0	2	0	71
26:30:00	95400	1	1	1	-461	0	0	0	0	0	0	0	0	0	0	0	2	0	0	0	0	0	0	0	0	0	0	0	3	0	0	0	-18	0	0	1	-519	1	1	0	71
26:35:00	95700	0	2	0	-463	0	0	0	0	0	0	0	0	0	0	0	2	0	0	0	0	0	0	0	0	0	0	0	3	0	0	0	-18	0	0	0	-519	0	2	0	69
26:40:00	96000	1	1	1	-464	0	0	0	0	0	0	0	0	0	0	0	2	0	0	0	0	0	0	0	0	0	0	0	3	0	0	0	-18	0	0	1	-520	1	1	0	69
26:45:00	96300	1	2	0	-465	0	0	0	0	0	0	0	0	1	1	0	2	0	0	0	0	0	0	0	0	0	0	0	3	0	0	0	-18	0	0	0	-520	0	1	0	68
26:50:00	96600	0	2	0	-467	0	0	0	0	0	0	0	0	0	0	0	2	0	0	0	0	0	0	0	0	0	0	0	3	0	0	0	-18	0	0	0	-520	0	2	0	66
26:55:00	96900	3	4	1	-469	0	0	0	0	0	0	0	0	1	1	0	2	0	0	0	0	0	0	0	0	0	0	0	3	0	0	0	-18	0	0	1	-521	2	3	0	65
27:00:00	97200	1	2	1	-471	0	0	0	0	0	0	0	0	0	0	0	2	0	0	0	0	0	0	0	0	0	0	0	3	0	0	0	-18	0	0	1	-522	1	2	0	64
27:05:00	97500	0	1	0	-472	0	0	0	0	0	0	0	0	0	0	0	2	0	0	0	0	0	0	0	0	0	0	0	3	0	0	0	-18	0	0	0	-522	0	1	0	63
27:10:00	97800	3	4	0	-473	0	0	0	0	0	0	0	0	1	1	0	2	0	0	0	0	0	0	0	0	0	0	0	3	0	0	0	-18	0	0	0	-522	2	3	0	62
27:15:00	98100	0	0	0	-473	0	0	0	0	0	0	0	0	0	0	0	2	0	0	0	0	0	0	0	0	0	0	0	3	0	0	0	-18	0	0	0	-522	0	0	0	62
27:20:00	98400	0	1	0	-474	0	0	0	0	0	0	0	0	0	1	0	1	0	0	0	0	0	0	0	0	0	0	0	3	0	0	0	-18	0	0	0	-522	0	0	0	62
27:25:00	98700	1	2	0	-475	0	0	0	0	0	0	0	0	0	0	0	1	0	0	0	0	0	0	0	0	0	0	0	3	0	0	0	-18	0	0	0	-522	1	2	0	61
27:30:00	99000	1	1	1	-476	0	0	0	0	0	0	0	0	0	0	0	1	0	0	0	0	0	0	0	0	0	0	0	3	0	0	0	-18	0	0	1	-523	1	1	0	61
27:35:00	99300	1	1	0	-476	0	0	0	0	0	0	0	0	0	0	0	1	0	0	0	0	0	0	0	0	0	0	0	3	0	0	0	-18	0	0	0	-523	1	1	0	61
27:40:00	99600	6	6	0	-476	0	0	0	0	0	0	0	0	3	2	0	2	0	0	0	0	0	0	0	0	0	0	0	3	0	0	0	-18	0	0	0	-523	3	4	0	60
27:45:00	99900	1	3	0	-478	0	0	0	0	0	0	0	0	0	1	0	1	0	0	0	0	0	0	0	0	0	0	0	3	0	0	0	-18	0	0	0	-523	1	2	0	59
27:50:00	100200	1	1	1	-479	0	0	0	0	0	0	0	0	0	0	0	1	0	0	0	0	0	0	0	0	0	0	0	3	0	0	0	-18	0	0	1	-524	1	1	0	59
27:55:00	100500	0	0	0	-479	0	0	0	0	0	0	0	0	0	0	0	1	0	0	0	0	0	0	0	0	0	0	0	3	0	0	0	-18	0	0	0	-524	0	0	0	59
28:00:00	100800	1	1	0	-479	0	0	0	0	0	0	0	0	1	1	0	1	0	0	0	0	0	0	0	0	0	0	0	3	0	0	0	-18	0	0	0	-524	0	0	0	59
28:05:00	101100	0	0	0	-479	0	0	0	0	0	0	0	0	0	0	0	1	0	0	0	0	0	0	0	0	0	0	0	3	0	0	0	-18	0	0	0	-524	0	0	0	59
28:10:00	101400	0	1	0	-480	0	0	0	0	0	0	0	0	0	0	0	1	0	0	0	0	0	0	0	0	0	0	0	3	0	0	0	-18	0	0	0	-524	0	1	0	58
28:15:00	101700	0	1	0	-481	0	0	0	0	0	0	0	0	0	0	0	1	0	0	0	0	0	0	0	0	0	0	0	3	0	0	0	-18	0	0	0	-524	0	1	0	57
28:20:00	102000	0	1	0	-482	0	0	0	0	0	0	0	0	0	0	0	1	0	0	0	0	0	0	0	0	0	0	0	3	0	0	0	-18	0	0	0	-524	0	1	0	56
28:25:00	102300	1	2	0	-483	0	0	0	0	0	0	0	0	1	1	0	1	0	0	0	0	0	0	0	0	0	0	0	3	0	0	0	-18	0	0	0	-524	0	1	0	55
28:30:00	102600	0	0	0	-483	0	0	0	0	0	0	0	0	0	0	0	1	0	0	0	0	0	0	0	0	0	0	0	3	0	0	0	-18	0	0	0	-524	0	0	0	55
28:35:00	102900	1	1	0	-483	0	0	0	0	0	0	0	0	1	1	0	1	0	0	0	0	0	0	0	0	0	0	0	3	0	0	0	-18	0	0	0	-524	0	0	0	55
28:40:00	103200	0	0	0	-483	0	0	0	0	0	0	0	0	0	0	0	1	0	0	0	0	0	0	0	0	0	0	0	3	0	0	0	-18	0	0	0	-524	0	0	0	55
28:45:00	103500	1	1	0	-483	0	0	0	0	0	0	0	0	0	1	0	0	0	0	0	0	0	0	0	0	0	0	0	3	0	0	0	-18	0	0	0	-524	1	0	0	56
28:50:00	103800	0	0	0	-483	0	0	0	0	0	0	0	0	0	0	0	0	0	0	0	0	0	0	0	0	0	0	0	3	0	0	0	-18	0	0	0	-524	0	0	0	56
28:55:00	104100	0	1	0	-484	0	0	0	0	0	0	0	0	0	0	0	0	0	0	0	0	0	0	0	0	0	0	0	3	0	0	0	-18	0	0	0	-524	0	1	0	55
29:00:00	104400	3	3	1	-485	0	0	0	0	0	0	0	0	1	0	0	1	0	0	0	0	0	0	0	0	0	0	0	3	0	0	0	-18	0	0	1	-525	2	3	0	54
29:05:00	104700	1	2	0	-486	0	0	0	0	0	0	0	0	1	0	0	2	0	0	0	0	0	0	0	0	0	0	0	3	0	0	0	-18	0	0	0	-525	0	2	0	52
29:10:00	105000	2	4	1	-489	0	0	0	0	0	0	0	0	1	2	0	1	0	0	0	0	0	0	0	0	0	0	0	3	0	0	0	-18	0	0	1	-526	1	2	0	51
29:15:00	105300	0	0	0	-489	0	0	0	0	0	0	0	0	0	0	0	1	0	0	0	0	0	0	0	0	0	0	0	3	0	0	0	-18	0	0	0	-526	0	0	0	51
29:20:00	105600	0	0	0	-489	0	0	0	0	0	0	0	0	0	0	0	1	0	0	0	0	0	0	0	0	0	0	0	3	0	0	0	-18	0	0	0	-526	0	0	0	51
29:25:00	105900	0	0	0	-489	0	0	0	0	0	0	0	0	0	0	0	1	0	0	0	0	0	0	0	0	0	0	0	3	0	0	0	-18	0	0	0	-526	0	0	0	51
29:30:00	106200	0	0	0	-489	0	0	0	0	0	0	0	0	0	0	0	1	0	0	0	0	0	0	0	0	0	0	0	3	0	0	0	-18	0	0	0	-526	0	0	0	51
29:35:00	106500	0	2	0	-491	0	0	0	0	0	0	0	0	0	0	0	1	0	0	0	0	0	0	0	0	0	0	0	3	0	0	0	-18	0	0	0	-526	0	2	0	49
29:40:00	106800	2	3	2	-494	0	0	0	0	0	0	0	0	0	0	0	1	0	0	0	0	0	0	0	0	0	0	0	3	0	0	0	-18	0	0	2	-528	2	3	0	48
29:45:00	107100	1	1	1	-495	0	0	0	0	0	0	0	0	0	0	0	1	0	0	0	0	0	0	0	0	0	0	0	3	0	0	0	-18	0	0	1	-529	1	1	0	48
29:50:00	107400	0	1	0	-496	0	0	0	0	0	0	0	0	0	0	0	1	0	0	0	0	0	0	0	0	0	0	0	3	0	0	0	-18	0	0	0	-529	0	1	0	47
29:55:00	107700	2	4	1	-499	0	0	0	0	0	0	0	0	0	1	0	0	0	0	0	0	0	0	0	0	0	0	0	3	0	0	0	-18	0	0	1	-530	2	3	0	46
30:00:00	108000	0	0	49	-548	0	0	0	0	0	0	0	0	0	0	0	0	0	0	0	0	0	0	0	0	0	0	3	0	0	0	0	-18	0	0	0	-530	0	0	46	0
30:05:00	108300	0	0	0	-548	0	0	0	0	0	0	0	0	0	0	0	0	0	0	0	0	0	0	0	0	0	0	0	0	0	0	0	-18	0	0	0	-530	0	0	0	0
