time	time	departures_all	arrivals_all	stuck_all	en-route_all	departures_Shared-Bike	arrivals_Shared-Bike	stuck_Shared-Bike	en-route_Shared-Bike	departures_bike	arrivals_bike	stuck_bike	en-route_bike	departures_car	arrivals_car	stuck_car	en-route_car	departures_car_passenger	arrivals_car_passenger	stuck_car_passenger	en-route_car_passenger	departures_eScooter	arrivals_eScooter	stuck_eScooter	en-route_eScooter	departures_pt	arrivals_pt	stuck_pt	en-route_pt	departures_sharing:standardBikeShare	arrivals_sharing:standardBikeShare	stuck_sharing:standardBikeShare	en-route_sharing:standardBikeShare	departures_sharing:standardeScooter	arrivals_sharing:standardeScooter	stuck_sharing:standardeScooter	en-route_sharing:standardeScooter	departures_walk	arrivals_walk	stuck_walk	en-route_walk
00:00:00	0	0	0	0	0	0	0	0	0	0	0	0	0	0	0	0	0	0	0	0	0	0	0	0	0	0	0	0	0	0	0	0	0	0	0	0	0	0	0	0	0
00:05:00	300	0	0	0	0	0	0	0	0	0	0	0	0	0	0	0	0	0	0	0	0	0	0	0	0	0	0	0	0	0	0	0	0	0	0	0	0	0	0	0	0
00:10:00	600	0	0	0	0	0	0	0	0	0	0	0	0	0	0	0	0	0	0	0	0	0	0	0	0	0	0	0	0	0	0	0	0	0	0	0	0	0	0	0	0
00:15:00	900	0	0	0	0	0	0	0	0	0	0	0	0	0	0	0	0	0	0	0	0	0	0	0	0	0	0	0	0	0	0	0	0	0	0	0	0	0	0	0	0
00:20:00	1200	0	0	0	0	0	0	0	0	0	0	0	0	0	0	0	0	0	0	0	0	0	0	0	0	0	0	0	0	0	0	0	0	0	0	0	0	0	0	0	0
00:25:00	1500	0	0	0	0	0	0	0	0	0	0	0	0	0	0	0	0	0	0	0	0	0	0	0	0	0	0	0	0	0	0	0	0	0	0	0	0	0	0	0	0
00:30:00	1800	0	0	0	0	0	0	0	0	0	0	0	0	0	0	0	0	0	0	0	0	0	0	0	0	0	0	0	0	0	0	0	0	0	0	0	0	0	0	0	0
00:35:00	2100	0	0	0	0	0	0	0	0	0	0	0	0	0	0	0	0	0	0	0	0	0	0	0	0	0	0	0	0	0	0	0	0	0	0	0	0	0	0	0	0
00:40:00	2400	0	0	0	0	0	0	0	0	0	0	0	0	0	0	0	0	0	0	0	0	0	0	0	0	0	0	0	0	0	0	0	0	0	0	0	0	0	0	0	0
00:45:00	2700	0	0	0	0	0	0	0	0	0	0	0	0	0	0	0	0	0	0	0	0	0	0	0	0	0	0	0	0	0	0	0	0	0	0	0	0	0	0	0	0
00:50:00	3000	0	0	0	0	0	0	0	0	0	0	0	0	0	0	0	0	0	0	0	0	0	0	0	0	0	0	0	0	0	0	0	0	0	0	0	0	0	0	0	0
00:55:00	3300	0	0	0	0	0	0	0	0	0	0	0	0	0	0	0	0	0	0	0	0	0	0	0	0	0	0	0	0	0	0	0	0	0	0	0	0	0	0	0	0
01:00:00	3600	0	0	0	0	0	0	0	0	0	0	0	0	0	0	0	0	0	0	0	0	0	0	0	0	0	0	0	0	0	0	0	0	0	0	0	0	0	0	0	0
01:05:00	3900	0	0	0	0	0	0	0	0	0	0	0	0	0	0	0	0	0	0	0	0	0	0	0	0	0	0	0	0	0	0	0	0	0	0	0	0	0	0	0	0
01:10:00	4200	0	0	0	0	0	0	0	0	0	0	0	0	0	0	0	0	0	0	0	0	0	0	0	0	0	0	0	0	0	0	0	0	0	0	0	0	0	0	0	0
01:15:00	4500	0	0	0	0	0	0	0	0	0	0	0	0	0	0	0	0	0	0	0	0	0	0	0	0	0	0	0	0	0	0	0	0	0	0	0	0	0	0	0	0
01:20:00	4800	0	0	0	0	0	0	0	0	0	0	0	0	0	0	0	0	0	0	0	0	0	0	0	0	0	0	0	0	0	0	0	0	0	0	0	0	0	0	0	0
01:25:00	5100	0	0	0	0	0	0	0	0	0	0	0	0	0	0	0	0	0	0	0	0	0	0	0	0	0	0	0	0	0	0	0	0	0	0	0	0	0	0	0	0
01:30:00	5400	0	0	0	0	0	0	0	0	0	0	0	0	0	0	0	0	0	0	0	0	0	0	0	0	0	0	0	0	0	0	0	0	0	0	0	0	0	0	0	0
01:35:00	5700	0	0	0	0	0	0	0	0	0	0	0	0	0	0	0	0	0	0	0	0	0	0	0	0	0	0	0	0	0	0	0	0	0	0	0	0	0	0	0	0
01:40:00	6000	0	0	0	0	0	0	0	0	0	0	0	0	0	0	0	0	0	0	0	0	0	0	0	0	0	0	0	0	0	0	0	0	0	0	0	0	0	0	0	0
01:45:00	6300	0	0	0	0	0	0	0	0	0	0	0	0	0	0	0	0	0	0	0	0	0	0	0	0	0	0	0	0	0	0	0	0	0	0	0	0	0	0	0	0
01:50:00	6600	0	0	0	0	0	0	0	0	0	0	0	0	0	0	0	0	0	0	0	0	0	0	0	0	0	0	0	0	0	0	0	0	0	0	0	0	0	0	0	0
01:55:00	6900	0	0	0	0	0	0	0	0	0	0	0	0	0	0	0	0	0	0	0	0	0	0	0	0	0	0	0	0	0	0	0	0	0	0	0	0	0	0	0	0
02:00:00	7200	0	0	0	0	0	0	0	0	0	0	0	0	0	0	0	0	0	0	0	0	0	0	0	0	0	0	0	0	0	0	0	0	0	0	0	0	0	0	0	0
02:05:00	7500	0	0	0	0	0	0	0	0	0	0	0	0	0	0	0	0	0	0	0	0	0	0	0	0	0	0	0	0	0	0	0	0	0	0	0	0	0	0	0	0
02:10:00	7800	0	0	0	0	0	0	0	0	0	0	0	0	0	0	0	0	0	0	0	0	0	0	0	0	0	0	0	0	0	0	0	0	0	0	0	0	0	0	0	0
02:15:00	8100	0	0	0	0	0	0	0	0	0	0	0	0	0	0	0	0	0	0	0	0	0	0	0	0	0	0	0	0	0	0	0	0	0	0	0	0	0	0	0	0
02:20:00	8400	0	0	0	0	0	0	0	0	0	0	0	0	0	0	0	0	0	0	0	0	0	0	0	0	0	0	0	0	0	0	0	0	0	0	0	0	0	0	0	0
02:25:00	8700	0	0	0	0	0	0	0	0	0	0	0	0	0	0	0	0	0	0	0	0	0	0	0	0	0	0	0	0	0	0	0	0	0	0	0	0	0	0	0	0
02:30:00	9000	0	0	0	0	0	0	0	0	0	0	0	0	0	0	0	0	0	0	0	0	0	0	0	0	0	0	0	0	0	0	0	0	0	0	0	0	0	0	0	0
02:35:00	9300	0	0	0	0	0	0	0	0	0	0	0	0	0	0	0	0	0	0	0	0	0	0	0	0	0	0	0	0	0	0	0	0	0	0	0	0	0	0	0	0
02:40:00	9600	0	0	0	0	0	0	0	0	0	0	0	0	0	0	0	0	0	0	0	0	0	0	0	0	0	0	0	0	0	0	0	0	0	0	0	0	0	0	0	0
02:45:00	9900	0	0	0	0	0	0	0	0	0	0	0	0	0	0	0	0	0	0	0	0	0	0	0	0	0	0	0	0	0	0	0	0	0	0	0	0	0	0	0	0
02:50:00	10200	0	0	0	0	0	0	0	0	0	0	0	0	0	0	0	0	0	0	0	0	0	0	0	0	0	0	0	0	0	0	0	0	0	0	0	0	0	0	0	0
02:55:00	10500	0	0	0	0	0	0	0	0	0	0	0	0	0	0	0	0	0	0	0	0	0	0	0	0	0	0	0	0	0	0	0	0	0	0	0	0	0	0	0	0
03:00:00	10800	0	0	0	0	0	0	0	0	0	0	0	0	0	0	0	0	0	0	0	0	0	0	0	0	0	0	0	0	0	0	0	0	0	0	0	0	0	0	0	0
03:05:00	11100	0	0	0	0	0	0	0	0	0	0	0	0	0	0	0	0	0	0	0	0	0	0	0	0	0	0	0	0	0	0	0	0	0	0	0	0	0	0	0	0
03:10:00	11400	0	0	0	0	0	0	0	0	0	0	0	0	0	0	0	0	0	0	0	0	0	0	0	0	0	0	0	0	0	0	0	0	0	0	0	0	0	0	0	0
03:15:00	11700	0	0	0	0	0	0	0	0	0	0	0	0	0	0	0	0	0	0	0	0	0	0	0	0	0	0	0	0	0	0	0	0	0	0	0	0	0	0	0	0
03:20:00	12000	0	0	0	0	0	0	0	0	0	0	0	0	0	0	0	0	0	0	0	0	0	0	0	0	0	0	0	0	0	0	0	0	0	0	0	0	0	0	0	0
03:25:00	12300	0	0	0	0	0	0	0	0	0	0	0	0	0	0	0	0	0	0	0	0	0	0	0	0	0	0	0	0	0	0	0	0	0	0	0	0	0	0	0	0
03:30:00	12600	0	0	0	0	0	0	0	0	0	0	0	0	0	0	0	0	0	0	0	0	0	0	0	0	0	0	0	0	0	0	0	0	0	0	0	0	0	0	0	0
03:35:00	12900	0	0	0	0	0	0	0	0	0	0	0	0	0	0	0	0	0	0	0	0	0	0	0	0	0	0	0	0	0	0	0	0	0	0	0	0	0	0	0	0
03:40:00	13200	0	0	0	0	0	0	0	0	0	0	0	0	0	0	0	0	0	0	0	0	0	0	0	0	0	0	0	0	0	0	0	0	0	0	0	0	0	0	0	0
03:45:00	13500	0	0	0	0	0	0	0	0	0	0	0	0	0	0	0	0	0	0	0	0	0	0	0	0	0	0	0	0	0	0	0	0	0	0	0	0	0	0	0	0
03:50:00	13800	0	0	0	0	0	0	0	0	0	0	0	0	0	0	0	0	0	0	0	0	0	0	0	0	0	0	0	0	0	0	0	0	0	0	0	0	0	0	0	0
03:55:00	14100	0	0	0	0	0	0	0	0	0	0	0	0	0	0	0	0	0	0	0	0	0	0	0	0	0	0	0	0	0	0	0	0	0	0	0	0	0	0	0	0
04:00:00	14400	0	0	0	0	0	0	0	0	0	0	0	0	0	0	0	0	0	0	0	0	0	0	0	0	0	0	0	0	0	0	0	0	0	0	0	0	0	0	0	0
04:05:00	14700	0	0	0	0	0	0	0	0	0	0	0	0	0	0	0	0	0	0	0	0	0	0	0	0	0	0	0	0	0	0	0	0	0	0	0	0	0	0	0	0
04:10:00	15000	0	0	0	0	0	0	0	0	0	0	0	0	0	0	0	0	0	0	0	0	0	0	0	0	0	0	0	0	0	0	0	0	0	0	0	0	0	0	0	0
04:15:00	15300	0	0	0	0	0	0	0	0	0	0	0	0	0	0	0	0	0	0	0	0	0	0	0	0	0	0	0	0	0	0	0	0	0	0	0	0	0	0	0	0
04:20:00	15600	0	0	0	0	0	0	0	0	0	0	0	0	0	0	0	0	0	0	0	0	0	0	0	0	0	0	0	0	0	0	0	0	0	0	0	0	0	0	0	0
04:25:00	15900	0	0	0	0	0	0	0	0	0	0	0	0	0	0	0	0	0	0	0	0	0	0	0	0	0	0	0	0	0	0	0	0	0	0	0	0	0	0	0	0
04:30:00	16200	0	0	0	0	0	0	0	0	0	0	0	0	0	0	0	0	0	0	0	0	0	0	0	0	0	0	0	0	0	0	0	0	0	0	0	0	0	0	0	0
04:35:00	16500	0	0	0	0	0	0	0	0	0	0	0	0	0	0	0	0	0	0	0	0	0	0	0	0	0	0	0	0	0	0	0	0	0	0	0	0	0	0	0	0
04:40:00	16800	0	0	0	0	0	0	0	0	0	0	0	0	0	0	0	0	0	0	0	0	0	0	0	0	0	0	0	0	0	0	0	0	0	0	0	0	0	0	0	0
04:45:00	17100	0	0	0	0	0	0	0	0	0	0	0	0	0	0	0	0	0	0	0	0	0	0	0	0	0	0	0	0	0	0	0	0	0	0	0	0	0	0	0	0
04:50:00	17400	0	0	0	0	0	0	0	0	0	0	0	0	0	0	0	0	0	0	0	0	0	0	0	0	0	0	0	0	0	0	0	0	0	0	0	0	0	0	0	0
04:55:00	17700	0	0	0	0	0	0	0	0	0	0	0	0	0	0	0	0	0	0	0	0	0	0	0	0	0	0	0	0	0	0	0	0	0	0	0	0	0	0	0	0
05:00:00	18000	0	0	0	0	0	0	0	0	0	0	0	0	0	0	0	0	0	0	0	0	0	0	0	0	0	0	0	0	0	0	0	0	0	0	0	0	0	0	0	0
05:05:00	18300	0	0	0	0	0	0	0	0	0	0	0	0	0	0	0	0	0	0	0	0	0	0	0	0	0	0	0	0	0	0	0	0	0	0	0	0	0	0	0	0
05:10:00	18600	0	0	0	0	0	0	0	0	0	0	0	0	0	0	0	0	0	0	0	0	0	0	0	0	0	0	0	0	0	0	0	0	0	0	0	0	0	0	0	0
05:15:00	18900	0	0	0	0	0	0	0	0	0	0	0	0	0	0	0	0	0	0	0	0	0	0	0	0	0	0	0	0	0	0	0	0	0	0	0	0	0	0	0	0
05:20:00	19200	0	0	0	0	0	0	0	0	0	0	0	0	0	0	0	0	0	0	0	0	0	0	0	0	0	0	0	0	0	0	0	0	0	0	0	0	0	0	0	0
05:25:00	19500	0	0	0	0	0	0	0	0	0	0	0	0	0	0	0	0	0	0	0	0	0	0	0	0	0	0	0	0	0	0	0	0	0	0	0	0	0	0	0	0
05:30:00	19800	0	0	0	0	0	0	0	0	0	0	0	0	0	0	0	0	0	0	0	0	0	0	0	0	0	0	0	0	0	0	0	0	0	0	0	0	0	0	0	0
05:35:00	20100	0	0	0	0	0	0	0	0	0	0	0	0	0	0	0	0	0	0	0	0	0	0	0	0	0	0	0	0	0	0	0	0	0	0	0	0	0	0	0	0
05:40:00	20400	0	0	0	0	0	0	0	0	0	0	0	0	0	0	0	0	0	0	0	0	0	0	0	0	0	0	0	0	0	0	0	0	0	0	0	0	0	0	0	0
05:45:00	20700	0	0	0	0	0	0	0	0	0	0	0	0	0	0	0	0	0	0	0	0	0	0	0	0	0	0	0	0	0	0	0	0	0	0	0	0	0	0	0	0
05:50:00	21000	0	0	0	0	0	0	0	0	0	0	0	0	0	0	0	0	0	0	0	0	0	0	0	0	0	0	0	0	0	0	0	0	0	0	0	0	0	0	0	0
05:55:00	21300	0	0	0	0	0	0	0	0	0	0	0	0	0	0	0	0	0	0	0	0	0	0	0	0	0	0	0	0	0	0	0	0	0	0	0	0	0	0	0	0
06:00:00	21600	4	0	0	4	0	0	0	0	0	0	0	0	3	0	0	3	0	0	0	0	0	0	0	0	0	0	0	0	0	0	0	0	0	0	0	0	1	0	0	1
06:05:00	21900	4	2	0	6	0	0	0	0	0	0	0	0	1	1	0	3	0	0	0	0	0	0	0	0	0	0	0	0	0	0	0	0	0	0	0	0	3	1	0	3
06:10:00	22200	4	2	0	8	0	0	0	0	0	0	0	0	2	1	0	4	0	0	0	0	0	0	0	0	0	0	0	0	0	0	0	0	0	0	0	0	2	1	0	4
06:15:00	22500	2	2	0	8	1	0	0	1	0	0	0	0	0	2	0	2	0	0	0	0	0	0	0	0	0	0	0	0	0	0	0	0	0	0	0	0	1	0	0	5
06:20:00	22800	5	2	0	11	0	1	0	0	0	0	0	0	3	0	0	5	0	0	0	0	0	0	0	0	0	0	0	0	0	0	0	0	0	0	0	0	2	1	0	6
06:25:00	23100	7	5	1	12	0	0	0	0	0	0	0	0	1	2	0	4	0	0	0	0	0	0	0	0	1	0	0	1	0	0	0	0	0	0	1	-1	5	3	0	8
06:30:00	23400	43	6	1	48	0	0	0	0	0	0	0	0	27	4	0	27	0	0	0	0	1	0	0	1	0	0	0	1	0	0	0	0	0	0	1	-2	15	2	0	21
06:35:00	23700	37	18	3	64	0	0	0	0	1	0	0	1	22	14	0	35	0	0	0	0	0	0	0	1	0	0	0	1	0	0	0	0	0	0	3	-5	14	4	0	31
06:40:00	24000	36	18	1	81	0	0	0	0	0	0	0	1	27	12	0	50	0	0	0	0	0	0	0	1	2	0	0	3	0	0	0	0	0	0	1	-6	7	6	0	32
06:45:00	24300	37	36	1	81	1	0	0	1	0	1	0	0	18	25	0	43	0	0	0	0	0	1	0	0	3	1	0	5	0	0	0	0	0	0	1	-7	15	8	0	39
06:50:00	24600	43	25	1	98	0	0	0	1	0	0	0	0	24	17	0	50	0	0	0	0	0	0	0	0	1	0	0	6	0	0	0	0	0	0	1	-8	18	8	0	49
06:55:00	24900	83	35	1	145	1	1	0	1	0	0	0	0	48	21	0	77	0	0	0	0	1	0	0	1	2	0	0	8	0	0	1	-1	0	0	0	-8	31	13	0	67
07:00:00	25200	65	51	4	155	1	0	0	2	0	0	0	0	37	39	0	75	0	0	0	0	2	1	0	2	1	0	0	9	0	0	0	-1	0	0	4	-12	24	11	0	80
07:05:00	25500	68	54	5	164	0	2	0	0	0	0	0	0	31	28	0	78	0	0	0	0	1	0	0	3	2	0	0	11	0	0	0	-1	0	0	5	-17	34	24	0	90
07:10:00	25800	69	58	2	173	0	0	0	0	0	0	0	0	39	27	0	90	0	0	0	0	2	3	0	2	3	2	0	12	0	0	0	-1	0	0	2	-19	25	26	0	89
07:15:00	26100	89	48	3	211	0	0	0	0	0	0	0	0	48	34	0	104	0	0	0	0	2	1	0	3	2	0	0	14	0	0	1	-2	0	0	2	-21	37	13	0	113
07:20:00	26400	80	65	3	223	0	0	0	0	0	0	0	0	53	42	0	115	0	0	0	0	1	0	0	4	6	3	0	17	0	0	1	-3	0	0	2	-23	20	20	0	113
07:25:00	26700	118	75	4	262	0	0	0	0	0	0	0	0	58	43	0	130	0	0	0	0	0	3	0	1	9	0	0	26	0	0	0	-3	0	0	4	-27	51	29	0	135
07:30:00	27000	76	81	1	256	0	0	0	0	0	0	0	0	49	57	0	122	0	0	0	0	2	1	0	2	5	2	0	29	0	0	0	-3	0	0	1	-28	20	21	0	134
07:35:00	27300	91	94	4	249	1	0	0	1	0	0	0	0	46	64	0	104	0	0	0	0	2	2	0	2	3	6	0	26	0	0	0	-3	0	0	4	-32	39	22	0	151
07:40:00	27600	90	60	3	276	0	0	0	1	0	0	0	0	50	38	0	116	0	0	0	0	1	0	0	3	4	2	0	28	0	0	0	-3	0	0	3	-35	35	20	0	166
07:45:00	27900	97	77	3	293	0	0	0	1	1	0	0	1	57	51	0	122	0	0	0	0	1	2	0	2	4	0	0	32	0	0	0	-3	0	0	3	-38	34	24	0	176
07:50:00	28200	110	74	3	326	1	1	0	1	0	0	0	1	59	44	0	137	0	0	0	0	0	1	0	1	8	6	0	34	0	0	0	-3	0	0	3	-41	42	22	0	196
07:55:00	28500	113	103	6	330	0	1	0	0	0	1	0	0	64	64	0	137	12	1	0	11	2	0	0	3	5	1	0	38	0	0	1	-4	0	0	5	-46	30	35	0	191
08:00:00	28800	126	114	2	340	0	0	0	0	0	0	0	0	57	63	0	131	24	8	0	27	0	2	0	1	6	5	0	39	0	0	0	-4	0	0	2	-48	39	36	0	194
08:05:00	29100	103	97	11	335	0	0	0	0	0	0	0	0	48	49	0	130	17	9	0	35	1	0	0	2	2	3	0	38	0	0	0	-4	0	0	11	-59	35	36	0	193
08:10:00	29400	135	107	3	360	0	0	0	0	0	0	0	0	57	62	0	125	26	16	0	45	1	0	0	3	7	4	0	41	0	0	0	-4	0	0	3	-62	44	25	0	212
08:15:00	29700	95	99	4	352	2	0	0	2	0	0	0	0	45	49	0	121	14	16	0	43	1	1	0	3	4	0	0	45	0	0	1	-5	0	0	3	-65	29	33	0	208
08:20:00	30000	113	98	7	360	0	2	0	0	0	0	0	0	61	46	0	136	16	17	0	42	0	1	0	2	5	4	0	46	0	0	0	-5	0	0	7	-72	31	28	0	211
08:25:00	30300	112	95	1	376	0	0	0	0	0	0	0	0	60	59	0	137	20	14	0	48	1	1	0	2	4	2	0	48	0	0	0	-5	0	0	1	-73	27	19	0	219
08:30:00	30600	91	95	4	368	0	0	0	0	0	0	0	0	36	46	0	127	21	15	0	54	0	0	0	2	6	7	0	47	0	0	0	-5	0	0	4	-77	28	27	0	220
08:35:00	30900	73	95	2	344	0	0	0	0	0	0	0	0	37	55	0	109	8	20	0	42	0	1	0	1	3	3	0	47	0	0	0	-5	0	0	2	-79	25	16	0	229
08:40:00	31200	97	96	6	339	0	0	0	0	0	0	0	0	29	47	0	91	24	16	0	50	2	0	0	3	5	7	0	45	0	0	0	-5	0	0	6	-85	37	26	0	240
08:45:00	31500	99	56	0	382	1	0	0	1	0	0	0	0	41	27	0	105	39	14	0	75	0	1	0	2	4	0	0	49	0	0	0	-5	0	0	0	-85	14	14	0	240
08:50:00	31800	75	98	2	357	0	1	0	0	0	0	0	0	31	43	0	93	13	23	0	65	1	1	0	2	6	1	0	54	0	0	0	-5	0	0	2	-87	24	29	0	235
08:55:00	32100	86	84	5	354	0	0	0	0	0	0	0	0	25	31	0	87	18	18	0	65	1	1	0	2	6	6	0	54	0	0	1	-6	0	0	4	-91	36	28	0	243
09:00:00	32400	90	82	2	360	0	0	0	0	0	0	0	0	44	35	0	96	4	17	0	52	1	0	0	3	7	3	0	58	0	0	0	-6	0	0	2	-93	34	27	0	250
09:05:00	32700	69	87	3	339	0	0	0	0	0	0	0	0	32	31	0	97	6	11	0	47	2	1	0	4	4	6	0	56	0	0	0	-6	0	0	3	-96	25	38	0	237
09:10:00	33000	57	80	3	313	0	0	0	0	0	0	0	0	31	38	0	90	3	13	0	37	0	2	0	2	1	0	0	57	0	0	0	-6	0	0	3	-99	22	27	0	232
09:15:00	33300	69	83	2	297	0	0	0	0	0	0	0	0	38	43	0	85	2	9	0	30	1	0	0	3	10	0	0	67	0	0	0	-6	0	0	2	-101	18	31	0	219
09:20:00	33600	49	76	2	268	0	0	0	0	0	0	0	0	21	37	0	69	2	13	0	19	2	3	0	2	6	1	0	72	0	0	0	-6	0	0	2	-103	18	22	0	215
09:25:00	33900	58	72	1	253	0	0	0	0	0	0	0	0	21	27	0	63	4	1	0	22	1	0	0	3	3	15	0	60	0	0	0	-6	0	0	1	-104	29	29	0	215
09:30:00	34200	57	71	2	237	0	0	0	0	0	0	0	0	24	27	0	60	1	7	0	16	2	3	0	2	1	3	0	58	0	0	0	-6	0	0	2	-106	29	31	0	213
09:35:00	34500	52	64	2	223	0	0	0	0	0	0	0	0	22	32	0	50	8	6	0	18	2	2	0	2	2	2	0	58	0	0	0	-6	0	0	2	-108	18	22	0	209
09:40:00	34800	42	59	3	203	0	0	0	0	0	0	0	0	17	23	0	44	2	5	0	15	1	1	0	2	2	2	0	58	0	0	0	-6	0	0	3	-111	20	28	0	201
09:45:00	35100	48	66	1	184	0	0	0	0	0	0	0	0	22	28	0	38	0	5	0	10	1	3	0	0	4	3	0	59	0	0	0	-6	0	0	1	-112	21	27	0	195
09:50:00	35400	44	49	6	173	0	0	0	0	0	0	0	0	21	17	0	42	0	4	0	6	1	0	0	1	4	0	0	63	0	0	0	-6	0	0	6	-118	18	28	0	185
09:55:00	35700	49	49	6	167	0	0	0	0	0	0	0	0	30	20	0	52	0	2	0	4	0	1	0	0	0	1	0	62	0	0	0	-6	0	0	6	-124	19	25	0	179
10:00:00	36000	76	63	10	170	0	0	0	0	0	0	0	0	31	21	0	62	0	2	0	2	0	0	0	0	2	10	0	54	0	0	1	-7	0	0	9	-133	43	30	0	192
10:05:00	36300	62	68	3	161	0	0	0	0	0	0	0	0	33	37	0	58	0	1	0	1	0	0	0	0	0	4	0	50	0	0	0	-7	0	0	3	-136	29	26	0	195
10:10:00	36600	87	78	9	161	0	0	0	0	0	0	0	0	40	30	0	68	0	1	0	0	1	1	0	0	3	6	0	47	0	0	0	-7	0	0	9	-145	43	40	0	198
10:15:00	36900	64	62	5	158	0	0	0	0	0	0	0	0	24	27	0	65	0	0	0	0	0	0	0	0	2	0	0	49	0	0	0	-7	0	0	5	-150	38	35	0	201
10:20:00	37200	68	74	3	149	1	1	0	0	0	0	0	0	31	32	0	64	0	0	0	0	0	0	0	0	1	2	0	48	0	0	0	-7	0	0	3	-153	35	39	0	197
10:25:00	37500	74	76	1	146	0	0	0	0	0	0	0	0	38	39	0	63	0	0	0	0	1	0	0	1	0	2	0	46	0	0	0	-7	0	0	1	-154	35	35	0	197
10:30:00	37800	66	75	3	134	0	0	0	0	0	0	0	0	30	30	0	63	0	0	0	0	1	1	0	1	3	1	0	48	0	0	0	-7	0	0	3	-157	32	43	0	186
10:35:00	38100	41	59	4	112	0	0	0	0	0	0	0	0	15	29	0	49	2	1	0	1	0	0	0	1	1	1	0	48	0	0	0	-7	0	0	4	-161	23	28	0	181
10:40:00	38400	54	53	3	110	0	0	0	0	0	0	0	0	23	26	0	46	1	1	0	1	0	0	0	1	0	1	0	47	0	0	0	-7	0	0	3	-164	30	25	0	186
10:45:00	38700	71	70	2	109	0	0	0	0	0	0	0	0	32	31	0	47	3	0	0	4	0	1	0	0	2	3	0	46	0	0	0	-7	0	0	2	-166	34	35	0	185
10:50:00	39000	46	57	2	96	0	0	0	0	0	0	0	0	18	19	0	46	0	3	0	1	1	0	0	1	1	0	0	47	0	0	0	-7	0	0	2	-168	26	35	0	176
10:55:00	39300	41	59	3	75	0	0	0	0	0	0	0	0	14	20	0	40	2	0	0	3	0	0	0	1	2	1	0	48	0	0	0	-7	0	0	3	-171	23	38	0	161
11:00:00	39600	53	47	5	76	0	0	0	0	0	0	0	0	18	18	0	40	4	1	0	6	1	0	0	2	0	1	0	47	0	0	1	-8	0	0	4	-175	30	27	0	164
11:05:00	39900	82	73	2	83	0	0	0	0	0	0	0	0	28	22	0	46	1	1	0	6	0	0	0	2	9	10	0	46	0	0	1	-9	0	0	1	-176	44	40	0	168
11:10:00	40200	77	58	4	98	0	0	0	0	0	0	0	0	37	20	0	63	2	1	0	7	0	1	0	1	3	2	0	47	0	0	0	-9	0	0	4	-180	35	34	0	169
11:15:00	40500	60	63	0	95	0	0	0	0	0	0	0	0	31	34	0	60	10	3	0	14	1	0	0	2	0	4	0	43	0	0	0	-9	0	0	0	-180	18	22	0	165
11:20:00	40800	61	59	2	95	0	0	0	0	0	0	0	0	20	28	0	52	2	2	0	14	1	1	0	2	3	0	0	46	0	0	0	-9	0	0	2	-182	35	28	0	172
11:25:00	41100	71	63	1	102	0	0	0	0	0	0	0	0	37	29	0	60	3	3	0	14	1	1	0	2	0	1	0	45	0	0	0	-9	0	0	1	-183	30	29	0	173
11:30:00	41400	81	67	2	114	0	0	0	0	0	0	0	0	33	25	0	68	1	5	0	10	2	1	0	3	4	3	0	46	0	0	0	-9	0	0	2	-185	41	33	0	181
11:35:00	41700	89	88	2	113	1	1	0	0	0	0	0	0	33	36	0	65	3	3	0	10	2	2	0	3	5	9	0	42	0	0	0	-9	0	0	2	-187	45	37	0	189
11:40:00	42000	72	68	1	116	0	0	0	0	0	0	0	0	28	25	0	68	0	4	0	6	1	1	0	3	4	7	0	39	0	0	0	-9	0	0	1	-188	39	31	0	197
11:45:00	42300	82	94	3	101	1	0	0	1	0	0	0	0	31	35	0	64	3	5	0	4	0	1	0	2	9	3	0	45	0	0	0	-9	0	0	3	-191	38	50	0	185
11:50:00	42600	84	70	0	115	0	1	0	0	0	0	0	0	44	29	0	79	5	1	0	8	2	2	0	2	3	1	0	47	0	0	0	-9	0	0	0	-191	30	36	0	179
11:55:00	42900	98	82	5	126	0	0	0	0	0	0	0	0	40	32	0	87	1	1	0	8	0	1	0	1	3	6	0	44	0	0	1	-10	0	0	4	-195	54	42	0	191
12:00:00	43200	76	77	2	123	1	0	0	1	0	0	0	0	43	38	0	92	2	2	0	8	1	1	0	1	4	0	0	48	0	0	0	-10	0	0	2	-197	25	36	0	180
12:05:00	43500	58	71	2	108	0	0	0	1	0	0	0	0	29	38	0	83	8	5	0	11	1	1	0	1	3	0	0	51	0	0	0	-10	0	0	2	-199	17	27	0	170
12:10:00	43800	63	59	3	109	0	0	0	1	0	0	0	0	31	34	0	80	2	0	0	13	1	0	0	2	4	1	0	54	0	0	1	-11	0	0	2	-201	25	24	0	171
12:15:00	44100	49	53	1	104	1	1	0	1	0	0	0	0	27	31	0	76	1	3	0	11	1	0	0	3	1	2	0	53	0	0	0	-11	0	0	1	-202	18	16	0	173
12:20:00	44400	43	62	6	79	1	1	0	1	0	0	0	0	21	33	0	64	0	3	0	8	1	1	0	3	3	1	0	55	0	0	1	-12	0	0	5	-207	17	23	0	167
12:25:00	44700	61	62	5	73	0	0	0	1	0	0	0	0	34	28	0	70	0	3	0	5	0	1	0	2	3	4	0	54	0	0	1	-13	0	0	4	-211	24	26	0	165
12:30:00	45000	41	46	3	65	1	0	0	2	0	0	0	0	22	23	0	69	0	1	0	4	1	0	0	3	1	4	0	51	0	0	0	-13	0	0	3	-214	16	18	0	163
12:35:00	45300	31	50	0	46	0	2	0	0	0	0	0	0	9	27	0	51	0	2	0	2	1	0	0	4	3	4	0	50	0	0	0	-13	0	0	0	-214	18	15	0	166
12:40:00	45600	37	36	3	44	1	0	0	1	0	0	0	0	19	15	0	55	0	1	0	1	0	1	0	3	1	1	0	50	0	0	0	-13	0	0	3	-217	16	18	0	164
12:45:00	45900	48	37	2	53	0	0	0	1	0	0	0	0	26	23	0	58	0	0	0	1	2	0	0	5	2	1	0	51	0	0	0	-13	0	0	2	-219	18	13	0	169
12:50:00	46200	35	51	2	35	1	1	0	1	0	0	0	0	16	25	0	49	0	1	0	0	1	3	0	3	3	0	0	54	0	0	0	-13	0	0	2	-221	14	21	0	162
12:55:00	46500	40	40	1	34	0	1	0	0	0	0	0	0	18	22	0	45	0	0	0	0	1	2	0	2	3	3	0	54	0	0	0	-13	0	0	1	-222	18	12	0	168
13:00:00	46800	3	30	1	6	1	0	0	1	0	0	0	0	0	19	0	26	0	0	0	0	0	1	0	1	0	1	0	53	0	0	0	-13	0	0	1	-223	2	9	0	161
13:05:00	47100	4	25	0	-15	0	0	0	1	0	0	0	0	1	17	0	10	0	0	0	0	0	0	0	1	0	0	0	53	0	0	0	-13	0	0	0	-223	3	8	0	156
13:10:00	47400	3	15	0	-27	0	1	0	0	0	0	0	0	0	3	0	7	0	0	0	0	0	0	0	1	3	0	0	56	0	0	0	-13	0	0	0	-223	0	11	0	145
13:15:00	47700	16	9	2	-22	0	0	0	0	0	0	0	0	10	3	0	14	0	0	0	0	0	0	0	1	1	0	0	57	0	0	0	-13	0	0	2	-225	5	6	0	144
13:20:00	48000	15	20	1	-28	0	0	0	0	0	0	0	0	7	7	0	14	0	0	0	0	0	0	0	1	0	3	0	54	0	0	0	-13	0	0	1	-226	8	10	0	142
13:25:00	48300	14	15	3	-32	0	0	0	0	0	0	0	0	3	4	0	13	0	0	0	0	0	0	0	1	1	3	0	52	0	0	0	-13	0	0	3	-229	10	8	0	144
13:30:00	48600	48	19	1	-4	0	0	0	0	0	0	0	0	33	5	0	41	1	0	0	1	0	0	0	1	1	2	0	51	0	0	0	-13	0	0	1	-230	13	12	0	145
13:35:00	48900	55	50	2	-1	0	0	0	0	0	0	0	0	29	26	0	44	5	0	0	6	0	0	0	1	1	9	0	43	0	0	0	-13	0	0	2	-232	20	15	0	150
13:40:00	49200	53	47	2	3	0	0	0	0	0	0	0	0	21	19	0	46	5	2	0	9	2	1	0	2	0	3	0	40	0	0	0	-13	0	0	2	-234	25	22	0	153
13:45:00	49500	55	46	3	9	0	0	0	0	0	0	0	0	25	20	0	51	2	3	0	8	3	1	0	4	1	2	0	39	0	0	0	-13	0	0	3	-237	24	20	0	157
13:50:00	49800	90	53	5	41	1	0	0	1	0	0	0	0	39	21	0	69	15	7	0	16	1	1	0	4	3	1	0	41	0	0	0	-13	0	0	5	-242	31	23	0	165
13:55:00	50100	96	63	3	71	1	1	0	1	0	0	0	0	53	36	0	86	12	5	0	23	0	2	0	2	2	0	0	43	0	0	0	-13	0	0	3	-245	28	19	0	174
14:00:00	50400	74	79	3	63	0	0	0	1	0	0	0	0	40	43	0	83	3	10	0	16	2	0	0	4	4	0	0	47	0	0	0	-13	0	0	3	-248	25	26	0	173
14:05:00	50700	84	80	4	63	0	1	0	0	0	0	0	0	29	33	0	79	9	6	0	19	0	2	0	2	4	0	0	51	0	0	1	-14	0	0	3	-251	42	38	0	177
14:10:00	51000	74	70	5	62	1	0	0	1	0	0	0	0	35	30	0	84	14	11	0	22	1	1	0	2	4	0	0	55	0	0	1	-15	0	0	4	-255	19	28	0	168
14:15:00	51300	69	69	1	61	1	1	0	1	0	0	0	0	38	34	0	88	8	8	0	22	1	0	0	3	4	0	0	59	0	0	0	-15	0	0	1	-256	17	26	0	159
14:20:00	51600	84	76	6	63	0	0	0	1	0	0	0	0	27	29	0	86	14	8	0	28	1	3	0	1	3	7	0	55	0	0	0	-15	0	0	6	-262	39	29	0	169
14:25:00	51900	71	72	2	60	0	0	0	1	0	0	0	0	40	46	0	80	16	10	0	34	0	0	0	1	2	1	0	56	0	0	0	-15	0	0	2	-264	13	15	0	167
14:30:00	52200	55	67	4	44	0	1	0	0	0	0	0	0	19	26	0	73	12	15	0	31	1	1	0	1	2	2	0	56	0	0	0	-15	0	0	4	-268	21	22	0	166
14:35:00	52500	75	64	3	52	0	0	0	0	0	0	0	0	39	29	0	83	4	11	0	24	1	0	0	2	2	1	0	57	0	0	0	-15	0	0	3	-271	29	23	0	172
14:40:00	52800	57	76	1	32	0	0	0	0	0	0	0	0	22	37	0	68	8	8	0	24	0	1	0	1	2	6	0	53	0	0	0	-15	0	0	1	-272	25	24	0	173
14:45:00	53100	52	64	3	17	0	0	0	0	0	0	0	0	23	24	0	67	9	13	0	20	0	0	0	1	3	9	0	47	0	0	0	-15	0	0	3	-275	17	18	0	172
14:50:00	53400	56	64	3	6	0	0	0	0	0	0	0	0	26	31	0	62	3	5	0	18	0	1	0	0	2	2	0	47	0	0	0	-15	0	0	3	-278	25	25	0	172
14:55:00	53700	51	59	0	-2	0	0	0	0	0	0	0	0	16	26	0	52	8	6	0	20	2	1	0	1	3	3	0	47	0	0	0	-15	0	0	0	-278	22	23	0	171
15:00:00	54000	45	52	2	-11	0	0	0	0	0	0	0	0	20	19	0	53	3	9	0	14	0	0	0	1	0	4	0	43	0	0	0	-15	0	0	2	-280	22	20	0	173
15:05:00	54300	54	61	5	-23	0	0	0	0	0	0	0	0	17	28	0	42	1	5	0	10	3	0	0	4	1	0	0	44	0	0	1	-16	0	0	4	-284	32	28	0	177
15:10:00	54600	55	59	1	-28	0	0	0	0	0	0	0	0	19	23	0	38	0	4	0	6	2	2	0	4	3	0	0	47	0	0	0	-16	0	0	1	-285	31	30	0	178
15:15:00	54900	59	53	0	-22	0	0	0	0	0	0	0	0	26	12	0	52	1	2	0	5	2	5	0	1	2	1	0	48	0	0	0	-16	0	0	0	-285	28	33	0	173
15:20:00	55200	55	54	4	-25	0	0	0	0	0	0	0	0	21	23	0	50	1	1	0	5	1	1	0	1	3	0	0	51	0	0	0	-16	0	0	4	-289	29	29	0	173
15:25:00	55500	45	52	4	-36	0	0	0	0	0	0	0	0	22	26	0	46	0	0	0	5	0	0	0	1	1	0	0	52	0	0	0	-16	0	0	4	-293	22	26	0	169
15:30:00	55800	69	46	1	-14	1	0	0	1	0	0	0	0	35	22	0	59	0	1	0	4	0	1	0	0	0	1	0	51	0	0	0	-16	0	0	1	-294	33	21	0	181
15:35:00	56100	97	67	2	14	0	1	0	0	0	0	0	0	41	31	0	69	0	0	0	4	0	0	0	0	3	7	0	47	0	0	0	-16	0	0	2	-296	53	28	0	206
15:40:00	56400	97	94	7	10	0	0	0	0	0	0	0	0	52	46	0	75	0	1	0	3	1	0	0	1	3	0	0	50	0	0	1	-17	0	0	6	-302	41	47	0	200
15:45:00	56700	73	78	7	-2	0	0	0	0	0	0	0	0	36	35	0	76	0	0	0	3	1	2	0	0	3	3	0	50	0	0	0	-17	0	0	7	-309	33	38	0	195
15:50:00	57000	73	75	5	-9	0	0	0	0	2	1	0	1	34	36	0	74	0	1	0	2	0	0	0	0	1	0	0	51	0	0	0	-17	0	0	5	-314	36	37	0	194
15:55:00	57300	60	80	10	-39	0	0	0	0	0	1	0	0	20	34	0	60	0	0	0	2	1	0	0	1	2	3	0	50	0	0	0	-17	0	0	10	-324	37	42	0	189
16:00:00	57600	93	70	3	-19	0	0	0	0	0	0	0	0	27	24	0	63	21	0	0	23	1	0	0	2	2	6	0	46	0	0	0	-17	0	0	3	-327	42	40	0	191
16:05:00	57900	85	74	2	-10	0	0	0	0	0	0	0	0	33	33	0	63	19	7	0	35	1	2	0	1	0	4	0	42	0	0	0	-17	0	0	2	-329	32	28	0	195
16:10:00	58200	64	80	2	-28	0	0	0	0	0	0	0	0	24	35	0	52	18	15	0	38	0	0	0	1	1	0	0	43	0	0	0	-17	0	0	2	-331	21	30	0	186
16:15:00	58500	81	81	5	-33	0	0	0	0	0	0	0	0	20	27	0	45	16	14	0	40	0	1	0	0	6	6	0	43	0	0	0	-17	0	0	5	-336	39	33	0	192
16:20:00	58800	86	72	4	-23	0	0	0	0	0	0	0	0	35	22	0	58	17	13	0	44	0	0	0	0	1	1	0	43	0	0	0	-17	0	0	4	-340	33	36	0	189
16:25:00	59100	95	82	2	-12	1	1	0	0	0	0	0	0	33	29	0	62	27	18	0	53	0	0	0	0	1	4	0	40	0	0	0	-17	0	0	2	-342	33	30	0	192
16:30:00	59400	114	80	7	15	0	0	0	0	0	0	0	0	34	26	0	70	31	16	0	68	0	0	0	0	5	3	0	42	0	0	0	-17	0	0	7	-349	44	35	0	201
16:35:00	59700	125	93	5	42	1	0	0	1	0	0	0	0	43	26	0	87	28	22	0	74	1	0	0	1	4	1	0	45	0	0	0	-17	0	0	5	-354	48	44	0	205
16:40:00	60000	124	119	8	39	0	0	0	1	0	0	0	0	52	40	0	99	19	25	0	68	2	0	0	3	3	6	0	42	0	0	0	-17	0	0	8	-362	48	48	0	205
16:45:00	60300	92	104	8	19	1	1	0	1	0	0	0	0	30	40	0	89	29	22	0	75	0	1	0	2	1	5	0	38	0	0	0	-17	0	0	8	-370	31	35	0	201
16:50:00	60600	130	104	3	42	0	1	0	0	0	0	0	0	43	44	0	88	45	29	0	91	0	1	0	1	0	2	0	36	0	0	0	-17	0	0	3	-373	42	27	0	216
16:55:00	60900	119	116	2	43	0	0	0	0	0	0	0	0	41	45	0	84	32	27	0	96	1	1	0	1	4	1	0	39	0	0	0	-17	0	0	2	-375	41	42	0	215
17:00:00	61200	154	113	4	80	0	0	0	0	0	0	0	0	83	33	0	134	20	29	0	87	2	0	0	3	4	8	0	35	0	0	0	-17	0	0	4	-379	45	43	0	217
17:05:00	61500	142	115	3	104	2	0	0	2	0	0	0	0	78	54	0	158	12	23	0	76	0	0	0	3	0	7	0	28	0	0	0	-17	0	0	3	-382	50	31	0	236
17:10:00	61800	134	134	3	101	0	1	0	1	0	0	0	0	63	62	0	159	16	19	0	73	0	3	0	0	6	2	0	32	0	0	0	-17	0	0	3	-385	49	47	0	238
17:15:00	62100	143	140	2	102	0	1	0	0	0	0	0	0	64	79	0	144	26	23	0	76	0	0	0	0	4	3	0	33	0	0	0	-17	0	0	2	-387	49	34	0	253
17:20:00	62400	144	129	2	115	0	0	0	0	0	0	0	0	77	61	0	160	15	23	0	68	1	0	0	1	7	3	0	37	0	0	0	-17	0	0	2	-389	44	42	0	255
17:25:00	62700	101	143	3	70	0	0	0	0	0	0	0	0	44	69	0	135	0	23	0	45	1	0	0	2	8	5	0	40	0	0	0	-17	0	0	3	-392	48	46	0	257
17:30:00	63000	81	97	3	51	1	0	0	1	0	0	0	0	50	56	0	129	1	12	0	34	1	0	0	3	2	4	0	38	0	0	0	-17	0	0	3	-395	26	25	0	258
17:35:00	63300	76	84	3	40	0	0	0	1	0	0	0	0	48	46	0	131	2	9	0	27	0	1	0	2	4	3	0	39	0	0	0	-17	0	0	3	-398	22	25	0	255
17:40:00	63600	61	81	3	17	0	1	0	0	0	0	0	0	23	44	0	110	1	3	0	25	1	1	0	2	9	5	0	43	0	0	0	-17	0	0	3	-401	27	27	0	255
17:45:00	63900	87	79	6	19	0	0	0	0	0	0	0	0	56	48	0	118	1	1	0	25	0	0	0	2	2	3	0	42	0	0	0	-17	0	0	6	-407	28	27	0	256
17:50:00	64200	81	90	5	5	0	0	0	0	0	0	0	0	51	50	0	119	1	7	0	19	1	1	0	2	4	4	0	42	0	0	0	-17	0	0	5	-412	24	28	0	252
17:55:00	64500	74	79	4	-4	0	0	0	0	0	0	0	0	46	47	0	118	0	3	0	16	0	0	0	2	4	5	0	41	0	0	0	-17	0	0	4	-416	24	24	0	252
18:00:00	64800	55	81	0	-30	0	0	0	0	0	0	0	0	35	56	0	97	1	1	0	16	0	1	0	1	2	4	0	39	0	0	0	-17	0	0	0	-416	17	19	0	250
18:05:00	65100	60	72	5	-47	0	0	0	0	0	0	0	0	30	35	0	92	0	2	0	14	0	0	0	1	3	10	0	32	0	0	0	-17	0	0	5	-421	27	25	0	252
18:10:00	65400	41	64	3	-73	0	0	0	0	0	0	0	0	20	37	0	75	1	1	0	14	1	0	0	2	3	2	0	33	0	0	0	-17	0	0	3	-424	16	24	0	244
18:15:00	65700	35	56	2	-96	0	0	0	0	0	0	0	0	18	33	0	60	0	1	0	13	0	1	0	1	1	2	0	32	0	0	0	-17	0	0	2	-426	16	19	0	241
18:20:00	66000	50	51	1	-98	1	1	0	0	0	0	0	0	28	19	0	69	0	2	0	11	0	0	0	1	0	5	0	27	0	0	0	-17	0	0	1	-427	21	24	0	238
18:25:00	66300	41	49	4	-110	1	0	0	1	0	0	0	0	25	26	0	68	0	1	0	10	0	0	0	1	0	4	0	23	0	0	0	-17	0	0	4	-431	15	18	0	235
18:30:00	66600	40	51	2	-123	0	1	0	0	0	0	0	0	15	24	0	59	1	2	0	9	0	0	0	1	3	5	0	21	0	0	0	-17	0	0	2	-433	21	19	0	237
18:35:00	66900	48	56	3	-134	0	0	0	0	0	0	0	0	22	30	0	51	0	2	0	7	0	0	0	1	1	2	0	20	0	0	1	-18	0	0	2	-435	25	22	0	240
18:40:00	67200	23	38	4	-153	0	0	0	0	0	0	0	0	12	22	0	41	0	1	0	6	1	0	0	2	0	1	0	19	0	0	0	-18	0	0	4	-439	10	14	0	236
18:45:00	67500	30	40	0	-163	0	0	0	0	0	0	0	0	17	16	0	42	0	2	0	4	1	1	0	2	1	1	0	19	0	0	0	-18	0	0	0	-439	11	20	0	227
18:50:00	67800	13	35	1	-186	0	0	0	0	0	0	0	0	4	14	0	32	0	0	0	4	0	1	0	1	0	6	0	13	0	0	0	-18	0	0	1	-440	9	14	0	222
18:55:00	68100	20	28	1	-195	0	0	0	0	0	0	0	0	12	15	0	29	0	0	0	4	0	0	0	1	0	1	0	12	0	0	0	-18	0	0	1	-441	8	12	0	218
19:00:00	68400	49	32	0	-178	0	0	0	0	0	0	0	0	34	15	0	48	0	0	0	4	0	1	0	0	0	6	0	6	0	0	0	-18	0	0	0	-441	15	10	0	223
19:05:00	68700	69	40	1	-150	0	0	0	0	0	0	0	0	40	18	0	70	0	0	0	4	1	0	0	1	3	0	0	9	0	0	0	-18	0	0	1	-442	25	22	0	226
19:10:00	69000	46	52	4	-160	0	0	0	0	0	0	0	0	31	32	0	69	0	1	0	3	0	0	0	1	0	0	0	9	0	0	0	-18	0	0	4	-446	15	19	0	222
19:15:00	69300	44	46	1	-163	1	1	0	0	0	0	0	0	26	25	0	70	0	0	0	3	0	0	0	1	3	1	0	11	0	0	0	-18	0	0	1	-447	14	19	0	217
19:20:00	69600	45	52	2	-172	0	0	0	0	0	0	0	0	30	32	0	68	0	0	0	3	0	1	0	0	0	0	0	11	0	0	0	-18	0	0	2	-449	15	19	0	213
19:25:00	69900	67	51	1	-157	0	0	0	0	0	0	0	0	48	32	0	84	0	0	0	3	1	0	0	1	0	1	0	10	0	0	0	-18	0	0	1	-450	18	18	0	213
19:30:00	70200	57	54	3	-157	0	0	0	0	0	0	0	0	36	33	0	87	0	0	0	3	2	0	0	3	2	3	0	9	0	0	0	-18	0	0	3	-453	17	18	0	212
19:35:00	70500	36	53	3	-177	0	0	0	0	0	0	0	0	24	37	0	74	0	1	0	2	0	1	0	2	1	1	0	9	0	0	0	-18	0	0	3	-456	11	13	0	210
19:40:00	70800	33	41	1	-186	1	0	0	1	0	0	0	0	20	31	0	63	0	0	0	2	0	0	0	2	2	0	0	11	0	0	0	-18	0	0	1	-457	10	10	0	210
19:45:00	71100	50	34	0	-170	0	1	0	0	0	0	0	0	34	20	0	77	0	0	0	2	0	1	0	1	0	2	0	9	0	0	0	-18	0	0	0	-457	16	10	0	216
19:50:00	71400	39	42	0	-173	0	0	0	0	0	0	0	0	22	28	0	71	0	0	0	2	1	0	0	2	2	1	0	10	0	0	0	-18	0	0	0	-457	14	13	0	217
19:55:00	71700	44	61	0	-190	0	0	0	0	0	0	0	0	28	35	0	64	0	0	0	2	1	1	0	2	1	0	0	11	0	0	0	-18	0	0	0	-457	14	25	0	206
20:00:00	72000	10	44	1	-225	1	0	0	1	0	0	0	0	1	24	0	41	0	0	0	2	0	0	0	2	1	3	0	9	0	0	0	-18	0	0	1	-458	7	17	0	196
20:05:00	72300	7	31	1	-250	0	0	0	1	0	0	0	0	3	17	0	27	0	0	0	2	0	1	0	1	1	0	0	10	0	0	0	-18	0	0	1	-459	3	13	0	186
20:10:00	72600	7	21	0	-264	0	1	0	0	0	0	0	0	2	11	0	18	0	0	0	2	0	1	0	0	0	0	0	10	0	0	0	-18	0	0	0	-459	5	8	0	183
20:15:00	72900	10	23	0	-277	0	0	0	0	0	0	0	0	4	8	0	14	0	1	0	1	0	0	0	0	2	2	0	10	0	0	0	-18	0	0	0	-459	4	12	0	175
20:20:00	73200	10	16	2	-285	0	0	0	0	0	0	0	0	4	8	0	10	0	0	0	1	0	0	0	0	0	1	0	9	0	0	0	-18	0	0	2	-461	6	7	0	174
20:25:00	73500	4	9	0	-290	0	0	0	0	0	0	0	0	2	1	0	11	0	1	0	0	0	0	0	0	0	1	0	8	0	0	0	-18	0	0	0	-461	2	6	0	170
20:30:00	73800	7	16	1	-300	0	0	0	0	0	0	0	0	0	3	0	8	0	0	0	0	0	0	0	0	0	5	0	3	0	0	0	-18	0	0	1	-462	7	8	0	169
20:35:00	74100	10	17	2	-309	0	0	0	0	0	0	0	0	2	2	0	8	0	0	0	0	0	0	0	0	0	2	0	1	0	0	0	-18	0	0	2	-464	8	13	0	164
20:40:00	74400	5	8	0	-312	0	0	0	0	0	0	0	0	3	1	0	10	0	0	0	0	0	0	0	0	0	0	0	1	0	0	0	-18	0	0	0	-464	2	7	0	159
20:45:00	74700	4	10	1	-319	0	0	0	0	0	0	0	0	0	0	0	10	0	0	0	0	0	0	0	0	0	0	0	1	0	0	0	-18	0	0	1	-465	4	10	0	153
20:50:00	75000	8	11	1	-323	0	0	0	0	0	0	0	0	3	3	0	10	0	0	0	0	0	0	0	0	0	0	0	1	0	0	0	-18	0	0	1	-466	5	8	0	150
20:55:00	75300	4	8	0	-327	0	0	0	0	0	0	0	0	1	3	0	8	0	0	0	0	0	0	0	0	0	0	0	1	0	0	0	-18	0	0	0	-466	3	5	0	148
21:00:00	75600	8	9	0	-328	0	0	0	0	0	0	0	0	6	3	0	11	0	0	0	0	0	0	0	0	0	0	0	1	0	0	0	-18	0	0	0	-466	2	6	0	144
21:05:00	75900	3	6	1	-332	0	0	0	0	0	0	0	0	1	2	0	10	0	0	0	0	0	0	0	0	0	0	0	1	0	0	0	-18	0	0	1	-467	2	4	0	142
21:10:00	76200	3	7	0	-336	0	0	0	0	0	0	0	0	3	5	0	8	0	0	0	0	0	0	0	0	0	0	0	1	0	0	0	-18	0	0	0	-467	0	2	0	140
21:15:00	76500	2	2	0	-336	0	0	0	0	0	0	0	0	2	0	0	10	0	0	0	0	0	0	0	0	0	0	0	1	0	0	0	-18	0	0	0	-467	0	2	0	138
21:20:00	76800	1	5	0	-340	0	0	0	0	0	0	0	0	0	2	0	8	0	0	0	0	0	0	0	0	0	0	0	1	0	0	0	-18	0	0	0	-467	1	3	0	136
21:25:00	77100	2	4	1	-343	0	0	0	0	0	0	0	0	1	0	0	9	0	0	0	0	0	0	0	0	0	0	0	1	0	0	0	-18	0	0	1	-468	1	4	0	133
21:30:00	77400	1	2	0	-344	0	0	0	0	0	0	0	0	0	0	0	9	0	0	0	0	0	0	0	0	0	0	0	1	0	0	0	-18	0	0	0	-468	1	2	0	132
21:35:00	77700	1	7	1	-351	0	0	0	0	0	0	0	0	0	4	0	5	0	0	0	0	0	0	0	0	0	0	0	1	0	0	0	-18	0	0	1	-469	1	3	0	130
21:40:00	78000	1	1	1	-352	0	0	0	0	0	0	0	0	0	0	0	5	0	0	0	0	0	0	0	0	0	0	0	1	0	0	0	-18	0	0	1	-470	1	1	0	130
21:45:00	78300	1	2	0	-353	0	0	0	0	0	0	0	0	0	0	0	5	0	0	0	0	0	0	0	0	0	0	0	1	0	0	0	-18	0	0	0	-470	1	2	0	129
21:50:00	78600	2	3	0	-354	0	0	0	0	0	0	0	0	1	1	0	5	0	0	0	0	0	0	0	0	0	0	0	1	0	0	0	-18	0	0	0	-470	1	2	0	128
21:55:00	78900	0	1	0	-355	0	0	0	0	0	0	0	0	0	1	0	4	0	0	0	0	0	0	0	0	0	0	0	1	0	0	0	-18	0	0	0	-470	0	0	0	128
22:00:00	79200	2	4	0	-357	0	0	0	0	0	0	0	0	1	2	0	3	0	0	0	0	0	0	0	0	0	0	0	1	0	0	0	-18	0	0	0	-470	1	2	0	127
22:05:00	79500	3	9	1	-364	0	0	0	0	0	0	0	0	1	1	0	3	0	0	0	0	0	0	0	0	0	0	0	1	0	0	0	-18	0	0	1	-471	2	8	0	121
22:10:00	79800	3	5	0	-366	0	0	0	0	0	0	0	0	2	1	0	4	0	0	0	0	0	0	0	0	0	0	0	1	0	0	0	-18	0	0	0	-471	1	4	0	118
22:15:00	80100	3	4	1	-368	0	0	0	0	0	0	0	0	1	1	0	4	0	0	0	0	0	0	0	0	0	0	0	1	0	0	0	-18	0	0	1	-472	2	3	0	117
22:20:00	80400	7	7	0	-368	0	0	0	0	0	0	0	0	3	1	0	6	0	0	0	0	0	0	0	0	0	0	0	1	0	0	0	-18	0	0	0	-472	4	6	0	115
22:25:00	80700	2	6	0	-372	0	0	0	0	0	0	0	0	0	1	0	5	0	0	0	0	0	0	0	0	0	0	0	1	0	0	0	-18	0	0	0	-472	2	5	0	112
22:30:00	81000	0	5	0	-377	0	0	0	0	0	0	0	0	0	3	0	2	0	0	0	0	0	0	0	0	0	0	0	1	0	0	0	-18	0	0	0	-472	0	2	0	110
22:35:00	81300	4	5	1	-379	0	0	0	0	0	0	0	0	2	0	0	4	0	0	0	0	0	0	0	0	0	0	0	1	0	0	0	-18	0	0	1	-473	2	5	0	107
22:40:00	81600	1	3	0	-381	0	0	0	0	0	0	0	0	0	1	0	3	0	0	0	0	0	0	0	0	0	0	0	1	0	0	0	-18	0	0	0	-473	1	2	0	106
22:45:00	81900	0	2	0	-383	0	0	0	0	0	0	0	0	0	0	0	3	0	0	0	0	0	0	0	0	0	0	0	1	0	0	0	-18	0	0	0	-473	0	2	0	104
22:50:00	82200	2	5	1	-387	0	0	0	0	0	0	0	0	1	1	0	3	0	0	0	0	0	0	0	0	0	0	0	1	0	0	0	-18	0	0	1	-474	1	4	0	101
22:55:00	82500	4	5	2	-390	0	0	0	0	0	0	0	0	1	1	0	3	0	0	0	0	0	0	0	0	0	0	0	1	0	0	0	-18	0	0	2	-476	3	4	0	100
23:00:00	82800	3	5	0	-392	0	0	0	0	0	0	0	0	1	2	0	2	0	0	0	0	0	0	0	0	0	0	0	1	0	0	0	-18	0	0	0	-476	2	3	0	99
23:05:00	83100	2	4	1	-395	0	0	0	0	0	0	0	0	0	0	0	2	0	0	0	0	0	0	0	0	0	0	0	1	0	0	0	-18	0	0	1	-477	2	4	0	97
23:10:00	83400	1	2	0	-396	0	0	0	0	0	0	0	0	1	0	0	3	0	0	0	0	0	0	0	0	0	0	0	1	0	0	0	-18	0	0	0	-477	0	2	0	95
23:15:00	83700	2	0	0	-394	0	0	0	0	0	0	0	0	1	0	0	4	0	0	0	0	0	0	0	0	0	0	0	1	0	0	0	-18	0	0	0	-477	1	0	0	96
23:20:00	84000	4	3	1	-394	0	0	0	0	0	0	0	0	3	2	0	5	0	0	0	0	0	0	0	0	0	0	0	1	0	0	0	-18	0	0	1	-478	1	1	0	96
23:25:00	84300	5	5	0	-394	0	0	0	0	0	0	0	0	2	1	0	6	0	0	0	0	0	0	0	0	0	0	0	1	0	0	0	-18	0	0	0	-478	3	4	0	95
23:30:00	84600	2	7	1	-400	0	0	0	0	0	0	0	0	0	4	0	2	0	0	0	0	0	0	0	0	0	0	0	1	0	0	0	-18	0	0	1	-479	2	3	0	94
23:35:00	84900	3	2	1	-400	0	0	0	0	0	0	0	0	2	0	0	4	0	0	0	0	0	0	0	0	0	0	0	1	0	0	0	-18	0	0	1	-480	1	2	0	93
23:40:00	85200	2	0	0	-398	0	0	0	0	0	0	0	0	1	0	0	5	0	0	0	0	0	0	0	0	0	0	0	1	0	0	0	-18	0	0	0	-480	1	0	0	94
23:45:00	85500	1	3	0	-400	0	0	0	0	0	0	0	0	1	2	0	4	0	0	0	0	0	0	0	0	0	0	0	1	0	0	0	-18	0	0	0	-480	0	1	0	93
23:50:00	85800	2	3	0	-401	0	0	0	0	0	0	0	0	0	1	0	3	0	0	0	0	0	0	0	0	0	0	0	1	0	0	0	-18	0	0	0	-480	2	2	0	93
23:55:00	86100	2	3	0	-402	0	0	0	0	0	0	0	0	0	1	0	2	0	0	0	0	0	0	0	0	0	0	0	1	0	0	0	-18	0	0	0	-480	2	2	0	93
24:00:00	86400	4	1	0	-399	0	0	0	0	0	0	0	0	3	0	0	5	0	0	0	0	0	0	0	0	0	0	0	1	0	0	0	-18	0	0	0	-480	1	1	0	93
24:05:00	86700	1	4	0	-402	0	0	0	0	0	0	0	0	1	2	0	4	0	0	0	0	0	0	0	0	0	0	0	1	0	0	0	-18	0	0	0	-480	0	2	0	91
24:10:00	87000	1	1	0	-402	0	0	0	0	0	0	0	0	1	0	0	5	0	0	0	0	0	0	0	0	0	0	0	1	0	0	0	-18	0	0	0	-480	0	1	0	90
24:15:00	87300	1	3	0	-404	0	0	0	0	0	0	0	0	1	1	0	5	0	0	0	0	0	0	0	0	0	0	0	1	0	0	0	-18	0	0	0	-480	0	2	0	88
24:20:00	87600	1	2	0	-405	0	0	0	0	0	0	0	0	1	2	0	4	0	0	0	0	0	0	0	0	0	0	0	1	0	0	0	-18	0	0	0	-480	0	0	0	88
24:25:00	87900	0	1	0	-406	0	0	0	0	0	0	0	0	0	0	0	4	0	0	0	0	0	0	0	0	0	0	0	1	0	0	0	-18	0	0	0	-480	0	1	0	87
24:30:00	88200	2	5	1	-410	0	0	0	0	0	0	0	0	0	0	0	4	0	0	0	0	0	0	0	0	0	0	0	1	0	0	0	-18	0	0	1	-481	2	5	0	84
24:35:00	88500	3	5	0	-412	0	0	0	0	0	0	0	0	0	1	0	3	0	0	0	0	1	1	0	0	0	0	0	1	0	0	0	-18	0	0	0	-481	2	3	0	83
24:40:00	88800	2	2	0	-412	0	0	0	0	0	0	0	0	1	0	0	4	0	0	0	0	0	0	0	0	0	0	0	1	0	0	0	-18	0	0	0	-481	1	2	0	82
24:45:00	89100	0	2	0	-414	0	0	0	0	0	0	0	0	0	1	0	3	0	0	0	0	0	0	0	0	0	0	0	1	0	0	0	-18	0	0	0	-481	0	1	0	81
24:50:00	89400	1	3	0	-416	0	0	0	0	0	0	0	0	0	1	0	2	0	0	0	0	0	0	0	0	0	0	0	1	0	0	0	-18	0	0	0	-481	1	2	0	80
24:55:00	89700	1	2	1	-418	0	0	0	0	0	0	0	0	0	0	0	2	0	0	0	0	0	0	0	0	0	0	0	1	0	0	0	-18	0	0	1	-482	1	2	0	79
25:00:00	90000	0	1	0	-419	0	0	0	0	0	0	0	0	0	0	0	2	0	0	0	0	0	0	0	0	0	0	0	1	0	0	0	-18	0	0	0	-482	0	1	0	78
25:05:00	90300	2	2	1	-420	0	0	0	0	0	0	0	0	0	0	0	2	0	0	0	0	0	0	0	0	0	0	0	1	0	0	0	-18	0	0	1	-483	2	2	0	78
25:10:00	90600	1	1	0	-420	0	0	0	0	0	0	0	0	0	1	0	1	0	0	0	0	0	0	0	0	0	0	0	1	0	0	0	-18	0	0	0	-483	1	0	0	79
25:15:00	90900	3	4	0	-421	0	0	0	0	0	0	0	0	2	1	0	2	0	0	0	0	0	0	0	0	0	0	0	1	0	0	0	-18	0	0	0	-483	1	3	0	77
25:20:00	91200	0	0	0	-421	0	0	0	0	0	0	0	0	0	0	0	2	0	0	0	0	0	0	0	0	0	0	0	1	0	0	0	-18	0	0	0	-483	0	0	0	77
25:25:00	91500	1	1	0	-421	0	0	0	0	0	0	0	0	1	1	0	2	0	0	0	0	0	0	0	0	0	0	0	1	0	0	0	-18	0	0	0	-483	0	0	0	77
25:30:00	91800	0	0	0	-421	0	0	0	0	0	0	0	0	0	0	0	2	0	0	0	0	0	0	0	0	0	0	0	1	0	0	0	-18	0	0	0	-483	0	0	0	77
25:35:00	92100	0	0	0	-421	0	0	0	0	0	0	0	0	0	0	0	2	0	0	0	0	0	0	0	0	0	0	0	1	0	0	0	-18	0	0	0	-483	0	0	0	77
25:40:00	92400	0	2	0	-423	0	0	0	0	0	0	0	0	0	2	0	0	0	0	0	0	0	0	0	0	0	0	0	1	0	0	0	-18	0	0	0	-483	0	0	0	77
25:45:00	92700	0	0	0	-423	0	0	0	0	0	0	0	0	0	0	0	0	0	0	0	0	0	0	0	0	0	0	0	1	0	0	0	-18	0	0	0	-483	0	0	0	77
25:50:00	93000	1	3	0	-425	0	0	0	0	0	0	0	0	0	0	0	0	0	0	0	0	0	0	0	0	0	0	0	1	0	0	0	-18	0	0	0	-483	1	3	0	75
25:55:00	93300	2	3	1	-427	0	0	0	0	0	0	0	0	1	0	0	1	0	0	0	0	0	0	0	0	0	0	0	1	0	0	0	-18	0	0	1	-484	1	3	0	73
26:00:00	93600	0	1	0	-428	0	0	0	0	0	0	0	0	0	0	0	1	0	0	0	0	0	0	0	0	0	0	0	1	0	0	0	-18	0	0	0	-484	0	1	0	72
26:05:00	93900	2	3	1	-430	0	0	0	0	0	0	0	0	0	0	0	1	0	0	0	0	0	0	0	0	0	0	0	1	0	0	0	-18	0	0	1	-485	2	3	0	71
26:10:00	94200	2	4	0	-432	0	0	0	0	0	0	0	0	1	1	0	1	0	0	0	0	0	0	0	0	0	0	0	1	0	0	0	-18	0	0	0	-485	1	3	0	69
26:15:00	94500	3	3	1	-433	0	0	0	0	0	0	0	0	0	0	0	1	0	0	0	0	0	0	0	0	0	0	0	1	0	0	0	-18	0	0	1	-486	3	3	0	69
26:20:00	94800	0	1	1	-435	0	0	0	0	0	0	0	0	0	1	0	0	0	0	0	0	0	0	0	0	0	0	0	1	0	0	0	-18	0	0	1	-487	0	0	0	69
26:25:00	95100	0	1	0	-436	0	0	0	0	0	0	0	0	0	0	0	0	0	0	0	0	0	0	0	0	0	0	0	1	0	0	0	-18	0	0	0	-487	0	1	0	68
26:30:00	95400	1	1	0	-436	0	0	0	0	0	0	0	0	0	0	0	0	0	0	0	0	0	0	0	0	0	0	0	1	0	0	0	-18	0	0	0	-487	1	1	0	68
26:35:00	95700	0	0	0	-436	0	0	0	0	0	0	0	0	0	0	0	0	0	0	0	0	0	0	0	0	0	0	0	1	0	0	0	-18	0	0	0	-487	0	0	0	68
26:40:00	96000	0	0	0	-436	0	0	0	0	0	0	0	0	0	0	0	0	0	0	0	0	0	0	0	0	0	0	0	1	0	0	0	-18	0	0	0	-487	0	0	0	68
26:45:00	96300	0	1	0	-437	0	0	0	0	0	0	0	0	0	0	0	0	0	0	0	0	0	0	0	0	0	0	0	1	0	0	0	-18	0	0	0	-487	0	1	0	67
26:50:00	96600	1	4	0	-440	0	0	0	0	0	0	0	0	0	0	0	0	0	0	0	0	0	0	0	0	0	0	0	1	0	0	0	-18	0	0	0	-487	1	4	0	64
26:55:00	96900	4	6	2	-444	0	0	0	0	0	0	0	0	0	0	0	0	0	0	0	0	0	0	0	0	0	0	0	1	0	0	0	-18	0	0	2	-489	4	6	0	62
27:00:00	97200	3	2	1	-444	0	0	0	0	0	0	0	0	0	0	0	0	0	0	0	0	1	0	0	1	0	0	0	1	0	0	0	-18	0	0	1	-490	2	2	0	62
27:05:00	97500	2	2	0	-444	0	0	0	0	0	0	0	0	1	0	0	1	0	0	0	0	0	1	0	0	0	0	0	1	0	0	0	-18	0	0	0	-490	1	1	0	62
27:10:00	97800	1	3	0	-446	0	0	0	0	0	0	0	0	1	1	0	1	0	0	0	0	0	0	0	0	0	0	0	1	0	0	0	-18	0	0	0	-490	0	2	0	60
27:15:00	98100	0	1	0	-447	0	0	0	0	0	0	0	0	0	1	0	0	0	0	0	0	0	0	0	0	0	0	0	1	0	0	0	-18	0	0	0	-490	0	0	0	60
27:20:00	98400	0	0	0	-447	0	0	0	0	0	0	0	0	0	0	0	0	0	0	0	0	0	0	0	0	0	0	0	1	0	0	0	-18	0	0	0	-490	0	0	0	60
27:25:00	98700	0	0	0	-447	0	0	0	0	0	0	0	0	0	0	0	0	0	0	0	0	0	0	0	0	0	0	0	1	0	0	0	-18	0	0	0	-490	0	0	0	60
27:30:00	99000	0	3	0	-450	0	0	0	0	0	0	0	0	0	0	0	0	0	0	0	0	0	0	0	0	0	0	0	1	0	0	0	-18	0	0	0	-490	0	3	0	57
27:35:00	99300	4	4	3	-453	0	0	0	0	0	0	0	0	0	0	0	0	0	0	0	0	0	0	0	0	0	0	0	1	0	0	0	-18	0	0	3	-493	4	4	0	57
27:40:00	99600	3	4	1	-455	0	0	0	0	0	0	0	0	1	0	0	1	0	0	0	0	0	0	0	0	0	0	0	1	0	0	0	-18	0	0	1	-494	2	4	0	55
27:45:00	99900	1	1	0	-455	0	0	0	0	0	0	0	0	0	0	0	1	0	0	0	0	0	0	0	0	0	0	0	1	0	0	0	-18	0	0	0	-494	1	1	0	55
27:50:00	100200	0	0	0	-455	0	0	0	0	0	0	0	0	0	0	0	1	0	0	0	0	0	0	0	0	0	0	0	1	0	0	0	-18	0	0	0	-494	0	0	0	55
27:55:00	100500	0	0	0	-455	0	0	0	0	0	0	0	0	0	0	0	1	0	0	0	0	0	0	0	0	0	0	0	1	0	0	0	-18	0	0	0	-494	0	0	0	55
28:00:00	100800	0	0	0	-455	0	0	0	0	0	0	0	0	0	0	0	1	0	0	0	0	0	0	0	0	0	0	0	1	0	0	0	-18	0	0	0	-494	0	0	0	55
28:05:00	101100	0	0	0	-455	0	0	0	0	0	0	0	0	0	0	0	1	0	0	0	0	0	0	0	0	0	0	0	1	0	0	0	-18	0	0	0	-494	0	0	0	55
28:10:00	101400	1	2	0	-456	0	0	0	0	0	0	0	0	0	0	0	1	0	0	0	0	0	0	0	0	0	0	0	1	0	0	0	-18	0	0	0	-494	1	2	0	54
28:15:00	101700	0	1	0	-457	0	0	0	0	0	0	0	0	0	0	0	1	0	0	0	0	0	0	0	0	0	0	0	1	0	0	0	-18	0	0	0	-494	0	1	0	53
28:20:00	102000	0	0	0	-457	0	0	0	0	0	0	0	0	0	0	0	1	0	0	0	0	0	0	0	0	0	0	0	1	0	0	0	-18	0	0	0	-494	0	0	0	53
28:25:00	102300	0	0	0	-457	0	0	0	0	0	0	0	0	0	0	0	1	0	0	0	0	0	0	0	0	0	0	0	1	0	0	0	-18	0	0	0	-494	0	0	0	53
28:30:00	102600	0	0	0	-457	0	0	0	0	0	0	0	0	0	0	0	1	0	0	0	0	0	0	0	0	0	0	0	1	0	0	0	-18	0	0	0	-494	0	0	0	53
28:35:00	102900	1	2	0	-458	0	0	0	0	0	0	0	0	1	0	0	2	0	0	0	0	0	0	0	0	0	0	0	1	0	0	0	-18	0	0	0	-494	0	2	0	51
28:40:00	103200	1	2	1	-460	0	0	0	0	0	0	0	0	0	0	0	2	0	0	0	0	0	0	0	0	0	0	0	1	0	0	0	-18	0	0	1	-495	1	2	0	50
28:45:00	103500	1	1	1	-461	0	0	0	0	0	0	0	0	0	0	0	2	0	0	0	0	0	0	0	0	0	0	0	1	0	0	0	-18	0	0	1	-496	1	1	0	50
28:50:00	103800	0	0	0	-461	0	0	0	0	0	0	0	0	0	0	0	2	0	0	0	0	0	0	0	0	0	0	0	1	0	0	0	-18	0	0	0	-496	0	0	0	50
28:55:00	104100	0	0	0	-461	0	0	0	0	0	0	0	0	0	0	0	2	0	0	0	0	0	0	0	0	0	0	0	1	0	0	0	-18	0	0	0	-496	0	0	0	50
29:00:00	104400	1	2	0	-462	0	0	0	0	0	0	0	0	1	0	0	3	0	0	0	0	0	0	0	0	0	0	0	1	0	0	0	-18	0	0	0	-496	0	2	0	48
29:05:00	104700	0	0	0	-462	0	0	0	0	0	0	0	0	0	0	0	3	0	0	0	0	0	0	0	0	0	0	0	1	0	0	0	-18	0	0	0	-496	0	0	0	48
29:10:00	105000	1	1	0	-462	0	0	0	0	0	0	0	0	0	0	0	3	0	0	0	0	0	0	0	0	0	0	0	1	0	0	0	-18	0	0	0	-496	1	1	0	48
29:15:00	105300	0	0	0	-462	0	0	0	0	0	0	0	0	0	0	0	3	0	0	0	0	0	0	0	0	0	0	0	1	0	0	0	-18	0	0	0	-496	0	0	0	48
29:20:00	105600	1	1	0	-462	0	0	0	0	0	0	0	0	1	1	0	3	0	0	0	0	0	0	0	0	0	0	0	1	0	0	0	-18	0	0	0	-496	0	0	0	48
29:25:00	105900	2	3	0	-463	0	0	0	0	0	0	0	0	0	2	0	1	0	0	0	0	0	0	0	0	0	0	0	1	0	0	0	-18	0	0	0	-496	2	1	0	49
29:30:00	106200	0	1	0	-464	0	0	0	0	0	0	0	0	0	0	0	1	0	0	0	0	0	0	0	0	0	0	0	1	0	0	0	-18	0	0	0	-496	0	1	0	48
29:35:00	106500	0	0	0	-464	0	0	0	0	0	0	0	0	0	0	0	1	0	0	0	0	0	0	0	0	0	0	0	1	0	0	0	-18	0	0	0	-496	0	0	0	48
29:40:00	106800	0	0	0	-464	0	0	0	0	0	0	0	0	0	0	0	1	0	0	0	0	0	0	0	0	0	0	0	1	0	0	0	-18	0	0	0	-496	0	0	0	48
29:45:00	107100	0	0	0	-464	0	0	0	0	0	0	0	0	0	0	0	1	0	0	0	0	0	0	0	0	0	0	0	1	0	0	0	-18	0	0	0	-496	0	0	0	48
29:50:00	107400	0	2	0	-466	0	0	0	0	0	0	0	0	0	0	0	1	0	0	0	0	0	0	0	0	0	0	0	1	0	0	0	-18	0	0	0	-496	0	2	0	46
29:55:00	107700	1	1	0	-466	0	0	0	0	0	0	0	0	0	1	0	0	0	0	0	0	0	0	0	0	0	0	0	1	0	0	0	-18	0	0	0	-496	1	0	0	47
30:00:00	108000	0	0	48	-514	0	0	0	0	0	0	0	0	0	0	0	0	0	0	0	0	0	0	0	0	0	0	1	0	0	0	0	-18	0	0	0	-496	0	0	47	0
30:05:00	108300	0	0	0	-514	0	0	0	0	0	0	0	0	0	0	0	0	0	0	0	0	0	0	0	0	0	0	0	0	0	0	0	-18	0	0	0	-496	0	0	0	0
