time	time	departures_all	arrivals_all	stuck_all	en-route_all	departures_Shared-Bike	arrivals_Shared-Bike	stuck_Shared-Bike	en-route_Shared-Bike	departures_bike	arrivals_bike	stuck_bike	en-route_bike	departures_car	arrivals_car	stuck_car	en-route_car	departures_car_passenger	arrivals_car_passenger	stuck_car_passenger	en-route_car_passenger	departures_pt	arrivals_pt	stuck_pt	en-route_pt	departures_sharing:standardBikeShare	arrivals_sharing:standardBikeShare	stuck_sharing:standardBikeShare	en-route_sharing:standardBikeShare	departures_walk	arrivals_walk	stuck_walk	en-route_walk
00:00:00	0	0	0	0	0	0	0	0	0	0	0	0	0	0	0	0	0	0	0	0	0	0	0	0	0	0	0	0	0	0	0	0	0
00:05:00	300	0	0	0	0	0	0	0	0	0	0	0	0	0	0	0	0	0	0	0	0	0	0	0	0	0	0	0	0	0	0	0	0
00:10:00	600	0	0	0	0	0	0	0	0	0	0	0	0	0	0	0	0	0	0	0	0	0	0	0	0	0	0	0	0	0	0	0	0
00:15:00	900	0	0	0	0	0	0	0	0	0	0	0	0	0	0	0	0	0	0	0	0	0	0	0	0	0	0	0	0	0	0	0	0
00:20:00	1200	0	0	0	0	0	0	0	0	0	0	0	0	0	0	0	0	0	0	0	0	0	0	0	0	0	0	0	0	0	0	0	0
00:25:00	1500	0	0	0	0	0	0	0	0	0	0	0	0	0	0	0	0	0	0	0	0	0	0	0	0	0	0	0	0	0	0	0	0
00:30:00	1800	0	0	0	0	0	0	0	0	0	0	0	0	0	0	0	0	0	0	0	0	0	0	0	0	0	0	0	0	0	0	0	0
00:35:00	2100	0	0	0	0	0	0	0	0	0	0	0	0	0	0	0	0	0	0	0	0	0	0	0	0	0	0	0	0	0	0	0	0
00:40:00	2400	0	0	0	0	0	0	0	0	0	0	0	0	0	0	0	0	0	0	0	0	0	0	0	0	0	0	0	0	0	0	0	0
00:45:00	2700	0	0	0	0	0	0	0	0	0	0	0	0	0	0	0	0	0	0	0	0	0	0	0	0	0	0	0	0	0	0	0	0
00:50:00	3000	0	0	0	0	0	0	0	0	0	0	0	0	0	0	0	0	0	0	0	0	0	0	0	0	0	0	0	0	0	0	0	0
00:55:00	3300	0	0	0	0	0	0	0	0	0	0	0	0	0	0	0	0	0	0	0	0	0	0	0	0	0	0	0	0	0	0	0	0
01:00:00	3600	0	0	0	0	0	0	0	0	0	0	0	0	0	0	0	0	0	0	0	0	0	0	0	0	0	0	0	0	0	0	0	0
01:05:00	3900	0	0	0	0	0	0	0	0	0	0	0	0	0	0	0	0	0	0	0	0	0	0	0	0	0	0	0	0	0	0	0	0
01:10:00	4200	0	0	0	0	0	0	0	0	0	0	0	0	0	0	0	0	0	0	0	0	0	0	0	0	0	0	0	0	0	0	0	0
01:15:00	4500	0	0	0	0	0	0	0	0	0	0	0	0	0	0	0	0	0	0	0	0	0	0	0	0	0	0	0	0	0	0	0	0
01:20:00	4800	0	0	0	0	0	0	0	0	0	0	0	0	0	0	0	0	0	0	0	0	0	0	0	0	0	0	0	0	0	0	0	0
01:25:00	5100	0	0	0	0	0	0	0	0	0	0	0	0	0	0	0	0	0	0	0	0	0	0	0	0	0	0	0	0	0	0	0	0
01:30:00	5400	0	0	0	0	0	0	0	0	0	0	0	0	0	0	0	0	0	0	0	0	0	0	0	0	0	0	0	0	0	0	0	0
01:35:00	5700	0	0	0	0	0	0	0	0	0	0	0	0	0	0	0	0	0	0	0	0	0	0	0	0	0	0	0	0	0	0	0	0
01:40:00	6000	0	0	0	0	0	0	0	0	0	0	0	0	0	0	0	0	0	0	0	0	0	0	0	0	0	0	0	0	0	0	0	0
01:45:00	6300	0	0	0	0	0	0	0	0	0	0	0	0	0	0	0	0	0	0	0	0	0	0	0	0	0	0	0	0	0	0	0	0
01:50:00	6600	0	0	0	0	0	0	0	0	0	0	0	0	0	0	0	0	0	0	0	0	0	0	0	0	0	0	0	0	0	0	0	0
01:55:00	6900	0	0	0	0	0	0	0	0	0	0	0	0	0	0	0	0	0	0	0	0	0	0	0	0	0	0	0	0	0	0	0	0
02:00:00	7200	0	0	0	0	0	0	0	0	0	0	0	0	0	0	0	0	0	0	0	0	0	0	0	0	0	0	0	0	0	0	0	0
02:05:00	7500	0	0	0	0	0	0	0	0	0	0	0	0	0	0	0	0	0	0	0	0	0	0	0	0	0	0	0	0	0	0	0	0
02:10:00	7800	0	0	0	0	0	0	0	0	0	0	0	0	0	0	0	0	0	0	0	0	0	0	0	0	0	0	0	0	0	0	0	0
02:15:00	8100	0	0	0	0	0	0	0	0	0	0	0	0	0	0	0	0	0	0	0	0	0	0	0	0	0	0	0	0	0	0	0	0
02:20:00	8400	0	0	0	0	0	0	0	0	0	0	0	0	0	0	0	0	0	0	0	0	0	0	0	0	0	0	0	0	0	0	0	0
02:25:00	8700	0	0	0	0	0	0	0	0	0	0	0	0	0	0	0	0	0	0	0	0	0	0	0	0	0	0	0	0	0	0	0	0
02:30:00	9000	0	0	0	0	0	0	0	0	0	0	0	0	0	0	0	0	0	0	0	0	0	0	0	0	0	0	0	0	0	0	0	0
02:35:00	9300	0	0	0	0	0	0	0	0	0	0	0	0	0	0	0	0	0	0	0	0	0	0	0	0	0	0	0	0	0	0	0	0
02:40:00	9600	0	0	0	0	0	0	0	0	0	0	0	0	0	0	0	0	0	0	0	0	0	0	0	0	0	0	0	0	0	0	0	0
02:45:00	9900	0	0	0	0	0	0	0	0	0	0	0	0	0	0	0	0	0	0	0	0	0	0	0	0	0	0	0	0	0	0	0	0
02:50:00	10200	0	0	0	0	0	0	0	0	0	0	0	0	0	0	0	0	0	0	0	0	0	0	0	0	0	0	0	0	0	0	0	0
02:55:00	10500	0	0	0	0	0	0	0	0	0	0	0	0	0	0	0	0	0	0	0	0	0	0	0	0	0	0	0	0	0	0	0	0
03:00:00	10800	0	0	0	0	0	0	0	0	0	0	0	0	0	0	0	0	0	0	0	0	0	0	0	0	0	0	0	0	0	0	0	0
03:05:00	11100	0	0	0	0	0	0	0	0	0	0	0	0	0	0	0	0	0	0	0	0	0	0	0	0	0	0	0	0	0	0	0	0
03:10:00	11400	0	0	0	0	0	0	0	0	0	0	0	0	0	0	0	0	0	0	0	0	0	0	0	0	0	0	0	0	0	0	0	0
03:15:00	11700	0	0	0	0	0	0	0	0	0	0	0	0	0	0	0	0	0	0	0	0	0	0	0	0	0	0	0	0	0	0	0	0
03:20:00	12000	0	0	0	0	0	0	0	0	0	0	0	0	0	0	0	0	0	0	0	0	0	0	0	0	0	0	0	0	0	0	0	0
03:25:00	12300	0	0	0	0	0	0	0	0	0	0	0	0	0	0	0	0	0	0	0	0	0	0	0	0	0	0	0	0	0	0	0	0
03:30:00	12600	0	0	0	0	0	0	0	0	0	0	0	0	0	0	0	0	0	0	0	0	0	0	0	0	0	0	0	0	0	0	0	0
03:35:00	12900	0	0	0	0	0	0	0	0	0	0	0	0	0	0	0	0	0	0	0	0	0	0	0	0	0	0	0	0	0	0	0	0
03:40:00	13200	0	0	0	0	0	0	0	0	0	0	0	0	0	0	0	0	0	0	0	0	0	0	0	0	0	0	0	0	0	0	0	0
03:45:00	13500	0	0	0	0	0	0	0	0	0	0	0	0	0	0	0	0	0	0	0	0	0	0	0	0	0	0	0	0	0	0	0	0
03:50:00	13800	0	0	0	0	0	0	0	0	0	0	0	0	0	0	0	0	0	0	0	0	0	0	0	0	0	0	0	0	0	0	0	0
03:55:00	14100	0	0	0	0	0	0	0	0	0	0	0	0	0	0	0	0	0	0	0	0	0	0	0	0	0	0	0	0	0	0	0	0
04:00:00	14400	0	0	0	0	0	0	0	0	0	0	0	0	0	0	0	0	0	0	0	0	0	0	0	0	0	0	0	0	0	0	0	0
04:05:00	14700	0	0	0	0	0	0	0	0	0	0	0	0	0	0	0	0	0	0	0	0	0	0	0	0	0	0	0	0	0	0	0	0
04:10:00	15000	0	0	0	0	0	0	0	0	0	0	0	0	0	0	0	0	0	0	0	0	0	0	0	0	0	0	0	0	0	0	0	0
04:15:00	15300	0	0	0	0	0	0	0	0	0	0	0	0	0	0	0	0	0	0	0	0	0	0	0	0	0	0	0	0	0	0	0	0
04:20:00	15600	0	0	0	0	0	0	0	0	0	0	0	0	0	0	0	0	0	0	0	0	0	0	0	0	0	0	0	0	0	0	0	0
04:25:00	15900	0	0	0	0	0	0	0	0	0	0	0	0	0	0	0	0	0	0	0	0	0	0	0	0	0	0	0	0	0	0	0	0
04:30:00	16200	0	0	0	0	0	0	0	0	0	0	0	0	0	0	0	0	0	0	0	0	0	0	0	0	0	0	0	0	0	0	0	0
04:35:00	16500	0	0	0	0	0	0	0	0	0	0	0	0	0	0	0	0	0	0	0	0	0	0	0	0	0	0	0	0	0	0	0	0
04:40:00	16800	0	0	0	0	0	0	0	0	0	0	0	0	0	0	0	0	0	0	0	0	0	0	0	0	0	0	0	0	0	0	0	0
04:45:00	17100	0	0	0	0	0	0	0	0	0	0	0	0	0	0	0	0	0	0	0	0	0	0	0	0	0	0	0	0	0	0	0	0
04:50:00	17400	0	0	0	0	0	0	0	0	0	0	0	0	0	0	0	0	0	0	0	0	0	0	0	0	0	0	0	0	0	0	0	0
04:55:00	17700	0	0	0	0	0	0	0	0	0	0	0	0	0	0	0	0	0	0	0	0	0	0	0	0	0	0	0	0	0	0	0	0
05:00:00	18000	0	0	0	0	0	0	0	0	0	0	0	0	0	0	0	0	0	0	0	0	0	0	0	0	0	0	0	0	0	0	0	0
05:05:00	18300	0	0	0	0	0	0	0	0	0	0	0	0	0	0	0	0	0	0	0	0	0	0	0	0	0	0	0	0	0	0	0	0
05:10:00	18600	0	0	0	0	0	0	0	0	0	0	0	0	0	0	0	0	0	0	0	0	0	0	0	0	0	0	0	0	0	0	0	0
05:15:00	18900	0	0	0	0	0	0	0	0	0	0	0	0	0	0	0	0	0	0	0	0	0	0	0	0	0	0	0	0	0	0	0	0
05:20:00	19200	0	0	0	0	0	0	0	0	0	0	0	0	0	0	0	0	0	0	0	0	0	0	0	0	0	0	0	0	0	0	0	0
05:25:00	19500	0	0	0	0	0	0	0	0	0	0	0	0	0	0	0	0	0	0	0	0	0	0	0	0	0	0	0	0	0	0	0	0
05:30:00	19800	0	0	0	0	0	0	0	0	0	0	0	0	0	0	0	0	0	0	0	0	0	0	0	0	0	0	0	0	0	0	0	0
05:35:00	20100	0	0	0	0	0	0	0	0	0	0	0	0	0	0	0	0	0	0	0	0	0	0	0	0	0	0	0	0	0	0	0	0
05:40:00	20400	0	0	0	0	0	0	0	0	0	0	0	0	0	0	0	0	0	0	0	0	0	0	0	0	0	0	0	0	0	0	0	0
05:45:00	20700	0	0	0	0	0	0	0	0	0	0	0	0	0	0	0	0	0	0	0	0	0	0	0	0	0	0	0	0	0	0	0	0
05:50:00	21000	0	0	0	0	0	0	0	0	0	0	0	0	0	0	0	0	0	0	0	0	0	0	0	0	0	0	0	0	0	0	0	0
05:55:00	21300	0	0	0	0	0	0	0	0	0	0	0	0	0	0	0	0	0	0	0	0	0	0	0	0	0	0	0	0	0	0	0	0
06:00:00	21600	4	0	0	4	0	0	0	0	0	0	0	0	4	0	0	4	0	0	0	0	0	0	0	0	0	0	0	0	0	0	0	0
06:05:00	21900	4	1	0	7	0	0	0	0	0	0	0	0	4	1	0	7	0	0	0	0	0	0	0	0	0	0	0	0	0	0	0	0
06:10:00	22200	3	1	0	9	0	0	0	0	0	0	0	0	3	1	0	9	0	0	0	0	0	0	0	0	0	0	0	0	0	0	0	0
06:15:00	22500	1	3	0	7	0	0	0	0	0	0	0	0	1	3	0	7	0	0	0	0	0	0	0	0	0	0	0	0	0	0	0	0
06:20:00	22800	4	1	0	10	0	0	0	0	0	0	0	0	4	1	0	10	0	0	0	0	0	0	0	0	0	0	0	0	0	0	0	0
06:25:00	23100	6	3	0	13	0	0	0	0	0	0	0	0	5	3	0	12	0	0	0	0	0	0	0	0	0	0	0	0	1	0	0	1
06:30:00	23400	42	3	0	52	0	0	0	0	0	0	0	0	35	3	0	44	0	0	0	0	0	0	0	0	0	0	0	0	7	0	0	8
06:35:00	23700	37	21	0	68	0	0	0	0	0	0	0	0	28	18	0	54	0	0	0	0	0	0	0	0	0	0	0	0	9	3	0	14
06:40:00	24000	36	15	0	89	0	0	0	0	0	0	0	0	30	11	0	73	0	0	0	0	3	0	0	3	0	0	0	0	3	4	0	13
06:45:00	24300	35	38	0	86	0	0	0	0	0	0	0	0	27	31	0	69	0	0	0	0	2	0	0	5	0	0	0	0	6	7	0	12
06:50:00	24600	41	30	0	97	1	0	0	1	0	0	0	0	29	25	0	73	0	0	0	0	1	0	0	6	0	0	0	0	10	5	0	17
06:55:00	24900	81	38	0	140	1	0	0	2	0	0	0	0	57	27	0	103	0	0	0	0	2	0	0	8	0	0	0	0	21	11	0	27
07:00:00	25200	67	50	0	157	3	1	0	4	0	0	0	0	50	42	0	111	0	0	0	0	1	0	0	9	0	0	0	0	13	7	0	33
07:05:00	25500	64	46	0	175	0	3	0	1	1	0	0	1	39	32	0	118	0	0	0	0	2	0	0	11	0	0	0	0	22	11	0	44
07:10:00	25800	70	57	0	188	0	0	0	1	0	0	0	1	55	37	0	136	0	0	0	0	5	3	0	13	0	0	0	0	10	17	0	37
07:15:00	26100	90	59	0	219	0	1	0	0	0	0	0	1	76	48	0	164	0	0	0	0	1	1	0	13	0	0	0	0	13	9	0	41
07:20:00	26400	82	64	0	237	0	0	0	0	0	0	0	1	62	53	0	173	0	0	0	0	8	0	0	21	0	0	0	0	12	11	0	42
07:25:00	26700	119	86	1	269	2	0	0	2	0	1	0	0	90	63	0	200	0	0	0	0	7	1	0	27	0	0	1	-1	20	21	0	41
07:30:00	27000	76	91	0	254	0	0	0	2	0	0	0	0	56	76	0	180	0	0	0	0	3	1	0	29	0	0	0	-1	17	14	0	44
07:35:00	27300	99	92	0	261	4	3	0	3	0	0	0	0	62	72	0	170	0	0	0	0	3	4	0	28	0	0	0	-1	30	13	0	61
07:40:00	27600	101	80	0	282	0	1	0	2	0	0	0	0	75	54	0	191	0	0	0	0	6	2	0	32	0	0	0	-1	20	23	0	58
07:45:00	27900	103	88	0	297	1	2	0	1	0	0	0	0	70	61	0	200	0	0	0	0	8	2	0	38	0	0	0	-1	24	23	0	59
07:50:00	28200	114	87	0	324	1	2	0	0	1	0	0	1	82	63	0	219	0	0	0	0	5	6	0	37	0	0	0	-1	25	16	0	68
07:55:00	28500	130	120	0	334	0	0	0	0	1	0	0	2	85	89	0	215	12	1	0	11	8	3	0	42	0	0	0	-1	24	27	0	65
08:00:00	28800	136	128	1	341	4	1	0	3	0	0	0	2	78	92	0	201	24	6	0	29	7	5	0	44	0	0	1	-2	23	24	0	64
08:05:00	29100	114	101	0	354	0	2	0	1	0	0	0	2	70	65	0	206	17	11	0	35	5	2	0	47	0	0	0	-2	22	21	0	65
08:10:00	29400	135	123	3	363	0	1	0	0	0	1	0	1	72	82	0	196	26	16	0	45	5	5	0	47	0	0	3	-5	32	18	0	79
08:15:00	29700	95	97	0	361	0	0	0	0	0	0	0	1	61	65	0	192	14	15	0	44	4	2	0	49	0	0	0	-5	16	15	0	80
08:20:00	30000	110	103	0	368	0	0	0	0	1	0	0	2	79	59	0	212	16	18	0	42	6	2	0	53	0	0	0	-5	8	24	0	64
08:25:00	30300	108	100	0	376	0	0	0	0	0	0	0	2	67	70	0	209	20	13	0	49	3	1	0	55	0	0	0	-5	18	16	0	66
08:30:00	30600	98	106	0	368	0	0	0	0	0	2	0	0	50	67	0	192	21	15	0	55	10	5	0	60	0	0	0	-5	17	17	0	66
08:35:00	30900	78	95	0	351	0	0	0	0	0	0	0	0	53	57	0	188	8	19	0	44	3	5	0	58	0	0	0	-5	14	14	0	66
08:40:00	31200	90	85	1	355	1	0	0	1	0	0	0	0	46	51	0	183	24	18	0	50	5	4	0	59	0	0	1	-6	14	12	0	68
08:45:00	31500	106	84	0	377	0	0	0	1	0	0	0	0	52	56	0	179	39	15	0	74	5	0	0	64	0	0	0	-6	10	13	0	65
08:50:00	31800	88	92	0	373	1	1	0	1	0	0	0	0	52	55	0	176	13	22	0	65	6	0	0	70	0	0	0	-6	16	14	0	67
08:55:00	32100	87	94	0	366	0	1	0	0	0	0	0	0	46	52	0	170	18	18	0	65	8	5	0	73	0	0	0	-6	15	18	0	64
09:00:00	32400	96	100	0	362	0	0	0	0	0	0	0	0	70	63	0	177	4	16	0	53	5	3	0	75	0	0	0	-6	17	18	0	63
09:05:00	32700	79	94	0	347	0	0	0	0	0	0	0	0	47	51	0	173	6	11	0	48	3	11	0	67	0	0	0	-6	23	21	0	65
09:10:00	33000	58	81	0	324	0	0	0	0	0	0	0	0	40	51	0	162	3	12	0	39	2	2	0	67	0	0	0	-6	13	16	0	62
09:15:00	33300	61	77	0	308	0	0	0	0	0	0	0	0	44	51	0	155	2	12	0	29	4	2	0	69	0	0	0	-6	11	12	0	61
09:20:00	33600	44	84	0	268	0	0	0	0	0	0	0	0	27	54	0	128	2	12	0	19	4	1	0	72	0	0	0	-6	11	17	0	55
09:25:00	33900	60	58	0	270	0	0	0	0	0	0	0	0	31	38	0	121	4	1	0	22	1	10	0	63	0	0	0	-6	24	9	0	70
09:30:00	34200	45	64	0	251	0	0	0	0	0	0	0	0	30	38	0	113	1	5	0	18	1	3	0	61	0	0	0	-6	13	18	0	65
09:35:00	34500	53	67	0	237	0	0	0	0	0	0	0	0	26	34	0	105	8	7	0	19	5	4	0	62	0	0	0	-6	14	22	0	57
09:40:00	34800	40	59	0	218	0	0	0	0	0	0	0	0	22	37	0	90	2	5	0	16	4	3	0	63	0	0	0	-6	12	14	0	55
09:45:00	35100	43	64	0	197	0	0	0	0	0	0	0	0	26	38	0	78	0	6	0	10	5	0	0	68	0	0	0	-6	12	20	0	47
09:50:00	35400	38	43	0	192	0	0	0	0	0	0	0	0	23	18	0	83	0	4	0	6	5	0	0	73	0	0	0	-6	10	21	0	36
09:55:00	35700	46	41	0	197	0	0	0	0	0	0	0	0	34	25	0	92	0	2	0	4	0	1	0	72	0	0	0	-6	12	13	0	35
10:00:00	36000	76	62	0	211	0	0	0	0	0	0	0	0	38	31	0	99	0	2	0	2	3	9	0	66	0	0	0	-6	35	20	0	50
10:05:00	36300	60	59	0	212	0	0	0	0	0	0	0	0	39	38	0	100	0	1	0	1	0	3	0	63	0	0	0	-6	21	17	0	54
10:10:00	36600	81	79	0	214	1	0	0	1	0	0	0	0	47	40	0	107	0	1	0	0	2	6	0	59	0	0	0	-6	31	32	0	53
10:15:00	36900	62	70	0	206	0	1	0	0	0	0	0	0	37	41	0	103	0	0	0	0	1	1	0	59	0	0	0	-6	24	27	0	50
10:20:00	37200	66	67	0	205	0	0	0	0	0	0	0	0	34	39	0	98	0	0	0	0	2	0	0	61	0	0	0	-6	30	28	0	52
10:25:00	37500	74	74	0	205	1	1	0	0	0	0	0	0	45	47	0	96	0	0	0	0	0	2	0	59	0	0	0	-6	28	24	0	56
10:30:00	37800	66	75	0	196	0	0	0	0	0	0	0	0	37	37	0	96	0	0	0	0	1	1	0	59	0	0	0	-6	28	37	0	47
10:35:00	38100	46	67	0	175	0	0	0	0	0	0	0	0	23	40	0	79	2	1	0	1	4	1	0	62	0	0	0	-6	17	25	0	39
10:40:00	38400	54	59	0	170	0	0	0	0	0	0	0	0	21	30	0	70	1	1	0	1	2	0	0	64	0	0	0	-6	30	28	0	41
10:45:00	38700	67	66	0	171	0	0	0	0	0	0	0	0	33	32	0	71	3	0	0	4	3	5	0	62	0	0	0	-6	28	29	0	40
10:50:00	39000	47	58	0	160	1	1	0	0	0	0	0	0	27	32	0	66	0	3	0	1	2	1	0	63	0	0	0	-6	17	21	0	36
10:55:00	39300	39	50	0	149	0	0	0	0	0	0	0	0	19	25	0	60	2	0	0	3	1	2	0	62	0	0	0	-6	17	23	0	30
11:00:00	39600	49	47	0	151	0	0	0	0	0	0	0	0	24	25	0	59	4	1	0	6	0	1	0	61	0	0	0	-6	21	20	0	31
11:05:00	39900	87	64	0	174	0	0	0	0	0	0	0	0	43	21	0	81	1	1	0	6	10	11	0	60	0	0	0	-6	33	31	0	33
11:10:00	40200	75	49	0	200	0	0	0	0	0	0	0	0	46	29	0	98	2	1	0	7	1	1	0	60	0	0	0	-6	26	18	0	41
11:15:00	40500	61	62	0	199	0	0	0	0	0	0	0	0	31	37	0	92	10	3	0	14	2	2	0	60	0	0	0	-6	18	20	0	39
11:20:00	40800	64	57	0	206	0	0	0	0	0	0	0	0	28	28	0	92	2	1	0	15	3	3	0	60	0	0	0	-6	31	25	0	45
11:25:00	41100	72	70	0	208	0	0	0	0	0	0	0	0	44	39	0	97	3	5	0	13	1	1	0	60	0	0	0	-6	24	25	0	44
11:30:00	41400	82	64	0	226	0	0	0	0	0	0	0	0	49	30	0	116	1	4	0	10	4	2	0	62	0	0	0	-6	28	28	0	44
11:35:00	41700	98	92	0	232	1	0	0	1	0	0	0	0	53	47	0	122	3	3	0	10	7	9	0	60	0	0	0	-6	34	33	0	45
11:40:00	42000	87	80	0	239	0	1	0	0	0	0	0	0	46	40	0	128	0	3	0	7	3	14	0	49	0	0	0	-6	38	22	0	61
11:45:00	42300	85	94	0	230	1	1	0	0	0	0	0	0	49	45	0	132	3	5	0	5	5	6	0	48	0	0	0	-6	27	37	0	51
11:50:00	42600	89	79	0	240	0	0	0	0	0	0	0	0	53	45	0	140	5	2	0	8	2	3	0	47	0	0	0	-6	29	29	0	51
11:55:00	42900	106	90	0	256	0	0	0	0	0	0	0	0	63	47	0	156	1	1	0	8	4	6	0	45	0	0	0	-6	38	36	0	53
12:00:00	43200	84	93	0	247	0	0	0	0	0	0	0	0	63	62	0	157	2	2	0	8	4	0	0	49	0	0	0	-6	15	29	0	39
12:05:00	43500	59	74	0	232	1	0	0	1	0	0	0	0	38	48	0	147	8	5	0	11	2	0	0	51	0	0	0	-6	10	21	0	28
12:10:00	43800	66	59	0	239	0	0	0	1	0	0	0	0	49	45	0	151	2	0	0	13	5	1	0	55	0	0	0	-6	10	13	0	25
12:15:00	44100	52	72	0	219	0	1	0	0	0	0	0	0	29	56	0	124	1	3	0	11	2	3	0	54	0	0	0	-6	20	9	0	36
12:20:00	44400	46	56	0	209	0	0	0	0	0	0	0	0	36	44	0	116	0	3	0	8	2	1	0	55	0	0	0	-6	8	8	0	36
12:25:00	44700	64	61	0	212	1	0	0	1	0	0	0	0	45	35	0	126	0	3	0	5	6	6	0	55	0	0	0	-6	12	17	0	31
12:30:00	45000	41	49	0	204	1	1	0	1	0	0	0	0	34	37	0	123	0	1	0	4	2	2	0	55	0	0	0	-6	4	8	0	27
12:35:00	45300	26	50	0	180	0	0	0	1	0	0	0	0	16	36	0	103	0	2	0	2	3	3	0	55	0	0	0	-6	7	9	0	25
12:40:00	45600	31	36	0	175	0	0	0	1	0	0	0	0	24	27	0	100	0	1	0	1	2	0	0	57	0	0	0	-6	5	8	0	22
12:45:00	45900	44	37	0	182	0	1	0	0	0	0	0	0	30	32	0	98	0	0	0	1	1	2	0	56	0	0	0	-6	13	2	0	33
12:50:00	46200	30	44	0	168	0	0	0	0	0	0	0	0	24	32	0	90	0	1	0	0	5	0	0	61	0	0	0	-6	1	11	0	23
12:55:00	46500	36	42	0	162	0	0	0	0	0	0	0	0	25	32	0	83	0	0	0	0	4	3	0	62	0	0	0	-6	7	7	0	23
13:00:00	46800	3	29	0	136	0	0	0	0	0	0	0	0	0	21	0	62	0	0	0	0	2	1	0	63	0	0	0	-6	1	7	0	17
13:05:00	47100	2	24	0	114	0	0	0	0	0	0	0	0	2	21	0	43	0	0	0	0	0	0	0	63	0	0	0	-6	0	3	0	14
13:10:00	47400	4	19	0	99	0	0	0	0	0	0	0	0	0	13	0	30	0	0	0	0	3	0	0	66	0	0	0	-6	1	6	0	9
13:15:00	47700	23	12	0	110	0	0	0	0	0	0	0	0	19	9	0	40	0	0	0	0	0	1	0	65	0	0	0	-6	4	2	0	11
13:20:00	48000	19	20	0	109	0	0	0	0	0	0	0	0	11	12	0	39	0	0	0	0	0	5	0	60	0	0	0	-6	8	3	0	16
13:25:00	48300	22	21	0	110	0	0	0	0	0	0	0	0	11	10	0	40	0	0	0	0	3	4	0	59	0	0	0	-6	8	7	0	17
13:30:00	48600	54	21	0	143	0	0	0	0	0	0	0	0	45	15	0	70	1	0	0	1	0	2	0	57	0	0	0	-6	8	4	0	21
13:35:00	48900	64	52	0	155	0	0	0	0	0	0	0	0	44	35	0	79	5	0	0	6	2	7	0	52	0	0	0	-6	13	10	0	24
13:40:00	49200	47	46	0	156	0	0	0	0	1	0	0	1	30	32	0	77	5	2	0	9	1	4	0	49	0	0	0	-6	10	8	0	26
13:45:00	49500	56	46	1	165	0	0	0	0	0	1	0	0	41	29	0	89	2	3	0	8	2	3	0	48	0	0	1	-7	11	10	0	27
13:50:00	49800	95	46	0	214	0	0	0	0	0	0	0	0	61	30	0	120	15	6	0	17	0	1	0	47	0	0	0	-7	19	9	0	37
13:55:00	50100	111	65	0	260	0	0	0	0	0	0	0	0	82	48	0	154	12	6	0	23	0	1	0	46	0	0	0	-7	17	10	0	44
14:00:00	50400	88	87	0	261	0	0	0	0	0	0	0	0	61	58	0	157	3	10	0	16	2	0	0	48	0	0	0	-7	22	19	0	47
14:05:00	50700	82	75	0	268	0	0	0	0	0	0	0	0	41	49	0	149	9	6	0	19	1	0	0	49	0	0	0	-7	31	20	0	58
14:10:00	51000	82	80	0	270	0	0	0	0	0	0	0	0	54	49	0	154	14	10	0	23	4	0	0	53	0	0	0	-7	10	21	0	47
14:15:00	51300	71	75	0	266	0	0	0	0	0	0	0	0	42	46	0	150	8	9	0	22	8	0	0	61	0	0	0	-7	13	20	0	40
14:20:00	51600	84	77	0	273	2	1	0	1	0	0	0	0	47	51	0	146	14	8	0	28	5	2	0	64	0	0	0	-7	16	15	0	41
14:25:00	51900	77	79	0	271	0	1	0	0	0	0	0	0	53	58	0	141	16	11	0	33	2	1	0	65	0	0	0	-7	6	8	0	39
14:30:00	52200	55	63	0	263	0	0	0	0	0	0	0	0	24	33	0	132	11	12	0	32	5	3	0	67	0	0	0	-7	15	15	0	39
14:35:00	52500	74	69	0	268	0	0	0	0	0	0	0	0	50	39	0	143	5	13	0	24	2	1	0	68	0	0	0	-7	17	16	0	40
14:40:00	52800	61	89	0	240	0	0	0	0	0	0	0	0	34	56	0	121	8	9	0	23	2	1	0	69	0	0	0	-7	17	23	0	34
14:45:00	53100	56	66	0	230	0	0	0	0	0	0	0	0	29	34	0	116	9	11	0	21	4	12	0	61	0	0	0	-7	14	9	0	39
14:50:00	53400	52	69	0	213	0	0	0	0	0	0	0	0	27	42	0	101	3	6	0	18	3	1	0	63	0	0	0	-7	19	20	0	38
14:55:00	53700	45	56	0	202	0	0	0	0	0	0	0	0	20	29	0	92	8	6	0	20	2	5	0	60	0	0	0	-7	15	16	0	37
15:00:00	54000	43	55	0	190	0	0	0	0	0	0	0	0	25	31	0	86	3	9	0	14	1	2	0	59	0	0	0	-7	14	13	0	38
15:05:00	54300	52	52	0	190	1	0	0	1	0	0	0	0	29	36	0	79	1	4	0	11	1	1	0	59	0	0	0	-7	20	11	0	47
15:10:00	54600	50	53	0	187	0	1	0	0	0	0	0	0	30	30	0	79	0	5	0	6	2	0	0	61	0	0	0	-7	18	17	0	48
15:15:00	54900	59	53	0	193	0	0	0	0	0	0	0	0	41	30	0	90	1	2	0	5	4	1	0	64	0	0	0	-7	13	20	0	41
15:20:00	55200	53	52	0	194	0	0	0	0	0	0	0	0	32	28	0	94	1	1	0	5	3	0	0	67	0	0	0	-7	17	23	0	35
15:25:00	55500	56	63	0	187	0	0	0	0	0	0	0	0	37	44	0	87	0	0	0	5	3	2	0	68	0	0	0	-7	16	17	0	34
15:30:00	55800	76	48	0	215	0	0	0	0	0	0	0	0	45	32	0	100	0	1	0	4	1	2	0	67	0	0	0	-7	30	13	0	51
15:35:00	56100	100	73	0	242	0	0	0	0	1	1	0	0	70	42	0	128	0	0	0	4	3	4	0	66	0	0	0	-7	26	26	0	51
15:40:00	56400	106	91	0	257	0	0	0	0	0	0	0	0	67	57	0	138	0	1	0	3	3	2	0	67	0	0	0	-7	36	31	0	56
15:45:00	56700	80	90	0	247	0	0	0	0	0	0	0	0	42	55	0	125	0	0	0	3	7	4	0	70	0	0	0	-7	31	31	0	56
15:50:00	57000	83	83	0	247	1	1	0	0	0	0	0	0	49	49	0	125	0	1	0	2	1	0	0	71	0	0	0	-7	32	32	0	56
15:55:00	57300	66	74	0	239	1	0	0	1	0	0	0	0	36	42	0	119	0	0	0	2	1	6	0	66	0	0	0	-7	28	26	0	58
16:00:00	57600	94	83	0	250	0	1	0	0	0	0	0	0	42	48	0	113	21	0	0	23	5	6	0	65	0	0	0	-7	26	28	0	56
16:05:00	57900	79	75	0	254	0	0	0	0	0	0	0	0	38	43	0	108	19	8	0	34	0	2	0	63	0	0	0	-7	22	22	0	56
16:10:00	58200	70	87	0	237	0	0	0	0	0	0	0	0	23	38	0	93	18	14	0	38	3	1	0	65	0	0	0	-7	26	34	0	48
16:15:00	58500	85	88	0	234	0	0	0	0	0	0	0	0	35	40	0	88	16	14	0	40	5	11	0	59	0	0	0	-7	29	23	0	54
16:20:00	58800	96	68	0	262	0	0	0	0	0	0	0	0	54	29	0	113	17	11	0	46	1	2	0	58	0	0	0	-7	24	26	0	52
16:25:00	59100	104	82	0	284	0	0	0	0	0	0	0	0	48	37	0	124	27	21	0	52	3	4	0	57	0	0	0	-7	26	20	0	58
16:30:00	59400	116	86	0	314	0	0	0	0	0	0	0	0	53	47	0	130	31	15	0	68	3	2	0	58	0	0	0	-7	29	22	0	65
16:35:00	59700	140	99	0	355	1	0	0	1	0	0	0	0	65	40	0	155	27	21	0	74	8	2	0	64	0	0	0	-7	39	36	0	68
16:40:00	60000	140	126	0	369	0	0	0	1	0	0	0	0	80	59	0	176	20	26	0	68	4	5	0	63	0	0	0	-7	36	36	0	68
16:45:00	60300	109	103	0	375	1	0	0	2	0	0	0	0	55	52	0	179	28	20	0	76	4	5	0	62	0	0	0	-7	21	26	0	63
16:50:00	60600	156	134	0	397	1	2	0	1	0	0	0	0	68	66	0	181	47	30	0	93	2	3	0	61	0	0	0	-7	38	33	0	68
16:55:00	60900	132	128	0	401	0	1	0	0	0	0	0	0	63	65	0	179	31	27	0	97	2	4	0	59	0	0	0	-7	36	31	0	73
17:00:00	61200	177	127	0	451	0	0	0	0	1	0	0	1	109	57	0	231	20	30	0	87	4	8	0	55	0	0	0	-7	43	32	0	84
17:05:00	61500	183	133	0	501	0	0	0	0	0	0	0	1	127	79	0	279	12	21	0	78	10	6	0	59	0	0	0	-7	34	27	0	91
17:10:00	61800	163	154	0	510	0	0	0	0	1	1	0	1	100	92	0	287	15	22	0	71	7	4	0	62	0	0	0	-7	40	35	0	96
17:15:00	62100	179	173	0	516	1	1	0	0	0	0	0	1	116	109	0	294	25	19	0	77	5	4	0	63	0	0	0	-7	32	40	0	88
17:20:00	62400	184	154	0	546	0	0	0	0	0	0	0	1	121	87	0	328	16	24	0	69	6	3	0	66	0	0	0	-7	41	40	0	89
17:25:00	62700	126	167	1	504	0	0	0	0	0	0	0	1	80	103	0	305	1	23	0	47	12	5	0	73	0	0	1	-8	33	36	0	86
17:30:00	63000	104	133	0	475	0	0	0	0	0	0	0	1	79	91	0	293	1	12	0	36	4	4	0	73	0	0	0	-8	20	26	0	80
17:35:00	63300	110	119	1	465	1	0	0	1	1	0	0	2	84	83	0	294	1	6	0	31	8	5	0	76	0	0	1	-9	15	25	0	70
17:40:00	63600	76	109	0	432	0	1	0	0	1	1	0	2	42	70	0	266	2	8	0	25	8	11	0	73	0	0	0	-9	23	18	0	75
17:45:00	63900	119	107	0	444	0	0	0	0	0	0	0	2	91	74	0	283	1	1	0	25	4	11	0	66	0	0	0	-9	23	21	0	77
17:50:00	64200	104	114	0	434	0	0	0	0	0	0	0	2	79	84	0	278	0	4	0	21	8	1	0	73	0	0	0	-9	17	25	0	69
17:55:00	64500	105	116	0	423	1	0	0	1	0	1	0	1	78	80	0	276	1	5	0	17	8	6	0	75	0	0	0	-9	17	24	0	62
18:00:00	64800	69	115	0	377	0	1	0	0	0	0	0	1	53	89	0	240	1	3	0	15	1	4	0	72	0	0	0	-9	14	18	0	58
18:05:00	65100	68	90	0	355	0	0	0	0	0	0	0	1	45	62	0	223	0	1	0	14	6	10	0	68	0	0	0	-9	17	17	0	58
18:10:00	65400	48	83	0	320	0	0	0	0	0	1	0	0	36	64	0	195	1	1	0	14	4	2	0	70	0	0	0	-9	7	15	0	50
18:15:00	65700	42	81	0	281	0	0	0	0	0	0	0	0	30	60	0	165	0	1	0	13	2	5	0	67	0	0	0	-9	10	15	0	45
18:20:00	66000	59	66	0	274	0	0	0	0	0	0	0	0	46	42	0	169	0	1	0	12	2	10	0	59	0	0	0	-9	11	13	0	43
18:25:00	66300	48	65	0	257	0	0	0	0	0	0	0	0	30	47	0	152	0	1	0	11	2	10	0	51	0	0	0	-9	16	7	0	52
18:30:00	66600	41	61	0	237	0	0	0	0	0	0	0	0	28	41	0	139	0	0	0	11	1	6	0	46	0	0	0	-9	12	14	0	50
18:35:00	66900	59	72	0	224	0	0	0	0	0	0	0	0	45	52	0	132	1	4	0	8	0	6	0	40	0	0	0	-9	13	10	0	53
18:40:00	67200	37	52	0	209	0	0	0	0	0	0	0	0	28	33	0	127	0	2	0	6	1	4	0	37	0	0	0	-9	8	13	0	48
18:45:00	67500	35	60	0	184	0	0	0	0	0	0	0	0	28	39	0	116	0	2	0	4	1	5	0	33	0	0	0	-9	6	14	0	40
18:50:00	67800	17	40	0	161	0	0	0	0	0	0	0	0	10	26	0	100	0	0	0	4	0	7	0	26	0	0	0	-9	7	7	0	40
18:55:00	68100	25	40	0	146	0	0	0	0	0	0	0	0	19	24	0	95	0	0	0	4	0	5	0	21	0	0	0	-9	6	11	0	35
19:00:00	68400	70	43	0	173	0	0	0	0	0	0	0	0	60	29	0	126	0	0	0	4	1	7	0	15	0	0	0	-9	9	7	0	37
19:05:00	68700	78	40	0	211	0	0	0	0	0	0	0	0	65	31	0	160	0	0	0	4	0	0	0	15	0	0	0	-9	13	9	0	41
19:10:00	69000	65	68	0	208	0	0	0	0	0	0	0	0	57	54	0	163	0	1	0	3	1	0	0	16	0	0	0	-9	7	13	0	35
19:15:00	69300	55	66	0	197	2	0	0	2	0	0	0	0	45	49	0	159	0	0	0	3	0	3	0	13	0	0	0	-9	8	14	0	29
19:20:00	69600	55	57	0	195	0	1	0	1	0	0	0	0	45	48	0	156	0	0	0	3	0	1	0	12	0	0	0	-9	10	7	0	32
19:25:00	69900	90	65	0	220	0	0	0	1	0	0	0	0	82	54	0	184	0	0	0	3	0	1	0	11	0	0	0	-9	8	10	0	30
19:30:00	70200	69	63	0	226	1	1	0	1	0	0	0	0	59	51	0	192	0	0	0	3	1	3	0	9	0	0	0	-9	8	8	0	30
19:35:00	70500	49	83	0	192	1	1	0	1	0	0	0	0	41	73	0	160	0	0	0	3	0	2	0	7	0	0	0	-9	7	7	0	30
19:40:00	70800	39	56	0	175	0	1	0	0	0	0	0	0	34	47	0	147	0	1	0	2	0	1	0	6	0	0	0	-9	5	6	0	29
19:45:00	71100	64	60	0	179	0	0	0	0	0	0	0	0	56	50	0	153	0	0	0	2	2	2	0	6	0	0	0	-9	6	8	0	27
19:50:00	71400	48	53	0	174	1	0	0	1	0	0	0	0	40	48	0	145	0	0	0	2	0	1	0	5	0	0	0	-9	7	4	0	30
19:55:00	71700	50	59	0	165	0	1	0	0	0	0	0	0	42	52	0	135	0	0	0	2	1	1	0	5	0	0	0	-9	7	5	0	32
20:00:00	72000	7	45	0	127	0	0	0	0	0	0	0	0	4	38	0	101	0	0	0	2	1	0	0	6	0	0	0	-9	2	7	0	27
20:05:00	72300	6	38	0	95	0	0	0	0	0	0	0	0	5	30	0	76	0	0	0	2	1	0	0	7	0	0	0	-9	0	8	0	19
20:10:00	72600	6	21	0	80	0	0	0	0	0	0	0	0	5	17	0	64	0	0	0	2	0	0	0	7	0	0	0	-9	1	4	0	16
20:15:00	72900	7	18	0	69	0	0	0	0	0	0	0	0	6	16	0	54	0	0	0	2	0	1	0	6	0	0	0	-9	1	1	0	16
20:20:00	73200	9	21	0	57	0	0	0	0	0	0	0	0	7	16	0	45	0	1	0	1	1	1	0	6	0	0	0	-9	1	3	0	14
20:25:00	73500	8	8	0	57	0	0	0	0	0	0	0	0	5	5	0	45	0	0	0	1	0	2	0	4	0	0	0	-9	3	1	0	16
20:30:00	73800	7	14	0	50	0	0	0	0	0	0	0	0	4	10	0	39	0	1	0	0	0	2	0	2	0	0	0	-9	3	1	0	18
20:35:00	74100	4	9	0	45	0	0	0	0	0	0	0	0	4	5	0	38	0	0	0	0	0	0	0	2	0	0	0	-9	0	4	0	14
20:40:00	74400	2	11	0	36	0	0	0	0	0	0	0	0	1	8	0	31	0	0	0	0	0	0	0	2	0	0	0	-9	1	3	0	12
20:45:00	74700	4	4	0	36	0	0	0	0	0	0	0	0	2	2	0	31	0	0	0	0	0	0	0	2	0	0	0	-9	2	2	0	12
20:50:00	75000	8	9	0	35	0	0	0	0	0	0	0	0	6	7	0	30	0	0	0	0	0	0	0	2	0	0	0	-9	2	2	0	12
20:55:00	75300	4	6	0	33	0	0	0	0	0	0	0	0	3	3	0	30	0	0	0	0	0	0	0	2	0	0	0	-9	1	3	0	10
21:00:00	75600	10	12	0	31	0	0	0	0	0	0	0	0	9	10	0	29	0	0	0	0	0	0	0	2	0	0	0	-9	1	2	0	9
21:05:00	75900	5	7	0	29	0	0	0	0	0	0	0	0	5	6	0	28	0	0	0	0	0	0	0	2	0	0	0	-9	0	1	0	8
21:10:00	76200	3	5	0	27	0	0	0	0	0	0	0	0	3	4	0	27	0	0	0	0	0	0	0	2	0	0	0	-9	0	1	0	7
21:15:00	76500	1	5	0	23	0	0	0	0	0	0	0	0	1	5	0	23	0	0	0	0	0	0	0	2	0	0	0	-9	0	0	0	7
21:20:00	76800	2	4	0	21	0	0	0	0	0	0	0	0	2	4	0	21	0	0	0	0	0	0	0	2	0	0	0	-9	0	0	0	7
21:25:00	77100	1	2	0	20	0	0	0	0	0	0	0	0	1	1	0	21	0	0	0	0	0	0	0	2	0	0	0	-9	0	1	0	6
21:30:00	77400	0	3	0	17	0	0	0	0	0	0	0	0	0	3	0	18	0	0	0	0	0	0	0	2	0	0	0	-9	0	0	0	6
21:35:00	77700	0	4	0	13	0	0	0	0	0	0	0	0	0	4	0	14	0	0	0	0	0	0	0	2	0	0	0	-9	0	0	0	6
21:40:00	78000	2	4	0	11	0	0	0	0	0	0	0	0	2	4	0	12	0	0	0	0	0	0	0	2	0	0	0	-9	0	0	0	6
21:45:00	78300	1	3	0	9	0	0	0	0	0	0	0	0	1	1	0	12	0	0	0	0	0	0	0	2	0	0	0	-9	0	2	0	4
21:50:00	78600	1	3	0	7	0	0	0	0	0	0	0	0	1	3	0	10	0	0	0	0	0	0	0	2	0	0	0	-9	0	0	0	4
21:55:00	78900	0	1	0	6	0	0	0	0	0	0	0	0	0	1	0	9	0	0	0	0	0	0	0	2	0	0	0	-9	0	0	0	4
22:00:00	79200	0	1	0	5	0	0	0	0	0	0	0	0	0	1	0	8	0	0	0	0	0	0	0	2	0	0	0	-9	0	0	0	4
22:05:00	79500	0	1	0	4	0	0	0	0	0	0	0	0	0	0	0	8	0	0	0	0	0	0	0	2	0	0	0	-9	0	1	0	3
22:10:00	79800	0	0	0	4	0	0	0	0	0	0	0	0	0	0	0	8	0	0	0	0	0	0	0	2	0	0	0	-9	0	0	0	3
22:15:00	80100	1	3	0	2	0	0	0	0	0	0	0	0	0	2	0	6	0	0	0	0	0	0	0	2	0	0	0	-9	1	1	0	3
22:20:00	80400	1	3	0	0	0	0	0	0	0	0	0	0	0	1	0	5	0	0	0	0	0	0	0	2	0	0	0	-9	1	2	0	2
22:25:00	80700	0	1	0	-1	0	0	0	0	0	0	0	0	0	0	0	5	0	0	0	0	0	0	0	2	0	0	0	-9	0	1	0	1
22:30:00	81000	0	0	0	-1	0	0	0	0	0	0	0	0	0	0	0	5	0	0	0	0	0	0	0	2	0	0	0	-9	0	0	0	1
22:35:00	81300	0	0	0	-1	0	0	0	0	0	0	0	0	0	0	0	5	0	0	0	0	0	0	0	2	0	0	0	-9	0	0	0	1
22:40:00	81600	1	2	0	-2	0	0	0	0	0	0	0	0	1	2	0	4	0	0	0	0	0	0	0	2	0	0	0	-9	0	0	0	1
22:45:00	81900	0	0	0	-2	0	0	0	0	0	0	0	0	0	0	0	4	0	0	0	0	0	0	0	2	0	0	0	-9	0	0	0	1
22:50:00	82200	0	0	0	-2	0	0	0	0	0	0	0	0	0	0	0	4	0	0	0	0	0	0	0	2	0	0	0	-9	0	0	0	1
22:55:00	82500	0	0	0	-2	0	0	0	0	0	0	0	0	0	0	0	4	0	0	0	0	0	0	0	2	0	0	0	-9	0	0	0	1
23:00:00	82800	0	0	0	-2	0	0	0	0	0	0	0	0	0	0	0	4	0	0	0	0	0	0	0	2	0	0	0	-9	0	0	0	1
23:05:00	83100	0	0	0	-2	0	0	0	0	0	0	0	0	0	0	0	4	0	0	0	0	0	0	0	2	0	0	0	-9	0	0	0	1
23:10:00	83400	0	0	0	-2	0	0	0	0	0	0	0	0	0	0	0	4	0	0	0	0	0	0	0	2	0	0	0	-9	0	0	0	1
23:15:00	83700	6	2	0	2	0	0	0	0	0	0	0	0	6	2	0	8	0	0	0	0	0	0	0	2	0	0	0	-9	0	0	0	1
23:20:00	84000	5	3	0	4	0	0	0	0	0	0	0	0	4	3	0	9	0	0	0	0	0	0	0	2	0	0	0	-9	1	0	0	2
23:25:00	84300	5	3	0	6	0	0	0	0	0	0	0	0	3	1	0	11	0	0	0	0	0	0	0	2	0	0	0	-9	2	2	0	2
23:30:00	84600	2	5	0	3	0	0	0	0	0	0	0	0	2	5	0	8	0	0	0	0	0	0	0	2	0	0	0	-9	0	0	0	2
23:35:00	84900	2	0	0	5	0	0	0	0	0	0	0	0	2	0	0	10	0	0	0	0	0	0	0	2	0	0	0	-9	0	0	0	2
23:40:00	85200	3	3	0	5	0	0	0	0	0	0	0	0	2	3	0	9	0	0	0	0	0	0	0	2	0	0	0	-9	1	0	0	3
23:45:00	85500	5	4	0	6	0	0	0	0	0	0	0	0	2	2	0	9	0	0	0	0	0	0	0	2	0	0	0	-9	3	2	0	4
23:50:00	85800	5	5	0	6	1	0	0	1	0	0	0	0	4	3	0	10	0	0	0	0	0	0	0	2	0	0	0	-9	0	2	0	2
23:55:00	86100	3	5	0	4	0	1	0	0	0	0	0	0	0	2	0	8	0	0	0	0	0	0	0	2	0	0	0	-9	3	2	0	3
24:00:00	86400	4	1	0	7	0	0	0	0	0	0	0	0	3	0	0	11	0	0	0	0	0	0	0	2	0	0	0	-9	1	1	0	3
24:05:00	86700	2	3	0	6	0	0	0	0	0	0	0	0	2	2	0	11	0	0	0	0	0	0	0	2	0	0	0	-9	0	1	0	2
24:10:00	87000	3	4	0	5	0	0	0	0	0	0	0	0	2	3	0	10	0	0	0	0	0	0	0	2	0	0	0	-9	1	1	0	2
24:15:00	87300	0	3	0	2	0	0	0	0	0	0	0	0	0	3	0	7	0	0	0	0	0	0	0	2	0	0	0	-9	0	0	0	2
24:20:00	87600	0	1	0	1	0	0	0	0	0	0	0	0	0	1	0	6	0	0	0	0	0	0	0	2	0	0	0	-9	0	0	0	2
24:25:00	87900	0	2	0	-1	0	0	0	0	0	0	0	0	0	1	0	5	0	0	0	0	0	0	0	2	0	0	0	-9	0	1	0	1
24:30:00	88200	0	0	0	-1	0	0	0	0	0	0	0	0	0	0	0	5	0	0	0	0	0	0	0	2	0	0	0	-9	0	0	0	1
24:35:00	88500	0	2	0	-3	0	0	0	0	0	0	0	0	0	2	0	3	0	0	0	0	0	0	0	2	0	0	0	-9	0	0	0	1
24:40:00	88800	0	0	0	-3	0	0	0	0	0	0	0	0	0	0	0	3	0	0	0	0	0	0	0	2	0	0	0	-9	0	0	0	1
24:45:00	89100	0	0	0	-3	0	0	0	0	0	0	0	0	0	0	0	3	0	0	0	0	0	0	0	2	0	0	0	-9	0	0	0	1
24:50:00	89400	0	2	0	-5	0	0	0	0	0	0	0	0	0	2	0	1	0	0	0	0	0	0	0	2	0	0	0	-9	0	0	0	1
24:55:00	89700	0	0	0	-5	0	0	0	0	0	0	0	0	0	0	0	1	0	0	0	0	0	0	0	2	0	0	0	-9	0	0	0	1
25:00:00	90000	0	0	0	-5	0	0	0	0	0	0	0	0	0	0	0	1	0	0	0	0	0	0	0	2	0	0	0	-9	0	0	0	1
25:05:00	90300	0	0	0	-5	0	0	0	0	0	0	0	0	0	0	0	1	0	0	0	0	0	0	0	2	0	0	0	-9	0	0	0	1
25:10:00	90600	0	0	0	-5	0	0	0	0	0	0	0	0	0	0	0	1	0	0	0	0	0	0	0	2	0	0	0	-9	0	0	0	1
25:15:00	90900	0	0	0	-5	0	0	0	0	0	0	0	0	0	0	0	1	0	0	0	0	0	0	0	2	0	0	0	-9	0	0	0	1
25:20:00	91200	0	0	0	-5	0	0	0	0	0	0	0	0	0	0	0	1	0	0	0	0	0	0	0	2	0	0	0	-9	0	0	0	1
25:25:00	91500	0	0	0	-5	0	0	0	0	0	0	0	0	0	0	0	1	0	0	0	0	0	0	0	2	0	0	0	-9	0	0	0	1
25:30:00	91800	0	0	0	-5	0	0	0	0	0	0	0	0	0	0	0	1	0	0	0	0	0	0	0	2	0	0	0	-9	0	0	0	1
25:35:00	92100	0	0	0	-5	0	0	0	0	0	0	0	0	0	0	0	1	0	0	0	0	0	0	0	2	0	0	0	-9	0	0	0	1
25:40:00	92400	0	0	0	-5	0	0	0	0	0	0	0	0	0	0	0	1	0	0	0	0	0	0	0	2	0	0	0	-9	0	0	0	1
25:45:00	92700	0	0	0	-5	0	0	0	0	0	0	0	0	0	0	0	1	0	0	0	0	0	0	0	2	0	0	0	-9	0	0	0	1
25:50:00	93000	0	0	0	-5	0	0	0	0	0	0	0	0	0	0	0	1	0	0	0	0	0	0	0	2	0	0	0	-9	0	0	0	1
25:55:00	93300	0	0	0	-5	0	0	0	0	0	0	0	0	0	0	0	1	0	0	0	0	0	0	0	2	0	0	0	-9	0	0	0	1
26:00:00	93600	0	0	0	-5	0	0	0	0	0	0	0	0	0	0	0	1	0	0	0	0	0	0	0	2	0	0	0	-9	0	0	0	1
26:05:00	93900	2	2	0	-5	0	0	0	0	0	0	0	0	2	2	0	1	0	0	0	0	0	0	0	2	0	0	0	-9	0	0	0	1
26:10:00	94200	0	1	0	-6	0	0	0	0	0	0	0	0	0	1	0	0	0	0	0	0	0	0	0	2	0	0	0	-9	0	0	0	1
26:15:00	94500	0	0	0	-6	0	0	0	0	0	0	0	0	0	0	0	0	0	0	0	0	0	0	0	2	0	0	0	-9	0	0	0	1
26:20:00	94800	0	0	0	-6	0	0	0	0	0	0	0	0	0	0	0	0	0	0	0	0	0	0	0	2	0	0	0	-9	0	0	0	1
26:25:00	95100	0	0	0	-6	0	0	0	0	0	0	0	0	0	0	0	0	0	0	0	0	0	0	0	2	0	0	0	-9	0	0	0	1
26:30:00	95400	0	0	0	-6	0	0	0	0	0	0	0	0	0	0	0	0	0	0	0	0	0	0	0	2	0	0	0	-9	0	0	0	1
26:35:00	95700	0	0	0	-6	0	0	0	0	0	0	0	0	0	0	0	0	0	0	0	0	0	0	0	2	0	0	0	-9	0	0	0	1
26:40:00	96000	0	0	0	-6	0	0	0	0	0	0	0	0	0	0	0	0	0	0	0	0	0	0	0	2	0	0	0	-9	0	0	0	1
26:45:00	96300	0	0	0	-6	0	0	0	0	0	0	0	0	0	0	0	0	0	0	0	0	0	0	0	2	0	0	0	-9	0	0	0	1
26:50:00	96600	0	0	0	-6	0	0	0	0	0	0	0	0	0	0	0	0	0	0	0	0	0	0	0	2	0	0	0	-9	0	0	0	1
26:55:00	96900	0	0	0	-6	0	0	0	0	0	0	0	0	0	0	0	0	0	0	0	0	0	0	0	2	0	0	0	-9	0	0	0	1
27:00:00	97200	0	0	0	-6	0	0	0	0	0	0	0	0	0	0	0	0	0	0	0	0	0	0	0	2	0	0	0	-9	0	0	0	1
27:05:00	97500	0	0	0	-6	0	0	0	0	0	0	0	0	0	0	0	0	0	0	0	0	0	0	0	2	0	0	0	-9	0	0	0	1
27:10:00	97800	0	0	0	-6	0	0	0	0	0	0	0	0	0	0	0	0	0	0	0	0	0	0	0	2	0	0	0	-9	0	0	0	1
27:15:00	98100	0	0	0	-6	0	0	0	0	0	0	0	0	0	0	0	0	0	0	0	0	0	0	0	2	0	0	0	-9	0	0	0	1
27:20:00	98400	0	0	0	-6	0	0	0	0	0	0	0	0	0	0	0	0	0	0	0	0	0	0	0	2	0	0	0	-9	0	0	0	1
27:25:00	98700	0	0	0	-6	0	0	0	0	0	0	0	0	0	0	0	0	0	0	0	0	0	0	0	2	0	0	0	-9	0	0	0	1
27:30:00	99000	0	0	0	-6	0	0	0	0	0	0	0	0	0	0	0	0	0	0	0	0	0	0	0	2	0	0	0	-9	0	0	0	1
27:35:00	99300	0	0	0	-6	0	0	0	0	0	0	0	0	0	0	0	0	0	0	0	0	0	0	0	2	0	0	0	-9	0	0	0	1
27:40:00	99600	0	0	0	-6	0	0	0	0	0	0	0	0	0	0	0	0	0	0	0	0	0	0	0	2	0	0	0	-9	0	0	0	1
27:45:00	99900	0	0	0	-6	0	0	0	0	0	0	0	0	0	0	0	0	0	0	0	0	0	0	0	2	0	0	0	-9	0	0	0	1
27:50:00	100200	0	0	0	-6	0	0	0	0	0	0	0	0	0	0	0	0	0	0	0	0	0	0	0	2	0	0	0	-9	0	0	0	1
27:55:00	100500	0	0	0	-6	0	0	0	0	0	0	0	0	0	0	0	0	0	0	0	0	0	0	0	2	0	0	0	-9	0	0	0	1
28:00:00	100800	0	0	0	-6	0	0	0	0	0	0	0	0	0	0	0	0	0	0	0	0	0	0	0	2	0	0	0	-9	0	0	0	1
28:05:00	101100	0	0	0	-6	0	0	0	0	0	0	0	0	0	0	0	0	0	0	0	0	0	0	0	2	0	0	0	-9	0	0	0	1
28:10:00	101400	0	0	0	-6	0	0	0	0	0	0	0	0	0	0	0	0	0	0	0	0	0	0	0	2	0	0	0	-9	0	0	0	1
28:15:00	101700	0	0	0	-6	0	0	0	0	0	0	0	0	0	0	0	0	0	0	0	0	0	0	0	2	0	0	0	-9	0	0	0	1
28:20:00	102000	0	0	0	-6	0	0	0	0	0	0	0	0	0	0	0	0	0	0	0	0	0	0	0	2	0	0	0	-9	0	0	0	1
28:25:00	102300	0	0	0	-6	0	0	0	0	0	0	0	0	0	0	0	0	0	0	0	0	0	0	0	2	0	0	0	-9	0	0	0	1
28:30:00	102600	0	0	0	-6	0	0	0	0	0	0	0	0	0	0	0	0	0	0	0	0	0	0	0	2	0	0	0	-9	0	0	0	1
28:35:00	102900	0	0	0	-6	0	0	0	0	0	0	0	0	0	0	0	0	0	0	0	0	0	0	0	2	0	0	0	-9	0	0	0	1
28:40:00	103200	0	0	0	-6	0	0	0	0	0	0	0	0	0	0	0	0	0	0	0	0	0	0	0	2	0	0	0	-9	0	0	0	1
28:45:00	103500	0	0	0	-6	0	0	0	0	0	0	0	0	0	0	0	0	0	0	0	0	0	0	0	2	0	0	0	-9	0	0	0	1
28:50:00	103800	0	0	0	-6	0	0	0	0	0	0	0	0	0	0	0	0	0	0	0	0	0	0	0	2	0	0	0	-9	0	0	0	1
28:55:00	104100	0	0	0	-6	0	0	0	0	0	0	0	0	0	0	0	0	0	0	0	0	0	0	0	2	0	0	0	-9	0	0	0	1
29:00:00	104400	0	1	0	-7	0	0	0	0	0	0	0	0	0	0	0	0	0	0	0	0	0	0	0	2	0	0	0	-9	0	1	0	0
29:05:00	104700	0	0	0	-7	0	0	0	0	0	0	0	0	0	0	0	0	0	0	0	0	0	0	0	2	0	0	0	-9	0	0	0	0
29:10:00	105000	0	0	0	-7	0	0	0	0	0	0	0	0	0	0	0	0	0	0	0	0	0	0	0	2	0	0	0	-9	0	0	0	0
29:15:00	105300	0	0	0	-7	0	0	0	0	0	0	0	0	0	0	0	0	0	0	0	0	0	0	0	2	0	0	0	-9	0	0	0	0
29:20:00	105600	0	0	0	-7	0	0	0	0	0	0	0	0	0	0	0	0	0	0	0	0	0	0	0	2	0	0	0	-9	0	0	0	0
29:25:00	105900	0	0	0	-7	0	0	0	0	0	0	0	0	0	0	0	0	0	0	0	0	0	0	0	2	0	0	0	-9	0	0	0	0
29:30:00	106200	0	0	0	-7	0	0	0	0	0	0	0	0	0	0	0	0	0	0	0	0	0	0	0	2	0	0	0	-9	0	0	0	0
29:35:00	106500	0	0	0	-7	0	0	0	0	0	0	0	0	0	0	0	0	0	0	0	0	0	0	0	2	0	0	0	-9	0	0	0	0
29:40:00	106800	0	0	0	-7	0	0	0	0	0	0	0	0	0	0	0	0	0	0	0	0	0	0	0	2	0	0	0	-9	0	0	0	0
29:45:00	107100	0	0	0	-7	0	0	0	0	0	0	0	0	0	0	0	0	0	0	0	0	0	0	0	2	0	0	0	-9	0	0	0	0
29:50:00	107400	0	0	0	-7	0	0	0	0	0	0	0	0	0	0	0	0	0	0	0	0	0	0	0	2	0	0	0	-9	0	0	0	0
29:55:00	107700	0	0	0	-7	0	0	0	0	0	0	0	0	0	0	0	0	0	0	0	0	0	0	0	2	0	0	0	-9	0	0	0	0
30:00:00	108000	0	0	2	-9	0	0	0	0	0	0	0	0	0	0	0	0	0	0	0	0	0	0	2	0	0	0	0	-9	0	0	0	0
30:05:00	108300	0	0	0	-9	0	0	0	0	0	0	0	0	0	0	0	0	0	0	0	0	0	0	0	0	0	0	0	-9	0	0	0	0
