time	time	departures_all	arrivals_all	stuck_all	en-route_all	departures_Shared-Bike	arrivals_Shared-Bike	stuck_Shared-Bike	en-route_Shared-Bike	departures_bike	arrivals_bike	stuck_bike	en-route_bike	departures_car	arrivals_car	stuck_car	en-route_car	departures_car_passenger	arrivals_car_passenger	stuck_car_passenger	en-route_car_passenger	departures_pt	arrivals_pt	stuck_pt	en-route_pt	departures_sharing:standardBikeShare	arrivals_sharing:standardBikeShare	stuck_sharing:standardBikeShare	en-route_sharing:standardBikeShare	departures_walk	arrivals_walk	stuck_walk	en-route_walk
00:00:00	0	0	0	0	0	0	0	0	0	0	0	0	0	0	0	0	0	0	0	0	0	0	0	0	0	0	0	0	0	0	0	0	0
00:05:00	300	0	0	0	0	0	0	0	0	0	0	0	0	0	0	0	0	0	0	0	0	0	0	0	0	0	0	0	0	0	0	0	0
00:10:00	600	0	0	0	0	0	0	0	0	0	0	0	0	0	0	0	0	0	0	0	0	0	0	0	0	0	0	0	0	0	0	0	0
00:15:00	900	0	0	0	0	0	0	0	0	0	0	0	0	0	0	0	0	0	0	0	0	0	0	0	0	0	0	0	0	0	0	0	0
00:20:00	1200	0	0	0	0	0	0	0	0	0	0	0	0	0	0	0	0	0	0	0	0	0	0	0	0	0	0	0	0	0	0	0	0
00:25:00	1500	0	0	0	0	0	0	0	0	0	0	0	0	0	0	0	0	0	0	0	0	0	0	0	0	0	0	0	0	0	0	0	0
00:30:00	1800	0	0	0	0	0	0	0	0	0	0	0	0	0	0	0	0	0	0	0	0	0	0	0	0	0	0	0	0	0	0	0	0
00:35:00	2100	0	0	0	0	0	0	0	0	0	0	0	0	0	0	0	0	0	0	0	0	0	0	0	0	0	0	0	0	0	0	0	0
00:40:00	2400	0	0	0	0	0	0	0	0	0	0	0	0	0	0	0	0	0	0	0	0	0	0	0	0	0	0	0	0	0	0	0	0
00:45:00	2700	0	0	0	0	0	0	0	0	0	0	0	0	0	0	0	0	0	0	0	0	0	0	0	0	0	0	0	0	0	0	0	0
00:50:00	3000	0	0	0	0	0	0	0	0	0	0	0	0	0	0	0	0	0	0	0	0	0	0	0	0	0	0	0	0	0	0	0	0
00:55:00	3300	0	0	0	0	0	0	0	0	0	0	0	0	0	0	0	0	0	0	0	0	0	0	0	0	0	0	0	0	0	0	0	0
01:00:00	3600	0	0	0	0	0	0	0	0	0	0	0	0	0	0	0	0	0	0	0	0	0	0	0	0	0	0	0	0	0	0	0	0
01:05:00	3900	0	0	0	0	0	0	0	0	0	0	0	0	0	0	0	0	0	0	0	0	0	0	0	0	0	0	0	0	0	0	0	0
01:10:00	4200	0	0	0	0	0	0	0	0	0	0	0	0	0	0	0	0	0	0	0	0	0	0	0	0	0	0	0	0	0	0	0	0
01:15:00	4500	0	0	0	0	0	0	0	0	0	0	0	0	0	0	0	0	0	0	0	0	0	0	0	0	0	0	0	0	0	0	0	0
01:20:00	4800	0	0	0	0	0	0	0	0	0	0	0	0	0	0	0	0	0	0	0	0	0	0	0	0	0	0	0	0	0	0	0	0
01:25:00	5100	0	0	0	0	0	0	0	0	0	0	0	0	0	0	0	0	0	0	0	0	0	0	0	0	0	0	0	0	0	0	0	0
01:30:00	5400	0	0	0	0	0	0	0	0	0	0	0	0	0	0	0	0	0	0	0	0	0	0	0	0	0	0	0	0	0	0	0	0
01:35:00	5700	0	0	0	0	0	0	0	0	0	0	0	0	0	0	0	0	0	0	0	0	0	0	0	0	0	0	0	0	0	0	0	0
01:40:00	6000	0	0	0	0	0	0	0	0	0	0	0	0	0	0	0	0	0	0	0	0	0	0	0	0	0	0	0	0	0	0	0	0
01:45:00	6300	0	0	0	0	0	0	0	0	0	0	0	0	0	0	0	0	0	0	0	0	0	0	0	0	0	0	0	0	0	0	0	0
01:50:00	6600	0	0	0	0	0	0	0	0	0	0	0	0	0	0	0	0	0	0	0	0	0	0	0	0	0	0	0	0	0	0	0	0
01:55:00	6900	0	0	0	0	0	0	0	0	0	0	0	0	0	0	0	0	0	0	0	0	0	0	0	0	0	0	0	0	0	0	0	0
02:00:00	7200	0	0	0	0	0	0	0	0	0	0	0	0	0	0	0	0	0	0	0	0	0	0	0	0	0	0	0	0	0	0	0	0
02:05:00	7500	0	0	0	0	0	0	0	0	0	0	0	0	0	0	0	0	0	0	0	0	0	0	0	0	0	0	0	0	0	0	0	0
02:10:00	7800	0	0	0	0	0	0	0	0	0	0	0	0	0	0	0	0	0	0	0	0	0	0	0	0	0	0	0	0	0	0	0	0
02:15:00	8100	0	0	0	0	0	0	0	0	0	0	0	0	0	0	0	0	0	0	0	0	0	0	0	0	0	0	0	0	0	0	0	0
02:20:00	8400	0	0	0	0	0	0	0	0	0	0	0	0	0	0	0	0	0	0	0	0	0	0	0	0	0	0	0	0	0	0	0	0
02:25:00	8700	0	0	0	0	0	0	0	0	0	0	0	0	0	0	0	0	0	0	0	0	0	0	0	0	0	0	0	0	0	0	0	0
02:30:00	9000	0	0	0	0	0	0	0	0	0	0	0	0	0	0	0	0	0	0	0	0	0	0	0	0	0	0	0	0	0	0	0	0
02:35:00	9300	0	0	0	0	0	0	0	0	0	0	0	0	0	0	0	0	0	0	0	0	0	0	0	0	0	0	0	0	0	0	0	0
02:40:00	9600	0	0	0	0	0	0	0	0	0	0	0	0	0	0	0	0	0	0	0	0	0	0	0	0	0	0	0	0	0	0	0	0
02:45:00	9900	0	0	0	0	0	0	0	0	0	0	0	0	0	0	0	0	0	0	0	0	0	0	0	0	0	0	0	0	0	0	0	0
02:50:00	10200	0	0	0	0	0	0	0	0	0	0	0	0	0	0	0	0	0	0	0	0	0	0	0	0	0	0	0	0	0	0	0	0
02:55:00	10500	0	0	0	0	0	0	0	0	0	0	0	0	0	0	0	0	0	0	0	0	0	0	0	0	0	0	0	0	0	0	0	0
03:00:00	10800	0	0	0	0	0	0	0	0	0	0	0	0	0	0	0	0	0	0	0	0	0	0	0	0	0	0	0	0	0	0	0	0
03:05:00	11100	0	0	0	0	0	0	0	0	0	0	0	0	0	0	0	0	0	0	0	0	0	0	0	0	0	0	0	0	0	0	0	0
03:10:00	11400	0	0	0	0	0	0	0	0	0	0	0	0	0	0	0	0	0	0	0	0	0	0	0	0	0	0	0	0	0	0	0	0
03:15:00	11700	0	0	0	0	0	0	0	0	0	0	0	0	0	0	0	0	0	0	0	0	0	0	0	0	0	0	0	0	0	0	0	0
03:20:00	12000	0	0	0	0	0	0	0	0	0	0	0	0	0	0	0	0	0	0	0	0	0	0	0	0	0	0	0	0	0	0	0	0
03:25:00	12300	0	0	0	0	0	0	0	0	0	0	0	0	0	0	0	0	0	0	0	0	0	0	0	0	0	0	0	0	0	0	0	0
03:30:00	12600	0	0	0	0	0	0	0	0	0	0	0	0	0	0	0	0	0	0	0	0	0	0	0	0	0	0	0	0	0	0	0	0
03:35:00	12900	0	0	0	0	0	0	0	0	0	0	0	0	0	0	0	0	0	0	0	0	0	0	0	0	0	0	0	0	0	0	0	0
03:40:00	13200	0	0	0	0	0	0	0	0	0	0	0	0	0	0	0	0	0	0	0	0	0	0	0	0	0	0	0	0	0	0	0	0
03:45:00	13500	0	0	0	0	0	0	0	0	0	0	0	0	0	0	0	0	0	0	0	0	0	0	0	0	0	0	0	0	0	0	0	0
03:50:00	13800	0	0	0	0	0	0	0	0	0	0	0	0	0	0	0	0	0	0	0	0	0	0	0	0	0	0	0	0	0	0	0	0
03:55:00	14100	0	0	0	0	0	0	0	0	0	0	0	0	0	0	0	0	0	0	0	0	0	0	0	0	0	0	0	0	0	0	0	0
04:00:00	14400	0	0	0	0	0	0	0	0	0	0	0	0	0	0	0	0	0	0	0	0	0	0	0	0	0	0	0	0	0	0	0	0
04:05:00	14700	0	0	0	0	0	0	0	0	0	0	0	0	0	0	0	0	0	0	0	0	0	0	0	0	0	0	0	0	0	0	0	0
04:10:00	15000	0	0	0	0	0	0	0	0	0	0	0	0	0	0	0	0	0	0	0	0	0	0	0	0	0	0	0	0	0	0	0	0
04:15:00	15300	0	0	0	0	0	0	0	0	0	0	0	0	0	0	0	0	0	0	0	0	0	0	0	0	0	0	0	0	0	0	0	0
04:20:00	15600	0	0	0	0	0	0	0	0	0	0	0	0	0	0	0	0	0	0	0	0	0	0	0	0	0	0	0	0	0	0	0	0
04:25:00	15900	0	0	0	0	0	0	0	0	0	0	0	0	0	0	0	0	0	0	0	0	0	0	0	0	0	0	0	0	0	0	0	0
04:30:00	16200	0	0	0	0	0	0	0	0	0	0	0	0	0	0	0	0	0	0	0	0	0	0	0	0	0	0	0	0	0	0	0	0
04:35:00	16500	0	0	0	0	0	0	0	0	0	0	0	0	0	0	0	0	0	0	0	0	0	0	0	0	0	0	0	0	0	0	0	0
04:40:00	16800	0	0	0	0	0	0	0	0	0	0	0	0	0	0	0	0	0	0	0	0	0	0	0	0	0	0	0	0	0	0	0	0
04:45:00	17100	0	0	0	0	0	0	0	0	0	0	0	0	0	0	0	0	0	0	0	0	0	0	0	0	0	0	0	0	0	0	0	0
04:50:00	17400	0	0	0	0	0	0	0	0	0	0	0	0	0	0	0	0	0	0	0	0	0	0	0	0	0	0	0	0	0	0	0	0
04:55:00	17700	0	0	0	0	0	0	0	0	0	0	0	0	0	0	0	0	0	0	0	0	0	0	0	0	0	0	0	0	0	0	0	0
05:00:00	18000	0	0	0	0	0	0	0	0	0	0	0	0	0	0	0	0	0	0	0	0	0	0	0	0	0	0	0	0	0	0	0	0
05:05:00	18300	0	0	0	0	0	0	0	0	0	0	0	0	0	0	0	0	0	0	0	0	0	0	0	0	0	0	0	0	0	0	0	0
05:10:00	18600	0	0	0	0	0	0	0	0	0	0	0	0	0	0	0	0	0	0	0	0	0	0	0	0	0	0	0	0	0	0	0	0
05:15:00	18900	0	0	0	0	0	0	0	0	0	0	0	0	0	0	0	0	0	0	0	0	0	0	0	0	0	0	0	0	0	0	0	0
05:20:00	19200	0	0	0	0	0	0	0	0	0	0	0	0	0	0	0	0	0	0	0	0	0	0	0	0	0	0	0	0	0	0	0	0
05:25:00	19500	0	0	0	0	0	0	0	0	0	0	0	0	0	0	0	0	0	0	0	0	0	0	0	0	0	0	0	0	0	0	0	0
05:30:00	19800	0	0	0	0	0	0	0	0	0	0	0	0	0	0	0	0	0	0	0	0	0	0	0	0	0	0	0	0	0	0	0	0
05:35:00	20100	0	0	0	0	0	0	0	0	0	0	0	0	0	0	0	0	0	0	0	0	0	0	0	0	0	0	0	0	0	0	0	0
05:40:00	20400	0	0	0	0	0	0	0	0	0	0	0	0	0	0	0	0	0	0	0	0	0	0	0	0	0	0	0	0	0	0	0	0
05:45:00	20700	0	0	0	0	0	0	0	0	0	0	0	0	0	0	0	0	0	0	0	0	0	0	0	0	0	0	0	0	0	0	0	0
05:50:00	21000	0	0	0	0	0	0	0	0	0	0	0	0	0	0	0	0	0	0	0	0	0	0	0	0	0	0	0	0	0	0	0	0
05:55:00	21300	0	0	0	0	0	0	0	0	0	0	0	0	0	0	0	0	0	0	0	0	0	0	0	0	0	0	0	0	0	0	0	0
06:00:00	21600	4	0	0	4	0	0	0	0	0	0	0	0	4	0	0	4	0	0	0	0	0	0	0	0	0	0	0	0	0	0	0	0
06:05:00	21900	4	1	0	7	0	0	0	0	0	0	0	0	3	1	0	6	0	0	0	0	0	0	0	0	0	0	0	0	1	0	0	1
06:10:00	22200	3	1	0	9	0	0	0	0	0	0	0	0	3	1	0	8	0	0	0	0	0	0	0	0	0	0	0	0	0	0	0	1
06:15:00	22500	1	3	0	7	0	0	0	0	0	0	0	0	1	3	0	6	0	0	0	0	0	0	0	0	0	0	0	0	0	0	0	1
06:20:00	22800	4	1	0	10	0	0	0	0	0	0	0	0	4	1	0	9	0	0	0	0	0	0	0	0	0	0	0	0	0	0	0	1
06:25:00	23100	6	3	0	13	0	0	0	0	0	0	0	0	5	3	0	11	0	0	0	0	0	0	0	0	0	0	0	0	1	0	0	2
06:30:00	23400	42	3	0	52	0	0	0	0	0	0	0	0	35	3	0	43	0	0	0	0	0	0	0	0	0	0	0	0	7	0	0	9
06:35:00	23700	37	21	0	68	0	0	0	0	0	0	0	0	28	18	0	53	0	0	0	0	0	0	0	0	0	0	0	0	9	3	0	15
06:40:00	24000	36	17	0	87	0	0	0	0	0	0	0	0	33	13	0	73	0	0	0	0	3	0	0	3	0	0	0	0	0	4	0	11
06:45:00	24300	36	38	0	85	0	0	0	0	0	0	0	0	27	31	0	69	0	0	0	0	2	0	0	5	0	0	0	0	7	7	0	11
06:50:00	24600	44	30	0	99	2	0	0	2	0	0	0	0	26	22	0	73	0	0	0	0	1	0	0	6	0	0	0	0	15	8	0	18
06:55:00	24900	80	36	1	142	1	1	0	2	0	0	0	0	63	27	0	109	0	0	0	0	1	1	0	6	0	0	1	-1	15	7	0	26
07:00:00	25200	64	52	0	154	1	0	0	3	0	0	0	0	49	45	0	113	0	0	0	0	1	0	0	7	0	0	0	-1	13	7	0	32
07:05:00	25500	63	52	0	165	0	3	0	0	1	0	0	1	42	37	0	118	0	0	0	0	1	0	0	8	0	0	0	-1	19	12	0	39
07:10:00	25800	70	57	0	178	1	1	0	0	0	0	0	1	49	40	0	127	0	0	0	0	4	2	0	10	0	0	0	-1	16	14	0	41
07:15:00	26100	87	51	0	214	0	0	0	0	0	0	0	1	68	40	0	155	0	0	0	0	1	0	0	11	0	0	0	-1	18	11	0	48
07:20:00	26400	87	73	1	227	3	2	0	1	0	0	0	1	56	56	0	155	0	0	0	0	9	0	0	20	0	0	1	-2	19	15	0	52
07:25:00	26700	114	71	0	270	1	0	0	2	0	1	0	0	89	54	0	190	0	0	0	0	6	0	0	26	0	0	0	-2	18	16	0	54
07:30:00	27000	84	96	0	258	0	1	0	1	1	0	0	1	59	76	0	173	0	0	0	0	8	0	0	34	0	0	0	-2	16	19	0	51
07:35:00	27300	98	97	0	259	3	2	0	2	0	0	0	1	62	71	0	164	0	0	0	0	4	6	0	32	0	0	0	-2	29	18	0	62
07:40:00	27600	102	77	1	283	0	1	0	1	0	1	0	0	74	52	0	186	0	0	0	0	9	0	0	41	0	0	1	-3	19	23	0	58
07:45:00	27900	97	82	0	298	0	0	0	1	0	0	0	0	75	63	0	198	0	0	0	0	5	2	0	44	0	0	0	-3	17	17	0	58
07:50:00	28200	117	98	0	317	1	1	0	1	0	0	0	0	85	71	0	212	0	0	0	0	6	7	0	43	0	0	0	-3	25	19	0	64
07:55:00	28500	120	106	0	331	0	1	0	0	0	0	0	0	78	82	0	208	12	1	0	11	8	2	0	49	0	0	0	-3	22	20	0	66
08:00:00	28800	137	120	0	348	1	1	0	0	0	0	0	0	79	84	0	203	24	6	0	29	8	7	0	50	0	0	0	-3	25	22	0	69
08:05:00	29100	118	110	0	356	1	0	0	1	0	0	0	0	73	67	0	209	17	11	0	35	4	8	0	46	0	0	0	-3	23	24	0	68
08:10:00	29400	134	117	0	373	0	1	0	0	0	0	0	0	78	80	0	207	26	16	0	45	5	3	0	48	0	0	0	-3	25	17	0	76
08:15:00	29700	95	108	0	360	0	0	0	0	0	0	0	0	64	74	0	197	14	15	0	44	3	0	0	51	0	0	0	-3	14	19	0	71
08:20:00	30000	112	96	0	376	0	0	0	0	0	0	0	0	76	60	0	213	16	18	0	42	7	1	0	57	0	0	0	-3	13	17	0	67
08:25:00	30300	112	102	0	386	0	0	0	0	0	0	0	0	68	73	0	208	20	12	0	50	6	2	0	61	0	0	0	-3	18	15	0	70
08:30:00	30600	104	118	0	372	0	0	0	0	0	0	0	0	48	68	0	188	21	16	0	55	13	7	0	67	0	0	0	-3	22	27	0	65
08:35:00	30900	80	96	0	356	1	0	0	1	0	0	0	0	53	58	0	183	8	19	0	44	5	5	0	67	0	0	0	-3	13	14	0	64
08:40:00	31200	87	85	0	358	0	1	0	0	0	0	0	0	46	51	0	178	24	18	0	50	4	3	0	68	0	0	0	-3	13	12	0	65
08:45:00	31500	107	76	0	389	1	0	0	1	0	0	0	0	50	50	0	178	39	14	0	75	4	0	0	72	0	0	0	-3	13	12	0	66
08:50:00	31800	88	97	0	380	0	1	0	0	0	0	0	0	51	58	0	171	13	23	0	65	4	0	0	76	0	0	0	-3	20	15	0	71
08:55:00	32100	89	95	0	374	0	0	0	0	0	0	0	0	46	53	0	164	18	18	0	65	7	7	0	76	0	0	0	-3	18	17	0	72
09:00:00	32400	100	100	0	374	0	0	0	0	0	0	0	0	72	64	0	172	4	16	0	53	9	1	0	84	0	0	0	-3	15	19	0	68
09:05:00	32700	79	93	0	360	0	0	0	0	0	0	0	0	46	48	0	170	6	11	0	48	5	10	0	79	0	0	0	-3	22	24	0	66
09:10:00	33000	58	80	0	338	0	0	0	0	0	0	0	0	40	52	0	158	3	11	0	40	3	2	0	80	0	0	0	-3	12	15	0	63
09:15:00	33300	63	77	0	324	1	0	0	1	0	0	0	0	46	50	0	154	2	12	0	30	6	1	0	85	0	0	0	-3	8	14	0	57
09:20:00	33600	51	87	0	288	0	0	0	1	1	0	0	1	30	54	0	130	2	12	0	20	6	3	0	88	0	0	0	-3	12	18	0	51
09:25:00	33900	62	68	0	282	0	0	0	1	0	0	0	1	31	42	0	119	4	2	0	22	2	14	0	76	0	0	0	-3	25	10	0	66
09:30:00	34200	45	65	0	262	0	1	0	0	0	0	0	1	24	34	0	109	1	5	0	18	1	5	0	72	0	0	0	-3	19	20	0	65
09:35:00	34500	52	65	0	249	0	0	0	0	0	0	0	1	24	35	0	98	8	7	0	19	5	3	0	74	0	0	0	-3	15	20	0	60
09:40:00	34800	41	59	0	231	0	0	0	0	0	0	0	1	25	33	0	90	2	5	0	16	2	3	0	73	0	0	0	-3	12	18	0	54
09:45:00	35100	45	68	0	208	0	0	0	0	0	1	0	0	25	39	0	76	0	6	0	10	5	1	0	77	0	0	0	-3	15	21	0	48
09:50:00	35400	40	43	0	205	0	0	0	0	0	0	0	0	27	21	0	82	0	3	0	7	5	1	0	81	0	0	0	-3	8	18	0	38
09:55:00	35700	46	43	0	208	0	0	0	0	0	0	0	0	35	25	0	92	0	3	0	4	0	1	0	80	0	0	0	-3	11	14	0	35
10:00:00	36000	75	62	0	221	0	0	0	0	0	0	0	0	40	32	0	100	0	2	0	2	3	10	0	73	0	0	0	-3	32	18	0	49
10:05:00	36300	58	58	0	221	0	0	0	0	0	0	0	0	44	43	0	101	0	1	0	1	0	1	0	72	0	0	0	-3	14	13	0	50
10:10:00	36600	80	73	0	228	0	0	0	0	0	0	0	0	48	40	0	109	0	1	0	0	2	7	0	67	0	0	0	-3	30	25	0	55
10:15:00	36900	60	69	0	219	0	0	0	0	0	0	0	0	36	43	0	102	0	0	0	0	1	1	0	67	0	0	0	-3	23	25	0	53
10:20:00	37200	68	72	0	215	0	0	0	0	0	0	0	0	38	40	0	100	0	0	0	0	4	2	0	69	0	0	0	-3	26	30	0	49
10:25:00	37500	79	81	0	213	0	0	0	0	0	0	0	0	55	51	0	104	0	0	0	0	1	3	0	67	0	0	0	-3	23	27	0	45
10:30:00	37800	62	72	0	203	0	0	0	0	0	0	0	0	36	45	0	95	0	0	0	0	1	1	0	67	0	0	0	-3	25	26	0	44
10:35:00	38100	44	65	0	182	0	0	0	0	0	0	0	0	22	43	0	74	2	1	0	1	3	1	0	69	0	0	0	-3	17	20	0	41
10:40:00	38400	55	55	0	182	0	0	0	0	0	0	0	0	19	24	0	69	1	1	0	1	4	0	0	73	0	0	0	-3	31	30	0	42
10:45:00	38700	67	67	0	182	0	0	0	0	0	0	0	0	37	35	0	71	3	0	0	4	1	4	0	70	0	0	0	-3	26	28	0	40
10:50:00	39000	45	58	0	169	0	0	0	0	0	0	0	0	22	26	0	67	0	3	0	1	2	4	0	68	0	0	0	-3	21	25	0	36
10:55:00	39300	37	48	0	158	0	0	0	0	0	0	0	0	19	24	0	62	2	0	0	3	1	0	0	69	0	0	0	-3	15	24	0	27
11:00:00	39600	51	47	0	162	0	0	0	0	0	0	0	0	26	26	0	62	4	1	0	6	1	1	0	69	0	0	0	-3	20	19	0	28
11:05:00	39900	92	76	0	178	0	0	0	0	0	0	0	0	33	21	0	74	1	1	0	6	13	13	0	69	0	0	0	-3	45	41	0	32
11:10:00	40200	78	49	0	207	0	0	0	0	0	0	0	0	47	22	0	99	2	1	0	7	3	2	0	70	0	0	0	-3	26	24	0	34
11:15:00	40500	62	62	0	207	0	0	0	0	0	0	0	0	35	37	0	97	10	3	0	14	1	4	0	67	0	0	0	-3	16	18	0	32
11:20:00	40800	62	60	0	209	0	0	0	0	1	0	0	1	31	32	0	96	2	1	0	15	2	4	0	65	0	0	0	-3	26	23	0	35
11:25:00	41100	72	70	0	211	0	0	0	0	0	1	0	0	47	41	0	102	3	4	0	14	2	1	0	66	0	0	0	-3	20	23	0	32
11:30:00	41400	85	65	0	231	0	0	0	0	0	0	0	0	51	32	0	121	1	5	0	10	5	1	0	70	0	0	0	-3	28	27	0	33
11:35:00	41700	96	87	0	240	1	0	0	1	0	0	0	0	47	44	0	124	3	3	0	10	7	10	0	67	0	0	0	-3	38	30	0	41
11:40:00	42000	89	82	0	247	0	1	0	0	1	0	0	1	42	32	0	134	0	3	0	7	4	16	0	55	0	0	0	-3	42	30	0	53
11:45:00	42300	83	102	0	228	0	0	0	0	0	1	0	0	48	54	0	128	3	5	0	5	5	6	0	54	0	0	0	-3	27	36	0	44
11:50:00	42600	90	79	1	238	1	0	0	1	0	0	0	0	57	44	0	141	5	2	0	8	1	3	0	52	0	0	1	-4	26	30	0	40
11:55:00	42900	108	91	0	255	1	1	0	1	0	0	0	0	61	50	0	152	1	1	0	8	2	7	0	47	0	0	0	-4	43	32	0	51
12:00:00	43200	83	94	0	244	0	0	0	1	0	0	0	0	65	60	0	157	2	1	0	9	2	0	0	49	0	0	0	-4	14	33	0	32
12:05:00	43500	62	75	0	231	2	2	0	1	0	0	0	0	38	48	0	147	8	6	0	11	2	0	0	51	0	0	0	-4	12	19	0	25
12:10:00	43800	63	57	0	237	0	0	0	1	0	0	0	0	46	43	0	150	2	0	0	13	3	0	0	54	0	0	0	-4	12	14	0	23
12:15:00	44100	54	73	0	218	1	1	0	1	0	0	0	0	32	53	0	129	1	3	0	11	1	2	0	53	0	0	0	-4	19	14	0	28
12:20:00	44400	46	60	0	204	1	1	0	1	0	0	0	0	35	46	0	118	0	3	0	8	2	0	0	55	0	0	0	-4	8	10	0	26
12:25:00	44700	61	54	0	211	0	1	0	0	0	0	0	0	46	34	0	130	0	3	0	5	5	4	0	56	0	0	0	-4	10	12	0	24
12:30:00	45000	42	52	0	201	2	0	0	2	0	0	0	0	30	40	0	120	0	1	0	4	3	2	0	57	0	0	0	-4	7	9	0	22
12:35:00	45300	27	51	0	177	0	1	0	1	0	0	0	0	14	36	0	98	0	2	0	2	4	3	0	58	0	0	0	-4	9	9	0	22
12:40:00	45600	31	32	0	176	0	0	0	1	0	0	0	0	22	26	0	94	0	1	0	1	2	1	0	59	0	0	0	-4	7	4	0	25
12:45:00	45900	46	40	1	181	0	1	0	0	1	0	0	1	30	32	0	92	0	0	0	1	4	1	0	62	0	0	1	-5	11	6	0	30
12:50:00	46200	33	46	0	168	0	0	0	0	0	0	0	1	20	31	0	81	0	1	0	0	7	0	0	69	0	0	0	-5	6	14	0	22
12:55:00	46500	38	40	0	166	1	0	0	1	0	0	0	1	26	29	0	78	0	0	0	0	3	4	0	68	0	0	0	-5	8	7	0	23
13:00:00	46800	4	27	0	143	0	0	0	1	0	0	0	1	0	21	0	57	0	0	0	0	3	0	0	71	0	0	0	-5	1	6	0	18
13:05:00	47100	5	28	0	120	1	2	0	0	0	0	0	1	3	20	0	40	0	0	0	0	0	0	0	71	0	0	0	-5	1	6	0	13
13:10:00	47400	4	15	0	109	0	0	0	0	0	0	0	1	0	11	0	29	0	0	0	0	2	0	0	73	0	0	0	-5	2	4	0	11
13:15:00	47700	23	9	0	123	0	0	0	0	0	0	0	1	15	6	0	38	0	0	0	0	0	1	0	72	0	0	0	-5	8	2	0	17
13:20:00	48000	19	25	0	117	0	0	0	0	0	0	0	1	11	12	0	37	0	0	0	0	0	5	0	67	0	0	0	-5	8	8	0	17
13:25:00	48300	24	21	0	120	0	0	0	0	0	0	0	1	10	8	0	39	0	0	0	0	2	6	0	63	0	0	0	-5	12	7	0	22
13:30:00	48600	55	26	0	149	1	1	0	0	0	0	0	1	46	16	0	69	1	0	0	1	2	0	0	65	0	0	0	-5	5	9	0	18
13:35:00	48900	67	51	0	165	0	0	0	0	0	1	0	0	43	33	0	79	5	0	0	6	2	6	0	61	0	0	0	-5	17	11	0	24
13:40:00	49200	55	50	0	170	3	0	0	3	0	0	0	0	31	31	0	79	5	2	0	9	2	4	0	59	0	0	0	-5	14	13	0	25
13:45:00	49500	59	47	0	182	0	2	0	1	0	0	0	0	44	32	0	91	2	3	0	8	1	3	0	57	0	0	0	-5	12	7	0	30
13:50:00	49800	100	56	0	226	2	1	0	2	0	0	0	0	61	31	0	121	15	6	0	17	2	2	0	57	0	0	0	-5	20	16	0	34
13:55:00	50100	115	63	0	278	1	1	0	2	0	0	0	0	75	44	0	152	12	6	0	23	1	1	0	57	0	0	0	-5	26	11	0	49
14:00:00	50400	87	87	0	278	0	0	0	2	0	0	0	0	60	57	0	155	3	10	0	16	3	0	0	60	0	0	0	-5	21	20	0	50
14:05:00	50700	90	83	0	285	1	2	0	1	0	0	0	0	42	42	0	155	9	6	0	19	5	0	0	65	0	0	0	-5	33	33	0	50
14:10:00	51000	80	81	0	284	0	1	0	0	0	0	0	0	52	50	0	157	14	10	0	23	2	0	0	67	0	0	0	-5	12	20	0	42
14:15:00	51300	69	78	0	275	0	0	0	0	0	0	0	0	37	48	0	146	8	8	0	23	8	0	0	75	0	0	0	-5	16	22	0	36
14:20:00	51600	87	79	0	283	2	0	0	2	0	0	0	0	43	48	0	141	14	8	0	29	5	7	0	73	0	0	0	-5	23	16	0	43
14:25:00	51900	79	79	0	283	1	1	0	2	0	0	0	0	48	53	0	136	16	11	0	34	1	1	0	73	0	0	0	-5	13	13	0	43
14:30:00	52200	56	70	0	269	0	0	0	2	0	0	0	0	27	35	0	128	11	13	0	32	6	4	0	75	0	0	0	-5	12	18	0	37
14:35:00	52500	79	74	0	274	1	2	0	1	0	0	0	0	45	39	0	134	5	13	0	24	2	2	0	75	0	0	0	-5	26	18	0	45
14:40:00	52800	63	92	0	245	0	1	0	0	0	0	0	0	34	54	0	114	8	8	0	24	2	4	0	73	0	0	0	-5	19	25	0	39
14:45:00	53100	60	73	0	232	0	0	0	0	0	0	0	0	28	34	0	108	9	12	0	21	7	13	0	67	0	0	0	-5	16	14	0	41
14:50:00	53400	53	65	0	220	0	0	0	0	0	0	0	0	29	39	0	98	3	6	0	18	4	1	0	70	0	0	0	-5	17	19	0	39
14:55:00	53700	45	58	0	207	0	0	0	0	0	0	0	0	20	30	0	88	8	6	0	20	4	2	0	72	0	0	0	-5	13	20	0	32
15:00:00	54000	43	53	0	197	0	0	0	0	1	1	0	0	24	29	0	83	3	9	0	14	1	4	0	69	0	0	0	-5	14	10	0	36
15:05:00	54300	51	56	0	192	0	0	0	0	0	0	0	0	27	37	0	73	1	4	0	11	1	1	0	69	0	0	0	-5	22	14	0	44
15:10:00	54600	52	55	0	189	0	0	0	0	0	0	0	0	26	28	0	71	0	5	0	6	2	1	0	70	0	0	0	-5	24	21	0	47
15:15:00	54900	60	51	0	198	2	0	0	2	0	0	0	0	38	22	0	87	1	2	0	5	4	1	0	73	0	0	0	-5	15	26	0	36
15:20:00	55200	56	47	0	207	0	1	0	1	0	0	0	0	34	27	0	94	1	1	0	5	4	1	0	76	0	0	0	-5	17	17	0	36
15:25:00	55500	53	59	0	201	0	1	0	0	0	0	0	0	37	43	0	88	0	0	0	5	2	1	0	77	0	0	0	-5	14	14	0	36
15:30:00	55800	79	59	0	221	0	0	0	0	0	0	0	0	45	33	0	100	0	1	0	4	1	4	0	74	0	0	0	-5	33	21	0	48
15:35:00	56100	101	69	0	253	0	0	0	0	0	0	0	0	63	39	0	124	0	0	0	4	4	3	0	75	0	0	0	-5	34	27	0	55
15:40:00	56400	113	100	0	266	1	0	0	1	0	0	0	0	71	54	0	141	0	1	0	3	5	5	0	75	0	0	0	-5	36	40	0	51
15:45:00	56700	80	99	1	246	1	1	0	1	0	0	0	0	49	58	0	132	0	0	0	3	5	5	0	75	0	0	1	-6	25	35	0	41
15:50:00	57000	87	81	0	252	1	1	0	1	0	0	0	0	58	51	0	139	0	1	0	2	2	0	0	77	0	0	0	-6	26	28	0	39
15:55:00	57300	69	85	0	236	0	1	0	0	0	0	0	0	33	52	0	120	0	0	0	2	4	7	0	74	0	0	0	-6	32	25	0	46
16:00:00	57600	92	81	0	247	1	0	0	1	0	0	0	0	40	46	0	114	21	0	0	23	4	6	0	72	0	0	0	-6	26	29	0	43
16:05:00	57900	81	70	0	258	0	1	0	0	0	0	0	0	41	44	0	111	19	7	0	35	0	2	0	70	0	0	0	-6	21	16	0	48
16:10:00	58200	69	89	0	238	0	0	0	0	0	0	0	0	27	44	0	94	18	15	0	38	2	1	0	71	0	0	0	-6	22	29	0	41
16:15:00	58500	87	88	0	237	0	0	0	0	0	0	0	0	30	35	0	89	16	14	0	40	6	12	0	65	0	0	0	-6	35	27	0	49
16:20:00	58800	96	70	0	263	0	0	0	0	0	0	0	0	52	27	0	114	17	11	0	46	1	2	0	64	0	0	0	-6	26	30	0	45
16:25:00	59100	104	80	0	287	1	0	0	1	0	0	0	0	43	37	0	120	27	20	0	53	1	4	0	61	0	0	0	-6	32	19	0	58
16:30:00	59400	118	94	0	311	0	1	0	0	0	0	0	0	57	45	0	132	31	16	0	68	6	2	0	65	0	0	0	-6	24	30	0	52
16:35:00	59700	139	96	0	354	1	0	0	1	0	0	0	0	70	43	0	159	27	18	0	77	6	3	0	68	0	0	0	-6	35	32	0	55
16:40:00	60000	139	128	0	365	0	0	0	1	0	0	0	0	81	62	0	178	20	29	0	68	3	5	0	66	0	0	0	-6	35	32	0	58
16:45:00	60300	104	94	0	375	1	0	0	2	0	0	0	0	55	53	0	180	28	19	0	77	1	2	0	65	0	0	0	-6	19	20	0	57
16:50:00	60600	160	141	0	394	1	2	0	1	0	0	0	0	70	70	0	180	47	31	0	93	3	3	0	65	0	0	0	-6	39	35	0	61
16:55:00	60900	136	133	0	397	1	1	0	1	0	0	0	0	70	66	0	184	31	27	0	97	5	2	0	68	0	0	0	-6	29	37	0	53
17:00:00	61200	181	121	0	457	1	0	0	2	0	0	0	0	111	53	0	242	20	29	0	88	4	9	0	63	0	0	0	-6	45	30	0	68
17:05:00	61500	192	151	1	497	1	1	0	2	0	0	0	0	123	82	0	283	12	22	0	78	9	12	0	60	0	0	1	-7	47	34	0	81
17:10:00	61800	164	158	0	503	0	1	0	1	1	0	0	1	99	92	0	290	15	20	0	73	7	4	0	63	0	0	0	-7	42	41	0	82
17:15:00	62100	186	172	0	517	2	2	0	1	1	1	0	1	107	99	0	298	25	21	0	77	5	7	0	61	0	0	0	-7	46	42	0	86
17:20:00	62400	184	161	0	540	1	1	0	1	0	0	0	1	123	96	0	325	14	22	0	69	5	2	0	64	0	0	0	-7	41	40	0	87
17:25:00	62700	135	176	0	499	1	1	0	1	0	0	0	1	83	106	0	302	3	25	0	47	11	6	0	69	0	0	0	-7	37	38	0	86
17:30:00	63000	107	140	0	466	0	1	0	0	0	0	0	1	79	90	0	291	1	12	0	36	6	5	0	70	0	0	0	-7	21	32	0	75
17:35:00	63300	110	105	1	470	0	0	0	0	0	0	0	1	77	72	0	296	1	6	0	31	11	4	0	77	0	0	1	-8	21	23	0	73
17:40:00	63600	78	115	0	433	0	0	0	0	1	1	0	1	42	74	0	264	2	8	0	25	9	12	0	74	0	0	0	-8	24	20	0	77
17:45:00	63900	119	109	0	443	1	0	0	1	0	0	0	1	82	71	0	275	1	1	0	25	8	5	0	77	0	0	0	-8	27	32	0	72
17:50:00	64200	96	104	0	435	0	0	0	1	0	0	0	1	69	77	0	267	0	5	0	20	7	2	0	82	0	0	0	-8	20	20	0	72
17:55:00	64500	109	109	0	435	1	0	0	2	0	0	0	1	80	78	0	269	1	4	0	17	5	7	0	80	0	0	0	-8	22	20	0	74
18:00:00	64800	74	121	0	388	0	2	0	0	0	0	0	1	54	86	0	237	1	2	0	16	4	4	0	80	0	0	0	-8	15	27	0	62
18:05:00	65100	71	92	0	367	0	0	0	0	0	0	0	1	46	60	0	223	0	2	0	14	7	11	0	76	0	0	0	-8	18	19	0	61
18:10:00	65400	53	92	0	328	1	1	0	0	0	1	0	0	34	65	0	192	0	0	0	14	5	4	0	77	0	0	0	-8	13	21	0	53
18:15:00	65700	48	87	0	289	0	0	0	0	0	0	0	0	32	61	0	163	1	2	0	13	2	8	0	71	0	0	0	-8	13	16	0	50
18:20:00	66000	72	74	0	287	1	1	0	0	0	0	0	0	44	40	0	167	0	1	0	12	3	14	0	60	0	0	0	-8	24	18	0	56
18:25:00	66300	45	64	0	268	0	0	0	0	0	0	0	0	28	43	0	152	0	1	0	11	1	9	0	52	0	0	0	-8	16	11	0	61
18:30:00	66600	43	69	0	242	0	0	0	0	0	0	0	0	27	40	0	139	0	0	0	11	2	7	0	47	0	0	0	-8	14	22	0	53
18:35:00	66900	63	75	0	230	0	0	0	0	0	0	0	0	42	51	0	130	1	4	0	8	0	10	0	37	0	0	0	-8	20	10	0	63
18:40:00	67200	35	47	0	218	0	0	0	0	0	0	0	0	24	28	0	126	0	1	0	7	3	2	0	38	0	0	0	-8	8	16	0	55
18:45:00	67500	33	58	0	193	0	0	0	0	0	0	0	0	25	37	0	114	0	3	0	4	2	5	0	35	0	0	0	-8	6	13	0	48
18:50:00	67800	15	41	0	167	0	0	0	0	0	0	0	0	9	24	0	99	0	0	0	4	0	5	0	30	0	0	0	-8	6	12	0	42
18:55:00	68100	25	45	0	147	0	0	0	0	0	0	0	0	14	25	0	88	0	0	0	4	1	6	0	25	0	0	0	-8	10	14	0	38
19:00:00	68400	71	41	0	177	1	0	0	1	0	0	0	0	54	26	0	116	0	0	0	4	1	8	0	18	0	0	0	-8	15	7	0	46
19:05:00	68700	80	38	1	218	0	1	0	0	0	0	0	0	62	24	0	154	0	0	0	4	2	0	0	20	0	0	1	-9	16	13	0	49
19:10:00	69000	64	62	0	220	0	0	0	0	1	0	0	1	53	48	0	159	0	0	0	4	1	0	0	21	0	0	0	-9	9	14	0	44
19:15:00	69300	53	67	1	205	0	0	0	0	0	0	0	1	43	49	0	153	0	1	0	3	1	3	0	19	0	0	1	-10	9	14	0	39
19:20:00	69600	57	58	0	204	0	0	0	0	0	0	0	1	46	50	0	149	0	0	0	3	0	2	0	17	0	0	0	-10	11	6	0	44
19:25:00	69900	88	59	0	233	0	0	0	0	0	0	0	1	78	50	0	177	0	0	0	3	1	1	0	17	0	0	0	-10	9	8	0	45
19:30:00	70200	66	63	1	235	0	0	0	0	0	0	0	1	57	48	0	186	0	0	0	3	0	3	0	14	0	0	1	-11	9	12	0	42
19:35:00	70500	49	79	0	205	0	0	0	0	0	0	0	1	40	68	0	158	0	0	0	3	0	3	0	11	0	0	0	-11	9	8	0	43
19:40:00	70800	37	56	0	186	0	0	0	0	0	0	0	1	32	45	0	145	0	1	0	2	1	0	0	12	0	0	0	-11	4	10	0	37
19:45:00	71100	66	62	0	190	0	0	0	0	0	0	0	1	50	46	0	149	0	0	0	2	2	4	0	10	0	0	0	-11	14	12	0	39
19:50:00	71400	47	55	0	182	2	0	0	2	0	0	0	1	37	46	0	140	0	0	0	2	0	1	0	9	0	0	0	-11	8	8	0	39
19:55:00	71700	50	58	0	174	0	1	0	1	0	0	0	1	41	49	0	132	0	0	0	2	1	0	0	10	0	0	0	-11	8	8	0	39
20:00:00	72000	8	49	0	133	0	0	0	1	0	0	0	1	5	39	0	98	0	0	0	2	1	0	0	11	0	0	0	-11	2	10	0	31
20:05:00	72300	6	38	0	101	0	1	0	0	0	0	0	1	4	27	0	75	0	0	0	2	1	0	0	12	0	0	0	-11	1	10	0	22
20:10:00	72600	8	22	0	87	0	0	0	0	0	0	0	1	6	15	0	66	0	0	0	2	1	1	0	12	0	0	0	-11	1	6	0	17
20:15:00	72900	7	22	0	72	0	0	0	0	0	0	0	1	3	18	0	51	0	0	0	2	1	2	0	11	0	0	0	-11	3	2	0	18
20:20:00	73200	8	18	0	62	0	0	0	0	0	0	0	1	6	13	0	44	0	1	0	1	1	1	0	11	0	0	0	-11	1	3	0	16
20:25:00	73500	10	10	0	62	0	0	0	0	0	0	0	1	4	4	0	44	0	0	0	1	0	5	0	6	0	0	0	-11	6	1	0	21
20:30:00	73800	6	16	0	52	0	0	0	0	0	0	0	1	3	11	0	36	0	1	0	0	0	1	0	5	0	0	0	-11	3	3	0	21
20:35:00	74100	5	11	0	46	0	0	0	0	0	0	0	1	3	5	0	34	0	0	0	0	0	2	0	3	0	0	0	-11	2	4	0	19
20:40:00	74400	3	7	0	42	0	0	0	0	0	0	0	1	3	5	0	32	0	0	0	0	0	0	0	3	0	0	0	-11	0	2	0	17
20:45:00	74700	5	9	0	38	0	0	0	0	0	0	0	1	2	3	0	31	0	0	0	0	0	0	0	3	0	0	0	-11	3	6	0	14
20:50:00	75000	10	14	0	34	0	0	0	0	0	1	0	0	6	7	0	30	0	0	0	0	0	0	0	3	0	0	0	-11	4	6	0	12
20:55:00	75300	4	8	0	30	0	0	0	0	0	0	0	0	3	4	0	29	0	0	0	0	0	0	0	3	0	0	0	-11	1	4	0	9
21:00:00	75600	10	10	0	30	0	0	0	0	0	0	0	0	9	8	0	30	0	0	0	0	0	0	0	3	0	0	0	-11	1	2	0	8
21:05:00	75900	6	8	0	28	0	0	0	0	0	0	0	0	5	6	0	29	0	0	0	0	0	0	0	3	0	0	0	-11	1	2	0	7
21:10:00	76200	3	5	0	26	0	0	0	0	0	0	0	0	3	3	0	29	0	0	0	0	0	0	0	3	0	0	0	-11	0	2	0	5
21:15:00	76500	1	5	0	22	0	0	0	0	0	0	0	0	1	5	0	25	0	0	0	0	0	0	0	3	0	0	0	-11	0	0	0	5
21:20:00	76800	1	3	0	20	0	0	0	0	0	0	0	0	1	3	0	23	0	0	0	0	0	0	0	3	0	0	0	-11	0	0	0	5
21:25:00	77100	1	2	0	19	0	0	0	0	0	0	0	0	1	2	0	22	0	0	0	0	0	0	0	3	0	0	0	-11	0	0	0	5
21:30:00	77400	0	4	0	15	0	0	0	0	0	0	0	0	0	4	0	18	0	0	0	0	0	0	0	3	0	0	0	-11	0	0	0	5
21:35:00	77700	0	3	0	12	0	0	0	0	0	0	0	0	0	3	0	15	0	0	0	0	0	0	0	3	0	0	0	-11	0	0	0	5
21:40:00	78000	2	3	0	11	0	0	0	0	0	0	0	0	2	3	0	14	0	0	0	0	0	0	0	3	0	0	0	-11	0	0	0	5
21:45:00	78300	1	3	0	9	0	0	0	0	0	0	0	0	1	1	0	14	0	0	0	0	0	0	0	3	0	0	0	-11	0	2	0	3
21:50:00	78600	3	5	0	7	0	0	0	0	0	0	0	0	3	5	0	12	0	0	0	0	0	0	0	3	0	0	0	-11	0	0	0	3
21:55:00	78900	0	1	0	6	0	0	0	0	0	0	0	0	0	1	0	11	0	0	0	0	0	0	0	3	0	0	0	-11	0	0	0	3
22:00:00	79200	0	1	0	5	0	0	0	0	0	0	0	0	0	1	0	10	0	0	0	0	0	0	0	3	0	0	0	-11	0	0	0	3
22:05:00	79500	0	1	0	4	0	0	0	0	0	0	0	0	0	0	0	10	0	0	0	0	0	0	0	3	0	0	0	-11	0	1	0	2
22:10:00	79800	1	1	0	4	0	0	0	0	0	0	0	0	1	1	0	10	0	0	0	0	0	0	0	3	0	0	0	-11	0	0	0	2
22:15:00	80100	2	4	0	2	0	0	0	0	0	0	0	0	1	3	0	8	0	0	0	0	0	0	0	3	0	0	0	-11	1	1	0	2
22:20:00	80400	1	3	0	0	0	0	0	0	0	0	0	0	0	1	0	7	0	0	0	0	0	0	0	3	0	0	0	-11	1	2	0	1
22:25:00	80700	0	2	0	-2	0	0	0	0	0	0	0	0	0	1	0	6	0	0	0	0	0	0	0	3	0	0	0	-11	0	1	0	0
22:30:00	81000	0	0	0	-2	0	0	0	0	0	0	0	0	0	0	0	6	0	0	0	0	0	0	0	3	0	0	0	-11	0	0	0	0
22:35:00	81300	0	0	0	-2	0	0	0	0	0	0	0	0	0	0	0	6	0	0	0	0	0	0	0	3	0	0	0	-11	0	0	0	0
22:40:00	81600	1	2	0	-3	0	0	0	0	0	0	0	0	1	2	0	5	0	0	0	0	0	0	0	3	0	0	0	-11	0	0	0	0
22:45:00	81900	1	1	0	-3	0	0	0	0	0	0	0	0	1	1	0	5	0	0	0	0	0	0	0	3	0	0	0	-11	0	0	0	0
22:50:00	82200	0	1	0	-4	0	0	0	0	0	0	0	0	0	1	0	4	0	0	0	0	0	0	0	3	0	0	0	-11	0	0	0	0
22:55:00	82500	0	0	0	-4	0	0	0	0	0	0	0	0	0	0	0	4	0	0	0	0	0	0	0	3	0	0	0	-11	0	0	0	0
23:00:00	82800	0	0	0	-4	0	0	0	0	0	0	0	0	0	0	0	4	0	0	0	0	0	0	0	3	0	0	0	-11	0	0	0	0
23:05:00	83100	0	0	0	-4	0	0	0	0	0	0	0	0	0	0	0	4	0	0	0	0	0	0	0	3	0	0	0	-11	0	0	0	0
23:10:00	83400	0	0	0	-4	0	0	0	0	0	0	0	0	0	0	0	4	0	0	0	0	0	0	0	3	0	0	0	-11	0	0	0	0
23:15:00	83700	6	2	0	0	0	0	0	0	0	0	0	0	6	2	0	8	0	0	0	0	0	0	0	3	0	0	0	-11	0	0	0	0
23:20:00	84000	5	3	0	2	0	0	0	0	0	0	0	0	4	3	0	9	0	0	0	0	0	0	0	3	0	0	0	-11	1	0	0	1
23:25:00	84300	5	3	0	4	0	0	0	0	0	0	0	0	3	1	0	11	0	0	0	0	0	0	0	3	0	0	0	-11	2	2	0	1
23:30:00	84600	2	6	0	0	0	0	0	0	0	0	0	0	2	5	0	8	0	0	0	0	0	0	0	3	0	0	0	-11	0	1	0	0
23:35:00	84900	2	0	0	2	0	0	0	0	0	0	0	0	2	0	0	10	0	0	0	0	0	0	0	3	0	0	0	-11	0	0	0	0
23:40:00	85200	3	3	0	2	0	0	0	0	0	0	0	0	3	3	0	10	0	0	0	0	0	0	0	3	0	0	0	-11	0	0	0	0
23:45:00	85500	4	2	0	4	0	0	0	0	0	0	0	0	2	2	0	10	0	0	0	0	0	0	0	3	0	0	0	-11	2	0	0	2
23:50:00	85800	4	6	0	2	0	0	0	0	0	0	0	0	3	3	0	10	0	0	0	0	0	0	0	3	0	0	0	-11	1	3	0	0
23:55:00	86100	2	2	0	2	0	0	0	0	0	0	0	0	1	2	0	9	0	0	0	0	0	0	0	3	0	0	0	-11	1	0	0	1
24:00:00	86400	4	1	0	5	0	0	0	0	0	0	0	0	3	0	0	12	0	0	0	0	0	0	0	3	0	0	0	-11	1	1	0	1
24:05:00	86700	2	3	0	4	0	0	0	0	0	0	0	0	2	3	0	11	0	0	0	0	0	0	0	3	0	0	0	-11	0	0	0	1
24:10:00	87000	3	4	0	3	0	0	0	0	0	0	0	0	3	3	0	11	0	0	0	0	0	0	0	3	0	0	0	-11	0	1	0	0
24:15:00	87300	0	4	0	-1	0	0	0	0	0	0	0	0	0	4	0	7	0	0	0	0	0	0	0	3	0	0	0	-11	0	0	0	0
24:20:00	87600	0	1	0	-2	0	0	0	0	0	0	0	0	0	1	0	6	0	0	0	0	0	0	0	3	0	0	0	-11	0	0	0	0
24:25:00	87900	0	1	0	-3	0	0	0	0	0	0	0	0	0	1	0	5	0	0	0	0	0	0	0	3	0	0	0	-11	0	0	0	0
24:30:00	88200	0	0	0	-3	0	0	0	0	0	0	0	0	0	0	0	5	0	0	0	0	0	0	0	3	0	0	0	-11	0	0	0	0
24:35:00	88500	0	2	0	-5	0	0	0	0	0	0	0	0	0	2	0	3	0	0	0	0	0	0	0	3	0	0	0	-11	0	0	0	0
24:40:00	88800	0	0	0	-5	0	0	0	0	0	0	0	0	0	0	0	3	0	0	0	0	0	0	0	3	0	0	0	-11	0	0	0	0
24:45:00	89100	0	0	0	-5	0	0	0	0	0	0	0	0	0	0	0	3	0	0	0	0	0	0	0	3	0	0	0	-11	0	0	0	0
24:50:00	89400	0	2	0	-7	0	0	0	0	0	0	0	0	0	2	0	1	0	0	0	0	0	0	0	3	0	0	0	-11	0	0	0	0
24:55:00	89700	0	0	0	-7	0	0	0	0	0	0	0	0	0	0	0	1	0	0	0	0	0	0	0	3	0	0	0	-11	0	0	0	0
25:00:00	90000	0	0	0	-7	0	0	0	0	0	0	0	0	0	0	0	1	0	0	0	0	0	0	0	3	0	0	0	-11	0	0	0	0
25:05:00	90300	0	0	0	-7	0	0	0	0	0	0	0	0	0	0	0	1	0	0	0	0	0	0	0	3	0	0	0	-11	0	0	0	0
25:10:00	90600	0	0	0	-7	0	0	0	0	0	0	0	0	0	0	0	1	0	0	0	0	0	0	0	3	0	0	0	-11	0	0	0	0
25:15:00	90900	0	0	0	-7	0	0	0	0	0	0	0	0	0	0	0	1	0	0	0	0	0	0	0	3	0	0	0	-11	0	0	0	0
25:20:00	91200	0	0	0	-7	0	0	0	0	0	0	0	0	0	0	0	1	0	0	0	0	0	0	0	3	0	0	0	-11	0	0	0	0
25:25:00	91500	0	0	0	-7	0	0	0	0	0	0	0	0	0	0	0	1	0	0	0	0	0	0	0	3	0	0	0	-11	0	0	0	0
25:30:00	91800	0	0	0	-7	0	0	0	0	0	0	0	0	0	0	0	1	0	0	0	0	0	0	0	3	0	0	0	-11	0	0	0	0
25:35:00	92100	0	0	0	-7	0	0	0	0	0	0	0	0	0	0	0	1	0	0	0	0	0	0	0	3	0	0	0	-11	0	0	0	0
25:40:00	92400	0	0	0	-7	0	0	0	0	0	0	0	0	0	0	0	1	0	0	0	0	0	0	0	3	0	0	0	-11	0	0	0	0
25:45:00	92700	0	0	0	-7	0	0	0	0	0	0	0	0	0	0	0	1	0	0	0	0	0	0	0	3	0	0	0	-11	0	0	0	0
25:50:00	93000	0	0	0	-7	0	0	0	0	0	0	0	0	0	0	0	1	0	0	0	0	0	0	0	3	0	0	0	-11	0	0	0	0
25:55:00	93300	0	0	0	-7	0	0	0	0	0	0	0	0	0	0	0	1	0	0	0	0	0	0	0	3	0	0	0	-11	0	0	0	0
26:00:00	93600	0	0	0	-7	0	0	0	0	0	0	0	0	0	0	0	1	0	0	0	0	0	0	0	3	0	0	0	-11	0	0	0	0
26:05:00	93900	2	2	0	-7	0	0	0	0	0	0	0	0	2	2	0	1	0	0	0	0	0	0	0	3	0	0	0	-11	0	0	0	0
26:10:00	94200	0	1	0	-8	0	0	0	0	0	0	0	0	0	1	0	0	0	0	0	0	0	0	0	3	0	0	0	-11	0	0	0	0
26:15:00	94500	0	0	0	-8	0	0	0	0	0	0	0	0	0	0	0	0	0	0	0	0	0	0	0	3	0	0	0	-11	0	0	0	0
26:20:00	94800	0	0	0	-8	0	0	0	0	0	0	0	0	0	0	0	0	0	0	0	0	0	0	0	3	0	0	0	-11	0	0	0	0
26:25:00	95100	0	0	0	-8	0	0	0	0	0	0	0	0	0	0	0	0	0	0	0	0	0	0	0	3	0	0	0	-11	0	0	0	0
26:30:00	95400	0	0	0	-8	0	0	0	0	0	0	0	0	0	0	0	0	0	0	0	0	0	0	0	3	0	0	0	-11	0	0	0	0
26:35:00	95700	0	0	0	-8	0	0	0	0	0	0	0	0	0	0	0	0	0	0	0	0	0	0	0	3	0	0	0	-11	0	0	0	0
26:40:00	96000	0	0	0	-8	0	0	0	0	0	0	0	0	0	0	0	0	0	0	0	0	0	0	0	3	0	0	0	-11	0	0	0	0
26:45:00	96300	0	0	0	-8	0	0	0	0	0	0	0	0	0	0	0	0	0	0	0	0	0	0	0	3	0	0	0	-11	0	0	0	0
26:50:00	96600	0	0	0	-8	0	0	0	0	0	0	0	0	0	0	0	0	0	0	0	0	0	0	0	3	0	0	0	-11	0	0	0	0
26:55:00	96900	0	0	0	-8	0	0	0	0	0	0	0	0	0	0	0	0	0	0	0	0	0	0	0	3	0	0	0	-11	0	0	0	0
27:00:00	97200	0	0	0	-8	0	0	0	0	0	0	0	0	0	0	0	0	0	0	0	0	0	0	0	3	0	0	0	-11	0	0	0	0
27:05:00	97500	0	0	0	-8	0	0	0	0	0	0	0	0	0	0	0	0	0	0	0	0	0	0	0	3	0	0	0	-11	0	0	0	0
27:10:00	97800	0	0	0	-8	0	0	0	0	0	0	0	0	0	0	0	0	0	0	0	0	0	0	0	3	0	0	0	-11	0	0	0	0
27:15:00	98100	0	0	0	-8	0	0	0	0	0	0	0	0	0	0	0	0	0	0	0	0	0	0	0	3	0	0	0	-11	0	0	0	0
27:20:00	98400	0	0	0	-8	0	0	0	0	0	0	0	0	0	0	0	0	0	0	0	0	0	0	0	3	0	0	0	-11	0	0	0	0
27:25:00	98700	0	0	0	-8	0	0	0	0	0	0	0	0	0	0	0	0	0	0	0	0	0	0	0	3	0	0	0	-11	0	0	0	0
27:30:00	99000	0	0	0	-8	0	0	0	0	0	0	0	0	0	0	0	0	0	0	0	0	0	0	0	3	0	0	0	-11	0	0	0	0
27:35:00	99300	0	0	0	-8	0	0	0	0	0	0	0	0	0	0	0	0	0	0	0	0	0	0	0	3	0	0	0	-11	0	0	0	0
27:40:00	99600	0	0	0	-8	0	0	0	0	0	0	0	0	0	0	0	0	0	0	0	0	0	0	0	3	0	0	0	-11	0	0	0	0
27:45:00	99900	0	0	0	-8	0	0	0	0	0	0	0	0	0	0	0	0	0	0	0	0	0	0	0	3	0	0	0	-11	0	0	0	0
27:50:00	100200	0	0	0	-8	0	0	0	0	0	0	0	0	0	0	0	0	0	0	0	0	0	0	0	3	0	0	0	-11	0	0	0	0
27:55:00	100500	0	0	0	-8	0	0	0	0	0	0	0	0	0	0	0	0	0	0	0	0	0	0	0	3	0	0	0	-11	0	0	0	0
28:00:00	100800	0	0	0	-8	0	0	0	0	0	0	0	0	0	0	0	0	0	0	0	0	0	0	0	3	0	0	0	-11	0	0	0	0
28:05:00	101100	0	0	0	-8	0	0	0	0	0	0	0	0	0	0	0	0	0	0	0	0	0	0	0	3	0	0	0	-11	0	0	0	0
28:10:00	101400	0	0	0	-8	0	0	0	0	0	0	0	0	0	0	0	0	0	0	0	0	0	0	0	3	0	0	0	-11	0	0	0	0
28:15:00	101700	0	0	0	-8	0	0	0	0	0	0	0	0	0	0	0	0	0	0	0	0	0	0	0	3	0	0	0	-11	0	0	0	0
28:20:00	102000	0	0	0	-8	0	0	0	0	0	0	0	0	0	0	0	0	0	0	0	0	0	0	0	3	0	0	0	-11	0	0	0	0
28:25:00	102300	0	0	0	-8	0	0	0	0	0	0	0	0	0	0	0	0	0	0	0	0	0	0	0	3	0	0	0	-11	0	0	0	0
28:30:00	102600	0	0	0	-8	0	0	0	0	0	0	0	0	0	0	0	0	0	0	0	0	0	0	0	3	0	0	0	-11	0	0	0	0
28:35:00	102900	0	0	0	-8	0	0	0	0	0	0	0	0	0	0	0	0	0	0	0	0	0	0	0	3	0	0	0	-11	0	0	0	0
28:40:00	103200	0	0	0	-8	0	0	0	0	0	0	0	0	0	0	0	0	0	0	0	0	0	0	0	3	0	0	0	-11	0	0	0	0
28:45:00	103500	0	0	0	-8	0	0	0	0	0	0	0	0	0	0	0	0	0	0	0	0	0	0	0	3	0	0	0	-11	0	0	0	0
28:50:00	103800	0	0	0	-8	0	0	0	0	0	0	0	0	0	0	0	0	0	0	0	0	0	0	0	3	0	0	0	-11	0	0	0	0
28:55:00	104100	0	0	0	-8	0	0	0	0	0	0	0	0	0	0	0	0	0	0	0	0	0	0	0	3	0	0	0	-11	0	0	0	0
29:00:00	104400	0	0	0	-8	0	0	0	0	0	0	0	0	0	0	0	0	0	0	0	0	0	0	0	3	0	0	0	-11	0	0	0	0
29:05:00	104700	0	0	0	-8	0	0	0	0	0	0	0	0	0	0	0	0	0	0	0	0	0	0	0	3	0	0	0	-11	0	0	0	0
29:10:00	105000	0	0	0	-8	0	0	0	0	0	0	0	0	0	0	0	0	0	0	0	0	0	0	0	3	0	0	0	-11	0	0	0	0
29:15:00	105300	0	0	0	-8	0	0	0	0	0	0	0	0	0	0	0	0	0	0	0	0	0	0	0	3	0	0	0	-11	0	0	0	0
29:20:00	105600	0	0	0	-8	0	0	0	0	0	0	0	0	0	0	0	0	0	0	0	0	0	0	0	3	0	0	0	-11	0	0	0	0
29:25:00	105900	0	0	0	-8	0	0	0	0	0	0	0	0	0	0	0	0	0	0	0	0	0	0	0	3	0	0	0	-11	0	0	0	0
29:30:00	106200	0	0	0	-8	0	0	0	0	0	0	0	0	0	0	0	0	0	0	0	0	0	0	0	3	0	0	0	-11	0	0	0	0
29:35:00	106500	0	0	0	-8	0	0	0	0	0	0	0	0	0	0	0	0	0	0	0	0	0	0	0	3	0	0	0	-11	0	0	0	0
29:40:00	106800	0	0	0	-8	0	0	0	0	0	0	0	0	0	0	0	0	0	0	0	0	0	0	0	3	0	0	0	-11	0	0	0	0
29:45:00	107100	0	0	0	-8	0	0	0	0	0	0	0	0	0	0	0	0	0	0	0	0	0	0	0	3	0	0	0	-11	0	0	0	0
29:50:00	107400	0	0	0	-8	0	0	0	0	0	0	0	0	0	0	0	0	0	0	0	0	0	0	0	3	0	0	0	-11	0	0	0	0
29:55:00	107700	0	0	0	-8	0	0	0	0	0	0	0	0	0	0	0	0	0	0	0	0	0	0	0	3	0	0	0	-11	0	0	0	0
30:00:00	108000	0	0	3	-11	0	0	0	0	0	0	0	0	0	0	0	0	0	0	0	0	0	0	3	0	0	0	0	-11	0	0	0	0
30:05:00	108300	0	0	0	-11	0	0	0	0	0	0	0	0	0	0	0	0	0	0	0	0	0	0	0	0	0	0	0	-11	0	0	0	0
