time	time	departures_all	arrivals_all	stuck_all	en-route_all	departures_Shared-Bike	arrivals_Shared-Bike	stuck_Shared-Bike	en-route_Shared-Bike	departures_bike	arrivals_bike	stuck_bike	en-route_bike	departures_car	arrivals_car	stuck_car	en-route_car	departures_car_passenger	arrivals_car_passenger	stuck_car_passenger	en-route_car_passenger	departures_eScooter	arrivals_eScooter	stuck_eScooter	en-route_eScooter	departures_pt	arrivals_pt	stuck_pt	en-route_pt	departures_sharing:standardBikeShare	arrivals_sharing:standardBikeShare	stuck_sharing:standardBikeShare	en-route_sharing:standardBikeShare	departures_sharing:standardeScooter	arrivals_sharing:standardeScooter	stuck_sharing:standardeScooter	en-route_sharing:standardeScooter	departures_walk	arrivals_walk	stuck_walk	en-route_walk
00:00:00	0	0	0	0	0	0	0	0	0	0	0	0	0	0	0	0	0	0	0	0	0	0	0	0	0	0	0	0	0	0	0	0	0	0	0	0	0	0	0	0	0
00:05:00	300	0	0	0	0	0	0	0	0	0	0	0	0	0	0	0	0	0	0	0	0	0	0	0	0	0	0	0	0	0	0	0	0	0	0	0	0	0	0	0	0
00:10:00	600	0	0	0	0	0	0	0	0	0	0	0	0	0	0	0	0	0	0	0	0	0	0	0	0	0	0	0	0	0	0	0	0	0	0	0	0	0	0	0	0
00:15:00	900	0	0	0	0	0	0	0	0	0	0	0	0	0	0	0	0	0	0	0	0	0	0	0	0	0	0	0	0	0	0	0	0	0	0	0	0	0	0	0	0
00:20:00	1200	0	0	0	0	0	0	0	0	0	0	0	0	0	0	0	0	0	0	0	0	0	0	0	0	0	0	0	0	0	0	0	0	0	0	0	0	0	0	0	0
00:25:00	1500	0	0	0	0	0	0	0	0	0	0	0	0	0	0	0	0	0	0	0	0	0	0	0	0	0	0	0	0	0	0	0	0	0	0	0	0	0	0	0	0
00:30:00	1800	0	0	0	0	0	0	0	0	0	0	0	0	0	0	0	0	0	0	0	0	0	0	0	0	0	0	0	0	0	0	0	0	0	0	0	0	0	0	0	0
00:35:00	2100	0	0	0	0	0	0	0	0	0	0	0	0	0	0	0	0	0	0	0	0	0	0	0	0	0	0	0	0	0	0	0	0	0	0	0	0	0	0	0	0
00:40:00	2400	0	0	0	0	0	0	0	0	0	0	0	0	0	0	0	0	0	0	0	0	0	0	0	0	0	0	0	0	0	0	0	0	0	0	0	0	0	0	0	0
00:45:00	2700	0	0	0	0	0	0	0	0	0	0	0	0	0	0	0	0	0	0	0	0	0	0	0	0	0	0	0	0	0	0	0	0	0	0	0	0	0	0	0	0
00:50:00	3000	0	0	0	0	0	0	0	0	0	0	0	0	0	0	0	0	0	0	0	0	0	0	0	0	0	0	0	0	0	0	0	0	0	0	0	0	0	0	0	0
00:55:00	3300	0	0	0	0	0	0	0	0	0	0	0	0	0	0	0	0	0	0	0	0	0	0	0	0	0	0	0	0	0	0	0	0	0	0	0	0	0	0	0	0
01:00:00	3600	0	0	0	0	0	0	0	0	0	0	0	0	0	0	0	0	0	0	0	0	0	0	0	0	0	0	0	0	0	0	0	0	0	0	0	0	0	0	0	0
01:05:00	3900	0	0	0	0	0	0	0	0	0	0	0	0	0	0	0	0	0	0	0	0	0	0	0	0	0	0	0	0	0	0	0	0	0	0	0	0	0	0	0	0
01:10:00	4200	0	0	0	0	0	0	0	0	0	0	0	0	0	0	0	0	0	0	0	0	0	0	0	0	0	0	0	0	0	0	0	0	0	0	0	0	0	0	0	0
01:15:00	4500	0	0	0	0	0	0	0	0	0	0	0	0	0	0	0	0	0	0	0	0	0	0	0	0	0	0	0	0	0	0	0	0	0	0	0	0	0	0	0	0
01:20:00	4800	0	0	0	0	0	0	0	0	0	0	0	0	0	0	0	0	0	0	0	0	0	0	0	0	0	0	0	0	0	0	0	0	0	0	0	0	0	0	0	0
01:25:00	5100	0	0	0	0	0	0	0	0	0	0	0	0	0	0	0	0	0	0	0	0	0	0	0	0	0	0	0	0	0	0	0	0	0	0	0	0	0	0	0	0
01:30:00	5400	0	0	0	0	0	0	0	0	0	0	0	0	0	0	0	0	0	0	0	0	0	0	0	0	0	0	0	0	0	0	0	0	0	0	0	0	0	0	0	0
01:35:00	5700	0	0	0	0	0	0	0	0	0	0	0	0	0	0	0	0	0	0	0	0	0	0	0	0	0	0	0	0	0	0	0	0	0	0	0	0	0	0	0	0
01:40:00	6000	0	0	0	0	0	0	0	0	0	0	0	0	0	0	0	0	0	0	0	0	0	0	0	0	0	0	0	0	0	0	0	0	0	0	0	0	0	0	0	0
01:45:00	6300	0	0	0	0	0	0	0	0	0	0	0	0	0	0	0	0	0	0	0	0	0	0	0	0	0	0	0	0	0	0	0	0	0	0	0	0	0	0	0	0
01:50:00	6600	0	0	0	0	0	0	0	0	0	0	0	0	0	0	0	0	0	0	0	0	0	0	0	0	0	0	0	0	0	0	0	0	0	0	0	0	0	0	0	0
01:55:00	6900	0	0	0	0	0	0	0	0	0	0	0	0	0	0	0	0	0	0	0	0	0	0	0	0	0	0	0	0	0	0	0	0	0	0	0	0	0	0	0	0
02:00:00	7200	0	0	0	0	0	0	0	0	0	0	0	0	0	0	0	0	0	0	0	0	0	0	0	0	0	0	0	0	0	0	0	0	0	0	0	0	0	0	0	0
02:05:00	7500	0	0	0	0	0	0	0	0	0	0	0	0	0	0	0	0	0	0	0	0	0	0	0	0	0	0	0	0	0	0	0	0	0	0	0	0	0	0	0	0
02:10:00	7800	0	0	0	0	0	0	0	0	0	0	0	0	0	0	0	0	0	0	0	0	0	0	0	0	0	0	0	0	0	0	0	0	0	0	0	0	0	0	0	0
02:15:00	8100	0	0	0	0	0	0	0	0	0	0	0	0	0	0	0	0	0	0	0	0	0	0	0	0	0	0	0	0	0	0	0	0	0	0	0	0	0	0	0	0
02:20:00	8400	0	0	0	0	0	0	0	0	0	0	0	0	0	0	0	0	0	0	0	0	0	0	0	0	0	0	0	0	0	0	0	0	0	0	0	0	0	0	0	0
02:25:00	8700	0	0	0	0	0	0	0	0	0	0	0	0	0	0	0	0	0	0	0	0	0	0	0	0	0	0	0	0	0	0	0	0	0	0	0	0	0	0	0	0
02:30:00	9000	0	0	0	0	0	0	0	0	0	0	0	0	0	0	0	0	0	0	0	0	0	0	0	0	0	0	0	0	0	0	0	0	0	0	0	0	0	0	0	0
02:35:00	9300	0	0	0	0	0	0	0	0	0	0	0	0	0	0	0	0	0	0	0	0	0	0	0	0	0	0	0	0	0	0	0	0	0	0	0	0	0	0	0	0
02:40:00	9600	0	0	0	0	0	0	0	0	0	0	0	0	0	0	0	0	0	0	0	0	0	0	0	0	0	0	0	0	0	0	0	0	0	0	0	0	0	0	0	0
02:45:00	9900	0	0	0	0	0	0	0	0	0	0	0	0	0	0	0	0	0	0	0	0	0	0	0	0	0	0	0	0	0	0	0	0	0	0	0	0	0	0	0	0
02:50:00	10200	0	0	0	0	0	0	0	0	0	0	0	0	0	0	0	0	0	0	0	0	0	0	0	0	0	0	0	0	0	0	0	0	0	0	0	0	0	0	0	0
02:55:00	10500	0	0	0	0	0	0	0	0	0	0	0	0	0	0	0	0	0	0	0	0	0	0	0	0	0	0	0	0	0	0	0	0	0	0	0	0	0	0	0	0
03:00:00	10800	0	0	0	0	0	0	0	0	0	0	0	0	0	0	0	0	0	0	0	0	0	0	0	0	0	0	0	0	0	0	0	0	0	0	0	0	0	0	0	0
03:05:00	11100	0	0	0	0	0	0	0	0	0	0	0	0	0	0	0	0	0	0	0	0	0	0	0	0	0	0	0	0	0	0	0	0	0	0	0	0	0	0	0	0
03:10:00	11400	0	0	0	0	0	0	0	0	0	0	0	0	0	0	0	0	0	0	0	0	0	0	0	0	0	0	0	0	0	0	0	0	0	0	0	0	0	0	0	0
03:15:00	11700	0	0	0	0	0	0	0	0	0	0	0	0	0	0	0	0	0	0	0	0	0	0	0	0	0	0	0	0	0	0	0	0	0	0	0	0	0	0	0	0
03:20:00	12000	0	0	0	0	0	0	0	0	0	0	0	0	0	0	0	0	0	0	0	0	0	0	0	0	0	0	0	0	0	0	0	0	0	0	0	0	0	0	0	0
03:25:00	12300	0	0	0	0	0	0	0	0	0	0	0	0	0	0	0	0	0	0	0	0	0	0	0	0	0	0	0	0	0	0	0	0	0	0	0	0	0	0	0	0
03:30:00	12600	0	0	0	0	0	0	0	0	0	0	0	0	0	0	0	0	0	0	0	0	0	0	0	0	0	0	0	0	0	0	0	0	0	0	0	0	0	0	0	0
03:35:00	12900	0	0	0	0	0	0	0	0	0	0	0	0	0	0	0	0	0	0	0	0	0	0	0	0	0	0	0	0	0	0	0	0	0	0	0	0	0	0	0	0
03:40:00	13200	0	0	0	0	0	0	0	0	0	0	0	0	0	0	0	0	0	0	0	0	0	0	0	0	0	0	0	0	0	0	0	0	0	0	0	0	0	0	0	0
03:45:00	13500	0	0	0	0	0	0	0	0	0	0	0	0	0	0	0	0	0	0	0	0	0	0	0	0	0	0	0	0	0	0	0	0	0	0	0	0	0	0	0	0
03:50:00	13800	0	0	0	0	0	0	0	0	0	0	0	0	0	0	0	0	0	0	0	0	0	0	0	0	0	0	0	0	0	0	0	0	0	0	0	0	0	0	0	0
03:55:00	14100	0	0	0	0	0	0	0	0	0	0	0	0	0	0	0	0	0	0	0	0	0	0	0	0	0	0	0	0	0	0	0	0	0	0	0	0	0	0	0	0
04:00:00	14400	0	0	0	0	0	0	0	0	0	0	0	0	0	0	0	0	0	0	0	0	0	0	0	0	0	0	0	0	0	0	0	0	0	0	0	0	0	0	0	0
04:05:00	14700	0	0	0	0	0	0	0	0	0	0	0	0	0	0	0	0	0	0	0	0	0	0	0	0	0	0	0	0	0	0	0	0	0	0	0	0	0	0	0	0
04:10:00	15000	0	0	0	0	0	0	0	0	0	0	0	0	0	0	0	0	0	0	0	0	0	0	0	0	0	0	0	0	0	0	0	0	0	0	0	0	0	0	0	0
04:15:00	15300	0	0	0	0	0	0	0	0	0	0	0	0	0	0	0	0	0	0	0	0	0	0	0	0	0	0	0	0	0	0	0	0	0	0	0	0	0	0	0	0
04:20:00	15600	0	0	0	0	0	0	0	0	0	0	0	0	0	0	0	0	0	0	0	0	0	0	0	0	0	0	0	0	0	0	0	0	0	0	0	0	0	0	0	0
04:25:00	15900	0	0	0	0	0	0	0	0	0	0	0	0	0	0	0	0	0	0	0	0	0	0	0	0	0	0	0	0	0	0	0	0	0	0	0	0	0	0	0	0
04:30:00	16200	0	0	0	0	0	0	0	0	0	0	0	0	0	0	0	0	0	0	0	0	0	0	0	0	0	0	0	0	0	0	0	0	0	0	0	0	0	0	0	0
04:35:00	16500	0	0	0	0	0	0	0	0	0	0	0	0	0	0	0	0	0	0	0	0	0	0	0	0	0	0	0	0	0	0	0	0	0	0	0	0	0	0	0	0
04:40:00	16800	0	0	0	0	0	0	0	0	0	0	0	0	0	0	0	0	0	0	0	0	0	0	0	0	0	0	0	0	0	0	0	0	0	0	0	0	0	0	0	0
04:45:00	17100	0	0	0	0	0	0	0	0	0	0	0	0	0	0	0	0	0	0	0	0	0	0	0	0	0	0	0	0	0	0	0	0	0	0	0	0	0	0	0	0
04:50:00	17400	0	0	0	0	0	0	0	0	0	0	0	0	0	0	0	0	0	0	0	0	0	0	0	0	0	0	0	0	0	0	0	0	0	0	0	0	0	0	0	0
04:55:00	17700	0	0	0	0	0	0	0	0	0	0	0	0	0	0	0	0	0	0	0	0	0	0	0	0	0	0	0	0	0	0	0	0	0	0	0	0	0	0	0	0
05:00:00	18000	0	0	0	0	0	0	0	0	0	0	0	0	0	0	0	0	0	0	0	0	0	0	0	0	0	0	0	0	0	0	0	0	0	0	0	0	0	0	0	0
05:05:00	18300	0	0	0	0	0	0	0	0	0	0	0	0	0	0	0	0	0	0	0	0	0	0	0	0	0	0	0	0	0	0	0	0	0	0	0	0	0	0	0	0
05:10:00	18600	0	0	0	0	0	0	0	0	0	0	0	0	0	0	0	0	0	0	0	0	0	0	0	0	0	0	0	0	0	0	0	0	0	0	0	0	0	0	0	0
05:15:00	18900	0	0	0	0	0	0	0	0	0	0	0	0	0	0	0	0	0	0	0	0	0	0	0	0	0	0	0	0	0	0	0	0	0	0	0	0	0	0	0	0
05:20:00	19200	0	0	0	0	0	0	0	0	0	0	0	0	0	0	0	0	0	0	0	0	0	0	0	0	0	0	0	0	0	0	0	0	0	0	0	0	0	0	0	0
05:25:00	19500	0	0	0	0	0	0	0	0	0	0	0	0	0	0	0	0	0	0	0	0	0	0	0	0	0	0	0	0	0	0	0	0	0	0	0	0	0	0	0	0
05:30:00	19800	0	0	0	0	0	0	0	0	0	0	0	0	0	0	0	0	0	0	0	0	0	0	0	0	0	0	0	0	0	0	0	0	0	0	0	0	0	0	0	0
05:35:00	20100	0	0	0	0	0	0	0	0	0	0	0	0	0	0	0	0	0	0	0	0	0	0	0	0	0	0	0	0	0	0	0	0	0	0	0	0	0	0	0	0
05:40:00	20400	0	0	0	0	0	0	0	0	0	0	0	0	0	0	0	0	0	0	0	0	0	0	0	0	0	0	0	0	0	0	0	0	0	0	0	0	0	0	0	0
05:45:00	20700	0	0	0	0	0	0	0	0	0	0	0	0	0	0	0	0	0	0	0	0	0	0	0	0	0	0	0	0	0	0	0	0	0	0	0	0	0	0	0	0
05:50:00	21000	0	0	0	0	0	0	0	0	0	0	0	0	0	0	0	0	0	0	0	0	0	0	0	0	0	0	0	0	0	0	0	0	0	0	0	0	0	0	0	0
05:55:00	21300	0	0	0	0	0	0	0	0	0	0	0	0	0	0	0	0	0	0	0	0	0	0	0	0	0	0	0	0	0	0	0	0	0	0	0	0	0	0	0	0
06:00:00	21600	4	1	1	2	0	0	0	0	0	0	0	0	2	0	0	2	0	0	0	0	0	0	0	0	0	0	0	0	0	0	0	0	0	0	1	-1	2	1	0	1
06:05:00	21900	4	2	1	3	0	0	0	0	0	0	0	0	0	1	0	1	0	0	0	0	0	0	0	0	0	0	0	0	0	0	0	0	0	0	1	-2	4	1	0	4
06:10:00	22200	3	1	0	5	0	0	0	0	0	0	0	0	3	1	0	3	0	0	0	0	0	0	0	0	0	0	0	0	0	0	0	0	0	0	0	-2	0	0	0	4
06:15:00	22500	1	1	0	5	0	0	0	0	0	0	0	0	0	1	0	2	0	0	0	0	0	0	0	0	0	0	0	0	0	0	0	0	0	0	0	-2	1	0	0	5
06:20:00	22800	3	0	0	8	0	0	0	0	0	0	0	0	2	0	0	4	0	0	0	0	0	0	0	0	0	0	0	0	0	0	0	0	0	0	0	-2	1	0	0	6
06:25:00	23100	4	4	2	6	0	0	0	0	0	0	0	0	1	2	0	3	0	0	0	0	0	0	0	0	0	0	0	0	0	0	0	0	0	0	2	-4	3	2	0	7
06:30:00	23400	43	3	1	45	0	0	0	0	0	0	0	0	27	1	0	29	0	0	0	0	0	0	0	0	1	0	0	1	0	0	0	0	0	0	1	-5	15	2	0	20
06:35:00	23700	36	20	0	61	0	0	0	0	0	0	0	0	23	16	0	36	0	0	0	0	0	0	0	0	0	0	0	1	0	0	0	0	0	0	0	-5	13	4	0	29
06:40:00	24000	36	20	1	76	0	0	0	0	0	0	0	0	25	14	0	47	0	0	0	0	0	0	0	0	2	0	0	3	0	0	0	0	0	0	1	-6	9	6	0	32
06:45:00	24300	39	31	1	83	0	0	0	0	1	0	0	1	17	21	0	43	0	0	0	0	2	0	0	2	4	0	0	7	0	0	0	0	0	0	1	-7	15	10	0	37
06:50:00	24600	46	32	1	96	1	0	0	1	0	0	0	1	24	21	0	46	0	0	0	0	1	0	0	3	1	0	0	8	0	0	0	0	0	0	1	-8	19	11	0	45
06:55:00	24900	88	42	3	139	3	1	0	3	0	0	0	1	39	19	0	66	0	0	0	0	2	2	0	3	3	1	0	10	0	0	0	0	0	0	3	-11	41	19	0	67
07:00:00	25200	67	49	5	152	1	1	0	3	0	0	0	1	33	32	0	67	0	0	0	0	1	0	0	4	0	0	0	10	0	0	0	0	0	0	5	-16	32	16	0	83
07:05:00	25500	65	49	2	166	2	2	0	3	0	1	0	0	31	29	0	69	0	0	0	0	0	0	0	4	0	1	0	9	0	0	0	0	0	0	2	-18	32	16	0	99
07:10:00	25800	70	60	3	173	0	1	0	2	0	0	0	0	42	31	0	80	0	0	0	0	0	1	0	3	5	5	0	9	0	0	0	0	0	0	3	-21	23	22	0	100
07:15:00	26100	89	52	5	205	1	1	0	2	0	0	0	0	49	31	0	98	0	0	0	0	0	1	0	2	1	1	0	9	0	0	0	0	0	0	5	-26	38	18	0	120
07:20:00	26400	81	64	3	219	0	1	0	1	1	0	0	1	47	43	0	102	0	0	0	0	1	2	0	1	5	1	0	13	0	0	0	0	0	0	3	-29	27	17	0	130
07:25:00	26700	119	74	3	261	1	1	0	1	0	1	0	0	73	42	0	133	0	0	0	0	1	0	0	2	8	0	0	21	0	0	0	0	0	0	3	-32	36	30	0	136
07:30:00	27000	75	79	2	255	1	0	0	2	1	0	0	1	41	58	0	116	0	0	0	0	3	2	0	3	5	1	0	25	0	0	0	0	0	0	2	-34	24	18	0	142
07:35:00	27300	91	89	3	254	1	2	0	1	0	1	0	0	43	62	0	97	0	0	0	0	0	1	0	2	4	4	0	25	0	0	0	0	0	0	3	-37	43	19	0	166
07:40:00	27600	93	67	5	275	0	0	0	1	0	0	0	0	54	37	0	114	0	0	0	0	0	0	0	2	5	1	0	29	0	0	0	0	0	0	5	-42	34	29	0	171
07:45:00	27900	93	76	6	286	0	1	0	0	0	0	0	0	55	45	0	124	0	0	0	0	2	2	0	2	2	1	0	30	0	0	1	-1	0	0	5	-47	34	27	0	178
07:50:00	28200	119	93	7	305	1	0	0	1	0	0	0	0	58	52	0	130	0	0	0	0	0	1	0	1	9	5	0	34	0	0	0	-1	0	0	7	-54	51	35	0	194
07:55:00	28500	118	99	5	319	0	1	0	0	0	0	0	0	51	61	0	120	12	1	0	11	3	1	0	3	6	2	0	38	0	0	0	-1	0	0	5	-59	46	33	0	207
08:00:00	28800	122	101	2	338	2	1	0	1	0	0	0	0	47	59	0	108	24	7	0	28	1	2	0	2	7	2	0	43	0	0	0	-1	0	0	2	-61	41	30	0	218
08:05:00	29100	113	93	2	356	2	1	0	2	0	0	0	0	51	40	0	119	17	10	0	35	1	1	0	2	9	4	0	48	0	0	0	-1	0	0	2	-63	33	37	0	214
08:10:00	29400	135	112	2	377	0	2	0	0	0	0	0	0	63	62	0	120	26	16	0	45	0	0	0	2	6	7	0	47	0	0	0	-1	0	0	2	-65	40	25	0	229
08:15:00	29700	103	106	3	371	0	0	0	0	0	0	0	0	35	51	0	104	14	16	0	43	0	0	0	2	7	2	0	52	0	0	0	-1	0	0	3	-68	47	37	0	239
08:20:00	30000	117	102	3	383	1	0	0	1	0	0	0	0	58	45	0	117	16	17	0	42	2	1	0	3	7	3	0	56	0	0	0	-1	0	0	3	-71	33	36	0	236
08:25:00	30300	116	102	5	392	1	0	0	2	0	0	0	0	53	56	0	114	20	13	0	49	1	3	0	1	4	3	0	57	0	0	0	-1	0	0	5	-76	37	27	0	246
08:30:00	30600	103	120	8	367	1	2	0	1	0	0	0	0	34	54	0	94	21	16	0	54	1	1	0	1	10	7	0	60	0	0	0	-1	0	0	8	-84	36	40	0	242
08:35:00	30900	78	84	0	361	0	1	0	0	0	0	0	0	38	41	0	91	8	20	0	42	1	1	0	1	4	5	0	59	0	0	0	-1	0	0	0	-84	27	16	0	253
08:40:00	31200	89	78	5	367	0	0	0	0	0	0	0	0	30	38	0	83	24	17	0	49	0	0	0	1	4	5	0	58	0	0	0	-1	0	0	5	-89	31	18	0	266
08:45:00	31500	105	73	3	396	1	0	0	1	0	0	0	0	38	32	0	89	39	13	0	75	1	0	0	2	4	1	0	61	0	0	0	-1	0	0	3	-92	22	27	0	261
08:50:00	31800	79	90	3	382	1	1	0	1	0	0	0	0	30	35	0	84	13	23	0	65	0	0	0	2	8	1	0	68	0	0	0	-1	0	0	3	-95	27	30	0	258
08:55:00	32100	76	75	6	377	0	1	0	0	0	0	0	0	26	30	0	80	18	19	0	64	0	1	0	1	5	5	0	68	0	0	0	-1	0	0	6	-101	27	19	0	266
09:00:00	32400	86	87	4	372	0	0	0	0	0	0	0	0	38	37	0	81	4	17	0	51	1	0	0	2	6	2	0	72	0	0	0	-1	0	0	4	-105	37	31	0	272
09:05:00	32700	77	89	5	355	0	0	0	0	0	0	0	0	37	36	0	82	6	11	0	46	1	0	0	3	3	9	0	66	0	0	0	-1	0	0	5	-110	30	33	0	269
09:10:00	33000	47	70	2	330	0	0	0	0	0	0	0	0	23	32	0	73	3	12	0	37	0	0	0	3	2	1	0	67	0	0	0	-1	0	0	2	-112	19	25	0	263
09:15:00	33300	62	73	2	317	0	0	0	0	0	0	0	0	33	35	0	71	2	12	0	27	0	1	0	2	4	2	0	69	0	0	0	-1	0	0	2	-114	23	23	0	263
09:20:00	33600	51	74	3	291	1	0	0	1	0	0	0	0	19	29	0	61	2	9	0	20	2	2	0	2	6	3	0	72	0	0	0	-1	0	0	3	-117	21	31	0	253
09:25:00	33900	58	65	1	283	0	0	0	1	0	0	0	0	20	22	0	59	4	3	0	21	0	1	0	1	1	18	0	55	0	0	0	-1	0	0	1	-118	33	21	0	265
09:30:00	34200	50	68	3	262	0	1	0	0	0	0	0	0	26	27	0	58	1	7	0	15	0	0	0	1	1	3	0	53	0	0	0	-1	0	0	3	-121	22	30	0	257
09:35:00	34500	41	60	1	242	1	0	0	1	0	0	0	0	15	22	0	51	8	5	0	18	1	2	0	0	4	0	0	57	0	0	0	-1	0	0	1	-122	12	31	0	238
09:40:00	34800	34	48	1	227	0	1	0	0	0	0	0	0	20	21	0	50	2	5	0	15	0	0	0	0	1	0	0	58	0	0	0	-1	0	0	1	-123	11	21	0	228
09:45:00	35100	43	61	1	208	0	0	0	0	0	0	0	0	20	31	0	39	0	5	0	10	0	0	0	0	3	2	0	59	0	0	0	-1	0	0	1	-124	20	23	0	225
09:50:00	35400	41	55	5	189	0	0	0	0	0	0	0	0	19	18	0	40	0	5	0	5	0	0	0	0	5	0	0	64	0	0	0	-1	0	0	5	-129	17	32	0	210
09:55:00	35700	51	50	7	183	0	0	0	0	0	0	0	0	22	18	0	44	0	1	0	4	0	0	0	0	0	1	0	63	0	0	0	-1	0	0	7	-136	29	30	0	209
10:00:00	36000	73	61	1	194	0	0	0	0	0	0	0	0	28	22	0	50	0	3	0	1	1	1	0	0	4	9	0	58	0	0	0	-1	0	0	1	-137	40	26	0	223
10:05:00	36300	61	58	3	194	0	0	0	0	0	0	0	0	26	25	0	51	0	0	0	1	0	0	0	0	0	3	0	55	0	0	0	-1	0	0	3	-140	35	30	0	228
10:10:00	36600	86	91	7	182	1	0	0	1	0	0	0	0	35	31	0	55	0	1	0	0	0	0	0	0	3	7	0	51	0	0	1	-2	0	0	6	-146	47	52	0	223
10:15:00	36900	65	66	4	177	0	0	0	1	0	0	0	0	28	25	0	58	0	0	0	0	1	0	0	1	3	1	0	53	0	0	0	-2	0	0	4	-150	33	40	0	216
10:20:00	37200	75	84	4	164	0	1	0	0	0	0	0	0	37	36	0	59	0	0	0	0	0	0	0	1	1	2	0	52	0	0	0	-2	0	0	4	-154	37	45	0	208
10:25:00	37500	71	66	2	167	0	0	0	0	0	0	0	0	34	28	0	65	0	0	0	0	1	0	0	2	1	3	0	50	0	0	0	-2	0	0	2	-156	35	35	0	208
10:30:00	37800	63	73	6	151	1	0	0	1	0	0	0	0	30	27	0	68	0	0	0	0	0	1	0	1	1	2	0	49	0	0	0	-2	0	0	6	-162	31	43	0	196
10:35:00	38100	47	72	2	124	0	0	0	1	0	0	0	0	26	40	0	54	2	1	0	1	0	0	0	1	1	0	0	50	0	0	0	-2	0	0	2	-164	18	31	0	183
10:40:00	38400	56	61	0	119	0	0	0	1	0	0	0	0	21	29	0	46	1	1	0	1	0	0	0	1	2	0	0	52	0	0	0	-2	0	0	0	-164	32	31	0	184
10:45:00	38700	67	63	3	120	0	1	0	0	0	0	0	0	30	28	0	48	3	0	0	4	0	0	0	1	0	4	0	48	0	0	0	-2	0	0	3	-167	34	30	0	188
10:50:00	39000	51	66	2	103	1	0	0	1	0	0	0	0	22	25	0	45	0	3	0	1	1	0	0	2	2	1	0	49	0	0	0	-2	0	0	2	-169	25	37	0	176
10:55:00	39300	44	53	4	90	0	1	0	0	0	0	0	0	15	18	0	42	2	0	0	3	0	1	0	1	1	1	0	49	0	0	0	-2	0	0	4	-173	26	32	0	170
11:00:00	39600	51	51	4	86	0	0	0	0	0	0	0	0	22	20	0	44	4	1	0	6	0	0	0	1	1	0	0	50	0	0	0	-2	0	0	4	-177	24	30	0	164
11:05:00	39900	83	82	2	85	0	0	0	0	0	0	0	0	27	23	0	48	1	1	0	6	0	1	0	0	11	11	0	50	0	0	1	-3	0	0	1	-178	44	46	0	162
11:10:00	40200	74	47	5	107	1	0	0	1	0	0	0	0	34	17	0	65	2	1	0	7	0	0	0	0	2	1	0	51	0	0	0	-3	0	0	5	-183	35	28	0	169
11:15:00	40500	61	64	1	103	0	1	0	0	0	0	0	0	32	35	0	62	10	3	0	14	1	0	0	1	0	2	0	49	0	0	0	-3	0	0	1	-184	18	23	0	164
11:20:00	40800	66	57	3	109	1	1	0	0	0	0	0	0	24	23	0	63	2	2	0	14	0	0	0	1	2	3	0	48	0	0	0	-3	0	0	3	-187	37	28	0	173
11:25:00	41100	76	75	5	105	0	0	0	0	0	0	0	0	31	37	0	57	3	3	0	14	2	1	0	2	2	1	0	49	0	0	0	-3	0	0	5	-192	38	33	0	178
11:30:00	41400	81	73	3	110	0	0	0	0	1	1	0	0	32	24	0	65	1	4	0	11	2	1	0	3	4	4	0	49	0	0	1	-4	0	0	2	-194	41	39	0	180
11:35:00	41700	86	85	5	106	0	0	0	0	0	0	0	0	34	34	0	65	3	4	0	10	2	0	0	5	5	4	0	50	0	0	0	-4	0	0	5	-199	42	43	0	179
11:40:00	42000	81	79	2	106	1	0	0	1	0	0	0	0	32	30	0	67	0	4	0	6	2	3	0	4	1	12	0	39	0	0	0	-4	0	0	2	-201	45	30	0	194
11:45:00	42300	77	81	3	99	0	0	0	1	0	0	0	0	37	33	0	71	3	4	0	5	1	1	0	4	5	2	0	42	0	0	0	-4	0	0	3	-204	31	41	0	184
11:50:00	42600	89	71	2	115	0	1	0	0	0	0	0	0	43	34	0	80	5	2	0	8	1	2	0	3	1	1	0	42	0	0	0	-4	0	0	2	-206	39	31	0	192
11:55:00	42900	99	96	5	113	1	0	0	1	0	0	0	0	47	40	0	87	1	1	0	8	1	0	0	4	2	7	0	37	0	0	0	-4	0	0	5	-211	47	48	0	191
12:00:00	43200	74	76	3	108	0	1	0	0	0	0	0	0	41	46	0	82	2	2	0	8	0	0	0	4	2	0	0	39	0	0	0	-4	0	0	3	-214	29	27	0	193
12:05:00	43500	67	80	5	90	1	0	0	1	0	0	0	0	30	36	0	76	8	5	0	11	3	2	0	5	5	0	0	44	0	0	0	-4	0	0	5	-219	20	37	0	176
12:10:00	43800	67	65	2	90	0	0	0	1	0	0	0	0	34	33	0	77	2	0	0	13	0	3	0	2	4	1	0	47	0	0	0	-4	0	0	2	-221	27	28	0	175
12:15:00	44100	49	64	2	73	1	1	0	1	0	0	0	0	20	32	0	65	1	3	0	11	1	1	0	2	0	3	0	44	0	0	0	-4	0	0	2	-223	26	24	0	177
12:20:00	44400	43	56	2	58	0	1	0	0	0	0	0	0	26	36	0	55	0	3	0	8	1	0	0	3	0	2	0	42	0	0	1	-5	0	0	1	-224	16	14	0	179
12:25:00	44700	53	54	5	52	0	0	0	0	0	0	0	0	30	26	0	59	0	3	0	5	0	0	0	3	3	3	0	42	0	0	0	-5	0	0	5	-229	20	22	0	177
12:30:00	45000	42	43	1	50	0	0	0	0	0	0	0	0	25	26	0	58	0	1	0	4	2	2	0	3	2	0	0	44	0	0	0	-5	0	0	1	-230	13	14	0	176
12:35:00	45300	28	37	1	40	0	0	0	0	0	0	0	0	10	21	0	47	0	2	0	2	1	0	0	4	3	2	0	45	0	0	0	-5	0	0	1	-231	14	12	0	178
12:40:00	45600	35	32	0	43	0	0	0	0	0	0	0	0	17	13	0	51	0	1	0	1	1	1	0	4	2	2	0	45	0	0	0	-5	0	0	0	-231	15	15	0	178
12:45:00	45900	53	37	3	56	1	0	0	1	0	0	0	0	30	22	0	59	0	0	0	1	2	0	0	6	5	1	0	49	0	0	0	-5	0	0	3	-234	15	14	0	179
12:50:00	46200	31	43	1	43	0	0	0	1	0	0	0	0	17	26	0	50	0	1	0	0	1	2	0	5	3	0	0	52	0	0	0	-5	0	0	1	-235	10	14	0	175
12:55:00	46500	39	45	2	35	0	1	0	0	0	0	0	0	20	25	0	45	0	0	0	0	1	1	0	5	1	3	0	50	0	0	0	-5	0	0	2	-237	17	15	0	177
13:00:00	46800	7	28	3	11	0	0	0	0	0	0	0	0	1	19	0	27	0	0	0	0	0	0	0	5	1	1	0	50	0	0	0	-5	0	0	3	-240	5	8	0	174
13:05:00	47100	5	24	0	-8	0	0	0	0	0	0	0	0	0	14	0	13	0	0	0	0	0	0	0	5	3	0	0	53	0	0	0	-5	0	0	0	-240	2	10	0	166
13:10:00	47400	1	12	0	-19	0	0	0	0	0	0	0	0	0	6	0	7	0	0	0	0	0	0	0	5	1	0	0	54	0	0	0	-5	0	0	0	-240	0	6	0	160
13:15:00	47700	18	12	1	-14	0	0	0	0	0	0	0	0	5	2	0	10	0	0	0	0	0	1	0	4	0	0	0	54	0	0	0	-5	0	0	1	-241	13	9	0	164
13:20:00	48000	17	18	1	-16	0	0	0	0	0	0	0	0	5	7	0	8	0	0	0	0	1	1	0	4	2	2	0	54	0	0	0	-5	0	0	1	-242	9	8	0	165
13:25:00	48300	20	28	2	-26	0	0	0	0	0	0	0	0	4	3	0	9	0	0	0	0	1	0	0	5	2	6	0	50	0	0	0	-5	0	0	2	-244	13	19	0	159
13:30:00	48600	54	21	3	4	0	0	0	0	0	0	0	0	40	6	0	43	1	0	0	1	1	1	0	5	1	0	0	51	0	0	0	-5	0	0	3	-247	11	14	0	156
13:35:00	48900	58	55	1	6	0	0	0	0	0	0	0	0	22	30	0	35	5	0	0	6	0	2	0	3	0	8	0	43	0	0	0	-5	0	0	1	-248	31	15	0	172
13:40:00	49200	47	48	5	0	0	0	0	0	0	0	0	0	22	21	0	36	5	2	0	9	1	0	0	4	0	4	0	39	0	0	0	-5	0	0	5	-253	19	21	0	170
13:45:00	49500	48	38	2	8	1	0	0	1	0	0	0	0	28	16	0	48	2	3	0	8	0	1	0	3	1	1	0	39	0	0	0	-5	0	0	2	-255	16	17	0	169
13:50:00	49800	92	54	3	43	0	0	0	1	0	0	0	0	44	22	0	70	15	7	0	16	2	1	0	4	4	1	0	42	0	0	0	-5	0	0	3	-258	27	23	0	173
13:55:00	50100	97	65	2	73	1	1	0	1	0	0	0	0	46	38	0	78	12	5	0	23	2	1	0	5	1	1	0	42	0	0	1	-6	0	0	1	-259	35	19	0	189
14:00:00	50400	75	75	2	71	0	0	0	1	0	0	0	0	39	36	0	81	3	9	0	17	1	2	0	4	3	0	0	45	0	0	1	-7	0	0	1	-260	29	28	0	190
14:05:00	50700	78	75	1	73	0	1	0	0	0	0	0	0	33	36	0	78	9	6	0	20	0	1	0	3	1	1	0	45	0	0	1	-8	0	0	0	-260	35	30	0	195
14:10:00	51000	71	74	2	68	1	0	0	1	0	0	0	0	28	37	0	69	14	12	0	22	0	2	0	1	3	0	0	48	0	0	0	-8	0	0	2	-262	25	23	0	197
14:15:00	51300	67	61	2	72	0	1	0	0	0	0	0	0	31	27	0	73	8	8	0	22	0	0	0	1	4	0	0	52	0	0	0	-8	0	0	2	-264	24	25	0	196
14:20:00	51600	81	71	3	79	1	0	0	1	0	0	0	0	30	31	0	72	14	8	0	28	0	0	0	1	4	4	0	52	0	0	1	-9	0	0	2	-266	32	28	0	200
14:25:00	51900	69	66	2	80	0	1	0	0	0	0	0	0	35	36	0	71	16	11	0	33	0	0	0	1	3	1	0	54	0	0	0	-9	0	0	2	-268	15	17	0	198
14:30:00	52200	52	67	2	63	0	0	0	0	0	0	0	0	16	27	0	60	12	13	0	32	0	0	0	1	3	2	0	55	0	0	0	-9	0	0	2	-270	21	25	0	194
14:35:00	52500	72	64	3	68	0	0	0	0	0	0	0	0	34	23	0	71	4	12	0	24	0	0	0	1	1	2	0	54	0	0	0	-9	0	0	3	-273	33	27	0	200
14:40:00	52800	67	84	6	45	0	0	0	0	0	0	0	0	28	42	0	57	8	8	0	24	1	1	0	1	3	4	0	53	0	0	0	-9	0	0	6	-279	27	29	0	198
14:45:00	53100	53	64	2	32	1	0	0	1	0	0	0	0	17	18	0	56	9	14	0	19	0	0	0	1	4	11	0	46	0	0	1	-10	0	0	1	-280	22	21	0	199
14:50:00	53400	59	70	3	18	0	1	0	0	0	0	0	0	29	30	0	55	3	5	0	17	0	0	0	1	4	3	0	47	0	0	0	-10	0	0	3	-283	23	31	0	191
14:55:00	53700	51	57	3	9	0	0	0	0	0	0	0	0	16	21	0	50	8	6	0	19	1	0	0	2	3	2	0	48	0	0	0	-10	0	0	3	-286	23	28	0	186
15:00:00	54000	48	60	1	-4	0	0	0	0	0	0	0	0	24	24	0	50	3	9	0	13	2	2	0	2	2	3	0	47	0	0	0	-10	0	0	1	-287	17	22	0	181
15:05:00	54300	49	56	5	-16	1	0	0	1	0	0	0	0	16	26	0	40	1	4	0	10	1	1	0	2	1	1	0	47	0	0	0	-10	0	0	5	-292	29	24	0	186
15:10:00	54600	43	48	2	-23	0	1	0	0	0	0	0	0	22	24	0	38	0	4	0	6	0	0	0	2	0	1	0	46	0	0	0	-10	0	0	2	-294	21	18	0	189
15:15:00	54900	61	48	3	-13	1	1	0	0	0	0	0	0	23	15	0	46	1	2	0	5	0	0	0	2	4	3	0	47	0	0	1	-11	0	0	2	-296	32	27	0	194
15:20:00	55200	52	47	2	-10	1	0	0	1	0	0	0	0	25	17	0	54	1	1	0	5	1	2	0	1	2	0	0	49	0	0	0	-11	0	0	2	-298	22	27	0	189
15:25:00	55500	53	58	3	-18	0	0	0	1	0	0	0	0	23	31	0	46	0	0	0	5	1	1	0	1	5	1	0	53	0	0	0	-11	0	0	3	-301	24	25	0	188
15:30:00	55800	68	44	1	5	0	0	0	1	0	0	0	0	37	20	0	63	0	1	0	4	0	0	0	1	2	0	0	55	0	0	0	-11	0	0	1	-302	29	23	0	194
15:35:00	56100	95	70	4	26	0	1	0	0	0	0	0	0	41	33	0	71	0	0	0	4	0	0	0	1	6	5	0	56	0	0	0	-11	0	0	4	-306	48	31	0	211
15:40:00	56400	97	83	5	35	1	0	0	1	0	0	0	0	46	35	0	82	0	1	0	3	0	0	0	1	3	2	0	57	0	0	1	-12	0	0	4	-310	47	45	0	213
15:45:00	56700	78	88	5	20	1	1	0	1	0	0	0	0	39	45	0	76	0	0	0	3	0	0	0	1	6	6	0	57	0	0	0	-12	0	0	5	-315	32	36	0	209
15:50:00	57000	78	71	2	25	0	0	0	1	0	0	0	0	41	40	0	77	0	1	0	2	1	1	0	1	1	0	0	58	0	0	0	-12	0	0	2	-317	35	29	0	215
15:55:00	57300	58	77	4	2	0	0	0	1	0	0	0	0	23	35	0	65	0	0	0	2	0	0	0	1	3	4	0	57	0	0	0	-12	0	0	4	-321	32	38	0	209
16:00:00	57600	91	77	3	13	0	1	0	0	0	0	0	0	34	30	0	69	21	0	0	23	0	0	0	1	2	7	0	52	0	0	0	-12	0	0	3	-324	34	39	0	204
16:05:00	57900	82	69	4	22	0	0	0	0	0	0	0	0	34	27	0	76	19	8	0	34	0	1	0	0	0	4	0	48	0	0	0	-12	0	0	4	-328	29	29	0	204
16:10:00	58200	72	93	3	-2	0	0	0	0	0	0	0	0	21	35	0	62	18	15	0	37	0	0	0	0	2	0	0	50	0	0	0	-12	0	0	3	-331	31	43	0	192
16:15:00	58500	80	87	4	-13	0	0	0	0	0	0	0	0	22	27	0	57	16	13	0	40	0	0	0	0	5	5	0	50	0	0	0	-12	0	0	4	-335	37	42	0	187
16:20:00	58800	91	77	3	-2	0	0	0	0	0	0	0	0	37	28	0	66	17	11	0	46	0	0	0	0	2	1	0	51	0	0	0	-12	0	0	3	-338	35	37	0	185
16:25:00	59100	105	93	5	5	1	0	0	1	0	0	0	0	33	26	0	73	28	22	0	52	2	0	0	2	2	4	0	49	0	0	0	-12	0	0	5	-343	39	41	0	183
16:30:00	59400	115	95	4	21	0	1	0	0	0	0	0	0	32	37	0	68	30	13	0	69	2	2	0	2	5	4	0	50	0	0	0	-12	0	0	4	-347	46	38	0	191
16:35:00	59700	128	94	2	53	2	0	0	2	0	0	0	0	52	28	0	92	27	23	0	73	0	0	0	2	2	2	0	50	0	0	0	-12	0	0	2	-349	45	41	0	195
16:40:00	60000	119	112	2	58	0	0	0	2	0	0	0	0	52	43	0	101	20	25	0	68	1	1	0	2	6	6	0	50	0	0	0	-12	0	0	2	-351	40	37	0	198
16:45:00	60300	94	92	3	57	0	1	0	1	0	0	0	0	30	37	0	94	28	19	0	77	1	1	0	2	3	7	0	46	0	0	0	-12	0	0	3	-354	32	27	0	203
16:50:00	60600	146	119	3	81	0	1	0	0	1	0	0	1	55	46	0	103	47	33	0	91	0	0	0	2	2	2	0	46	0	0	0	-12	0	0	3	-357	41	37	0	207
16:55:00	60900	121	109	6	87	0	0	0	0	0	0	0	1	41	44	0	100	32	28	0	95	2	1	0	3	3	1	0	48	0	0	0	-12	0	0	6	-363	43	35	0	215
17:00:00	61200	152	121	2	116	0	0	0	0	0	1	0	0	79	46	0	133	19	28	0	86	1	0	0	4	6	10	0	44	0	0	0	-12	0	0	2	-365	47	36	0	226
17:05:00	61500	151	129	7	131	0	0	0	0	0	0	0	0	79	60	0	152	12	21	0	77	1	2	0	3	5	9	0	40	0	0	0	-12	0	0	7	-372	54	37	0	243
17:10:00	61800	136	145	6	116	1	0	0	1	0	0	0	0	62	66	0	148	17	22	0	72	0	2	0	1	5	3	0	42	0	0	0	-12	0	0	6	-378	51	52	0	242
17:15:00	62100	145	143	9	109	0	1	0	0	0	0	0	0	70	74	0	144	25	21	0	76	1	0	0	2	3	3	0	42	0	0	0	-12	0	0	9	-387	46	44	0	244
17:20:00	62400	147	128	5	123	0	0	0	0	0	0	0	0	83	66	0	161	14	22	0	68	0	0	0	2	2	2	0	42	0	0	0	-12	0	0	5	-392	48	38	0	254
17:25:00	62700	92	134	6	75	0	0	0	0	0	0	0	0	39	66	0	134	1	25	0	44	0	0	0	2	8	4	0	46	0	0	0	-12	0	0	6	-398	44	39	0	259
17:30:00	63000	78	90	3	60	0	0	0	0	0	0	0	0	46	52	0	128	1	10	0	35	1	0	0	3	4	1	0	49	0	0	0	-12	0	0	3	-401	26	27	0	258
17:35:00	63300	72	85	3	44	0	0	0	0	0	0	0	0	32	48	0	112	2	8	0	29	0	1	0	2	8	3	0	54	0	0	0	-12	0	0	3	-404	30	25	0	263
17:40:00	63600	61	77	3	25	0	0	0	0	0	0	0	0	23	41	0	94	1	5	0	25	0	1	0	1	8	6	0	56	0	0	0	-12	0	0	3	-407	29	24	0	268
17:45:00	63900	92	83	7	27	0	0	0	0	0	0	0	0	51	40	0	105	1	1	0	25	0	0	0	1	4	6	0	54	0	0	0	-12	0	0	7	-414	36	36	0	268
17:50:00	64200	80	82	8	17	0	0	0	0	0	0	0	0	40	40	0	105	0	7	0	18	1	1	0	1	4	4	0	54	0	0	0	-12	0	0	8	-422	35	30	0	273
17:55:00	64500	80	74	1	22	0	0	0	0	0	0	0	0	48	36	0	117	1	3	0	16	2	1	0	2	3	5	0	52	0	0	0	-12	0	0	1	-423	26	29	0	270
18:00:00	64800	63	91	4	-10	0	0	0	0	0	0	0	0	39	57	0	99	1	1	0	16	0	1	0	1	2	5	0	49	0	0	0	-12	0	0	4	-427	21	27	0	264
18:05:00	65100	64	82	3	-31	0	0	0	0	0	0	0	0	30	36	0	93	0	2	0	14	1	0	0	2	5	8	0	46	0	0	0	-12	0	0	3	-430	28	36	0	256
18:10:00	65400	42	71	5	-65	0	0	0	0	0	0	0	0	21	42	0	72	0	0	0	14	0	1	0	1	2	4	0	44	0	0	0	-12	0	0	5	-435	19	24	0	251
18:15:00	65700	32	60	2	-95	0	0	0	0	0	0	0	0	16	34	0	54	1	2	0	13	0	1	0	0	2	4	0	42	0	0	0	-12	0	0	2	-437	13	19	0	245
18:20:00	66000	62	52	0	-85	0	0	0	0	0	0	0	0	35	14	0	75	0	2	0	11	0	0	0	0	2	8	0	36	0	0	0	-12	0	0	0	-437	25	28	0	242
18:25:00	66300	42	56	5	-104	0	0	0	0	0	0	0	0	17	28	0	64	0	1	0	10	1	0	0	1	0	5	0	31	0	0	0	-12	0	0	5	-442	24	22	0	244
18:30:00	66600	40	53	4	-121	0	0	0	0	0	0	0	0	18	22	0	60	1	2	0	9	1	0	0	2	1	6	0	26	0	0	0	-12	0	0	4	-446	19	23	0	240
18:35:00	66900	49	52	4	-128	0	0	0	0	0	0	0	0	23	28	0	55	0	2	0	7	0	1	0	1	1	2	0	25	0	0	0	-12	0	0	4	-450	25	19	0	246
18:40:00	67200	18	43	1	-154	0	0	0	0	0	0	0	0	9	20	0	44	0	1	0	6	0	0	0	1	0	2	0	23	0	0	0	-12	0	0	1	-451	9	20	0	235
18:45:00	67500	30	44	3	-171	0	0	0	0	0	0	0	0	15	21	0	38	0	2	0	4	0	0	0	1	2	1	0	24	0	0	0	-12	0	0	3	-454	13	20	0	228
18:50:00	67800	14	30	1	-188	0	0	0	0	0	0	0	0	4	13	0	29	0	0	0	4	1	1	0	1	0	4	0	20	0	0	0	-12	0	0	1	-455	9	12	0	225
18:55:00	68100	22	28	0	-194	0	0	0	0	0	0	0	0	14	11	0	32	0	0	0	4	0	0	0	1	1	2	0	19	0	0	0	-12	0	0	0	-455	7	15	0	217
19:00:00	68400	52	34	3	-179	0	0	0	0	0	0	0	0	29	14	0	47	0	0	0	4	1	0	0	2	1	6	0	14	0	0	0	-12	0	0	3	-458	21	14	0	224
19:05:00	68700	63	33	2	-151	0	0	0	0	0	0	0	0	35	17	0	65	0	0	0	4	0	2	0	0	2	0	0	16	0	0	0	-12	0	0	2	-460	26	14	0	236
19:10:00	69000	58	55	5	-153	0	0	0	0	0	0	0	0	31	28	0	68	0	0	0	4	1	0	0	1	1	1	0	16	0	0	0	-12	0	0	5	-465	25	26	0	235
19:15:00	69300	50	58	3	-164	2	1	0	1	0	0	0	0	28	32	0	64	0	1	0	3	1	0	0	2	2	2	0	16	0	0	0	-12	0	0	3	-468	17	22	0	230
19:20:00	69600	57	56	4	-167	1	1	0	1	0	0	0	0	25	27	0	62	0	0	0	3	2	1	0	3	1	1	0	16	0	0	0	-12	0	0	4	-472	28	26	0	232
19:25:00	69900	69	54	3	-155	0	0	0	1	0	0	0	0	41	31	0	72	0	0	0	3	2	1	0	4	1	1	0	16	0	0	0	-12	0	0	3	-475	25	21	0	236
19:30:00	70200	58	46	2	-145	0	0	0	1	0	0	0	0	33	27	0	78	0	0	0	3	2	0	0	6	2	2	0	16	0	0	0	-12	0	0	2	-477	21	17	0	240
19:35:00	70500	36	55	0	-164	0	1	0	0	0	0	0	0	23	36	0	65	0	0	0	3	0	2	0	4	1	1	0	16	0	0	0	-12	0	0	0	-477	12	15	0	237
19:40:00	70800	36	57	4	-189	0	0	0	0	0	0	0	0	18	33	0	50	0	1	0	2	0	0	0	4	1	1	0	16	0	0	0	-12	0	0	4	-481	17	22	0	232
19:45:00	71100	57	49	1	-182	0	0	0	0	0	0	0	0	33	23	0	60	0	0	0	2	1	2	0	3	2	4	0	14	0	0	0	-12	0	0	1	-482	21	20	0	233
19:50:00	71400	33	47	0	-196	0	0	0	0	0	0	0	0	22	26	0	56	0	0	0	2	1	0	0	4	1	0	0	15	0	0	0	-12	0	0	0	-482	9	21	0	221
19:55:00	71700	43	50	3	-206	0	0	0	0	0	0	0	0	27	31	0	52	0	0	0	2	0	1	0	3	0	1	0	14	0	0	0	-12	0	0	3	-485	16	17	0	220
20:00:00	72000	9	40	0	-237	0	0	0	0	0	0	0	0	2	23	0	31	0	0	0	2	0	0	0	3	1	2	0	13	0	0	0	-12	0	0	0	-485	6	15	0	211
20:05:00	72300	8	32	0	-261	0	0	0	0	0	0	0	0	4	15	0	20	0	0	0	2	0	1	0	2	1	0	0	14	0	0	0	-12	0	0	0	-485	3	16	0	198
20:10:00	72600	7	15	1	-270	0	0	0	0	0	0	0	0	2	5	0	17	0	0	0	2	0	1	0	1	0	0	0	14	0	0	0	-12	0	0	1	-486	5	9	0	194
20:15:00	72900	14	24	2	-282	0	0	0	0	0	0	0	0	5	9	0	13	0	0	0	2	1	0	0	2	0	1	0	13	0	0	0	-12	0	0	2	-488	8	14	0	188
20:20:00	73200	5	15	0	-292	0	0	0	0	0	0	0	0	1	4	0	10	0	1	0	1	0	0	0	2	1	0	0	14	0	0	0	-12	0	0	0	-488	3	10	0	181
20:25:00	73500	9	22	2	-307	0	0	0	0	0	0	0	0	2	4	0	8	0	1	0	0	0	1	0	1	0	3	0	11	0	0	0	-12	0	0	2	-490	7	13	0	175
20:30:00	73800	10	18	2	-317	0	0	0	0	0	0	0	0	0	2	0	6	0	0	0	0	0	0	0	1	0	7	0	4	0	0	0	-12	0	0	2	-492	10	9	0	176
20:35:00	74100	6	11	0	-322	0	0	0	0	0	0	0	0	1	2	0	5	0	0	0	0	0	1	0	0	0	1	0	3	0	0	0	-12	0	0	0	-492	5	7	0	174
20:40:00	74400	10	12	0	-324	0	0	0	0	0	0	0	0	6	0	0	11	0	0	0	0	0	0	0	0	0	0	0	3	0	0	0	-12	0	0	0	-492	4	12	0	166
20:45:00	74700	9	13	2	-330	0	0	0	0	0	0	0	0	3	3	0	11	0	0	0	0	0	0	0	0	0	0	0	3	0	0	0	-12	0	0	2	-494	6	10	0	162
20:50:00	75000	10	12	1	-333	0	0	0	0	0	0	0	0	6	4	0	13	0	0	0	0	0	0	0	0	0	0	0	3	0	0	0	-12	0	0	1	-495	4	8	0	158
20:55:00	75300	7	14	1	-341	0	0	0	0	0	0	0	0	1	1	0	13	0	0	0	0	1	0	0	1	0	0	0	3	0	0	0	-12	0	0	1	-496	5	13	0	150
21:00:00	75600	10	12	1	-344	0	0	0	0	0	0	0	0	6	3	0	16	0	0	0	0	0	1	0	0	0	0	0	3	0	0	0	-12	0	0	1	-497	4	8	0	146
21:05:00	75900	5	10	0	-349	0	0	0	0	0	0	0	0	2	4	0	14	0	0	0	0	0	0	0	0	0	0	0	3	0	0	0	-12	0	0	0	-497	3	6	0	143
21:10:00	76200	1	8	1	-357	0	0	0	0	0	0	0	0	0	6	0	8	0	0	0	0	0	0	0	0	0	0	0	3	0	0	0	-12	0	0	1	-498	1	2	0	142
21:15:00	76500	3	6	0	-360	0	0	0	0	0	0	0	0	0	2	0	6	0	0	0	0	0	0	0	0	0	0	0	3	0	0	0	-12	0	0	0	-498	3	4	0	141
21:20:00	76800	2	4	2	-364	0	0	0	0	0	0	0	0	0	0	0	6	0	0	0	0	0	0	0	0	0	0	0	3	0	0	0	-12	0	0	2	-500	2	4	0	139
21:25:00	77100	4	5	0	-365	0	0	0	0	0	0	0	0	4	2	0	8	0	0	0	0	0	0	0	0	0	0	0	3	0	0	0	-12	0	0	0	-500	0	3	0	136
21:30:00	77400	0	2	0	-367	0	0	0	0	0	0	0	0	0	2	0	6	0	0	0	0	0	0	0	0	0	0	0	3	0	0	0	-12	0	0	0	-500	0	0	0	136
21:35:00	77700	0	3	0	-370	0	0	0	0	0	0	0	0	0	3	0	3	0	0	0	0	0	0	0	0	0	0	0	3	0	0	0	-12	0	0	0	-500	0	0	0	136
21:40:00	78000	1	4	0	-373	0	0	0	0	0	0	0	0	1	1	0	3	0	0	0	0	0	0	0	0	0	0	0	3	0	0	0	-12	0	0	0	-500	0	3	0	133
21:45:00	78300	2	6	1	-378	0	0	0	0	0	0	0	0	0	1	0	2	0	0	0	0	0	0	0	0	0	0	0	3	0	0	0	-12	0	0	1	-501	2	5	0	130
21:50:00	78600	0	4	0	-382	0	0	0	0	0	0	0	0	0	1	0	1	0	0	0	0	0	0	0	0	0	0	0	3	0	0	0	-12	0	0	0	-501	0	3	0	127
21:55:00	78900	0	2	0	-384	0	0	0	0	0	0	0	0	0	0	0	1	0	0	0	0	0	0	0	0	0	0	0	3	0	0	0	-12	0	0	0	-501	0	2	0	125
22:00:00	79200	2	2	1	-385	0	0	0	0	0	0	0	0	1	0	0	2	0	0	0	0	0	0	0	0	0	0	0	3	0	0	0	-12	0	0	1	-502	1	2	0	124
22:05:00	79500	1	2	0	-386	0	0	0	0	0	0	0	0	1	1	0	2	0	0	0	0	0	0	0	0	0	0	0	3	0	0	0	-12	0	0	0	-502	0	1	0	123
22:10:00	79800	1	3	0	-388	0	0	0	0	0	0	0	0	1	1	0	2	0	0	0	0	0	0	0	0	0	0	0	3	0	0	0	-12	0	0	0	-502	0	2	0	121
22:15:00	80100	2	5	1	-392	0	0	0	0	0	0	0	0	0	0	0	2	0	0	0	0	0	0	0	0	0	0	0	3	0	0	0	-12	0	0	1	-503	2	5	0	118
22:20:00	80400	3	5	2	-396	0	0	0	0	0	0	0	0	1	0	0	3	0	0	0	0	0	0	0	0	0	0	0	3	0	0	0	-12	0	0	2	-505	2	5	0	115
22:25:00	80700	0	2	0	-398	0	0	0	0	0	0	0	0	0	0	0	3	0	0	0	0	0	0	0	0	0	0	0	3	0	0	0	-12	0	0	0	-505	0	2	0	113
22:30:00	81000	3	6	0	-401	0	0	0	0	0	0	0	0	3	2	0	4	0	0	0	0	0	0	0	0	0	0	0	3	0	0	0	-12	0	0	0	-505	0	4	0	109
22:35:00	81300	5	9	3	-408	0	0	0	0	0	0	0	0	2	0	0	6	0	0	0	0	0	0	0	0	0	0	0	3	0	0	0	-12	0	0	3	-508	3	9	0	103
22:40:00	81600	3	5	1	-411	0	0	0	0	0	0	0	0	2	3	0	5	0	0	0	0	0	0	0	0	0	0	0	3	0	0	0	-12	0	0	1	-509	1	2	0	102
22:45:00	81900	1	3	0	-413	0	0	0	0	0	0	0	0	1	1	0	5	0	0	0	0	0	0	0	0	0	0	0	3	0	0	0	-12	0	0	0	-509	0	2	0	100
22:50:00	82200	4	7	1	-417	0	0	0	0	0	0	0	0	2	3	0	4	0	0	0	0	0	0	0	0	0	0	0	3	0	0	0	-12	0	0	1	-510	2	4	0	98
22:55:00	82500	2	5	1	-421	0	0	0	0	0	0	0	0	0	2	0	2	0	0	0	0	0	0	0	0	0	0	0	3	0	0	0	-12	0	0	1	-511	2	3	0	97
23:00:00	82800	1	3	0	-423	0	0	0	0	0	0	0	0	0	1	0	1	0	0	0	0	0	0	0	0	0	0	0	3	0	0	0	-12	0	0	0	-511	1	2	0	96
23:05:00	83100	0	1	0	-424	0	0	0	0	0	0	0	0	0	0	0	1	0	0	0	0	0	0	0	0	0	0	0	3	0	0	0	-12	0	0	0	-511	0	1	0	95
23:10:00	83400	1	2	0	-425	0	0	0	0	0	0	0	0	0	1	0	0	0	0	0	0	0	0	0	0	0	0	0	3	0	0	0	-12	0	0	0	-511	1	1	0	95
23:15:00	83700	4	3	0	-424	0	0	0	0	0	0	0	0	3	0	0	3	0	0	0	0	0	0	0	0	0	0	0	3	0	0	0	-12	0	0	0	-511	1	3	0	93
23:20:00	84000	3	5	2	-428	0	0	0	0	0	0	0	0	0	2	0	1	0	0	0	0	0	0	0	0	0	0	0	3	0	0	0	-12	0	0	2	-513	3	3	0	93
23:25:00	84300	2	1	0	-427	0	0	0	0	0	0	0	0	1	0	0	2	0	0	0	0	0	0	0	0	0	0	0	3	0	0	0	-12	0	0	0	-513	1	1	0	93
23:30:00	84600	2	5	1	-431	0	0	0	0	0	0	0	0	0	2	0	0	0	0	0	0	0	0	0	0	0	0	0	3	0	0	0	-12	0	0	1	-514	2	3	0	92
23:35:00	84900	2	2	0	-431	0	0	0	0	0	0	0	0	1	0	0	1	0	0	0	0	0	0	0	0	0	0	0	3	0	0	0	-12	0	0	0	-514	1	2	0	91
23:40:00	85200	4	1	0	-428	0	0	0	0	0	0	0	0	3	0	0	4	0	0	0	0	0	0	0	0	0	0	0	3	0	0	0	-12	0	0	0	-514	1	1	0	91
23:45:00	85500	3	3	0	-428	0	0	0	0	0	0	0	0	0	2	0	2	0	0	0	0	0	0	0	0	0	0	0	3	0	0	0	-12	0	0	0	-514	3	1	0	93
23:50:00	85800	3	5	0	-430	0	0	0	0	0	0	0	0	1	1	0	2	0	0	0	0	0	0	0	0	0	0	0	3	0	0	0	-12	0	0	0	-514	2	4	0	91
23:55:00	86100	3	5	1	-433	0	0	0	0	0	0	0	0	0	1	0	1	0	0	0	0	0	0	0	0	0	0	0	3	0	0	0	-12	0	0	1	-515	3	4	0	90
24:00:00	86400	5	2	0	-430	0	0	0	0	0	0	0	0	3	0	0	4	0	0	0	0	0	0	0	0	0	0	0	3	0	0	0	-12	0	0	0	-515	2	2	0	90
24:05:00	86700	2	2	0	-430	0	0	0	0	0	0	0	0	2	1	0	5	0	0	0	0	0	0	0	0	0	0	0	3	0	0	0	-12	0	0	0	-515	0	1	0	89
24:10:00	87000	1	5	0	-434	0	0	0	0	0	0	0	0	1	2	0	4	0	0	0	0	0	0	0	0	0	0	0	3	0	0	0	-12	0	0	0	-515	0	3	0	86
24:15:00	87300	2	3	1	-436	0	0	0	0	0	0	0	0	0	0	0	4	0	0	0	0	0	0	0	0	0	0	0	3	0	0	0	-12	0	0	1	-516	2	3	0	85
24:20:00	87600	0	3	0	-439	0	0	0	0	0	0	0	0	0	1	0	3	0	0	0	0	0	0	0	0	0	0	0	3	0	0	0	-12	0	0	0	-516	0	2	0	83
24:25:00	87900	3	4	2	-442	0	0	0	0	0	0	0	0	1	0	0	4	0	0	0	0	0	0	0	0	0	0	0	3	0	0	0	-12	0	0	2	-518	2	4	0	81
24:30:00	88200	5	6	0	-443	0	0	0	0	0	0	0	0	2	0	0	6	0	0	0	0	1	0	0	1	0	0	0	3	0	0	0	-12	0	0	0	-518	2	6	0	77
24:35:00	88500	3	5	1	-446	0	0	0	0	0	0	0	0	2	4	0	4	0	0	0	0	0	0	0	1	0	0	0	3	0	0	0	-12	0	0	1	-519	1	1	0	77
24:40:00	88800	0	0	0	-446	0	0	0	0	0	0	0	0	0	0	0	4	0	0	0	0	0	0	0	1	0	0	0	3	0	0	0	-12	0	0	0	-519	0	0	0	77
24:45:00	89100	2	3	0	-447	0	0	0	0	0	0	0	0	0	0	0	4	0	0	0	0	0	1	0	0	0	0	0	3	0	0	0	-12	0	0	0	-519	2	2	0	77
24:50:00	89400	2	3	0	-448	0	0	0	0	0	0	0	0	2	2	0	4	0	0	0	0	0	0	0	0	0	0	0	3	0	0	0	-12	0	0	0	-519	0	1	0	76
24:55:00	89700	0	2	0	-450	0	0	0	0	0	0	0	0	0	2	0	2	0	0	0	0	0	0	0	0	0	0	0	3	0	0	0	-12	0	0	0	-519	0	0	0	76
25:00:00	90000	1	2	0	-451	0	0	0	0	0	0	0	0	1	1	0	2	0	0	0	0	0	0	0	0	0	0	0	3	0	0	0	-12	0	0	0	-519	0	1	0	75
25:05:00	90300	1	1	1	-452	0	0	0	0	0	0	0	0	0	0	0	2	0	0	0	0	0	0	0	0	0	0	0	3	0	0	0	-12	0	0	1	-520	1	1	0	75
25:10:00	90600	2	4	0	-454	0	0	0	0	0	0	0	0	0	2	0	0	0	0	0	0	0	0	0	0	0	0	0	3	0	0	0	-12	0	0	0	-520	2	2	0	75
25:15:00	90900	2	2	1	-455	0	0	0	0	0	0	0	0	1	0	0	1	0	0	0	0	0	0	0	0	0	0	0	3	0	0	0	-12	0	0	1	-521	1	2	0	74
25:20:00	91200	0	1	0	-456	0	0	0	0	0	0	0	0	0	0	0	1	0	0	0	0	0	0	0	0	0	0	0	3	0	0	0	-12	0	0	0	-521	0	1	0	73
25:25:00	91500	1	1	0	-456	0	0	0	0	0	0	0	0	1	0	0	2	0	0	0	0	0	0	0	0	0	0	0	3	0	0	0	-12	0	0	0	-521	0	1	0	72
25:30:00	91800	0	0	0	-456	0	0	0	0	0	0	0	0	0	0	0	2	0	0	0	0	0	0	0	0	0	0	0	3	0	0	0	-12	0	0	0	-521	0	0	0	72
25:35:00	92100	0	1	0	-457	0	0	0	0	0	0	0	0	0	0	0	2	0	0	0	0	0	0	0	0	0	0	0	3	0	0	0	-12	0	0	0	-521	0	1	0	71
25:40:00	92400	0	0	0	-457	0	0	0	0	0	0	0	0	0	0	0	2	0	0	0	0	0	0	0	0	0	0	0	3	0	0	0	-12	0	0	0	-521	0	0	0	71
25:45:00	92700	0	2	0	-459	0	0	0	0	0	0	0	0	0	0	0	2	0	0	0	0	0	0	0	0	0	0	0	3	0	0	0	-12	0	0	0	-521	0	2	0	69
25:50:00	93000	2	2	0	-459	0	0	0	0	0	0	0	0	0	0	0	2	0	0	0	0	0	0	0	0	0	0	0	3	0	0	0	-12	0	0	0	-521	2	2	0	69
25:55:00	93300	0	1	0	-460	0	0	0	0	0	0	0	0	0	0	0	2	0	0	0	0	0	0	0	0	0	0	0	3	0	0	0	-12	0	0	0	-521	0	1	0	68
26:00:00	93600	3	6	1	-464	0	0	0	0	0	0	0	0	2	1	0	3	0	0	0	0	0	0	0	0	0	0	0	3	0	0	0	-12	0	0	1	-522	1	5	0	64
26:05:00	93900	3	3	2	-466	0	0	0	0	0	0	0	0	1	0	0	4	0	0	0	0	0	0	0	0	0	0	0	3	0	0	0	-12	0	0	2	-524	2	3	0	63
26:10:00	94200	1	1	0	-466	0	0	0	0	0	0	0	0	1	0	0	5	0	0	0	0	0	0	0	0	0	0	0	3	0	0	0	-12	0	0	0	-524	0	1	0	62
26:15:00	94500	0	1	0	-467	0	0	0	0	0	0	0	0	0	0	0	5	0	0	0	0	0	0	0	0	0	0	0	3	0	0	0	-12	0	0	0	-524	0	1	0	61
26:20:00	94800	2	3	1	-469	0	0	0	0	0	0	0	0	1	1	0	5	0	0	0	0	0	0	0	0	0	0	0	3	0	0	0	-12	0	0	1	-525	1	2	0	60
26:25:00	95100	1	1	0	-469	0	0	0	0	0	0	0	0	0	1	0	4	0	0	0	0	0	0	0	0	0	0	0	3	0	0	0	-12	0	0	0	-525	1	0	0	61
26:30:00	95400	2	3	0	-470	0	0	0	0	0	0	0	0	0	1	0	3	0	0	0	0	0	0	0	0	0	0	0	3	0	0	0	-12	0	0	0	-525	2	2	0	61
26:35:00	95700	0	0	0	-470	0	0	0	0	0	0	0	0	0	0	0	3	0	0	0	0	0	0	0	0	0	0	0	3	0	0	0	-12	0	0	0	-525	0	0	0	61
26:40:00	96000	1	1	0	-470	0	0	0	0	0	0	0	0	0	1	0	2	0	0	0	0	0	0	0	0	0	0	0	3	0	0	0	-12	0	0	0	-525	1	0	0	62
26:45:00	96300	1	2	0	-471	0	0	0	0	0	0	0	0	1	1	0	2	0	0	0	0	0	0	0	0	0	0	0	3	0	0	0	-12	0	0	0	-525	0	1	0	61
26:50:00	96600	1	3	0	-473	0	0	0	0	0	0	0	0	0	0	0	2	0	0	0	0	0	0	0	0	0	0	0	3	0	0	0	-12	0	0	0	-525	1	3	0	59
26:55:00	96900	4	4	2	-475	0	0	0	0	0	0	0	0	1	1	0	2	0	0	0	0	0	0	0	0	0	0	0	3	0	0	0	-12	0	0	2	-527	3	3	0	59
27:00:00	97200	0	0	0	-475	0	0	0	0	0	0	0	0	0	0	0	2	0	0	0	0	0	0	0	0	0	0	0	3	0	0	0	-12	0	0	0	-527	0	0	0	59
27:05:00	97500	0	0	0	-475	0	0	0	0	0	0	0	0	0	0	0	2	0	0	0	0	0	0	0	0	0	0	0	3	0	0	0	-12	0	0	0	-527	0	0	0	59
27:10:00	97800	1	1	0	-475	0	0	0	0	0	0	0	0	1	1	0	2	0	0	0	0	0	0	0	0	0	0	0	3	0	0	0	-12	0	0	0	-527	0	0	0	59
27:15:00	98100	0	1	0	-476	0	0	0	0	0	0	0	0	0	0	0	2	0	0	0	0	0	0	0	0	0	0	0	3	0	0	0	-12	0	0	0	-527	0	1	0	58
27:20:00	98400	0	2	0	-478	0	0	0	0	0	0	0	0	0	1	0	1	0	0	0	0	0	0	0	0	0	0	0	3	0	0	0	-12	0	0	0	-527	0	1	0	57
27:25:00	98700	0	0	0	-478	0	0	0	0	0	0	0	0	0	0	0	1	0	0	0	0	0	0	0	0	0	0	0	3	0	0	0	-12	0	0	0	-527	0	0	0	57
27:30:00	99000	0	0	0	-478	0	0	0	0	0	0	0	0	0	0	0	1	0	0	0	0	0	0	0	0	0	0	0	3	0	0	0	-12	0	0	0	-527	0	0	0	57
27:35:00	99300	0	2	0	-480	0	0	0	0	0	0	0	0	0	0	0	1	0	0	0	0	0	0	0	0	0	0	0	3	0	0	0	-12	0	0	0	-527	0	2	0	55
27:40:00	99600	6	6	2	-482	0	0	0	0	0	0	0	0	2	1	0	2	0	0	0	0	0	0	0	0	0	0	0	3	0	0	0	-12	0	0	2	-529	4	5	0	54
27:45:00	99900	1	2	0	-483	0	0	0	0	0	0	0	0	0	0	0	2	0	0	0	0	0	0	0	0	0	0	0	3	0	0	0	-12	0	0	0	-529	1	2	0	53
27:50:00	100200	0	0	0	-483	0	0	0	0	0	0	0	0	0	0	0	2	0	0	0	0	0	0	0	0	0	0	0	3	0	0	0	-12	0	0	0	-529	0	0	0	53
27:55:00	100500	1	1	0	-483	0	0	0	0	0	0	0	0	0	0	0	2	0	0	0	0	0	0	0	0	0	0	0	3	0	0	0	-12	0	0	0	-529	1	1	0	53
28:00:00	100800	1	1	0	-483	0	0	0	0	0	0	0	0	0	1	0	1	0	0	0	0	0	0	0	0	0	0	0	3	0	0	0	-12	0	0	0	-529	1	0	0	54
28:05:00	101100	0	1	0	-484	0	0	0	0	0	0	0	0	0	0	0	1	0	0	0	0	0	0	0	0	0	0	0	3	0	0	0	-12	0	0	0	-529	0	1	0	53
28:10:00	101400	3	3	1	-485	0	0	0	0	0	0	0	0	1	0	0	2	0	0	0	0	0	0	0	0	0	0	0	3	0	0	0	-12	0	0	1	-530	2	3	0	52
28:15:00	101700	0	0	0	-485	0	0	0	0	0	0	0	0	0	0	0	2	0	0	0	0	0	0	0	0	0	0	0	3	0	0	0	-12	0	0	0	-530	0	0	0	52
28:20:00	102000	0	0	0	-485	0	0	0	0	0	0	0	0	0	0	0	2	0	0	0	0	0	0	0	0	0	0	0	3	0	0	0	-12	0	0	0	-530	0	0	0	52
28:25:00	102300	0	0	0	-485	0	0	0	0	0	0	0	0	0	0	0	2	0	0	0	0	0	0	0	0	0	0	0	3	0	0	0	-12	0	0	0	-530	0	0	0	52
28:30:00	102600	0	0	0	-485	0	0	0	0	0	0	0	0	0	0	0	2	0	0	0	0	0	0	0	0	0	0	0	3	0	0	0	-12	0	0	0	-530	0	0	0	52
28:35:00	102900	1	1	0	-485	0	0	0	0	0	0	0	0	0	0	0	2	0	0	0	0	0	0	0	0	0	0	0	3	0	0	0	-12	0	0	0	-530	1	1	0	52
28:40:00	103200	0	1	0	-486	0	0	0	0	0	0	0	0	0	0	0	2	0	0	0	0	0	0	0	0	0	0	0	3	0	0	0	-12	0	0	0	-530	0	1	0	51
28:45:00	103500	1	1	1	-487	0	0	0	0	0	0	0	0	0	0	0	2	0	0	0	0	0	0	0	0	0	0	0	3	0	0	0	-12	0	0	1	-531	1	1	0	51
28:50:00	103800	0	1	0	-488	0	0	0	0	0	0	0	0	0	1	0	1	0	0	0	0	0	0	0	0	0	0	0	3	0	0	0	-12	0	0	0	-531	0	0	0	51
28:55:00	104100	1	1	0	-488	0	0	0	0	0	0	0	0	1	0	0	2	0	0	0	0	0	0	0	0	0	0	0	3	0	0	0	-12	0	0	0	-531	0	1	0	50
29:00:00	104400	0	0	0	-488	0	0	0	0	0	0	0	0	0	0	0	2	0	0	0	0	0	0	0	0	0	0	0	3	0	0	0	-12	0	0	0	-531	0	0	0	50
29:05:00	104700	2	2	0	-488	0	0	0	0	0	0	0	0	2	1	0	3	0	0	0	0	0	0	0	0	0	0	0	3	0	0	0	-12	0	0	0	-531	0	1	0	49
29:10:00	105000	1	2	0	-489	0	0	0	0	0	0	0	0	1	2	0	2	0	0	0	0	0	0	0	0	0	0	0	3	0	0	0	-12	0	0	0	-531	0	0	0	49
29:15:00	105300	0	0	0	-489	0	0	0	0	0	0	0	0	0	0	0	2	0	0	0	0	0	0	0	0	0	0	0	3	0	0	0	-12	0	0	0	-531	0	0	0	49
29:20:00	105600	1	1	0	-489	0	0	0	0	0	0	0	0	0	1	0	1	0	0	0	0	0	0	0	0	0	0	0	3	0	0	0	-12	0	0	0	-531	1	0	0	50
29:25:00	105900	1	2	0	-490	0	0	0	0	0	0	0	0	0	1	0	0	0	0	0	0	0	0	0	0	0	0	0	3	0	0	0	-12	0	0	0	-531	1	1	0	50
29:30:00	106200	0	1	0	-491	0	0	0	0	0	0	0	0	0	0	0	0	0	0	0	0	0	0	0	0	0	0	0	3	0	0	0	-12	0	0	0	-531	0	1	0	49
29:35:00	106500	0	0	0	-491	0	0	0	0	0	0	0	0	0	0	0	0	0	0	0	0	0	0	0	0	0	0	0	3	0	0	0	-12	0	0	0	-531	0	0	0	49
29:40:00	106800	0	0	0	-491	0	0	0	0	0	0	0	0	0	0	0	0	0	0	0	0	0	0	0	0	0	0	0	3	0	0	0	-12	0	0	0	-531	0	0	0	49
29:45:00	107100	0	2	0	-493	0	0	0	0	0	0	0	0	0	0	0	0	0	0	0	0	0	0	0	0	0	0	0	3	0	0	0	-12	0	0	0	-531	0	2	0	47
29:50:00	107400	2	2	1	-494	0	0	0	0	0	0	0	0	1	0	0	1	0	0	0	0	0	0	0	0	0	0	0	3	0	0	0	-12	0	0	1	-532	1	2	0	46
29:55:00	107700	0	0	0	-494	0	0	0	0	0	0	0	0	0	0	0	1	0	0	0	0	0	0	0	0	0	0	0	3	0	0	0	-12	0	0	0	-532	0	0	0	46
30:00:00	108000	0	0	50	-544	0	0	0	0	0	0	0	0	0	0	1	0	0	0	0	0	0	0	0	0	0	0	3	0	0	0	0	-12	0	0	0	-532	0	0	46	0
30:05:00	108300	0	0	0	-544	0	0	0	0	0	0	0	0	0	0	0	0	0	0	0	0	0	0	0	0	0	0	0	0	0	0	0	-12	0	0	0	-532	0	0	0	0
