time	time	departures_all	arrivals_all	stuck_all	en-route_all	departures_Shared-Bike	arrivals_Shared-Bike	stuck_Shared-Bike	en-route_Shared-Bike	departures_car	arrivals_car	stuck_car	en-route_car	departures_car_passenger	arrivals_car_passenger	stuck_car_passenger	en-route_car_passenger	departures_eScooter	arrivals_eScooter	stuck_eScooter	en-route_eScooter	departures_pt	arrivals_pt	stuck_pt	en-route_pt	departures_sharing:standardBikeShare	arrivals_sharing:standardBikeShare	stuck_sharing:standardBikeShare	en-route_sharing:standardBikeShare	departures_sharing:standardeScooter	arrivals_sharing:standardeScooter	stuck_sharing:standardeScooter	en-route_sharing:standardeScooter	departures_walk	arrivals_walk	stuck_walk	en-route_walk
00:00:00	0	0	0	0	0	0	0	0	0	0	0	0	0	0	0	0	0	0	0	0	0	0	0	0	0	0	0	0	0	0	0	0	0	0	0	0	0
00:05:00	300	0	0	0	0	0	0	0	0	0	0	0	0	0	0	0	0	0	0	0	0	0	0	0	0	0	0	0	0	0	0	0	0	0	0	0	0
00:10:00	600	0	0	0	0	0	0	0	0	0	0	0	0	0	0	0	0	0	0	0	0	0	0	0	0	0	0	0	0	0	0	0	0	0	0	0	0
00:15:00	900	0	0	0	0	0	0	0	0	0	0	0	0	0	0	0	0	0	0	0	0	0	0	0	0	0	0	0	0	0	0	0	0	0	0	0	0
00:20:00	1200	0	0	0	0	0	0	0	0	0	0	0	0	0	0	0	0	0	0	0	0	0	0	0	0	0	0	0	0	0	0	0	0	0	0	0	0
00:25:00	1500	0	0	0	0	0	0	0	0	0	0	0	0	0	0	0	0	0	0	0	0	0	0	0	0	0	0	0	0	0	0	0	0	0	0	0	0
00:30:00	1800	0	0	0	0	0	0	0	0	0	0	0	0	0	0	0	0	0	0	0	0	0	0	0	0	0	0	0	0	0	0	0	0	0	0	0	0
00:35:00	2100	0	0	0	0	0	0	0	0	0	0	0	0	0	0	0	0	0	0	0	0	0	0	0	0	0	0	0	0	0	0	0	0	0	0	0	0
00:40:00	2400	0	0	0	0	0	0	0	0	0	0	0	0	0	0	0	0	0	0	0	0	0	0	0	0	0	0	0	0	0	0	0	0	0	0	0	0
00:45:00	2700	0	0	0	0	0	0	0	0	0	0	0	0	0	0	0	0	0	0	0	0	0	0	0	0	0	0	0	0	0	0	0	0	0	0	0	0
00:50:00	3000	0	0	0	0	0	0	0	0	0	0	0	0	0	0	0	0	0	0	0	0	0	0	0	0	0	0	0	0	0	0	0	0	0	0	0	0
00:55:00	3300	0	0	0	0	0	0	0	0	0	0	0	0	0	0	0	0	0	0	0	0	0	0	0	0	0	0	0	0	0	0	0	0	0	0	0	0
01:00:00	3600	0	0	0	0	0	0	0	0	0	0	0	0	0	0	0	0	0	0	0	0	0	0	0	0	0	0	0	0	0	0	0	0	0	0	0	0
01:05:00	3900	0	0	0	0	0	0	0	0	0	0	0	0	0	0	0	0	0	0	0	0	0	0	0	0	0	0	0	0	0	0	0	0	0	0	0	0
01:10:00	4200	0	0	0	0	0	0	0	0	0	0	0	0	0	0	0	0	0	0	0	0	0	0	0	0	0	0	0	0	0	0	0	0	0	0	0	0
01:15:00	4500	0	0	0	0	0	0	0	0	0	0	0	0	0	0	0	0	0	0	0	0	0	0	0	0	0	0	0	0	0	0	0	0	0	0	0	0
01:20:00	4800	0	0	0	0	0	0	0	0	0	0	0	0	0	0	0	0	0	0	0	0	0	0	0	0	0	0	0	0	0	0	0	0	0	0	0	0
01:25:00	5100	0	0	0	0	0	0	0	0	0	0	0	0	0	0	0	0	0	0	0	0	0	0	0	0	0	0	0	0	0	0	0	0	0	0	0	0
01:30:00	5400	0	0	0	0	0	0	0	0	0	0	0	0	0	0	0	0	0	0	0	0	0	0	0	0	0	0	0	0	0	0	0	0	0	0	0	0
01:35:00	5700	0	0	0	0	0	0	0	0	0	0	0	0	0	0	0	0	0	0	0	0	0	0	0	0	0	0	0	0	0	0	0	0	0	0	0	0
01:40:00	6000	0	0	0	0	0	0	0	0	0	0	0	0	0	0	0	0	0	0	0	0	0	0	0	0	0	0	0	0	0	0	0	0	0	0	0	0
01:45:00	6300	0	0	0	0	0	0	0	0	0	0	0	0	0	0	0	0	0	0	0	0	0	0	0	0	0	0	0	0	0	0	0	0	0	0	0	0
01:50:00	6600	0	0	0	0	0	0	0	0	0	0	0	0	0	0	0	0	0	0	0	0	0	0	0	0	0	0	0	0	0	0	0	0	0	0	0	0
01:55:00	6900	0	0	0	0	0	0	0	0	0	0	0	0	0	0	0	0	0	0	0	0	0	0	0	0	0	0	0	0	0	0	0	0	0	0	0	0
02:00:00	7200	0	0	0	0	0	0	0	0	0	0	0	0	0	0	0	0	0	0	0	0	0	0	0	0	0	0	0	0	0	0	0	0	0	0	0	0
02:05:00	7500	0	0	0	0	0	0	0	0	0	0	0	0	0	0	0	0	0	0	0	0	0	0	0	0	0	0	0	0	0	0	0	0	0	0	0	0
02:10:00	7800	0	0	0	0	0	0	0	0	0	0	0	0	0	0	0	0	0	0	0	0	0	0	0	0	0	0	0	0	0	0	0	0	0	0	0	0
02:15:00	8100	0	0	0	0	0	0	0	0	0	0	0	0	0	0	0	0	0	0	0	0	0	0	0	0	0	0	0	0	0	0	0	0	0	0	0	0
02:20:00	8400	0	0	0	0	0	0	0	0	0	0	0	0	0	0	0	0	0	0	0	0	0	0	0	0	0	0	0	0	0	0	0	0	0	0	0	0
02:25:00	8700	0	0	0	0	0	0	0	0	0	0	0	0	0	0	0	0	0	0	0	0	0	0	0	0	0	0	0	0	0	0	0	0	0	0	0	0
02:30:00	9000	0	0	0	0	0	0	0	0	0	0	0	0	0	0	0	0	0	0	0	0	0	0	0	0	0	0	0	0	0	0	0	0	0	0	0	0
02:35:00	9300	0	0	0	0	0	0	0	0	0	0	0	0	0	0	0	0	0	0	0	0	0	0	0	0	0	0	0	0	0	0	0	0	0	0	0	0
02:40:00	9600	0	0	0	0	0	0	0	0	0	0	0	0	0	0	0	0	0	0	0	0	0	0	0	0	0	0	0	0	0	0	0	0	0	0	0	0
02:45:00	9900	0	0	0	0	0	0	0	0	0	0	0	0	0	0	0	0	0	0	0	0	0	0	0	0	0	0	0	0	0	0	0	0	0	0	0	0
02:50:00	10200	0	0	0	0	0	0	0	0	0	0	0	0	0	0	0	0	0	0	0	0	0	0	0	0	0	0	0	0	0	0	0	0	0	0	0	0
02:55:00	10500	0	0	0	0	0	0	0	0	0	0	0	0	0	0	0	0	0	0	0	0	0	0	0	0	0	0	0	0	0	0	0	0	0	0	0	0
03:00:00	10800	0	0	0	0	0	0	0	0	0	0	0	0	0	0	0	0	0	0	0	0	0	0	0	0	0	0	0	0	0	0	0	0	0	0	0	0
03:05:00	11100	0	0	0	0	0	0	0	0	0	0	0	0	0	0	0	0	0	0	0	0	0	0	0	0	0	0	0	0	0	0	0	0	0	0	0	0
03:10:00	11400	0	0	0	0	0	0	0	0	0	0	0	0	0	0	0	0	0	0	0	0	0	0	0	0	0	0	0	0	0	0	0	0	0	0	0	0
03:15:00	11700	0	0	0	0	0	0	0	0	0	0	0	0	0	0	0	0	0	0	0	0	0	0	0	0	0	0	0	0	0	0	0	0	0	0	0	0
03:20:00	12000	0	0	0	0	0	0	0	0	0	0	0	0	0	0	0	0	0	0	0	0	0	0	0	0	0	0	0	0	0	0	0	0	0	0	0	0
03:25:00	12300	0	0	0	0	0	0	0	0	0	0	0	0	0	0	0	0	0	0	0	0	0	0	0	0	0	0	0	0	0	0	0	0	0	0	0	0
03:30:00	12600	0	0	0	0	0	0	0	0	0	0	0	0	0	0	0	0	0	0	0	0	0	0	0	0	0	0	0	0	0	0	0	0	0	0	0	0
03:35:00	12900	0	0	0	0	0	0	0	0	0	0	0	0	0	0	0	0	0	0	0	0	0	0	0	0	0	0	0	0	0	0	0	0	0	0	0	0
03:40:00	13200	0	0	0	0	0	0	0	0	0	0	0	0	0	0	0	0	0	0	0	0	0	0	0	0	0	0	0	0	0	0	0	0	0	0	0	0
03:45:00	13500	0	0	0	0	0	0	0	0	0	0	0	0	0	0	0	0	0	0	0	0	0	0	0	0	0	0	0	0	0	0	0	0	0	0	0	0
03:50:00	13800	0	0	0	0	0	0	0	0	0	0	0	0	0	0	0	0	0	0	0	0	0	0	0	0	0	0	0	0	0	0	0	0	0	0	0	0
03:55:00	14100	0	0	0	0	0	0	0	0	0	0	0	0	0	0	0	0	0	0	0	0	0	0	0	0	0	0	0	0	0	0	0	0	0	0	0	0
04:00:00	14400	0	0	0	0	0	0	0	0	0	0	0	0	0	0	0	0	0	0	0	0	0	0	0	0	0	0	0	0	0	0	0	0	0	0	0	0
04:05:00	14700	0	0	0	0	0	0	0	0	0	0	0	0	0	0	0	0	0	0	0	0	0	0	0	0	0	0	0	0	0	0	0	0	0	0	0	0
04:10:00	15000	0	0	0	0	0	0	0	0	0	0	0	0	0	0	0	0	0	0	0	0	0	0	0	0	0	0	0	0	0	0	0	0	0	0	0	0
04:15:00	15300	0	0	0	0	0	0	0	0	0	0	0	0	0	0	0	0	0	0	0	0	0	0	0	0	0	0	0	0	0	0	0	0	0	0	0	0
04:20:00	15600	0	0	0	0	0	0	0	0	0	0	0	0	0	0	0	0	0	0	0	0	0	0	0	0	0	0	0	0	0	0	0	0	0	0	0	0
04:25:00	15900	0	0	0	0	0	0	0	0	0	0	0	0	0	0	0	0	0	0	0	0	0	0	0	0	0	0	0	0	0	0	0	0	0	0	0	0
04:30:00	16200	0	0	0	0	0	0	0	0	0	0	0	0	0	0	0	0	0	0	0	0	0	0	0	0	0	0	0	0	0	0	0	0	0	0	0	0
04:35:00	16500	0	0	0	0	0	0	0	0	0	0	0	0	0	0	0	0	0	0	0	0	0	0	0	0	0	0	0	0	0	0	0	0	0	0	0	0
04:40:00	16800	0	0	0	0	0	0	0	0	0	0	0	0	0	0	0	0	0	0	0	0	0	0	0	0	0	0	0	0	0	0	0	0	0	0	0	0
04:45:00	17100	0	0	0	0	0	0	0	0	0	0	0	0	0	0	0	0	0	0	0	0	0	0	0	0	0	0	0	0	0	0	0	0	0	0	0	0
04:50:00	17400	0	0	0	0	0	0	0	0	0	0	0	0	0	0	0	0	0	0	0	0	0	0	0	0	0	0	0	0	0	0	0	0	0	0	0	0
04:55:00	17700	0	0	0	0	0	0	0	0	0	0	0	0	0	0	0	0	0	0	0	0	0	0	0	0	0	0	0	0	0	0	0	0	0	0	0	0
05:00:00	18000	0	0	0	0	0	0	0	0	0	0	0	0	0	0	0	0	0	0	0	0	0	0	0	0	0	0	0	0	0	0	0	0	0	0	0	0
05:05:00	18300	0	0	0	0	0	0	0	0	0	0	0	0	0	0	0	0	0	0	0	0	0	0	0	0	0	0	0	0	0	0	0	0	0	0	0	0
05:10:00	18600	0	0	0	0	0	0	0	0	0	0	0	0	0	0	0	0	0	0	0	0	0	0	0	0	0	0	0	0	0	0	0	0	0	0	0	0
05:15:00	18900	0	0	0	0	0	0	0	0	0	0	0	0	0	0	0	0	0	0	0	0	0	0	0	0	0	0	0	0	0	0	0	0	0	0	0	0
05:20:00	19200	0	0	0	0	0	0	0	0	0	0	0	0	0	0	0	0	0	0	0	0	0	0	0	0	0	0	0	0	0	0	0	0	0	0	0	0
05:25:00	19500	0	0	0	0	0	0	0	0	0	0	0	0	0	0	0	0	0	0	0	0	0	0	0	0	0	0	0	0	0	0	0	0	0	0	0	0
05:30:00	19800	0	0	0	0	0	0	0	0	0	0	0	0	0	0	0	0	0	0	0	0	0	0	0	0	0	0	0	0	0	0	0	0	0	0	0	0
05:35:00	20100	0	0	0	0	0	0	0	0	0	0	0	0	0	0	0	0	0	0	0	0	0	0	0	0	0	0	0	0	0	0	0	0	0	0	0	0
05:40:00	20400	0	0	0	0	0	0	0	0	0	0	0	0	0	0	0	0	0	0	0	0	0	0	0	0	0	0	0	0	0	0	0	0	0	0	0	0
05:45:00	20700	0	0	0	0	0	0	0	0	0	0	0	0	0	0	0	0	0	0	0	0	0	0	0	0	0	0	0	0	0	0	0	0	0	0	0	0
05:50:00	21000	0	0	0	0	0	0	0	0	0	0	0	0	0	0	0	0	0	0	0	0	0	0	0	0	0	0	0	0	0	0	0	0	0	0	0	0
05:55:00	21300	0	0	0	0	0	0	0	0	0	0	0	0	0	0	0	0	0	0	0	0	0	0	0	0	0	0	0	0	0	0	0	0	0	0	0	0
06:00:00	21600	4	0	0	4	0	0	0	0	3	0	0	3	0	0	0	0	0	0	0	0	0	0	0	0	0	0	0	0	0	0	0	0	1	0	0	1
06:05:00	21900	4	1	0	7	0	0	0	0	3	1	0	5	0	0	0	0	0	0	0	0	0	0	0	0	0	0	0	0	0	0	0	0	1	0	0	2
06:10:00	22200	3	1	0	9	0	0	0	0	3	1	0	7	0	0	0	0	0	0	0	0	0	0	0	0	0	0	0	0	0	0	0	0	0	0	0	2
06:15:00	22500	1	2	0	8	0	0	0	0	1	2	0	6	0	0	0	0	0	0	0	0	0	0	0	0	0	0	0	0	0	0	0	0	0	0	0	2
06:20:00	22800	4	1	0	11	0	0	0	0	3	0	0	9	0	0	0	0	0	0	0	0	1	0	0	1	0	0	0	0	0	0	0	0	0	1	0	1
06:25:00	23100	6	4	0	13	0	0	0	0	5	3	0	11	0	0	0	0	0	0	0	0	0	1	0	0	0	0	0	0	0	0	0	0	1	0	0	2
06:30:00	23400	42	4	2	49	0	0	0	0	40	2	0	49	0	0	0	0	0	0	0	0	0	0	0	0	0	0	0	0	0	0	2	-2	2	2	0	2
06:35:00	23700	37	21	0	65	0	0	0	0	31	21	0	59	0	0	0	0	0	0	0	0	0	0	0	0	0	0	0	0	0	0	0	-2	6	0	0	8
06:40:00	24000	34	18	0	81	0	0	0	0	31	16	0	74	0	0	0	0	0	0	0	0	1	0	0	1	0	0	0	0	0	0	0	-2	2	2	0	8
06:45:00	24300	34	34	1	80	0	0	0	0	30	30	0	74	0	0	0	0	0	0	0	0	1	0	0	2	0	0	0	0	0	0	1	-3	3	4	0	7
06:50:00	24600	40	29	0	91	0	0	0	0	31	27	0	78	0	0	0	0	1	0	0	1	0	0	0	2	0	0	0	0	0	0	0	-3	8	2	0	13
06:55:00	24900	80	39	0	132	0	0	0	0	70	32	0	116	0	0	0	0	1	1	0	1	0	0	0	2	0	0	0	0	0	0	0	-3	9	6	0	16
07:00:00	25200	64	50	0	146	0	0	0	0	49	48	0	117	0	0	0	0	1	0	0	2	0	0	0	2	0	0	0	0	0	0	0	-3	14	2	0	28
07:05:00	25500	61	42	2	163	0	0	0	0	47	33	0	131	0	0	0	0	0	2	0	0	0	0	0	2	0	0	0	0	0	0	2	-5	14	7	0	35
07:10:00	25800	62	53	2	170	0	0	0	0	48	42	0	137	0	0	0	0	0	0	0	0	2	0	0	4	0	0	0	0	0	0	2	-7	12	11	0	36
07:15:00	26100	86	51	3	202	0	0	0	0	70	44	0	163	0	0	0	0	0	0	0	0	0	0	0	4	0	0	0	0	0	0	3	-10	16	7	0	45
07:20:00	26400	78	66	0	214	0	0	0	0	66	60	0	169	0	0	0	0	0	0	0	0	3	0	0	7	0	0	0	0	0	0	0	-10	9	6	0	48
07:25:00	26700	109	73	3	247	0	0	0	0	84	59	0	194	0	0	0	0	0	0	0	0	5	0	0	12	0	0	1	-1	0	0	2	-12	20	14	0	54
07:30:00	27000	68	77	1	237	0	0	0	0	56	69	0	181	0	0	0	0	0	0	0	0	0	2	0	10	0	0	0	-1	0	0	1	-13	12	6	0	60
07:35:00	27300	93	96	1	233	0	0	0	0	71	83	0	169	0	0	0	0	1	0	0	1	2	2	0	10	0	0	0	-1	0	0	1	-14	19	11	0	68
07:40:00	27600	93	68	1	257	1	0	0	1	81	57	0	193	0	0	0	0	1	0	0	2	0	1	0	9	0	0	0	-1	0	0	1	-15	10	10	0	68
07:45:00	27900	95	78	0	274	0	1	0	0	77	64	0	206	0	0	0	0	0	0	0	2	3	0	0	12	0	0	0	-1	0	0	0	-15	15	13	0	70
07:50:00	28200	111	90	0	295	0	0	0	0	92	70	0	228	0	0	0	0	1	2	0	1	4	2	0	14	0	0	0	-1	0	0	0	-15	14	16	0	68
07:55:00	28500	115	108	1	301	1	0	0	1	93	91	0	230	12	1	0	11	0	1	0	0	3	0	0	17	0	0	0	-1	0	0	1	-16	6	15	0	59
08:00:00	28800	127	119	0	309	0	1	0	0	91	102	0	219	24	8	0	27	0	0	0	0	3	1	0	19	0	0	0	-1	0	0	0	-16	9	7	0	61
08:05:00	29100	105	95	1	318	0	0	0	0	79	75	0	223	17	10	0	34	0	0	0	0	2	0	0	21	0	0	0	-1	0	0	1	-17	7	10	0	58
08:10:00	29400	130	116	1	331	0	0	0	0	89	90	0	222	26	16	0	44	0	0	0	0	2	4	0	19	0	0	0	-1	0	0	1	-18	13	6	0	65
08:15:00	29700	92	108	0	315	0	0	0	0	70	83	0	209	14	15	0	43	0	0	0	0	0	0	0	19	0	0	0	-1	0	0	0	-18	8	10	0	63
08:20:00	30000	106	98	2	321	0	0	0	0	83	68	0	224	16	20	0	39	1	0	0	1	1	0	0	20	0	0	0	-1	0	0	2	-20	5	10	0	58
08:25:00	30300	106	98	2	327	0	0	0	0	79	80	0	223	20	13	0	46	0	0	0	1	0	0	0	20	0	0	0	-1	0	0	2	-22	7	5	0	60
08:30:00	30600	91	93	1	324	0	0	0	0	55	68	0	210	21	14	0	53	0	1	0	0	3	2	0	21	0	0	0	-1	0	0	1	-23	12	8	0	64
08:35:00	30900	70	87	2	305	0	0	0	0	53	63	0	200	8	20	0	41	0	0	0	0	1	1	0	21	0	0	0	-1	0	0	2	-25	8	3	0	69
08:40:00	31200	85	79	0	311	0	0	0	0	54	57	0	197	24	16	0	49	0	0	0	0	4	0	0	25	0	0	0	-1	0	0	0	-25	3	6	0	66
08:45:00	31500	104	86	0	329	0	0	0	0	59	60	0	196	39	20	0	68	0	0	0	0	1	0	0	26	0	0	0	-1	0	0	0	-25	5	6	0	65
08:50:00	31800	76	83	0	322	0	0	0	0	61	65	0	192	13	16	0	65	0	0	0	0	0	0	0	26	0	0	0	-1	0	0	0	-25	2	2	0	65
08:55:00	32100	82	94	0	310	0	0	0	0	57	65	0	184	18	23	0	60	0	0	0	0	3	2	0	27	0	0	0	-1	0	0	0	-25	4	4	0	65
09:00:00	32400	87	86	0	311	0	0	0	0	69	62	0	191	4	14	0	50	0	0	0	0	4	0	0	31	0	0	0	-1	0	0	0	-25	10	10	0	65
09:05:00	32700	58	71	0	298	0	0	0	0	40	49	0	182	6	12	0	44	0	0	0	0	0	3	0	28	0	0	0	-1	0	0	0	-25	12	7	0	70
09:10:00	33000	59	89	0	268	0	0	0	0	48	62	0	168	3	15	0	32	0	0	0	0	1	0	0	29	0	0	0	-1	0	0	0	-25	7	12	0	65
09:15:00	33300	53	63	0	258	0	0	0	0	42	49	0	161	2	9	0	25	0	0	0	0	2	0	0	31	0	0	0	-1	0	0	0	-25	7	5	0	67
09:20:00	33600	41	70	1	228	0	0	0	0	32	57	0	136	2	8	0	19	0	0	0	0	1	0	0	32	0	0	0	-1	0	0	1	-26	6	5	0	68
09:25:00	33900	46	51	0	223	0	0	0	0	28	37	0	127	4	3	0	20	0	0	0	0	0	3	0	29	0	0	0	-1	0	0	0	-26	14	8	0	74
09:30:00	34200	38	54	1	206	0	0	0	0	25	37	0	115	1	7	0	14	0	0	0	0	0	1	0	28	0	0	0	-1	0	0	1	-27	12	9	0	77
09:35:00	34500	42	52	0	196	0	0	0	0	28	39	0	104	8	4	0	18	0	0	0	0	1	1	0	28	0	0	0	-1	0	0	0	-27	5	8	0	74
09:40:00	34800	38	55	2	177	0	0	0	0	22	37	0	89	2	4	0	16	0	0	0	0	0	1	0	27	0	0	0	-1	0	0	2	-29	14	13	0	75
09:45:00	35100	40	59	0	158	0	0	0	0	20	35	0	74	0	7	0	9	0	0	0	0	3	0	0	30	0	0	0	-1	0	0	0	-29	17	17	0	75
09:50:00	35400	35	37	0	156	0	0	0	0	24	15	0	83	0	5	0	4	0	0	0	0	2	0	0	32	0	0	0	-1	0	0	0	-29	9	17	0	67
09:55:00	35700	44	41	1	158	0	0	0	0	32	28	0	87	0	1	0	3	0	0	0	0	0	0	0	32	0	0	0	-1	0	0	1	-30	12	12	0	67
10:00:00	36000	67	55	0	170	0	0	0	0	32	30	0	89	0	2	0	1	0	0	0	0	1	6	0	27	0	0	0	-1	0	0	0	-30	34	17	0	84
10:05:00	36300	56	50	3	173	0	0	0	0	31	33	0	87	0	0	0	1	0	0	0	0	0	0	0	27	0	0	0	-1	0	0	3	-33	25	17	0	92
10:10:00	36600	76	72	1	176	0	0	0	0	36	37	0	86	0	1	0	0	0	0	0	0	1	4	0	24	0	0	0	-1	0	0	1	-34	39	30	0	101
10:15:00	36900	59	60	1	174	0	0	0	0	25	33	0	78	0	0	0	0	0	0	0	0	1	1	0	24	0	0	0	-1	0	0	1	-35	33	26	0	108
10:20:00	37200	61	62	2	171	0	0	0	0	27	28	0	77	0	0	0	0	0	0	0	0	0	0	0	24	0	0	0	-1	0	0	2	-37	34	34	0	108
10:25:00	37500	77	75	1	172	0	0	0	0	42	44	0	75	0	0	0	0	0	0	0	0	1	0	0	25	0	0	0	-1	0	0	1	-38	34	31	0	111
10:30:00	37800	59	64	0	167	0	0	0	0	24	30	0	69	0	0	0	0	0	0	0	0	0	0	0	25	0	0	0	-1	0	0	0	-38	35	34	0	112
10:35:00	38100	45	60	2	150	0	0	0	0	22	32	0	59	2	1	0	1	0	0	0	0	2	0	0	27	0	0	0	-1	0	0	2	-40	19	27	0	104
10:40:00	38400	54	53	0	151	0	0	0	0	20	21	0	58	1	1	0	1	0	0	0	0	0	0	0	27	0	0	0	-1	0	0	0	-40	33	31	0	106
10:45:00	38700	60	55	0	156	0	0	0	0	22	26	0	54	3	0	0	4	0	0	0	0	0	2	0	25	0	0	0	-1	0	0	0	-40	35	27	0	114
10:50:00	39000	46	53	0	149	0	0	0	0	15	18	0	51	0	3	0	1	0	0	0	0	1	1	0	25	0	0	0	-1	0	0	0	-40	30	31	0	113
10:55:00	39300	37	52	0	134	0	0	0	0	9	18	0	42	2	0	0	3	0	0	0	0	1	0	0	26	0	0	0	-1	0	0	0	-40	25	34	0	104
11:00:00	39600	48	43	0	139	0	0	0	0	12	16	0	38	4	1	0	6	0	0	0	0	1	0	0	27	0	0	0	-1	0	0	0	-40	31	26	0	109
11:05:00	39900	73	59	1	152	0	0	0	0	35	15	0	58	1	1	0	6	0	0	0	0	6	7	0	26	0	0	0	-1	0	0	1	-41	31	36	0	104
11:10:00	40200	72	45	1	178	0	0	0	0	37	16	0	79	2	2	0	6	0	0	0	0	0	1	0	25	0	0	0	-1	0	0	1	-42	33	26	0	111
11:15:00	40500	53	55	0	176	0	0	0	0	24	29	0	74	10	2	0	14	0	0	0	0	0	1	0	24	0	0	0	-1	0	0	0	-42	19	23	0	107
11:20:00	40800	57	52	0	181	0	0	0	0	23	20	0	77	2	2	0	14	0	0	0	0	1	1	0	24	0	0	0	-1	0	0	0	-42	31	29	0	109
11:25:00	41100	71	63	0	189	0	0	0	0	37	30	0	84	3	5	0	12	0	0	0	0	0	1	0	23	0	0	0	-1	0	0	0	-42	31	27	0	113
11:30:00	41400	77	66	1	199	0	0	0	0	39	28	0	95	1	3	0	10	0	0	0	0	4	0	0	27	0	0	0	-1	0	0	1	-43	33	35	0	111
11:35:00	41700	86	75	1	209	0	0	0	0	49	35	0	109	3	4	0	9	0	0	0	0	2	4	0	25	0	0	0	-1	0	0	1	-44	32	32	0	111
11:40:00	42000	81	77	1	212	0	0	0	0	45	37	0	117	0	3	0	6	0	0	0	0	2	8	0	19	0	0	0	-1	0	0	1	-45	34	29	0	116
11:45:00	42300	72	80	0	204	0	0	0	0	38	42	0	113	3	4	0	5	0	0	0	0	0	1	0	18	0	0	0	-1	0	0	0	-45	31	33	0	114
11:50:00	42600	83	66	0	221	0	0	0	0	47	32	0	128	5	2	0	8	0	0	0	0	1	0	0	19	0	0	0	-1	0	0	0	-45	30	32	0	112
11:55:00	42900	95	86	0	230	0	0	0	0	59	44	0	143	1	1	0	8	0	0	0	0	1	2	0	18	0	0	0	-1	0	0	0	-45	34	39	0	107
12:00:00	43200	76	89	0	217	0	0	0	0	68	63	0	148	2	3	0	7	0	0	0	0	0	0	0	18	0	0	0	-1	0	0	0	-45	6	23	0	90
12:05:00	43500	56	57	0	216	0	0	0	0	40	42	0	146	8	4	0	11	1	1	0	0	1	0	0	19	0	0	0	-1	0	0	0	-45	6	10	0	86
12:10:00	43800	69	69	1	215	0	0	0	0	51	46	0	151	2	0	0	13	0	0	0	0	3	0	0	22	0	0	0	-1	0	0	1	-46	13	23	0	76
12:15:00	44100	52	71	1	195	1	0	0	1	36	55	0	132	1	3	0	11	1	1	0	0	0	1	0	21	0	0	1	-2	0	0	0	-46	13	11	0	78
12:20:00	44400	45	62	2	176	0	1	0	0	38	46	0	124	0	4	0	7	1	0	0	1	1	0	0	22	0	0	0	-2	0	0	2	-48	5	11	0	72
12:25:00	44700	58	57	1	176	0	0	0	0	49	39	0	134	0	2	0	5	1	0	0	2	1	2	0	21	0	0	0	-2	0	0	1	-49	7	14	0	65
12:30:00	45000	41	53	1	163	0	0	0	0	34	39	0	129	0	1	0	4	1	1	0	2	1	0	0	22	0	0	0	-2	0	0	1	-50	5	12	0	58
12:35:00	45300	25	51	0	137	1	0	0	1	17	37	0	109	0	2	0	2	0	0	0	2	1	2	0	21	0	0	0	-2	0	0	0	-50	6	10	0	54
12:40:00	45600	28	36	1	128	0	0	0	1	26	27	0	108	0	1	0	1	0	0	0	2	1	0	0	22	0	0	0	-2	0	0	1	-51	1	8	0	47
12:45:00	45900	43	42	1	128	0	0	0	1	35	32	0	111	0	0	0	1	0	1	0	1	0	1	0	21	0	0	0	-2	0	0	1	-52	8	8	0	47
12:50:00	46200	29	46	0	111	0	1	0	0	22	37	0	96	0	1	0	0	1	0	0	2	1	0	0	22	0	0	0	-2	0	0	0	-52	5	7	0	45
12:55:00	46500	32	44	0	99	0	0	0	0	26	35	0	87	0	0	0	0	1	0	0	3	1	1	0	22	0	0	0	-2	0	0	0	-52	4	8	0	41
13:00:00	46800	5	28	1	75	0	0	0	0	1	22	0	66	0	0	0	0	0	0	0	3	0	0	0	22	0	0	0	-2	0	0	1	-53	4	6	0	39
13:05:00	47100	1	22	0	54	1	0	0	1	0	21	0	45	0	0	0	0	0	0	0	3	0	0	0	22	0	0	0	-2	0	0	0	-53	0	1	0	38
13:10:00	47400	2	13	0	43	0	0	0	1	0	11	0	34	0	0	0	0	0	0	0	3	2	0	0	24	0	0	0	-2	0	0	0	-53	0	2	0	36
13:15:00	47700	22	14	0	51	0	1	0	0	21	12	0	43	0	0	0	0	0	0	0	3	0	0	0	24	0	0	0	-2	0	0	0	-53	1	1	0	36
13:20:00	48000	13	19	0	45	0	0	0	0	11	16	0	38	0	0	0	0	0	0	0	3	0	1	0	23	0	0	0	-2	0	0	0	-53	2	2	0	36
13:25:00	48300	18	16	0	47	0	0	0	0	15	13	0	40	0	0	0	0	0	0	0	3	0	1	0	22	0	0	0	-2	0	0	0	-53	3	2	0	37
13:30:00	48600	56	23	1	79	0	0	0	0	47	17	0	70	1	0	0	1	1	0	0	4	0	1	0	21	0	0	0	-2	0	0	1	-54	7	5	0	39
13:35:00	48900	56	44	1	90	0	0	0	0	39	34	0	75	5	0	0	6	0	0	0	4	0	2	0	19	0	0	0	-2	0	0	1	-55	12	8	0	43
13:40:00	49200	50	45	2	93	0	0	0	0	33	31	0	77	5	2	0	9	0	2	0	2	0	3	0	16	0	0	0	-2	0	0	2	-57	12	7	0	48
13:45:00	49500	54	42	1	104	0	0	0	0	41	31	0	87	2	3	0	8	0	1	0	1	0	0	0	16	0	0	0	-2	0	0	1	-58	11	7	0	52
13:50:00	49800	91	47	1	147	1	0	0	1	61	35	0	113	15	6	0	17	0	0	0	1	1	0	0	17	0	0	0	-2	0	0	1	-59	13	6	0	59
13:55:00	50100	108	58	2	195	0	0	0	1	84	46	0	151	12	6	0	23	0	0	0	1	0	0	0	17	0	0	0	-2	0	0	2	-61	12	6	0	65
14:00:00	50400	85	85	0	195	0	1	0	0	62	60	0	153	3	11	0	15	0	1	0	0	2	0	0	19	0	0	0	-2	0	0	0	-61	18	12	0	71
14:05:00	50700	86	76	0	205	0	0	0	0	45	48	0	150	9	5	0	19	1	0	0	1	1	0	0	20	0	0	0	-2	0	0	0	-61	30	23	0	78
14:10:00	51000	76	81	3	197	0	0	0	0	50	54	0	146	14	12	0	21	0	0	0	1	2	0	0	22	0	0	0	-2	0	0	3	-64	10	15	0	73
14:15:00	51300	61	64	0	194	0	0	0	0	43	45	0	144	8	8	0	21	0	0	0	1	0	0	0	22	0	0	0	-2	0	0	0	-64	10	11	0	72
14:20:00	51600	76	56	1	213	0	0	0	0	48	40	0	152	14	7	0	28	0	0	0	1	1	0	0	23	0	0	0	-2	0	0	1	-65	13	9	0	76
14:25:00	51900	71	68	0	216	0	0	0	0	49	52	0	149	16	13	0	31	0	0	0	1	0	0	0	23	0	0	0	-2	0	0	0	-65	6	3	0	79
14:30:00	52200	47	55	0	208	0	0	0	0	26	36	0	139	12	11	0	32	0	1	0	0	0	1	0	22	0	0	0	-2	0	0	0	-65	9	6	0	82
14:35:00	52500	70	65	2	211	0	0	0	0	36	33	0	142	4	13	0	23	0	0	0	0	0	1	0	21	0	0	0	-2	0	0	2	-67	30	18	0	94
14:40:00	52800	62	81	1	191	0	0	0	0	36	49	0	129	8	9	0	22	1	0	0	1	1	1	0	21	0	0	0	-2	0	0	1	-68	16	22	0	88
14:45:00	53100	47	57	0	181	0	0	0	0	27	33	0	123	9	13	0	18	0	0	0	1	1	4	0	18	0	0	0	-2	0	0	0	-68	10	7	0	91
14:50:00	53400	52	67	3	163	0	0	0	0	23	40	0	106	3	5	0	16	0	0	0	1	1	0	0	19	0	0	0	-2	0	0	3	-71	25	22	0	94
14:55:00	53700	44	50	0	157	0	0	0	0	17	26	0	97	8	4	0	20	0	0	0	1	3	1	0	21	0	0	0	-2	0	0	0	-71	16	19	0	91
15:00:00	54000	41	59	1	138	0	0	0	0	18	34	0	81	4	11	0	13	0	0	0	1	0	1	0	20	0	0	0	-2	0	0	1	-72	19	13	0	97
15:05:00	54300	46	44	1	139	0	0	0	0	23	24	0	80	0	3	0	10	1	0	0	2	0	1	0	19	0	0	0	-2	0	0	1	-73	22	16	0	103
15:10:00	54600	48	56	1	130	0	0	0	0	24	28	0	76	0	4	0	6	0	1	0	1	1	0	0	20	0	0	0	-2	0	0	1	-74	23	23	0	103
15:15:00	54900	59	53	2	134	1	0	0	1	29	22	0	83	1	2	0	5	1	2	0	0	3	1	0	22	0	0	0	-2	0	0	2	-76	24	26	0	101
15:20:00	55200	55	51	1	137	0	0	0	1	33	27	0	89	1	1	0	5	1	0	0	1	1	0	0	23	0	0	0	-2	0	0	1	-77	19	23	0	97
15:25:00	55500	52	61	1	127	0	1	0	0	31	41	0	79	0	0	0	5	0	0	0	1	2	1	0	24	0	0	0	-2	0	0	1	-78	19	18	0	98
15:30:00	55800	75	55	2	145	0	0	0	0	39	33	0	85	0	1	0	4	0	0	0	1	1	0	0	25	0	0	0	-2	0	0	2	-80	35	21	0	112
15:35:00	56100	94	68	0	171	0	0	0	0	53	38	0	100	0	0	0	4	0	1	0	0	2	1	0	26	0	0	0	-2	0	0	0	-80	39	28	0	123
15:40:00	56400	99	83	3	184	0	0	0	0	51	42	0	109	0	1	0	3	0	0	0	0	0	0	0	26	0	0	0	-2	0	0	3	-83	48	40	0	131
15:45:00	56700	70	67	2	185	0	0	0	0	32	39	0	102	0	1	0	2	0	0	0	0	4	0	0	30	0	0	0	-2	0	0	2	-85	34	27	0	138
15:50:00	57000	78	87	1	175	1	1	0	0	39	49	0	92	0	0	0	2	0	0	0	0	1	0	0	31	0	0	0	-2	0	0	1	-86	37	37	0	138
15:55:00	57300	64	62	1	176	0	0	0	0	22	29	0	85	0	0	0	2	1	0	0	1	2	2	0	31	0	0	0	-2	0	0	1	-87	39	31	0	146
16:00:00	57600	85	71	3	187	0	0	0	0	31	36	0	80	21	1	0	22	0	0	0	1	0	3	0	28	0	0	1	-3	0	0	2	-89	33	31	0	148
16:05:00	57900	78	78	1	186	0	0	0	0	29	36	0	73	19	10	0	31	0	1	0	0	0	2	0	26	0	0	0	-3	0	0	1	-90	30	29	0	149
16:10:00	58200	68	85	0	169	0	0	0	0	19	34	0	58	18	13	0	36	0	0	0	0	1	1	0	26	0	0	0	-3	0	0	0	-90	30	37	0	142
16:15:00	58500	73	62	0	180	0	0	0	0	20	22	0	56	16	13	0	39	0	0	0	0	3	1	0	28	0	0	0	-3	0	0	0	-90	34	26	0	150
16:20:00	58800	95	76	1	198	0	0	0	0	48	23	0	81	17	13	0	43	0	0	0	0	2	1	0	29	0	0	0	-3	0	0	1	-91	28	39	0	139
16:25:00	59100	102	78	1	221	0	0	0	0	44	27	0	98	27	20	0	50	1	0	0	1	1	4	0	26	0	0	0	-3	0	0	1	-92	29	27	0	141
16:30:00	59400	111	83	1	248	0	0	0	0	39	33	0	104	31	15	0	66	1	1	0	1	3	1	0	28	0	0	0	-3	0	0	1	-93	37	33	0	145
16:35:00	59700	130	97	1	280	0	0	0	0	57	32	0	129	28	23	0	71	0	0	0	1	2	1	0	29	0	0	0	-3	0	0	1	-94	43	41	0	147
16:40:00	60000	135	119	4	292	0	0	0	0	77	53	0	153	20	23	0	68	0	0	0	1	2	2	0	29	0	0	0	-3	0	0	4	-98	36	41	0	142
16:45:00	60300	99	90	0	301	0	0	0	0	41	42	0	152	29	24	0	73	0	0	0	1	2	2	0	29	0	0	0	-3	0	0	0	-98	27	22	0	147
16:50:00	60600	148	118	0	331	0	0	0	0	66	56	0	162	46	29	0	90	0	0	0	1	0	1	0	28	0	0	0	-3	0	0	0	-98	36	32	0	151
16:55:00	60900	125	124	0	332	0	0	0	0	55	58	0	159	32	31	0	91	1	1	0	1	1	1	0	28	0	0	0	-3	0	0	0	-98	36	33	0	154
17:00:00	61200	168	121	2	377	0	0	0	0	103	54	0	208	19	24	0	86	0	1	0	0	2	5	0	25	0	0	0	-3	0	0	2	-100	44	37	0	161
17:05:00	61500	181	130	0	428	0	0	0	0	133	72	0	269	13	25	0	74	1	0	0	1	2	4	0	23	0	0	0	-3	0	0	0	-100	32	29	0	164
17:10:00	61800	150	167	1	410	0	0	0	0	90	99	0	260	16	23	0	67	0	0	0	1	0	2	0	21	0	0	0	-3	0	0	1	-101	44	43	0	165
17:15:00	62100	171	144	2	435	0	0	0	0	109	90	0	279	25	19	0	73	1	0	0	2	0	2	0	19	0	0	0	-3	0	0	2	-103	36	33	0	168
17:20:00	62400	175	160	0	450	0	0	0	0	127	95	0	311	14	25	0	62	0	1	0	1	0	1	0	18	0	0	0	-3	0	0	0	-103	34	38	0	164
17:25:00	62700	112	157	0	405	0	0	0	0	79	96	0	294	0	21	0	41	1	1	0	1	0	0	0	18	0	0	0	-3	0	0	0	-103	32	39	0	157
17:30:00	63000	94	134	0	365	0	0	0	0	82	88	0	288	1	12	0	30	1	2	0	0	1	2	0	17	0	0	0	-3	0	0	0	-103	9	30	0	136
17:35:00	63300	98	109	2	352	0	0	0	0	86	84	0	290	2	5	0	27	1	0	0	1	1	2	0	16	0	0	0	-3	0	0	2	-105	8	18	0	126
17:40:00	63600	63	93	1	321	0	0	0	0	53	78	0	265	2	4	0	25	0	0	0	1	2	2	0	16	0	0	0	-3	0	0	1	-106	6	9	0	123
17:45:00	63900	100	92	1	328	0	0	0	0	93	78	0	280	0	1	0	24	0	0	0	1	1	1	0	16	0	0	0	-3	0	0	1	-107	6	12	0	117
17:50:00	64200	92	108	1	311	0	0	0	0	86	88	0	278	1	7	0	18	0	0	0	1	0	1	0	15	0	0	0	-3	0	0	1	-108	5	12	0	110
17:55:00	64500	91	112	0	290	0	0	0	0	84	92	0	270	0	1	0	17	0	1	0	0	0	1	0	14	0	0	0	-3	0	0	0	-108	7	17	0	100
18:00:00	64800	61	115	1	235	0	0	0	0	55	95	0	230	1	3	0	15	0	0	0	0	0	1	0	13	0	0	0	-3	0	0	1	-109	5	16	0	89
18:05:00	65100	58	78	1	214	0	0	0	0	51	67	0	214	0	1	0	14	0	0	0	0	0	4	0	9	0	0	0	-3	0	0	1	-110	7	6	0	90
18:10:00	65400	40	77	0	177	0	0	0	0	38	66	0	186	1	1	0	14	0	0	0	0	0	1	0	8	0	0	0	-3	0	0	0	-110	1	9	0	82
18:15:00	65700	32	75	0	134	0	0	0	0	29	66	0	149	0	2	0	12	0	0	0	0	0	2	0	6	0	0	0	-3	0	0	0	-110	3	5	0	80
18:20:00	66000	52	52	1	133	0	0	0	0	45	40	0	154	0	2	0	10	0	0	0	0	0	0	0	6	0	0	0	-3	0	0	1	-111	7	10	0	77
18:25:00	66300	37	59	1	110	0	0	0	0	33	52	0	135	0	0	0	10	1	0	0	1	0	2	0	4	0	0	0	-3	0	0	1	-112	3	5	0	75
18:30:00	66600	30	53	0	87	0	0	0	0	28	47	0	116	0	1	0	9	0	0	0	1	0	0	0	4	0	0	0	-3	0	0	0	-112	2	5	0	72
18:35:00	66900	59	65	0	81	0	0	0	0	51	53	0	114	1	3	0	7	0	1	0	0	0	0	0	4	0	0	0	-3	0	0	0	-112	7	8	0	71
18:40:00	67200	25	40	0	66	0	0	0	0	23	37	0	100	0	2	0	5	0	0	0	0	0	0	0	4	0	0	0	-3	0	0	0	-112	2	1	0	72
18:45:00	67500	23	45	0	44	0	0	0	0	23	38	0	85	0	1	0	4	0	0	0	0	0	0	0	4	0	0	0	-3	0	0	0	-112	0	6	0	66
18:50:00	67800	9	28	1	24	0	0	0	0	8	26	0	67	0	0	0	4	0	0	0	0	0	0	0	4	0	0	0	-3	0	0	1	-113	1	2	0	65
18:55:00	68100	13	25	0	12	0	0	0	0	12	21	0	58	0	0	0	4	0	0	0	0	0	0	0	4	0	0	0	-3	0	0	0	-113	1	4	0	62
19:00:00	68400	57	26	1	42	0	0	0	0	55	24	0	89	0	0	0	4	0	0	0	0	0	0	0	4	0	0	0	-3	0	0	1	-114	2	2	0	62
19:05:00	68700	72	33	0	81	0	0	0	0	66	32	0	123	0	0	0	4	0	0	0	0	0	0	0	4	0	0	0	-3	0	0	0	-114	6	1	0	67
19:10:00	69000	61	56	0	86	0	0	0	0	59	53	0	129	0	1	0	3	1	0	0	1	0	0	0	4	0	0	0	-3	0	0	0	-114	1	2	0	66
19:15:00	69300	48	52	0	82	0	0	0	0	45	47	0	127	0	0	0	3	0	0	0	1	0	1	0	3	0	0	0	-3	0	0	0	-114	3	4	0	65
19:20:00	69600	52	59	1	74	0	0	0	0	50	51	0	126	0	0	0	3	0	0	0	1	1	0	0	4	0	0	0	-3	0	0	1	-115	1	8	0	58
19:25:00	69900	85	62	2	95	0	0	0	0	78	54	0	150	0	0	0	3	0	1	0	0	0	1	0	3	0	0	0	-3	0	0	2	-117	7	6	0	59
19:30:00	70200	62	64	2	91	0	0	0	0	55	57	0	148	0	0	0	3	1	0	0	1	0	1	0	2	0	0	0	-3	0	0	2	-119	6	6	0	59
19:35:00	70500	48	66	0	73	0	0	0	0	44	62	0	130	0	1	0	2	1	0	0	2	0	1	0	1	0	0	0	-3	0	0	0	-119	3	2	0	60
19:40:00	70800	32	47	0	58	0	0	0	0	30	45	0	115	0	0	0	2	0	1	0	1	1	0	0	2	0	0	0	-3	0	0	0	-119	1	1	0	60
19:45:00	71100	57	45	0	70	0	0	0	0	55	42	0	128	0	0	0	2	0	0	0	1	0	0	0	2	0	0	0	-3	0	0	0	-119	2	3	0	59
19:50:00	71400	46	54	0	62	0	0	0	0	40	48	0	120	0	0	0	2	1	1	0	1	0	1	0	1	0	0	0	-3	0	0	0	-119	5	4	0	60
19:55:00	71700	45	57	1	49	0	0	0	0	36	50	0	106	0	0	0	2	0	1	0	0	0	0	0	1	0	0	0	-3	0	0	1	-120	9	6	0	63
20:00:00	72000	3	36	0	16	0	0	0	0	0	31	0	75	0	0	0	2	0	0	0	0	0	0	0	1	0	0	0	-3	0	0	0	-120	3	5	0	61
20:05:00	72300	2	28	0	-10	0	0	0	0	1	25	0	51	0	0	0	2	0	0	0	0	0	0	0	1	0	0	0	-3	0	0	0	-120	1	3	0	59
20:10:00	72600	4	14	0	-20	0	0	0	0	0	11	0	40	0	0	0	2	1	0	0	1	0	0	0	1	0	0	0	-3	0	0	0	-120	3	3	0	59
20:15:00	72900	6	21	0	-35	0	0	0	0	4	15	0	29	0	0	0	2	0	1	0	0	0	0	0	1	0	0	0	-3	0	0	0	-120	2	5	0	56
20:20:00	73200	5	15	0	-45	0	0	0	0	3	11	0	21	0	1	0	1	0	0	0	0	1	0	0	2	0	0	0	-3	0	0	0	-120	1	3	0	54
20:25:00	73500	6	6	0	-45	0	0	0	0	4	3	0	22	0	0	0	1	0	0	0	0	0	0	0	2	0	0	0	-3	0	0	0	-120	2	3	0	53
20:30:00	73800	5	11	0	-51	0	0	0	0	2	6	0	18	0	1	0	0	1	1	0	0	0	1	0	1	0	0	0	-3	0	0	0	-120	2	2	0	53
20:35:00	74100	3	4	0	-52	0	0	0	0	2	2	0	18	0	0	0	0	0	0	0	0	0	0	0	1	0	0	0	-3	0	0	0	-120	1	2	0	52
20:40:00	74400	2	5	0	-55	0	0	0	0	2	5	0	15	0	0	0	0	0	0	0	0	0	0	0	1	0	0	0	-3	0	0	0	-120	0	0	0	52
20:45:00	74700	4	4	0	-55	0	0	0	0	4	2	0	17	0	0	0	0	0	0	0	0	0	0	0	1	0	0	0	-3	0	0	0	-120	0	2	0	50
20:50:00	75000	6	7	1	-57	0	0	0	0	5	6	0	16	0	0	0	0	0	0	0	0	0	0	0	1	0	0	0	-3	0	0	1	-121	1	1	0	50
20:55:00	75300	2	4	0	-59	0	0	0	0	1	2	0	15	0	0	0	0	0	0	0	0	0	0	0	1	0	0	0	-3	0	0	0	-121	1	2	0	49
21:00:00	75600	6	7	0	-60	0	0	0	0	6	6	0	15	0	0	0	0	0	0	0	0	0	0	0	1	0	0	0	-3	0	0	0	-121	0	1	0	48
21:05:00	75900	2	4	0	-62	0	0	0	0	2	3	0	14	0	0	0	0	0	0	0	0	0	0	0	1	0	0	0	-3	0	0	0	-121	0	1	0	47
21:10:00	76200	2	4	0	-64	0	0	0	0	2	4	0	12	0	0	0	0	0	0	0	0	0	0	0	1	0	0	0	-3	0	0	0	-121	0	0	0	47
21:15:00	76500	1	3	0	-66	0	0	0	0	0	2	0	10	0	0	0	0	0	0	0	0	0	0	0	1	0	0	0	-3	0	0	0	-121	1	1	0	47
21:20:00	76800	0	1	0	-67	0	0	0	0	0	1	0	9	0	0	0	0	0	0	0	0	0	0	0	1	0	0	0	-3	0	0	0	-121	0	0	0	47
21:25:00	77100	1	1	0	-67	0	0	0	0	1	0	0	10	0	0	0	0	0	0	0	0	0	0	0	1	0	0	0	-3	0	0	0	-121	0	1	0	46
21:30:00	77400	1	4	0	-70	0	0	0	0	0	2	0	8	0	0	0	0	0	0	0	0	0	0	0	1	0	0	0	-3	0	0	0	-121	1	2	0	45
21:35:00	77700	0	3	0	-73	0	0	0	0	0	2	0	6	0	0	0	0	0	0	0	0	0	0	0	1	0	0	0	-3	0	0	0	-121	0	1	0	44
21:40:00	78000	1	4	1	-77	0	0	0	0	0	2	0	4	0	0	0	0	0	0	0	0	0	0	0	1	0	0	0	-3	0	0	1	-122	1	2	0	43
21:45:00	78300	0	0	0	-77	0	0	0	0	0	0	0	4	0	0	0	0	0	0	0	0	0	0	0	1	0	0	0	-3	0	0	0	-122	0	0	0	43
21:50:00	78600	1	3	0	-79	0	0	0	0	1	1	0	4	0	0	0	0	0	0	0	0	0	0	0	1	0	0	0	-3	0	0	0	-122	0	2	0	41
21:55:00	78900	0	2	0	-81	0	0	0	0	0	1	0	3	0	0	0	0	0	0	0	0	0	0	0	1	0	0	0	-3	0	0	0	-122	0	1	0	40
22:00:00	79200	1	1	0	-81	0	0	0	0	0	0	0	3	0	0	0	0	0	0	0	0	0	0	0	1	0	0	0	-3	0	0	0	-122	1	1	0	40
22:05:00	79500	0	0	0	-81	0	0	0	0	0	0	0	3	0	0	0	0	0	0	0	0	0	0	0	1	0	0	0	-3	0	0	0	-122	0	0	0	40
22:10:00	79800	1	2	0	-82	0	0	0	0	1	1	0	3	0	0	0	0	0	0	0	0	0	0	0	1	0	0	0	-3	0	0	0	-122	0	1	0	39
22:15:00	80100	0	0	0	-82	0	0	0	0	0	0	0	3	0	0	0	0	0	0	0	0	0	0	0	1	0	0	0	-3	0	0	0	-122	0	0	0	39
22:20:00	80400	0	0	0	-82	0	0	0	0	0	0	0	3	0	0	0	0	0	0	0	0	0	0	0	1	0	0	0	-3	0	0	0	-122	0	0	0	39
22:25:00	80700	0	1	0	-83	0	0	0	0	0	1	0	2	0	0	0	0	0	0	0	0	0	0	0	1	0	0	0	-3	0	0	0	-122	0	0	0	39
22:30:00	81000	1	1	0	-83	0	0	0	0	1	1	0	2	0	0	0	0	0	0	0	0	0	0	0	1	0	0	0	-3	0	0	0	-122	0	0	0	39
22:35:00	81300	0	0	0	-83	0	0	0	0	0	0	0	2	0	0	0	0	0	0	0	0	0	0	0	1	0	0	0	-3	0	0	0	-122	0	0	0	39
22:40:00	81600	1	2	0	-84	0	0	0	0	1	2	0	1	0	0	0	0	0	0	0	0	0	0	0	1	0	0	0	-3	0	0	0	-122	0	0	0	39
22:45:00	81900	0	0	0	-84	0	0	0	0	0	0	0	1	0	0	0	0	0	0	0	0	0	0	0	1	0	0	0	-3	0	0	0	-122	0	0	0	39
22:50:00	82200	1	4	0	-87	0	0	0	0	0	1	0	0	0	0	0	0	0	0	0	0	0	0	0	1	0	0	0	-3	0	0	0	-122	1	3	0	37
22:55:00	82500	1	1	1	-88	0	0	0	0	0	0	0	0	0	0	0	0	0	0	0	0	0	0	0	1	0	0	0	-3	0	0	1	-123	1	1	0	37
23:00:00	82800	0	1	0	-89	0	0	0	0	0	0	0	0	0	0	0	0	0	0	0	0	0	0	0	1	0	0	0	-3	0	0	0	-123	0	1	0	36
23:05:00	83100	1	1	1	-90	0	0	0	0	0	0	0	0	0	0	0	0	0	0	0	0	0	0	0	1	0	0	0	-3	0	0	1	-124	1	1	0	36
23:10:00	83400	0	0	0	-90	0	0	0	0	0	0	0	0	0	0	0	0	0	0	0	0	0	0	0	1	0	0	0	-3	0	0	0	-124	0	0	0	36
23:15:00	83700	5	1	0	-86	0	0	0	0	5	0	0	5	0	0	0	0	0	0	0	0	0	0	0	1	0	0	0	-3	0	0	0	-124	0	1	0	35
23:20:00	84000	5	6	1	-88	0	0	0	0	4	4	0	5	0	0	0	0	0	0	0	0	0	0	0	1	0	0	0	-3	0	0	1	-125	1	2	0	34
23:25:00	84300	4	1	0	-85	0	0	0	0	3	1	0	7	0	0	0	0	0	0	0	0	0	0	0	1	0	0	0	-3	0	0	0	-125	1	0	0	35
23:30:00	84600	1	6	0	-90	0	0	0	0	1	5	0	3	0	0	0	0	0	0	0	0	0	0	0	1	0	0	0	-3	0	0	0	-125	0	1	0	34
23:35:00	84900	2	0	0	-88	0	0	0	0	2	0	0	5	0	0	0	0	0	0	0	0	0	0	0	1	0	0	0	-3	0	0	0	-125	0	0	0	34
23:40:00	85200	3	2	0	-87	0	0	0	0	3	2	0	6	0	0	0	0	0	0	0	0	0	0	0	1	0	0	0	-3	0	0	0	-125	0	0	0	34
23:45:00	85500	4	4	0	-87	0	0	0	0	4	4	0	6	0	0	0	0	0	0	0	0	0	0	0	1	0	0	0	-3	0	0	0	-125	0	0	0	34
23:50:00	85800	3	3	0	-87	0	0	0	0	3	3	0	6	0	0	0	0	0	0	0	0	0	0	0	1	0	0	0	-3	0	0	0	-125	0	0	0	34
23:55:00	86100	3	3	0	-87	0	0	0	0	2	2	0	6	0	0	0	0	0	0	0	0	0	0	0	1	0	0	0	-3	0	0	0	-125	1	1	0	34
24:00:00	86400	4	0	0	-83	0	0	0	0	3	0	0	9	0	0	0	0	0	0	0	0	0	0	0	1	0	0	0	-3	0	0	0	-125	1	0	0	35
24:05:00	86700	3	5	0	-85	0	0	0	0	2	4	0	7	0	0	0	0	0	0	0	0	0	0	0	1	0	0	0	-3	0	0	0	-125	1	1	0	35
24:10:00	87000	2	4	0	-87	0	0	0	0	2	3	0	6	0	0	0	0	0	0	0	0	0	0	0	1	0	0	0	-3	0	0	0	-125	0	1	0	34
24:15:00	87300	0	2	0	-89	0	0	0	0	0	2	0	4	0	0	0	0	0	0	0	0	0	0	0	1	0	0	0	-3	0	0	0	-125	0	0	0	34
24:20:00	87600	3	5	0	-91	0	0	0	0	1	2	0	3	0	0	0	0	0	0	0	0	0	0	0	1	0	0	0	-3	0	0	0	-125	2	3	0	33
24:25:00	87900	1	0	0	-90	1	0	0	1	0	0	0	3	0	0	0	0	0	0	0	0	0	0	0	1	0	0	0	-3	0	0	0	-125	0	0	0	33
24:30:00	88200	1	1	0	-90	0	1	0	0	0	0	0	3	0	0	0	0	0	0	0	0	0	0	0	1	0	0	0	-3	0	0	0	-125	1	0	0	34
24:35:00	88500	0	2	0	-92	0	0	0	0	0	1	0	2	0	0	0	0	0	0	0	0	0	0	0	1	0	0	0	-3	0	0	0	-125	0	1	0	33
24:40:00	88800	0	0	0	-92	0	0	0	0	0	0	0	2	0	0	0	0	0	0	0	0	0	0	0	1	0	0	0	-3	0	0	0	-125	0	0	0	33
24:45:00	89100	0	0	0	-92	0	0	0	0	0	0	0	2	0	0	0	0	0	0	0	0	0	0	0	1	0	0	0	-3	0	0	0	-125	0	0	0	33
24:50:00	89400	0	2	0	-94	0	0	0	0	0	2	0	0	0	0	0	0	0	0	0	0	0	0	0	1	0	0	0	-3	0	0	0	-125	0	0	0	33
24:55:00	89700	0	1	0	-95	0	0	0	0	0	0	0	0	0	0	0	0	0	0	0	0	0	0	0	1	0	0	0	-3	0	0	0	-125	0	1	0	32
25:00:00	90000	0	0	0	-95	0	0	0	0	0	0	0	0	0	0	0	0	0	0	0	0	0	0	0	1	0	0	0	-3	0	0	0	-125	0	0	0	32
25:05:00	90300	0	0	0	-95	0	0	0	0	0	0	0	0	0	0	0	0	0	0	0	0	0	0	0	1	0	0	0	-3	0	0	0	-125	0	0	0	32
25:10:00	90600	0	0	0	-95	0	0	0	0	0	0	0	0	0	0	0	0	0	0	0	0	0	0	0	1	0	0	0	-3	0	0	0	-125	0	0	0	32
25:15:00	90900	0	0	0	-95	0	0	0	0	0	0	0	0	0	0	0	0	0	0	0	0	0	0	0	1	0	0	0	-3	0	0	0	-125	0	0	0	32
25:20:00	91200	1	1	0	-95	0	0	0	0	0	0	0	0	0	0	0	0	0	0	0	0	0	0	0	1	0	0	0	-3	0	0	0	-125	1	1	0	32
25:25:00	91500	0	0	0	-95	0	0	0	0	0	0	0	0	0	0	0	0	0	0	0	0	0	0	0	1	0	0	0	-3	0	0	0	-125	0	0	0	32
25:30:00	91800	0	0	0	-95	0	0	0	0	0	0	0	0	0	0	0	0	0	0	0	0	0	0	0	1	0	0	0	-3	0	0	0	-125	0	0	0	32
25:35:00	92100	1	2	0	-96	0	0	0	0	1	1	0	0	0	0	0	0	0	0	0	0	0	0	0	1	0	0	0	-3	0	0	0	-125	0	1	0	31
25:40:00	92400	0	1	0	-97	0	0	0	0	0	0	0	0	0	0	0	0	0	0	0	0	0	0	0	1	0	0	0	-3	0	0	0	-125	0	1	0	30
25:45:00	92700	1	1	0	-97	0	0	0	0	1	0	0	1	0	0	0	0	0	0	0	0	0	0	0	1	0	0	0	-3	0	0	0	-125	0	1	0	29
25:50:00	93000	0	0	0	-97	0	0	0	0	0	0	0	1	0	0	0	0	0	0	0	0	0	0	0	1	0	0	0	-3	0	0	0	-125	0	0	0	29
25:55:00	93300	0	0	0	-97	0	0	0	0	0	0	0	1	0	0	0	0	0	0	0	0	0	0	0	1	0	0	0	-3	0	0	0	-125	0	0	0	29
26:00:00	93600	0	1	0	-98	0	0	0	0	0	0	0	1	0	0	0	0	0	0	0	0	0	0	0	1	0	0	0	-3	0	0	0	-125	0	1	0	28
26:05:00	93900	2	2	1	-99	0	0	0	0	0	0	0	1	0	0	0	0	0	0	0	0	0	0	0	1	0	0	0	-3	0	0	1	-126	2	2	0	28
26:10:00	94200	1	1	0	-99	0	0	0	0	0	0	0	1	0	0	0	0	0	0	0	0	0	0	0	1	0	0	0	-3	0	0	0	-126	1	1	0	28
26:15:00	94500	0	0	0	-99	0	0	0	0	0	0	0	1	0	0	0	0	0	0	0	0	0	0	0	1	0	0	0	-3	0	0	0	-126	0	0	0	28
26:20:00	94800	1	3	0	-101	0	0	0	0	1	0	0	2	0	0	0	0	0	0	0	0	0	0	0	1	0	0	0	-3	0	0	0	-126	0	3	0	25
26:25:00	95100	2	2	0	-101	0	0	0	0	0	0	0	2	0	0	0	0	0	0	0	0	0	0	0	1	0	0	0	-3	0	0	0	-126	2	2	0	25
26:30:00	95400	4	4	0	-101	0	0	0	0	1	2	0	1	0	0	0	0	1	1	0	0	0	0	0	1	0	0	0	-3	0	0	0	-126	2	1	0	26
26:35:00	95700	0	1	0	-102	0	0	0	0	0	1	0	0	0	0	0	0	0	0	0	0	0	0	0	1	0	0	0	-3	0	0	0	-126	0	0	0	26
26:40:00	96000	0	0	0	-102	0	0	0	0	0	0	0	0	0	0	0	0	0	0	0	0	0	0	0	1	0	0	0	-3	0	0	0	-126	0	0	0	26
26:45:00	96300	0	0	0	-102	0	0	0	0	0	0	0	0	0	0	0	0	0	0	0	0	0	0	0	1	0	0	0	-3	0	0	0	-126	0	0	0	26
26:50:00	96600	0	0	0	-102	0	0	0	0	0	0	0	0	0	0	0	0	0	0	0	0	0	0	0	1	0	0	0	-3	0	0	0	-126	0	0	0	26
26:55:00	96900	1	2	0	-103	0	0	0	0	0	0	0	0	0	0	0	0	0	0	0	0	0	0	0	1	0	0	0	-3	0	0	0	-126	1	2	0	25
27:00:00	97200	0	0	0	-103	0	0	0	0	0	0	0	0	0	0	0	0	0	0	0	0	0	0	0	1	0	0	0	-3	0	0	0	-126	0	0	0	25
27:05:00	97500	1	1	0	-103	0	0	0	0	0	0	0	0	0	0	0	0	0	0	0	0	0	0	0	1	0	0	0	-3	0	0	0	-126	1	1	0	25
27:10:00	97800	0	0	0	-103	0	0	0	0	0	0	0	0	0	0	0	0	0	0	0	0	0	0	0	1	0	0	0	-3	0	0	0	-126	0	0	0	25
27:15:00	98100	0	0	0	-103	0	0	0	0	0	0	0	0	0	0	0	0	0	0	0	0	0	0	0	1	0	0	0	-3	0	0	0	-126	0	0	0	25
27:20:00	98400	0	0	0	-103	0	0	0	0	0	0	0	0	0	0	0	0	0	0	0	0	0	0	0	1	0	0	0	-3	0	0	0	-126	0	0	0	25
27:25:00	98700	0	1	0	-104	0	0	0	0	0	0	0	0	0	0	0	0	0	0	0	0	0	0	0	1	0	0	0	-3	0	0	0	-126	0	1	0	24
27:30:00	99000	1	1	1	-105	0	0	0	0	0	0	0	0	0	0	0	0	0	0	0	0	0	0	0	1	0	0	0	-3	0	0	1	-127	1	1	0	24
27:35:00	99300	0	0	0	-105	0	0	0	0	0	0	0	0	0	0	0	0	0	0	0	0	0	0	0	1	0	0	0	-3	0	0	0	-127	0	0	0	24
27:40:00	99600	2	2	0	-105	0	0	0	0	0	0	0	0	0	0	0	0	0	0	0	0	0	0	0	1	0	0	0	-3	0	0	0	-127	2	2	0	24
27:45:00	99900	0	0	0	-105	0	0	0	0	0	0	0	0	0	0	0	0	0	0	0	0	0	0	0	1	0	0	0	-3	0	0	0	-127	0	0	0	24
27:50:00	100200	0	0	0	-105	0	0	0	0	0	0	0	0	0	0	0	0	0	0	0	0	0	0	0	1	0	0	0	-3	0	0	0	-127	0	0	0	24
27:55:00	100500	0	0	0	-105	0	0	0	0	0	0	0	0	0	0	0	0	0	0	0	0	0	0	0	1	0	0	0	-3	0	0	0	-127	0	0	0	24
28:00:00	100800	0	0	0	-105	0	0	0	0	0	0	0	0	0	0	0	0	0	0	0	0	0	0	0	1	0	0	0	-3	0	0	0	-127	0	0	0	24
28:05:00	101100	0	0	0	-105	0	0	0	0	0	0	0	0	0	0	0	0	0	0	0	0	0	0	0	1	0	0	0	-3	0	0	0	-127	0	0	0	24
28:10:00	101400	0	0	0	-105	0	0	0	0	0	0	0	0	0	0	0	0	0	0	0	0	0	0	0	1	0	0	0	-3	0	0	0	-127	0	0	0	24
28:15:00	101700	0	0	0	-105	0	0	0	0	0	0	0	0	0	0	0	0	0	0	0	0	0	0	0	1	0	0	0	-3	0	0	0	-127	0	0	0	24
28:20:00	102000	0	1	0	-106	0	0	0	0	0	0	0	0	0	0	0	0	0	0	0	0	0	0	0	1	0	0	0	-3	0	0	0	-127	0	1	0	23
28:25:00	102300	1	1	1	-107	0	0	0	0	0	0	0	0	0	0	0	0	0	0	0	0	0	0	0	1	0	0	0	-3	0	0	1	-128	1	1	0	23
28:30:00	102600	0	0	0	-107	0	0	0	0	0	0	0	0	0	0	0	0	0	0	0	0	0	0	0	1	0	0	0	-3	0	0	0	-128	0	0	0	23
28:35:00	102900	0	0	0	-107	0	0	0	0	0	0	0	0	0	0	0	0	0	0	0	0	0	0	0	1	0	0	0	-3	0	0	0	-128	0	0	0	23
28:40:00	103200	1	1	0	-107	0	0	0	0	0	0	0	0	0	0	0	0	0	0	0	0	0	0	0	1	0	0	0	-3	0	0	0	-128	1	1	0	23
28:45:00	103500	0	0	0	-107	0	0	0	0	0	0	0	0	0	0	0	0	0	0	0	0	0	0	0	1	0	0	0	-3	0	0	0	-128	0	0	0	23
28:50:00	103800	0	0	0	-107	0	0	0	0	0	0	0	0	0	0	0	0	0	0	0	0	0	0	0	1	0	0	0	-3	0	0	0	-128	0	0	0	23
28:55:00	104100	0	0	0	-107	0	0	0	0	0	0	0	0	0	0	0	0	0	0	0	0	0	0	0	1	0	0	0	-3	0	0	0	-128	0	0	0	23
29:00:00	104400	0	1	0	-108	0	0	0	0	0	0	0	0	0	0	0	0	0	0	0	0	0	0	0	1	0	0	0	-3	0	0	0	-128	0	1	0	22
29:05:00	104700	0	1	0	-109	0	0	0	0	0	0	0	0	0	0	0	0	0	0	0	0	0	0	0	1	0	0	0	-3	0	0	0	-128	0	1	0	21
29:10:00	105000	1	1	1	-110	0	0	0	0	0	0	0	0	0	0	0	0	0	0	0	0	0	0	0	1	0	0	0	-3	0	0	1	-129	1	1	0	21
29:15:00	105300	0	0	0	-110	0	0	0	0	0	0	0	0	0	0	0	0	0	0	0	0	0	0	0	1	0	0	0	-3	0	0	0	-129	0	0	0	21
29:20:00	105600	0	0	0	-110	0	0	0	0	0	0	0	0	0	0	0	0	0	0	0	0	0	0	0	1	0	0	0	-3	0	0	0	-129	0	0	0	21
29:25:00	105900	0	0	0	-110	0	0	0	0	0	0	0	0	0	0	0	0	0	0	0	0	0	0	0	1	0	0	0	-3	0	0	0	-129	0	0	0	21
29:30:00	106200	0	1	0	-111	0	0	0	0	0	0	0	0	0	0	0	0	0	0	0	0	0	0	0	1	0	0	0	-3	0	0	0	-129	0	1	0	20
29:35:00	106500	0	2	0	-113	0	0	0	0	0	0	0	0	0	0	0	0	0	0	0	0	0	0	0	1	0	0	0	-3	0	0	0	-129	0	2	0	18
29:40:00	106800	2	2	2	-115	0	0	0	0	0	0	0	0	0	0	0	0	0	0	0	0	0	0	0	1	0	0	0	-3	0	0	2	-131	2	2	0	18
29:45:00	107100	0	0	0	-115	0	0	0	0	0	0	0	0	0	0	0	0	0	0	0	0	0	0	0	1	0	0	0	-3	0	0	0	-131	0	0	0	18
29:50:00	107400	0	1	0	-116	0	0	0	0	0	0	0	0	0	0	0	0	0	0	0	0	0	0	0	1	0	0	0	-3	0	0	0	-131	0	1	0	17
29:55:00	107700	0	0	0	-116	0	0	0	0	0	0	0	0	0	0	0	0	0	0	0	0	0	0	0	1	0	0	0	-3	0	0	0	-131	0	0	0	17
30:00:00	108000	0	0	18	-134	0	0	0	0	0	0	0	0	0	0	0	0	0	0	0	0	0	0	1	0	0	0	0	-3	0	0	0	-131	0	0	17	0
30:05:00	108300	0	0	0	-134	0	0	0	0	0	0	0	0	0	0	0	0	0	0	0	0	0	0	0	0	0	0	0	-3	0	0	0	-131	0	0	0	0
