time	time	departures_all	arrivals_all	stuck_all	en-route_all	departures_Shared-Bike	arrivals_Shared-Bike	stuck_Shared-Bike	en-route_Shared-Bike	departures_bike	arrivals_bike	stuck_bike	en-route_bike	departures_car	arrivals_car	stuck_car	en-route_car	departures_car_passenger	arrivals_car_passenger	stuck_car_passenger	en-route_car_passenger	departures_pt	arrivals_pt	stuck_pt	en-route_pt	departures_sharing:standardBikeShare	arrivals_sharing:standardBikeShare	stuck_sharing:standardBikeShare	en-route_sharing:standardBikeShare	departures_walk	arrivals_walk	stuck_walk	en-route_walk
00:00:00	0	0	0	0	0	0	0	0	0	0	0	0	0	0	0	0	0	0	0	0	0	0	0	0	0	0	0	0	0	0	0	0	0
00:05:00	300	0	0	0	0	0	0	0	0	0	0	0	0	0	0	0	0	0	0	0	0	0	0	0	0	0	0	0	0	0	0	0	0
00:10:00	600	0	0	0	0	0	0	0	0	0	0	0	0	0	0	0	0	0	0	0	0	0	0	0	0	0	0	0	0	0	0	0	0
00:15:00	900	0	0	0	0	0	0	0	0	0	0	0	0	0	0	0	0	0	0	0	0	0	0	0	0	0	0	0	0	0	0	0	0
00:20:00	1200	0	0	0	0	0	0	0	0	0	0	0	0	0	0	0	0	0	0	0	0	0	0	0	0	0	0	0	0	0	0	0	0
00:25:00	1500	0	0	0	0	0	0	0	0	0	0	0	0	0	0	0	0	0	0	0	0	0	0	0	0	0	0	0	0	0	0	0	0
00:30:00	1800	0	0	0	0	0	0	0	0	0	0	0	0	0	0	0	0	0	0	0	0	0	0	0	0	0	0	0	0	0	0	0	0
00:35:00	2100	0	0	0	0	0	0	0	0	0	0	0	0	0	0	0	0	0	0	0	0	0	0	0	0	0	0	0	0	0	0	0	0
00:40:00	2400	0	0	0	0	0	0	0	0	0	0	0	0	0	0	0	0	0	0	0	0	0	0	0	0	0	0	0	0	0	0	0	0
00:45:00	2700	0	0	0	0	0	0	0	0	0	0	0	0	0	0	0	0	0	0	0	0	0	0	0	0	0	0	0	0	0	0	0	0
00:50:00	3000	0	0	0	0	0	0	0	0	0	0	0	0	0	0	0	0	0	0	0	0	0	0	0	0	0	0	0	0	0	0	0	0
00:55:00	3300	0	0	0	0	0	0	0	0	0	0	0	0	0	0	0	0	0	0	0	0	0	0	0	0	0	0	0	0	0	0	0	0
01:00:00	3600	0	0	0	0	0	0	0	0	0	0	0	0	0	0	0	0	0	0	0	0	0	0	0	0	0	0	0	0	0	0	0	0
01:05:00	3900	0	0	0	0	0	0	0	0	0	0	0	0	0	0	0	0	0	0	0	0	0	0	0	0	0	0	0	0	0	0	0	0
01:10:00	4200	0	0	0	0	0	0	0	0	0	0	0	0	0	0	0	0	0	0	0	0	0	0	0	0	0	0	0	0	0	0	0	0
01:15:00	4500	0	0	0	0	0	0	0	0	0	0	0	0	0	0	0	0	0	0	0	0	0	0	0	0	0	0	0	0	0	0	0	0
01:20:00	4800	0	0	0	0	0	0	0	0	0	0	0	0	0	0	0	0	0	0	0	0	0	0	0	0	0	0	0	0	0	0	0	0
01:25:00	5100	0	0	0	0	0	0	0	0	0	0	0	0	0	0	0	0	0	0	0	0	0	0	0	0	0	0	0	0	0	0	0	0
01:30:00	5400	0	0	0	0	0	0	0	0	0	0	0	0	0	0	0	0	0	0	0	0	0	0	0	0	0	0	0	0	0	0	0	0
01:35:00	5700	0	0	0	0	0	0	0	0	0	0	0	0	0	0	0	0	0	0	0	0	0	0	0	0	0	0	0	0	0	0	0	0
01:40:00	6000	0	0	0	0	0	0	0	0	0	0	0	0	0	0	0	0	0	0	0	0	0	0	0	0	0	0	0	0	0	0	0	0
01:45:00	6300	0	0	0	0	0	0	0	0	0	0	0	0	0	0	0	0	0	0	0	0	0	0	0	0	0	0	0	0	0	0	0	0
01:50:00	6600	0	0	0	0	0	0	0	0	0	0	0	0	0	0	0	0	0	0	0	0	0	0	0	0	0	0	0	0	0	0	0	0
01:55:00	6900	0	0	0	0	0	0	0	0	0	0	0	0	0	0	0	0	0	0	0	0	0	0	0	0	0	0	0	0	0	0	0	0
02:00:00	7200	0	0	0	0	0	0	0	0	0	0	0	0	0	0	0	0	0	0	0	0	0	0	0	0	0	0	0	0	0	0	0	0
02:05:00	7500	0	0	0	0	0	0	0	0	0	0	0	0	0	0	0	0	0	0	0	0	0	0	0	0	0	0	0	0	0	0	0	0
02:10:00	7800	0	0	0	0	0	0	0	0	0	0	0	0	0	0	0	0	0	0	0	0	0	0	0	0	0	0	0	0	0	0	0	0
02:15:00	8100	0	0	0	0	0	0	0	0	0	0	0	0	0	0	0	0	0	0	0	0	0	0	0	0	0	0	0	0	0	0	0	0
02:20:00	8400	0	0	0	0	0	0	0	0	0	0	0	0	0	0	0	0	0	0	0	0	0	0	0	0	0	0	0	0	0	0	0	0
02:25:00	8700	0	0	0	0	0	0	0	0	0	0	0	0	0	0	0	0	0	0	0	0	0	0	0	0	0	0	0	0	0	0	0	0
02:30:00	9000	0	0	0	0	0	0	0	0	0	0	0	0	0	0	0	0	0	0	0	0	0	0	0	0	0	0	0	0	0	0	0	0
02:35:00	9300	0	0	0	0	0	0	0	0	0	0	0	0	0	0	0	0	0	0	0	0	0	0	0	0	0	0	0	0	0	0	0	0
02:40:00	9600	0	0	0	0	0	0	0	0	0	0	0	0	0	0	0	0	0	0	0	0	0	0	0	0	0	0	0	0	0	0	0	0
02:45:00	9900	0	0	0	0	0	0	0	0	0	0	0	0	0	0	0	0	0	0	0	0	0	0	0	0	0	0	0	0	0	0	0	0
02:50:00	10200	0	0	0	0	0	0	0	0	0	0	0	0	0	0	0	0	0	0	0	0	0	0	0	0	0	0	0	0	0	0	0	0
02:55:00	10500	0	0	0	0	0	0	0	0	0	0	0	0	0	0	0	0	0	0	0	0	0	0	0	0	0	0	0	0	0	0	0	0
03:00:00	10800	0	0	0	0	0	0	0	0	0	0	0	0	0	0	0	0	0	0	0	0	0	0	0	0	0	0	0	0	0	0	0	0
03:05:00	11100	0	0	0	0	0	0	0	0	0	0	0	0	0	0	0	0	0	0	0	0	0	0	0	0	0	0	0	0	0	0	0	0
03:10:00	11400	0	0	0	0	0	0	0	0	0	0	0	0	0	0	0	0	0	0	0	0	0	0	0	0	0	0	0	0	0	0	0	0
03:15:00	11700	0	0	0	0	0	0	0	0	0	0	0	0	0	0	0	0	0	0	0	0	0	0	0	0	0	0	0	0	0	0	0	0
03:20:00	12000	0	0	0	0	0	0	0	0	0	0	0	0	0	0	0	0	0	0	0	0	0	0	0	0	0	0	0	0	0	0	0	0
03:25:00	12300	0	0	0	0	0	0	0	0	0	0	0	0	0	0	0	0	0	0	0	0	0	0	0	0	0	0	0	0	0	0	0	0
03:30:00	12600	0	0	0	0	0	0	0	0	0	0	0	0	0	0	0	0	0	0	0	0	0	0	0	0	0	0	0	0	0	0	0	0
03:35:00	12900	0	0	0	0	0	0	0	0	0	0	0	0	0	0	0	0	0	0	0	0	0	0	0	0	0	0	0	0	0	0	0	0
03:40:00	13200	0	0	0	0	0	0	0	0	0	0	0	0	0	0	0	0	0	0	0	0	0	0	0	0	0	0	0	0	0	0	0	0
03:45:00	13500	0	0	0	0	0	0	0	0	0	0	0	0	0	0	0	0	0	0	0	0	0	0	0	0	0	0	0	0	0	0	0	0
03:50:00	13800	0	0	0	0	0	0	0	0	0	0	0	0	0	0	0	0	0	0	0	0	0	0	0	0	0	0	0	0	0	0	0	0
03:55:00	14100	0	0	0	0	0	0	0	0	0	0	0	0	0	0	0	0	0	0	0	0	0	0	0	0	0	0	0	0	0	0	0	0
04:00:00	14400	0	0	0	0	0	0	0	0	0	0	0	0	0	0	0	0	0	0	0	0	0	0	0	0	0	0	0	0	0	0	0	0
04:05:00	14700	0	0	0	0	0	0	0	0	0	0	0	0	0	0	0	0	0	0	0	0	0	0	0	0	0	0	0	0	0	0	0	0
04:10:00	15000	0	0	0	0	0	0	0	0	0	0	0	0	0	0	0	0	0	0	0	0	0	0	0	0	0	0	0	0	0	0	0	0
04:15:00	15300	0	0	0	0	0	0	0	0	0	0	0	0	0	0	0	0	0	0	0	0	0	0	0	0	0	0	0	0	0	0	0	0
04:20:00	15600	0	0	0	0	0	0	0	0	0	0	0	0	0	0	0	0	0	0	0	0	0	0	0	0	0	0	0	0	0	0	0	0
04:25:00	15900	0	0	0	0	0	0	0	0	0	0	0	0	0	0	0	0	0	0	0	0	0	0	0	0	0	0	0	0	0	0	0	0
04:30:00	16200	0	0	0	0	0	0	0	0	0	0	0	0	0	0	0	0	0	0	0	0	0	0	0	0	0	0	0	0	0	0	0	0
04:35:00	16500	0	0	0	0	0	0	0	0	0	0	0	0	0	0	0	0	0	0	0	0	0	0	0	0	0	0	0	0	0	0	0	0
04:40:00	16800	0	0	0	0	0	0	0	0	0	0	0	0	0	0	0	0	0	0	0	0	0	0	0	0	0	0	0	0	0	0	0	0
04:45:00	17100	0	0	0	0	0	0	0	0	0	0	0	0	0	0	0	0	0	0	0	0	0	0	0	0	0	0	0	0	0	0	0	0
04:50:00	17400	0	0	0	0	0	0	0	0	0	0	0	0	0	0	0	0	0	0	0	0	0	0	0	0	0	0	0	0	0	0	0	0
04:55:00	17700	0	0	0	0	0	0	0	0	0	0	0	0	0	0	0	0	0	0	0	0	0	0	0	0	0	0	0	0	0	0	0	0
05:00:00	18000	0	0	0	0	0	0	0	0	0	0	0	0	0	0	0	0	0	0	0	0	0	0	0	0	0	0	0	0	0	0	0	0
05:05:00	18300	0	0	0	0	0	0	0	0	0	0	0	0	0	0	0	0	0	0	0	0	0	0	0	0	0	0	0	0	0	0	0	0
05:10:00	18600	0	0	0	0	0	0	0	0	0	0	0	0	0	0	0	0	0	0	0	0	0	0	0	0	0	0	0	0	0	0	0	0
05:15:00	18900	0	0	0	0	0	0	0	0	0	0	0	0	0	0	0	0	0	0	0	0	0	0	0	0	0	0	0	0	0	0	0	0
05:20:00	19200	0	0	0	0	0	0	0	0	0	0	0	0	0	0	0	0	0	0	0	0	0	0	0	0	0	0	0	0	0	0	0	0
05:25:00	19500	0	0	0	0	0	0	0	0	0	0	0	0	0	0	0	0	0	0	0	0	0	0	0	0	0	0	0	0	0	0	0	0
05:30:00	19800	0	0	0	0	0	0	0	0	0	0	0	0	0	0	0	0	0	0	0	0	0	0	0	0	0	0	0	0	0	0	0	0
05:35:00	20100	0	0	0	0	0	0	0	0	0	0	0	0	0	0	0	0	0	0	0	0	0	0	0	0	0	0	0	0	0	0	0	0
05:40:00	20400	0	0	0	0	0	0	0	0	0	0	0	0	0	0	0	0	0	0	0	0	0	0	0	0	0	0	0	0	0	0	0	0
05:45:00	20700	0	0	0	0	0	0	0	0	0	0	0	0	0	0	0	0	0	0	0	0	0	0	0	0	0	0	0	0	0	0	0	0
05:50:00	21000	0	0	0	0	0	0	0	0	0	0	0	0	0	0	0	0	0	0	0	0	0	0	0	0	0	0	0	0	0	0	0	0
05:55:00	21300	0	0	0	0	0	0	0	0	0	0	0	0	0	0	0	0	0	0	0	0	0	0	0	0	0	0	0	0	0	0	0	0
06:00:00	21600	4	0	0	4	0	0	0	0	0	0	0	0	4	0	0	4	0	0	0	0	0	0	0	0	0	0	0	0	0	0	0	0
06:05:00	21900	4	1	0	7	0	0	0	0	0	0	0	0	4	1	0	7	0	0	0	0	0	0	0	0	0	0	0	0	0	0	0	0
06:10:00	22200	3	1	0	9	0	0	0	0	0	0	0	0	3	1	0	9	0	0	0	0	0	0	0	0	0	0	0	0	0	0	0	0
06:15:00	22500	1	3	0	7	0	0	0	0	0	0	0	0	1	3	0	7	0	0	0	0	0	0	0	0	0	0	0	0	0	0	0	0
06:20:00	22800	4	1	0	10	0	0	0	0	0	0	0	0	4	1	0	10	0	0	0	0	0	0	0	0	0	0	0	0	0	0	0	0
06:25:00	23100	6	3	0	13	0	0	0	0	0	0	0	0	5	3	0	12	0	0	0	0	0	0	0	0	0	0	0	0	1	0	0	1
06:30:00	23400	42	4	0	51	0	0	0	0	0	0	0	0	41	4	0	49	0	0	0	0	0	0	0	0	0	0	0	0	1	0	0	2
06:35:00	23700	37	20	0	68	0	0	0	0	0	0	0	0	32	19	0	62	0	0	0	0	0	0	0	0	0	0	0	0	5	1	0	6
06:40:00	24000	37	22	0	83	1	0	0	1	0	0	0	0	29	17	0	74	0	0	0	0	2	0	0	2	0	0	0	0	5	5	0	6
06:45:00	24300	34	32	0	85	0	1	0	0	0	0	0	0	29	30	0	73	0	0	0	0	1	0	0	3	0	0	0	0	4	1	0	9
06:50:00	24600	41	31	0	95	0	0	0	0	0	0	0	0	32	25	0	80	0	0	0	0	1	0	0	4	0	0	0	0	8	6	0	11
06:55:00	24900	78	37	0	136	1	0	0	1	0	0	0	0	63	30	0	113	0	0	0	0	0	0	0	4	0	0	0	0	14	7	0	18
07:00:00	25200	65	48	0	153	1	0	0	2	0	0	0	0	53	44	0	122	0	0	0	0	2	0	0	6	0	0	0	0	9	4	0	23
07:05:00	25500	62	44	0	171	0	2	0	0	1	0	0	1	43	34	0	131	0	0	0	0	1	0	0	7	0	0	0	0	17	8	0	32
07:10:00	25800	64	56	0	179	0	0	0	0	0	0	0	1	49	39	0	141	0	0	0	0	2	2	0	7	0	0	0	0	13	15	0	30
07:15:00	26100	90	55	0	214	1	0	0	1	0	0	0	1	75	46	0	170	0	0	0	0	0	0	0	7	0	0	0	0	14	9	0	35
07:20:00	26400	79	65	0	228	0	1	0	0	0	0	0	1	65	57	0	178	0	0	0	0	4	0	0	11	0	0	0	0	10	7	0	38
07:25:00	26700	117	81	0	264	1	0	0	1	0	1	0	0	90	61	0	207	0	0	0	0	7	0	0	18	0	0	0	0	19	19	0	38
07:30:00	27000	73	84	0	253	0	0	0	1	0	0	0	0	60	75	0	192	0	0	0	0	2	2	0	18	0	0	0	0	11	7	0	42
07:35:00	27300	91	96	0	248	0	1	0	0	0	0	0	0	67	81	0	178	0	0	0	0	2	2	0	18	0	0	0	0	22	12	0	52
07:40:00	27600	93	76	0	265	0	0	0	0	0	0	0	0	82	61	0	199	0	0	0	0	1	1	0	18	0	0	0	0	10	14	0	48
07:45:00	27900	93	78	0	280	0	0	0	0	0	0	0	0	75	66	0	208	0	0	0	0	4	0	0	22	0	0	0	0	14	12	0	50
07:50:00	28200	111	87	0	304	0	0	0	0	0	0	0	0	91	70	0	229	0	0	0	0	5	5	0	22	0	0	0	0	15	12	0	53
07:55:00	28500	120	106	0	318	0	0	0	0	0	0	0	0	88	90	0	227	12	1	0	11	5	0	0	27	0	0	0	0	15	15	0	53
08:00:00	28800	126	113	0	331	1	0	0	1	0	0	0	0	87	91	0	223	24	8	0	27	4	1	0	30	0	0	0	0	10	13	0	50
08:05:00	29100	114	106	0	339	0	1	0	0	0	0	0	0	79	76	0	226	17	10	0	34	5	3	0	32	0	0	0	0	13	16	0	47
08:10:00	29400	132	119	1	351	0	0	0	0	0	0	0	0	80	91	0	215	26	15	0	45	4	3	0	33	0	0	1	-1	22	10	0	59
08:15:00	29700	97	112	0	336	0	0	0	0	0	0	0	0	67	81	0	201	14	15	0	44	4	0	0	37	0	0	0	-1	12	16	0	55
08:20:00	30000	104	95	0	345	0	0	0	0	0	0	0	0	78	64	0	215	16	19	0	41	3	0	0	40	0	0	0	-1	7	12	0	50
08:25:00	30300	104	100	2	347	0	0	0	0	0	0	0	0	72	78	0	209	20	13	0	48	1	2	0	39	0	0	2	-3	11	7	0	54
08:30:00	30600	91	94	0	344	0	0	0	0	1	0	0	1	54	66	0	197	21	14	0	55	4	3	0	40	0	0	0	-3	11	11	0	54
08:35:00	30900	73	93	0	324	0	0	0	0	0	0	0	1	55	62	0	190	8	21	0	42	3	2	0	41	0	0	0	-3	7	8	0	53
08:40:00	31200	88	78	0	334	0	0	0	0	0	0	0	1	49	49	0	190	24	16	0	50	6	3	0	44	0	0	0	-3	9	10	0	52
08:45:00	31500	106	86	0	354	0	0	0	0	0	0	0	1	58	58	0	190	39	19	0	70	4	0	0	48	0	0	0	-3	5	9	0	48
08:50:00	31800	82	90	0	346	0	0	0	0	0	0	0	1	60	65	0	185	13	18	0	65	4	0	0	52	0	0	0	-3	5	7	0	46
08:55:00	32100	88	95	0	339	0	0	0	0	0	0	0	1	53	61	0	177	18	21	0	62	5	4	0	53	0	0	0	-3	12	9	0	49
09:00:00	32400	95	88	0	346	0	0	0	0	0	1	0	0	73	60	0	190	4	15	0	51	6	2	0	57	0	0	0	-3	12	10	0	51
09:05:00	32700	66	83	0	329	0	0	0	0	0	0	0	0	46	52	0	184	6	11	0	46	1	5	0	53	0	0	0	-3	13	15	0	49
09:10:00	33000	58	83	0	304	0	0	0	0	0	0	0	0	40	54	0	170	3	13	0	36	3	3	0	53	0	0	0	-3	12	13	0	48
09:15:00	33300	58	68	0	294	0	0	0	0	0	0	0	0	46	49	0	167	2	11	0	27	5	0	0	58	0	0	0	-3	5	8	0	45
09:20:00	33600	48	80	0	262	0	0	0	0	0	0	0	0	32	59	0	140	2	9	0	20	3	2	0	59	0	0	0	-3	11	10	0	46
09:25:00	33900	58	60	0	260	0	0	0	0	0	0	0	0	32	36	0	136	4	2	0	22	1	10	0	50	0	0	0	-3	21	12	0	55
09:30:00	34200	43	67	0	236	0	0	0	0	0	0	0	0	27	44	0	119	1	5	0	18	0	2	0	48	0	0	0	-3	15	16	0	54
09:35:00	34500	47	61	0	222	1	0	0	1	0	0	0	0	26	39	0	106	8	6	0	20	3	1	0	50	0	0	0	-3	9	15	0	48
09:40:00	34800	39	56	0	205	0	1	0	0	0	0	0	0	26	36	0	96	2	6	0	16	1	1	0	50	0	0	0	-3	10	12	0	46
09:45:00	35100	40	59	0	186	0	0	0	0	0	0	0	0	24	39	0	81	0	7	0	9	3	0	0	53	0	0	0	-3	13	13	0	46
09:50:00	35400	38	42	0	182	0	0	0	0	0	0	0	0	26	18	0	89	0	5	0	4	4	1	0	56	0	0	0	-3	8	18	0	36
09:55:00	35700	45	41	1	185	0	0	0	0	0	0	0	0	36	29	0	96	0	0	0	4	0	0	0	56	0	0	1	-4	9	12	0	33
10:00:00	36000	72	60	0	197	0	0	0	0	0	0	0	0	36	34	0	98	0	3	0	1	2	8	0	50	0	0	0	-4	34	15	0	52
10:05:00	36300	60	52	0	205	0	0	0	0	0	0	0	0	41	36	0	103	0	0	0	1	0	4	0	46	0	0	0	-4	19	12	0	59
10:10:00	36600	77	80	0	202	0	0	0	0	0	0	0	0	44	45	0	102	0	1	0	0	2	5	0	43	0	0	0	-4	31	29	0	61
10:15:00	36900	59	62	0	199	0	0	0	0	0	0	0	0	31	37	0	96	0	0	0	0	1	1	0	43	0	0	0	-4	27	24	0	64
10:20:00	37200	67	69	0	197	0	0	0	0	0	0	0	0	33	38	0	91	0	0	0	0	2	0	0	45	0	0	0	-4	32	31	0	65
10:25:00	37500	72	67	0	202	0	0	0	0	0	0	0	0	45	42	0	94	0	0	0	0	0	0	0	45	0	0	0	-4	27	25	0	67
10:30:00	37800	60	72	0	190	0	0	0	0	0	0	0	0	29	35	0	88	0	0	0	0	0	0	0	45	0	0	0	-4	31	37	0	61
10:35:00	38100	45	64	0	171	0	0	0	0	0	0	0	0	21	37	0	72	2	1	0	1	2	1	0	46	0	0	0	-4	20	25	0	56
10:40:00	38400	53	55	0	169	0	0	0	0	0	0	0	0	25	27	0	70	1	1	0	1	0	0	0	46	0	0	0	-4	27	27	0	56
10:45:00	38700	61	60	0	170	0	0	0	0	0	0	0	0	27	30	0	67	3	0	0	4	1	1	0	46	0	0	0	-4	30	29	0	57
10:50:00	39000	45	51	0	164	0	0	0	0	0	0	0	0	16	20	0	63	0	3	0	1	2	1	0	47	0	0	0	-4	27	27	0	57
10:55:00	39300	37	55	0	146	0	0	0	0	0	0	0	0	12	22	0	53	2	0	0	3	1	1	0	47	0	0	0	-4	22	32	0	47
11:00:00	39600	48	43	0	151	0	0	0	0	0	0	0	0	18	20	0	51	4	1	0	6	0	1	0	46	0	0	0	-4	26	21	0	52
11:05:00	39900	81	56	0	176	0	0	0	0	0	0	0	0	35	15	0	71	1	1	0	6	8	9	0	45	0	0	0	-4	37	31	0	58
11:10:00	40200	72	47	0	201	0	0	0	0	0	0	0	0	43	25	0	89	2	1	0	7	1	0	0	46	0	0	0	-4	26	21	0	63
11:15:00	40500	59	53	0	207	0	0	0	0	0	0	0	0	27	27	0	89	10	3	0	14	2	2	0	46	0	0	0	-4	20	21	0	62
11:20:00	40800	63	61	0	209	0	0	0	0	0	0	0	0	30	29	0	90	2	2	0	14	3	2	0	47	0	0	0	-4	28	28	0	62
11:25:00	41100	72	62	0	219	0	0	0	0	0	0	0	0	42	31	0	101	3	4	0	13	0	1	0	46	0	0	0	-4	27	26	0	63
11:30:00	41400	79	66	0	232	0	0	0	0	0	0	0	0	49	31	0	119	1	4	0	10	2	2	0	46	0	0	0	-4	27	29	0	61
11:35:00	41700	96	88	0	240	1	0	0	1	0	0	0	0	51	43	0	127	3	3	0	10	7	7	0	46	0	0	0	-4	34	35	0	60
11:40:00	42000	83	78	0	245	0	1	0	0	0	0	0	0	47	39	0	135	0	4	0	6	1	10	0	37	0	0	0	-4	35	24	0	71
11:45:00	42300	82	92	0	235	0	0	0	0	0	0	0	0	42	46	0	131	3	4	0	5	5	5	0	37	0	0	0	-4	32	37	0	66
11:50:00	42600	84	76	0	243	0	0	0	0	0	0	0	0	46	41	0	136	5	2	0	8	2	0	0	39	0	0	0	-4	31	33	0	64
11:55:00	42900	105	92	0	256	0	0	0	0	0	0	0	0	63	47	0	152	1	1	0	8	2	6	0	35	0	0	0	-4	39	38	0	65
12:00:00	43200	82	93	0	245	1	0	0	1	0	0	0	0	70	64	0	158	2	3	0	7	1	0	0	36	0	0	0	-4	8	26	0	47
12:05:00	43500	60	66	0	239	1	0	0	2	0	0	0	0	40	48	0	150	8	4	0	11	3	0	0	39	0	0	0	-4	8	14	0	41
12:10:00	43800	67	60	0	246	1	1	0	2	0	0	0	0	50	43	0	157	2	0	0	13	4	0	0	43	0	0	0	-4	10	16	0	35
12:15:00	44100	53	76	0	223	1	3	0	0	0	0	0	0	36	61	0	132	1	3	0	11	1	2	0	42	0	0	0	-4	14	7	0	42
12:20:00	44400	44	54	0	213	0	0	0	0	0	0	0	0	38	43	0	127	0	4	0	7	1	0	0	43	0	0	0	-4	5	7	0	40
12:25:00	44700	58	54	0	217	0	0	0	0	0	0	0	0	48	37	0	138	0	2	0	5	3	3	0	43	0	0	0	-4	7	12	0	35
12:30:00	45000	40	49	0	208	0	0	0	0	0	0	0	0	33	40	0	131	0	1	0	4	3	2	0	44	0	0	0	-4	4	6	0	33
12:35:00	45300	24	52	0	180	0	0	0	0	0	0	0	0	18	39	0	110	0	2	0	2	1	3	0	42	0	0	0	-4	5	8	0	30
12:40:00	45600	31	38	0	173	0	0	0	0	0	0	0	0	26	28	0	108	0	1	0	1	2	0	0	44	0	0	0	-4	3	9	0	24
12:45:00	45900	44	38	0	179	0	0	0	0	0	0	0	0	35	32	0	111	0	0	0	1	1	2	0	43	0	0	0	-4	8	4	0	28
12:50:00	46200	26	42	0	163	0	0	0	0	0	0	0	0	21	35	0	97	0	1	0	0	2	0	0	45	0	0	0	-4	3	6	0	25
12:55:00	46500	34	42	0	155	0	0	0	0	0	0	0	0	28	34	0	91	0	0	0	0	2	2	0	45	0	0	0	-4	4	6	0	23
13:00:00	46800	3	29	0	129	0	0	0	0	0	0	0	0	0	23	0	68	0	0	0	0	2	0	0	47	0	0	0	-4	1	6	0	18
13:05:00	47100	1	23	0	107	0	0	0	0	0	0	0	0	1	22	0	47	0	0	0	0	0	0	0	47	0	0	0	-4	0	1	0	17
13:10:00	47400	3	16	0	94	0	0	0	0	0	0	0	0	0	11	0	36	0	0	0	0	3	0	0	50	0	0	0	-4	0	5	0	12
13:15:00	47700	22	14	0	102	0	0	0	0	0	0	0	0	21	11	0	46	0	0	0	0	1	0	0	51	0	0	0	-4	0	3	0	9
13:20:00	48000	17	20	0	99	0	0	0	0	0	0	0	0	12	16	0	42	0	0	0	0	0	3	0	48	0	0	0	-4	5	1	0	13
13:25:00	48300	17	15	0	101	0	0	0	0	0	0	0	0	11	11	0	42	0	0	0	0	1	2	0	47	0	0	0	-4	5	2	0	16
13:30:00	48600	57	26	0	132	0	0	0	0	0	0	0	0	44	17	0	69	1	0	0	1	2	3	0	46	0	0	0	-4	10	6	0	20
13:35:00	48900	64	44	0	152	1	0	0	1	0	0	0	0	36	30	0	75	5	0	0	6	1	5	0	42	0	0	0	-4	21	9	0	32
13:40:00	49200	51	44	0	159	1	0	0	2	0	0	0	0	33	28	0	80	5	2	0	9	1	4	0	39	0	0	0	-4	11	10	0	33
13:45:00	49500	55	47	0	167	0	2	0	0	0	0	0	0	42	31	0	91	2	3	0	8	1	0	0	40	0	0	0	-4	10	11	0	32
13:50:00	49800	97	47	0	217	0	0	0	0	0	0	0	0	67	32	0	126	15	6	0	17	1	1	0	40	0	0	0	-4	14	8	0	38
13:55:00	50100	111	64	0	264	0	0	0	0	0	0	0	0	86	51	0	161	12	6	0	23	1	0	0	41	0	0	0	-4	12	7	0	43
14:00:00	50400	89	88	0	265	0	0	0	0	0	0	0	0	62	61	0	162	3	11	0	15	1	0	0	42	0	0	0	-4	23	16	0	50
14:05:00	50700	86	79	0	272	1	0	0	1	0	0	0	0	47	51	0	158	9	5	0	19	1	1	0	42	0	0	0	-4	28	22	0	56
14:10:00	51000	83	74	0	281	0	0	0	1	0	0	0	0	55	50	0	163	14	10	0	23	4	0	0	46	0	0	0	-4	10	14	0	52
14:15:00	51300	70	79	0	272	1	0	0	2	0	0	0	0	43	50	0	156	8	10	0	21	4	0	0	50	0	0	0	-4	14	19	0	47
14:20:00	51600	80	66	0	286	1	2	0	1	0	0	0	0	52	45	0	163	14	7	0	28	1	2	0	49	0	0	0	-4	12	10	0	49
14:25:00	51900	76	82	0	280	0	0	0	1	0	0	0	0	48	57	0	154	16	13	0	31	4	0	0	53	0	0	0	-4	8	12	0	45
14:30:00	52200	51	59	0	272	0	1	0	0	0	0	0	0	25	34	0	145	12	11	0	32	4	1	0	56	0	0	0	-4	10	12	0	43
14:35:00	52500	71	65	0	278	0	0	0	0	0	0	0	0	41	38	0	148	4	12	0	24	0	2	0	54	0	0	0	-4	26	13	0	56
14:40:00	52800	62	86	0	254	0	0	0	0	0	0	0	0	35	50	0	133	8	10	0	22	0	4	0	50	0	0	0	-4	19	22	0	53
14:45:00	53100	53	62	0	245	0	0	0	0	0	0	0	0	31	35	0	129	9	12	0	19	2	8	0	44	0	0	0	-4	11	7	0	57
14:50:00	53400	50	68	0	227	0	0	0	0	0	0	0	0	27	44	0	112	3	4	0	18	1	1	0	44	0	0	0	-4	19	19	0	57
14:55:00	53700	45	52	0	220	0	0	0	0	0	0	0	0	18	27	0	103	8	6	0	20	1	4	0	41	0	0	0	-4	18	15	0	60
15:00:00	54000	42	61	0	201	0	0	0	0	0	0	0	0	23	34	0	92	4	10	0	14	1	1	0	41	0	0	0	-4	14	16	0	58
15:05:00	54300	49	48	0	202	1	0	0	1	0	0	0	0	25	31	0	86	0	4	0	10	0	1	0	40	0	0	0	-4	23	12	0	69
15:10:00	54600	51	59	0	194	0	1	0	0	0	0	0	0	29	31	0	84	0	4	0	6	2	1	0	41	0	0	0	-4	20	22	0	67
15:15:00	54900	59	50	0	203	0	0	0	0	0	0	0	0	35	25	0	94	1	2	0	5	4	1	0	44	0	0	0	-4	19	22	0	64
15:20:00	55200	51	49	0	205	0	0	0	0	0	0	0	0	31	26	0	99	1	1	0	5	1	0	0	45	0	0	0	-4	18	22	0	60
15:25:00	55500	53	67	0	191	0	0	0	0	1	0	0	1	34	47	0	86	0	0	0	5	3	1	0	47	0	0	0	-4	15	19	0	56
15:30:00	55800	76	50	0	217	0	0	0	0	0	0	0	1	44	31	0	99	0	1	0	4	1	1	0	47	0	0	0	-4	31	17	0	70
15:35:00	56100	101	68	0	250	0	0	0	0	0	0	0	1	63	38	0	124	0	0	0	4	4	4	0	47	0	0	0	-4	34	26	0	78
15:40:00	56400	103	94	0	259	0	0	0	0	0	0	0	1	64	52	0	136	0	1	0	3	0	2	0	45	0	0	0	-4	39	39	0	78
15:45:00	56700	75	83	0	251	0	0	0	0	0	1	0	0	41	53	0	124	0	1	0	2	5	2	0	48	0	0	0	-4	29	26	0	81
15:50:00	57000	81	87	1	244	0	0	0	0	0	0	0	0	49	53	0	120	0	0	0	2	1	0	0	49	0	0	1	-5	31	34	0	78
15:55:00	57300	65	67	0	242	0	0	0	0	0	0	0	0	31	39	0	112	0	0	0	2	2	4	0	47	0	0	0	-5	32	24	0	86
16:00:00	57600	85	73	0	254	0	0	0	0	0	0	0	0	36	43	0	105	21	1	0	22	1	3	0	45	0	0	0	-5	27	26	0	87
16:05:00	57900	80	80	0	254	0	0	0	0	0	0	0	0	35	43	0	97	19	10	0	31	0	3	0	42	0	0	0	-5	26	24	0	89
16:10:00	58200	66	82	0	238	0	0	0	0	0	0	0	0	13	35	0	75	18	13	0	36	1	0	0	43	0	0	0	-5	34	34	0	89
16:15:00	58500	78	74	0	242	0	0	0	0	0	0	0	0	26	27	0	74	16	13	0	39	4	6	0	41	0	0	0	-5	32	28	0	93
16:20:00	58800	97	69	0	270	0	0	0	0	1	1	0	0	48	25	0	97	17	12	0	44	3	1	0	43	0	0	0	-5	28	30	0	91
16:25:00	59100	104	83	0	291	1	0	0	1	0	0	0	0	49	35	0	111	27	20	0	51	1	4	0	40	0	0	0	-5	26	24	0	93
16:30:00	59400	114	85	0	320	0	0	0	1	0	0	0	0	46	41	0	116	31	15	0	67	3	1	0	42	0	0	0	-5	34	28	0	99
16:35:00	59700	135	95	0	360	0	0	0	1	0	0	0	0	59	36	0	139	28	23	0	72	4	3	0	43	0	0	0	-5	44	33	0	110
16:40:00	60000	137	119	0	378	0	0	0	1	0	0	0	0	79	53	0	165	19	23	0	68	5	3	0	45	0	0	0	-5	34	40	0	104
16:45:00	60300	109	101	0	386	1	1	0	1	0	0	0	0	55	45	0	175	30	25	0	73	1	4	0	42	0	0	0	-5	22	26	0	100
16:50:00	60600	150	121	0	415	0	0	0	1	0	0	0	0	68	64	0	179	45	26	0	92	1	3	0	40	0	0	0	-5	36	28	0	108
16:55:00	60900	132	131	0	416	0	1	0	0	0	0	0	0	65	65	0	179	33	31	0	94	3	1	0	42	0	0	0	-5	31	33	0	106
17:00:00	61200	177	128	0	465	0	0	0	0	0	0	0	0	109	60	0	228	19	27	0	86	3	7	0	38	0	0	0	-5	46	34	0	118
17:05:00	61500	181	122	0	524	0	0	0	0	0	0	0	0	131	69	0	290	11	20	0	77	6	6	0	38	0	0	0	-5	33	27	0	124
17:10:00	61800	164	170	0	518	0	0	0	0	1	0	0	1	94	99	0	285	18	25	0	70	5	4	0	39	0	0	0	-5	46	42	0	128
17:15:00	62100	177	158	0	537	1	1	0	0	0	0	0	1	113	99	0	299	24	17	0	77	4	3	0	40	0	0	0	-5	35	38	0	125
17:20:00	62400	179	160	0	556	0	0	0	0	0	0	0	1	126	93	0	332	15	26	0	66	4	1	0	43	0	0	0	-5	34	40	0	119
17:25:00	62700	124	171	0	509	0	0	0	0	0	0	0	1	81	104	0	309	0	22	0	44	9	1	0	51	0	0	0	-5	34	44	0	109
17:30:00	63000	102	133	1	477	0	0	0	0	0	0	0	1	87	93	0	303	1	13	0	32	2	3	0	50	0	0	1	-6	12	24	0	97
17:35:00	63300	107	117	0	467	0	0	0	0	0	0	0	1	89	85	0	307	2	5	0	29	7	3	0	54	0	0	0	-6	9	24	0	82
17:40:00	63600	69	95	0	441	0	0	0	0	1	1	0	1	50	73	0	284	1	5	0	25	5	5	0	54	0	0	0	-6	12	11	0	83
17:45:00	63900	112	103	0	450	0	0	0	0	0	0	0	1	88	78	0	294	1	1	0	25	1	9	0	46	0	0	0	-6	22	15	0	90
17:50:00	64200	98	115	0	433	1	0	0	1	0	0	0	1	82	84	0	292	1	6	0	20	5	0	0	51	0	0	0	-6	9	25	0	74
17:55:00	64500	101	118	0	416	1	1	0	1	0	0	0	1	86	87	0	291	0	3	0	17	2	6	0	47	0	0	0	-6	12	21	0	65
18:00:00	64800	64	120	0	360	0	1	0	0	0	0	0	1	57	96	0	252	1	3	0	15	1	1	0	47	0	0	0	-6	5	19	0	51
18:05:00	65100	62	85	0	337	1	0	0	1	0	0	0	1	47	69	0	230	0	1	0	14	2	8	0	41	0	0	0	-6	12	7	0	56
18:10:00	65400	51	87	0	301	0	1	0	0	0	1	0	0	38	67	0	201	1	1	0	14	3	2	0	42	0	0	0	-6	9	15	0	50
18:15:00	65700	43	82	0	262	0	0	0	0	0	0	0	0	32	64	0	169	0	2	0	12	3	5	0	40	0	0	0	-6	8	11	0	47
18:20:00	66000	63	67	0	258	0	0	0	0	0	0	0	0	48	42	0	175	0	2	0	10	1	10	0	31	0	0	0	-6	14	13	0	48
18:25:00	66300	42	67	0	233	0	0	0	0	0	0	0	0	32	53	0	154	0	0	0	10	2	5	0	28	0	0	0	-6	8	9	0	47
18:30:00	66600	37	57	0	213	0	0	0	0	0	0	0	0	30	42	0	142	0	1	0	9	1	3	0	26	0	0	0	-6	6	11	0	42
18:35:00	66900	57	71	0	199	0	0	0	0	0	0	0	0	48	55	0	135	1	3	0	7	0	3	0	23	0	0	0	-6	8	10	0	40
18:40:00	67200	33	57	0	175	0	0	0	0	0	0	0	0	29	42	0	122	0	2	0	5	1	1	0	23	0	0	0	-6	3	12	0	31
18:45:00	67500	32	51	0	156	0	0	0	0	0	0	0	0	29	41	0	110	0	0	0	5	1	0	0	24	0	0	0	-6	2	10	0	23
18:50:00	67800	13	35	0	134	0	0	0	0	0	0	0	0	7	27	0	90	0	1	0	4	0	4	0	20	0	0	0	-6	6	3	0	26
18:55:00	68100	20	33	0	121	0	0	0	0	0	0	0	0	14	23	0	81	0	0	0	4	0	5	0	15	0	0	0	-6	6	5	0	27
19:00:00	68400	66	38	0	149	0	0	0	0	0	0	0	0	61	28	0	114	0	0	0	4	0	3	0	12	0	0	0	-6	5	7	0	25
19:05:00	68700	80	42	0	187	0	0	0	0	0	0	0	0	72	33	0	153	0	0	0	4	1	0	0	13	0	0	0	-6	7	9	0	23
19:10:00	69000	62	60	0	189	0	0	0	0	0	0	0	0	59	56	0	156	0	1	0	3	1	0	0	14	0	0	0	-6	2	3	0	22
19:15:00	69300	54	60	0	183	0	0	0	0	0	0	0	0	44	49	0	151	0	0	0	3	1	3	0	12	0	0	0	-6	9	8	0	23
19:20:00	69600	57	59	0	181	0	0	0	0	0	0	0	0	51	51	0	151	0	0	0	3	1	0	0	13	0	0	0	-6	5	8	0	20
19:25:00	69900	90	64	0	207	0	0	0	0	0	0	0	0	86	55	0	182	0	0	0	3	0	1	0	12	0	0	0	-6	4	8	0	16
19:30:00	70200	66	62	0	211	0	0	0	0	0	0	0	0	60	58	0	184	0	0	0	3	0	2	0	10	0	0	0	-6	6	2	0	20
19:35:00	70500	47	77	0	181	0	0	0	0	0	0	0	0	43	72	0	155	0	1	0	2	1	2	0	9	0	0	0	-6	3	2	0	21
19:40:00	70800	38	54	0	165	0	0	0	0	0	0	0	0	36	49	0	142	0	0	0	2	0	1	0	8	0	0	0	-6	2	4	0	19
19:45:00	71100	63	54	0	174	0	0	0	0	0	0	0	0	54	48	0	148	0	0	0	2	0	3	0	5	0	0	0	-6	9	3	0	25
19:50:00	71400	44	51	0	167	0	0	0	0	0	0	0	0	40	48	0	140	0	0	0	2	0	0	0	5	0	0	0	-6	4	3	0	26
19:55:00	71700	47	58	0	156	0	0	0	0	0	0	0	0	40	52	0	128	0	0	0	2	1	1	0	5	0	0	0	-6	6	5	0	27
20:00:00	72000	6	41	0	121	0	0	0	0	0	0	0	0	5	37	0	96	0	0	0	2	1	0	0	6	0	0	0	-6	0	4	0	23
20:05:00	72300	4	33	0	92	0	0	0	0	0	0	0	0	2	29	0	69	0	0	0	2	1	0	0	7	0	0	0	-6	1	4	0	20
20:10:00	72600	5	18	0	79	0	0	0	0	0	0	0	0	4	15	0	58	0	0	0	2	0	0	0	7	0	0	0	-6	1	3	0	18
20:15:00	72900	6	19	0	66	0	0	0	0	0	0	0	0	4	17	0	45	0	0	0	2	0	1	0	6	0	0	0	-6	2	1	0	19
20:20:00	73200	7	19	0	54	0	0	0	0	0	0	0	0	5	14	0	36	0	1	0	1	1	1	0	6	0	0	0	-6	1	3	0	17
20:25:00	73500	7	6	0	55	0	0	0	0	0	0	0	0	4	3	0	37	0	0	0	1	0	3	0	3	0	0	0	-6	3	0	0	20
20:30:00	73800	6	15	0	46	0	0	0	0	0	0	0	0	4	10	0	31	0	1	0	0	0	2	0	1	0	0	0	-6	2	2	0	20
20:35:00	74100	4	9	0	41	0	0	0	0	0	0	0	0	4	5	0	30	0	0	0	0	0	0	0	1	0	0	0	-6	0	4	0	16
20:40:00	74400	2	9	0	34	0	0	0	0	0	0	0	0	2	6	0	26	0	0	0	0	0	0	0	1	0	0	0	-6	0	3	0	13
20:45:00	74700	4	4	0	34	0	0	0	0	0	0	0	0	2	1	0	27	0	0	0	0	0	0	0	1	0	0	0	-6	2	3	0	12
20:50:00	75000	9	11	0	32	0	0	0	0	0	0	0	0	8	8	0	27	0	0	0	0	0	0	0	1	0	0	0	-6	1	3	0	10
20:55:00	75300	3	4	0	31	0	0	0	0	0	0	0	0	2	3	0	26	0	0	0	0	0	0	0	1	0	0	0	-6	1	1	0	10
21:00:00	75600	8	10	0	29	0	0	0	0	0	0	0	0	8	9	0	25	0	0	0	0	0	0	0	1	0	0	0	-6	0	1	0	9
21:05:00	75900	3	6	0	26	0	0	0	0	0	0	0	0	3	4	0	24	0	0	0	0	0	0	0	1	0	0	0	-6	0	2	0	7
21:10:00	76200	2	3	0	25	0	0	0	0	0	0	0	0	2	3	0	23	0	0	0	0	0	0	0	1	0	0	0	-6	0	0	0	7
21:15:00	76500	0	3	0	22	0	0	0	0	0	0	0	0	0	3	0	20	0	0	0	0	0	0	0	1	0	0	0	-6	0	0	0	7
21:20:00	76800	2	4	0	20	0	0	0	0	0	0	0	0	2	4	0	18	0	0	0	0	0	0	0	1	0	0	0	-6	0	0	0	7
21:25:00	77100	1	1	0	20	0	0	0	0	0	0	0	0	1	1	0	18	0	0	0	0	0	0	0	1	0	0	0	-6	0	0	0	7
21:30:00	77400	0	4	0	16	0	0	0	0	0	0	0	0	0	4	0	14	0	0	0	0	0	0	0	1	0	0	0	-6	0	0	0	7
21:35:00	77700	0	3	0	13	0	0	0	0	0	0	0	0	0	3	0	11	0	0	0	0	0	0	0	1	0	0	0	-6	0	0	0	7
21:40:00	78000	1	3	0	11	0	0	0	0	0	0	0	0	1	3	0	9	0	0	0	0	0	0	0	1	0	0	0	-6	0	0	0	7
21:45:00	78300	0	1	0	10	0	0	0	0	0	0	0	0	0	0	0	9	0	0	0	0	0	0	0	1	0	0	0	-6	0	1	0	6
21:50:00	78600	1	3	0	8	0	0	0	0	0	0	0	0	1	3	0	7	0	0	0	0	0	0	0	1	0	0	0	-6	0	0	0	6
21:55:00	78900	0	1	0	7	0	0	0	0	0	0	0	0	0	1	0	6	0	0	0	0	0	0	0	1	0	0	0	-6	0	0	0	6
22:00:00	79200	0	0	0	7	0	0	0	0	0	0	0	0	0	0	0	6	0	0	0	0	0	0	0	1	0	0	0	-6	0	0	0	6
22:05:00	79500	0	1	0	6	0	0	0	0	0	0	0	0	0	0	0	6	0	0	0	0	0	0	0	1	0	0	0	-6	0	1	0	5
22:10:00	79800	1	1	0	6	0	0	0	0	0	0	0	0	1	1	0	6	0	0	0	0	0	0	0	1	0	0	0	-6	0	0	0	5
22:15:00	80100	0	0	0	6	0	0	0	0	0	0	0	0	0	0	0	6	0	0	0	0	0	0	0	1	0	0	0	-6	0	0	0	5
22:20:00	80400	0	2	0	4	0	0	0	0	0	0	0	0	0	1	0	5	0	0	0	0	0	0	0	1	0	0	0	-6	0	1	0	4
22:25:00	80700	0	1	0	3	0	0	0	0	0	0	0	0	0	1	0	4	0	0	0	0	0	0	0	1	0	0	0	-6	0	0	0	4
22:30:00	81000	0	0	0	3	0	0	0	0	0	0	0	0	0	0	0	4	0	0	0	0	0	0	0	1	0	0	0	-6	0	0	0	4
22:35:00	81300	0	0	0	3	0	0	0	0	0	0	0	0	0	0	0	4	0	0	0	0	0	0	0	1	0	0	0	-6	0	0	0	4
22:40:00	81600	0	1	0	2	0	0	0	0	0	0	0	0	0	1	0	3	0	0	0	0	0	0	0	1	0	0	0	-6	0	0	0	4
22:45:00	81900	0	0	0	2	0	0	0	0	0	0	0	0	0	0	0	3	0	0	0	0	0	0	0	1	0	0	0	-6	0	0	0	4
22:50:00	82200	0	0	0	2	0	0	0	0	0	0	0	0	0	0	0	3	0	0	0	0	0	0	0	1	0	0	0	-6	0	0	0	4
22:55:00	82500	0	0	0	2	0	0	0	0	0	0	0	0	0	0	0	3	0	0	0	0	0	0	0	1	0	0	0	-6	0	0	0	4
23:00:00	82800	0	0	0	2	0	0	0	0	0	0	0	0	0	0	0	3	0	0	0	0	0	0	0	1	0	0	0	-6	0	0	0	4
23:05:00	83100	0	0	0	2	0	0	0	0	0	0	0	0	0	0	0	3	0	0	0	0	0	0	0	1	0	0	0	-6	0	0	0	4
23:10:00	83400	0	0	0	2	0	0	0	0	0	0	0	0	0	0	0	3	0	0	0	0	0	0	0	1	0	0	0	-6	0	0	0	4
23:15:00	83700	6	2	0	6	0	0	0	0	0	0	0	0	6	2	0	7	0	0	0	0	0	0	0	1	0	0	0	-6	0	0	0	4
23:20:00	84000	5	4	0	7	0	0	0	0	0	0	0	0	4	4	0	7	0	0	0	0	0	0	0	1	0	0	0	-6	1	0	0	5
23:25:00	84300	5	1	0	11	0	0	0	0	0	0	0	0	4	1	0	10	0	0	0	0	0	0	0	1	0	0	0	-6	1	0	0	6
23:30:00	84600	2	8	0	5	0	0	0	0	0	0	0	0	2	5	0	7	0	0	0	0	0	0	0	1	0	0	0	-6	0	3	0	3
23:35:00	84900	2	0	0	7	0	0	0	0	0	0	0	0	2	0	0	9	0	0	0	0	0	0	0	1	0	0	0	-6	0	0	0	3
23:40:00	85200	3	3	0	7	0	0	0	0	0	0	0	0	3	3	0	9	0	0	0	0	0	0	0	1	0	0	0	-6	0	0	0	3
23:45:00	85500	4	3	0	8	0	0	0	0	0	0	0	0	3	3	0	9	0	0	0	0	0	0	0	1	0	0	0	-6	1	0	0	4
23:50:00	85800	4	5	0	7	0	0	0	0	0	0	0	0	4	4	0	9	0	0	0	0	0	0	0	1	0	0	0	-6	0	1	0	3
23:55:00	86100	2	2	0	7	0	0	0	0	0	0	0	0	1	2	0	8	0	0	0	0	0	0	0	1	0	0	0	-6	1	0	0	4
24:00:00	86400	4	1	0	10	0	0	0	0	0	0	0	0	4	0	0	12	0	0	0	0	0	0	0	1	0	0	0	-6	0	1	0	3
24:05:00	86700	2	4	0	8	0	0	0	0	0	0	0	0	2	4	0	10	0	0	0	0	0	0	0	1	0	0	0	-6	0	0	0	3
24:10:00	87000	3	3	0	8	0	0	0	0	0	0	0	0	2	3	0	9	0	0	0	0	0	0	0	1	0	0	0	-6	1	0	0	4
24:15:00	87300	0	2	0	6	0	0	0	0	0	0	0	0	0	2	0	7	0	0	0	0	0	0	0	1	0	0	0	-6	0	0	0	4
24:20:00	87600	0	1	0	5	0	0	0	0	0	0	0	0	0	1	0	6	0	0	0	0	0	0	0	1	0	0	0	-6	0	0	0	4
24:25:00	87900	0	2	0	3	0	0	0	0	0	0	0	0	0	1	0	5	0	0	0	0	0	0	0	1	0	0	0	-6	0	1	0	3
24:30:00	88200	0	0	0	3	0	0	0	0	0	0	0	0	0	0	0	5	0	0	0	0	0	0	0	1	0	0	0	-6	0	0	0	3
24:35:00	88500	0	2	0	1	0	0	0	0	0	0	0	0	0	2	0	3	0	0	0	0	0	0	0	1	0	0	0	-6	0	0	0	3
24:40:00	88800	0	0	0	1	0	0	0	0	0	0	0	0	0	0	0	3	0	0	0	0	0	0	0	1	0	0	0	-6	0	0	0	3
24:45:00	89100	0	0	0	1	0	0	0	0	0	0	0	0	0	0	0	3	0	0	0	0	0	0	0	1	0	0	0	-6	0	0	0	3
24:50:00	89400	0	2	0	-1	0	0	0	0	0	0	0	0	0	2	0	1	0	0	0	0	0	0	0	1	0	0	0	-6	0	0	0	3
24:55:00	89700	0	0	0	-1	0	0	0	0	0	0	0	0	0	0	0	1	0	0	0	0	0	0	0	1	0	0	0	-6	0	0	0	3
25:00:00	90000	0	0	0	-1	0	0	0	0	0	0	0	0	0	0	0	1	0	0	0	0	0	0	0	1	0	0	0	-6	0	0	0	3
25:05:00	90300	0	0	0	-1	0	0	0	0	0	0	0	0	0	0	0	1	0	0	0	0	0	0	0	1	0	0	0	-6	0	0	0	3
25:10:00	90600	0	0	0	-1	0	0	0	0	0	0	0	0	0	0	0	1	0	0	0	0	0	0	0	1	0	0	0	-6	0	0	0	3
25:15:00	90900	0	0	0	-1	0	0	0	0	0	0	0	0	0	0	0	1	0	0	0	0	0	0	0	1	0	0	0	-6	0	0	0	3
25:20:00	91200	0	0	0	-1	0	0	0	0	0	0	0	0	0	0	0	1	0	0	0	0	0	0	0	1	0	0	0	-6	0	0	0	3
25:25:00	91500	0	0	0	-1	0	0	0	0	0	0	0	0	0	0	0	1	0	0	0	0	0	0	0	1	0	0	0	-6	0	0	0	3
25:30:00	91800	0	0	0	-1	0	0	0	0	0	0	0	0	0	0	0	1	0	0	0	0	0	0	0	1	0	0	0	-6	0	0	0	3
25:35:00	92100	0	0	0	-1	0	0	0	0	0	0	0	0	0	0	0	1	0	0	0	0	0	0	0	1	0	0	0	-6	0	0	0	3
25:40:00	92400	0	0	0	-1	0	0	0	0	0	0	0	0	0	0	0	1	0	0	0	0	0	0	0	1	0	0	0	-6	0	0	0	3
25:45:00	92700	0	0	0	-1	0	0	0	0	0	0	0	0	0	0	0	1	0	0	0	0	0	0	0	1	0	0	0	-6	0	0	0	3
25:50:00	93000	0	0	0	-1	0	0	0	0	0	0	0	0	0	0	0	1	0	0	0	0	0	0	0	1	0	0	0	-6	0	0	0	3
25:55:00	93300	0	0	0	-1	0	0	0	0	0	0	0	0	0	0	0	1	0	0	0	0	0	0	0	1	0	0	0	-6	0	0	0	3
26:00:00	93600	0	0	0	-1	0	0	0	0	0	0	0	0	0	0	0	1	0	0	0	0	0	0	0	1	0	0	0	-6	0	0	0	3
26:05:00	93900	1	1	0	-1	0	0	0	0	0	0	0	0	1	1	0	1	0	0	0	0	0	0	0	1	0	0	0	-6	0	0	0	3
26:10:00	94200	1	2	0	-2	0	0	0	0	0	0	0	0	1	2	0	0	0	0	0	0	0	0	0	1	0	0	0	-6	0	0	0	3
26:15:00	94500	0	0	0	-2	0	0	0	0	0	0	0	0	0	0	0	0	0	0	0	0	0	0	0	1	0	0	0	-6	0	0	0	3
26:20:00	94800	0	0	0	-2	0	0	0	0	0	0	0	0	0	0	0	0	0	0	0	0	0	0	0	1	0	0	0	-6	0	0	0	3
26:25:00	95100	0	0	0	-2	0	0	0	0	0	0	0	0	0	0	0	0	0	0	0	0	0	0	0	1	0	0	0	-6	0	0	0	3
26:30:00	95400	0	0	0	-2	0	0	0	0	0	0	0	0	0	0	0	0	0	0	0	0	0	0	0	1	0	0	0	-6	0	0	0	3
26:35:00	95700	0	0	0	-2	0	0	0	0	0	0	0	0	0	0	0	0	0	0	0	0	0	0	0	1	0	0	0	-6	0	0	0	3
26:40:00	96000	0	0	0	-2	0	0	0	0	0	0	0	0	0	0	0	0	0	0	0	0	0	0	0	1	0	0	0	-6	0	0	0	3
26:45:00	96300	0	0	0	-2	0	0	0	0	0	0	0	0	0	0	0	0	0	0	0	0	0	0	0	1	0	0	0	-6	0	0	0	3
26:50:00	96600	0	0	0	-2	0	0	0	0	0	0	0	0	0	0	0	0	0	0	0	0	0	0	0	1	0	0	0	-6	0	0	0	3
26:55:00	96900	1	1	0	-2	0	0	0	0	0	0	0	0	0	0	0	0	0	0	0	0	0	0	0	1	0	0	0	-6	1	1	0	3
27:00:00	97200	0	0	0	-2	0	0	0	0	0	0	0	0	0	0	0	0	0	0	0	0	0	0	0	1	0	0	0	-6	0	0	0	3
27:05:00	97500	0	0	0	-2	0	0	0	0	0	0	0	0	0	0	0	0	0	0	0	0	0	0	0	1	0	0	0	-6	0	0	0	3
27:10:00	97800	0	0	0	-2	0	0	0	0	0	0	0	0	0	0	0	0	0	0	0	0	0	0	0	1	0	0	0	-6	0	0	0	3
27:15:00	98100	0	0	0	-2	0	0	0	0	0	0	0	0	0	0	0	0	0	0	0	0	0	0	0	1	0	0	0	-6	0	0	0	3
27:20:00	98400	0	0	0	-2	0	0	0	0	0	0	0	0	0	0	0	0	0	0	0	0	0	0	0	1	0	0	0	-6	0	0	0	3
27:25:00	98700	0	0	0	-2	0	0	0	0	0	0	0	0	0	0	0	0	0	0	0	0	0	0	0	1	0	0	0	-6	0	0	0	3
27:30:00	99000	0	0	0	-2	0	0	0	0	0	0	0	0	0	0	0	0	0	0	0	0	0	0	0	1	0	0	0	-6	0	0	0	3
27:35:00	99300	0	0	0	-2	0	0	0	0	0	0	0	0	0	0	0	0	0	0	0	0	0	0	0	1	0	0	0	-6	0	0	0	3
27:40:00	99600	0	0	0	-2	0	0	0	0	0	0	0	0	0	0	0	0	0	0	0	0	0	0	0	1	0	0	0	-6	0	0	0	3
27:45:00	99900	0	0	0	-2	0	0	0	0	0	0	0	0	0	0	0	0	0	0	0	0	0	0	0	1	0	0	0	-6	0	0	0	3
27:50:00	100200	0	0	0	-2	0	0	0	0	0	0	0	0	0	0	0	0	0	0	0	0	0	0	0	1	0	0	0	-6	0	0	0	3
27:55:00	100500	0	0	0	-2	0	0	0	0	0	0	0	0	0	0	0	0	0	0	0	0	0	0	0	1	0	0	0	-6	0	0	0	3
28:00:00	100800	0	0	0	-2	0	0	0	0	0	0	0	0	0	0	0	0	0	0	0	0	0	0	0	1	0	0	0	-6	0	0	0	3
28:05:00	101100	0	0	0	-2	0	0	0	0	0	0	0	0	0	0	0	0	0	0	0	0	0	0	0	1	0	0	0	-6	0	0	0	3
28:10:00	101400	0	0	0	-2	0	0	0	0	0	0	0	0	0	0	0	0	0	0	0	0	0	0	0	1	0	0	0	-6	0	0	0	3
28:15:00	101700	0	0	0	-2	0	0	0	0	0	0	0	0	0	0	0	0	0	0	0	0	0	0	0	1	0	0	0	-6	0	0	0	3
28:20:00	102000	0	0	0	-2	0	0	0	0	0	0	0	0	0	0	0	0	0	0	0	0	0	0	0	1	0	0	0	-6	0	0	0	3
28:25:00	102300	0	0	0	-2	0	0	0	0	0	0	0	0	0	0	0	0	0	0	0	0	0	0	0	1	0	0	0	-6	0	0	0	3
28:30:00	102600	0	0	0	-2	0	0	0	0	0	0	0	0	0	0	0	0	0	0	0	0	0	0	0	1	0	0	0	-6	0	0	0	3
28:35:00	102900	0	0	0	-2	0	0	0	0	0	0	0	0	0	0	0	0	0	0	0	0	0	0	0	1	0	0	0	-6	0	0	0	3
28:40:00	103200	0	0	0	-2	0	0	0	0	0	0	0	0	0	0	0	0	0	0	0	0	0	0	0	1	0	0	0	-6	0	0	0	3
28:45:00	103500	0	0	0	-2	0	0	0	0	0	0	0	0	0	0	0	0	0	0	0	0	0	0	0	1	0	0	0	-6	0	0	0	3
28:50:00	103800	0	0	0	-2	0	0	0	0	0	0	0	0	0	0	0	0	0	0	0	0	0	0	0	1	0	0	0	-6	0	0	0	3
28:55:00	104100	0	0	0	-2	0	0	0	0	0	0	0	0	0	0	0	0	0	0	0	0	0	0	0	1	0	0	0	-6	0	0	0	3
29:00:00	104400	0	1	0	-3	0	0	0	0	0	0	0	0	0	0	0	0	0	0	0	0	0	0	0	1	0	0	0	-6	0	1	0	2
29:05:00	104700	0	0	0	-3	0	0	0	0	0	0	0	0	0	0	0	0	0	0	0	0	0	0	0	1	0	0	0	-6	0	0	0	2
29:10:00	105000	0	0	0	-3	0	0	0	0	0	0	0	0	0	0	0	0	0	0	0	0	0	0	0	1	0	0	0	-6	0	0	0	2
29:15:00	105300	0	0	0	-3	0	0	0	0	0	0	0	0	0	0	0	0	0	0	0	0	0	0	0	1	0	0	0	-6	0	0	0	2
29:20:00	105600	0	0	0	-3	0	0	0	0	0	0	0	0	0	0	0	0	0	0	0	0	0	0	0	1	0	0	0	-6	0	0	0	2
29:25:00	105900	0	0	0	-3	0	0	0	0	0	0	0	0	0	0	0	0	0	0	0	0	0	0	0	1	0	0	0	-6	0	0	0	2
29:30:00	106200	0	1	0	-4	0	0	0	0	0	0	0	0	0	0	0	0	0	0	0	0	0	0	0	1	0	0	0	-6	0	1	0	1
29:35:00	106500	0	0	0	-4	0	0	0	0	0	0	0	0	0	0	0	0	0	0	0	0	0	0	0	1	0	0	0	-6	0	0	0	1
29:40:00	106800	0	0	0	-4	0	0	0	0	0	0	0	0	0	0	0	0	0	0	0	0	0	0	0	1	0	0	0	-6	0	0	0	1
29:45:00	107100	0	0	0	-4	0	0	0	0	0	0	0	0	0	0	0	0	0	0	0	0	0	0	0	1	0	0	0	-6	0	0	0	1
29:50:00	107400	0	0	0	-4	0	0	0	0	0	0	0	0	0	0	0	0	0	0	0	0	0	0	0	1	0	0	0	-6	0	0	0	1
29:55:00	107700	0	0	0	-4	0	0	0	0	0	0	0	0	0	0	0	0	0	0	0	0	0	0	0	1	0	0	0	-6	0	0	0	1
30:00:00	108000	0	0	2	-6	0	0	0	0	0	0	0	0	0	0	0	0	0	0	0	0	0	0	1	0	0	0	0	-6	0	0	1	0
30:05:00	108300	0	0	0	-6	0	0	0	0	0	0	0	0	0	0	0	0	0	0	0	0	0	0	0	0	0	0	0	-6	0	0	0	0
