time	time	departures_all	arrivals_all	stuck_all	en-route_all	departures_Shared-Bike	arrivals_Shared-Bike	stuck_Shared-Bike	en-route_Shared-Bike	departures_bike	arrivals_bike	stuck_bike	en-route_bike	departures_car	arrivals_car	stuck_car	en-route_car	departures_car_passenger	arrivals_car_passenger	stuck_car_passenger	en-route_car_passenger	departures_pt	arrivals_pt	stuck_pt	en-route_pt	departures_sharing:standardBikeShare	arrivals_sharing:standardBikeShare	stuck_sharing:standardBikeShare	en-route_sharing:standardBikeShare	departures_walk	arrivals_walk	stuck_walk	en-route_walk
00:00:00	0	0	0	0	0	0	0	0	0	0	0	0	0	0	0	0	0	0	0	0	0	0	0	0	0	0	0	0	0	0	0	0	0
00:05:00	300	0	0	0	0	0	0	0	0	0	0	0	0	0	0	0	0	0	0	0	0	0	0	0	0	0	0	0	0	0	0	0	0
00:10:00	600	0	0	0	0	0	0	0	0	0	0	0	0	0	0	0	0	0	0	0	0	0	0	0	0	0	0	0	0	0	0	0	0
00:15:00	900	0	0	0	0	0	0	0	0	0	0	0	0	0	0	0	0	0	0	0	0	0	0	0	0	0	0	0	0	0	0	0	0
00:20:00	1200	0	0	0	0	0	0	0	0	0	0	0	0	0	0	0	0	0	0	0	0	0	0	0	0	0	0	0	0	0	0	0	0
00:25:00	1500	0	0	0	0	0	0	0	0	0	0	0	0	0	0	0	0	0	0	0	0	0	0	0	0	0	0	0	0	0	0	0	0
00:30:00	1800	0	0	0	0	0	0	0	0	0	0	0	0	0	0	0	0	0	0	0	0	0	0	0	0	0	0	0	0	0	0	0	0
00:35:00	2100	0	0	0	0	0	0	0	0	0	0	0	0	0	0	0	0	0	0	0	0	0	0	0	0	0	0	0	0	0	0	0	0
00:40:00	2400	0	0	0	0	0	0	0	0	0	0	0	0	0	0	0	0	0	0	0	0	0	0	0	0	0	0	0	0	0	0	0	0
00:45:00	2700	0	0	0	0	0	0	0	0	0	0	0	0	0	0	0	0	0	0	0	0	0	0	0	0	0	0	0	0	0	0	0	0
00:50:00	3000	0	0	0	0	0	0	0	0	0	0	0	0	0	0	0	0	0	0	0	0	0	0	0	0	0	0	0	0	0	0	0	0
00:55:00	3300	0	0	0	0	0	0	0	0	0	0	0	0	0	0	0	0	0	0	0	0	0	0	0	0	0	0	0	0	0	0	0	0
01:00:00	3600	0	0	0	0	0	0	0	0	0	0	0	0	0	0	0	0	0	0	0	0	0	0	0	0	0	0	0	0	0	0	0	0
01:05:00	3900	0	0	0	0	0	0	0	0	0	0	0	0	0	0	0	0	0	0	0	0	0	0	0	0	0	0	0	0	0	0	0	0
01:10:00	4200	0	0	0	0	0	0	0	0	0	0	0	0	0	0	0	0	0	0	0	0	0	0	0	0	0	0	0	0	0	0	0	0
01:15:00	4500	0	0	0	0	0	0	0	0	0	0	0	0	0	0	0	0	0	0	0	0	0	0	0	0	0	0	0	0	0	0	0	0
01:20:00	4800	0	0	0	0	0	0	0	0	0	0	0	0	0	0	0	0	0	0	0	0	0	0	0	0	0	0	0	0	0	0	0	0
01:25:00	5100	0	0	0	0	0	0	0	0	0	0	0	0	0	0	0	0	0	0	0	0	0	0	0	0	0	0	0	0	0	0	0	0
01:30:00	5400	0	0	0	0	0	0	0	0	0	0	0	0	0	0	0	0	0	0	0	0	0	0	0	0	0	0	0	0	0	0	0	0
01:35:00	5700	0	0	0	0	0	0	0	0	0	0	0	0	0	0	0	0	0	0	0	0	0	0	0	0	0	0	0	0	0	0	0	0
01:40:00	6000	0	0	0	0	0	0	0	0	0	0	0	0	0	0	0	0	0	0	0	0	0	0	0	0	0	0	0	0	0	0	0	0
01:45:00	6300	0	0	0	0	0	0	0	0	0	0	0	0	0	0	0	0	0	0	0	0	0	0	0	0	0	0	0	0	0	0	0	0
01:50:00	6600	0	0	0	0	0	0	0	0	0	0	0	0	0	0	0	0	0	0	0	0	0	0	0	0	0	0	0	0	0	0	0	0
01:55:00	6900	0	0	0	0	0	0	0	0	0	0	0	0	0	0	0	0	0	0	0	0	0	0	0	0	0	0	0	0	0	0	0	0
02:00:00	7200	0	0	0	0	0	0	0	0	0	0	0	0	0	0	0	0	0	0	0	0	0	0	0	0	0	0	0	0	0	0	0	0
02:05:00	7500	0	0	0	0	0	0	0	0	0	0	0	0	0	0	0	0	0	0	0	0	0	0	0	0	0	0	0	0	0	0	0	0
02:10:00	7800	0	0	0	0	0	0	0	0	0	0	0	0	0	0	0	0	0	0	0	0	0	0	0	0	0	0	0	0	0	0	0	0
02:15:00	8100	0	0	0	0	0	0	0	0	0	0	0	0	0	0	0	0	0	0	0	0	0	0	0	0	0	0	0	0	0	0	0	0
02:20:00	8400	0	0	0	0	0	0	0	0	0	0	0	0	0	0	0	0	0	0	0	0	0	0	0	0	0	0	0	0	0	0	0	0
02:25:00	8700	0	0	0	0	0	0	0	0	0	0	0	0	0	0	0	0	0	0	0	0	0	0	0	0	0	0	0	0	0	0	0	0
02:30:00	9000	0	0	0	0	0	0	0	0	0	0	0	0	0	0	0	0	0	0	0	0	0	0	0	0	0	0	0	0	0	0	0	0
02:35:00	9300	0	0	0	0	0	0	0	0	0	0	0	0	0	0	0	0	0	0	0	0	0	0	0	0	0	0	0	0	0	0	0	0
02:40:00	9600	0	0	0	0	0	0	0	0	0	0	0	0	0	0	0	0	0	0	0	0	0	0	0	0	0	0	0	0	0	0	0	0
02:45:00	9900	0	0	0	0	0	0	0	0	0	0	0	0	0	0	0	0	0	0	0	0	0	0	0	0	0	0	0	0	0	0	0	0
02:50:00	10200	0	0	0	0	0	0	0	0	0	0	0	0	0	0	0	0	0	0	0	0	0	0	0	0	0	0	0	0	0	0	0	0
02:55:00	10500	0	0	0	0	0	0	0	0	0	0	0	0	0	0	0	0	0	0	0	0	0	0	0	0	0	0	0	0	0	0	0	0
03:00:00	10800	0	0	0	0	0	0	0	0	0	0	0	0	0	0	0	0	0	0	0	0	0	0	0	0	0	0	0	0	0	0	0	0
03:05:00	11100	0	0	0	0	0	0	0	0	0	0	0	0	0	0	0	0	0	0	0	0	0	0	0	0	0	0	0	0	0	0	0	0
03:10:00	11400	0	0	0	0	0	0	0	0	0	0	0	0	0	0	0	0	0	0	0	0	0	0	0	0	0	0	0	0	0	0	0	0
03:15:00	11700	0	0	0	0	0	0	0	0	0	0	0	0	0	0	0	0	0	0	0	0	0	0	0	0	0	0	0	0	0	0	0	0
03:20:00	12000	0	0	0	0	0	0	0	0	0	0	0	0	0	0	0	0	0	0	0	0	0	0	0	0	0	0	0	0	0	0	0	0
03:25:00	12300	0	0	0	0	0	0	0	0	0	0	0	0	0	0	0	0	0	0	0	0	0	0	0	0	0	0	0	0	0	0	0	0
03:30:00	12600	0	0	0	0	0	0	0	0	0	0	0	0	0	0	0	0	0	0	0	0	0	0	0	0	0	0	0	0	0	0	0	0
03:35:00	12900	0	0	0	0	0	0	0	0	0	0	0	0	0	0	0	0	0	0	0	0	0	0	0	0	0	0	0	0	0	0	0	0
03:40:00	13200	0	0	0	0	0	0	0	0	0	0	0	0	0	0	0	0	0	0	0	0	0	0	0	0	0	0	0	0	0	0	0	0
03:45:00	13500	0	0	0	0	0	0	0	0	0	0	0	0	0	0	0	0	0	0	0	0	0	0	0	0	0	0	0	0	0	0	0	0
03:50:00	13800	0	0	0	0	0	0	0	0	0	0	0	0	0	0	0	0	0	0	0	0	0	0	0	0	0	0	0	0	0	0	0	0
03:55:00	14100	0	0	0	0	0	0	0	0	0	0	0	0	0	0	0	0	0	0	0	0	0	0	0	0	0	0	0	0	0	0	0	0
04:00:00	14400	0	0	0	0	0	0	0	0	0	0	0	0	0	0	0	0	0	0	0	0	0	0	0	0	0	0	0	0	0	0	0	0
04:05:00	14700	0	0	0	0	0	0	0	0	0	0	0	0	0	0	0	0	0	0	0	0	0	0	0	0	0	0	0	0	0	0	0	0
04:10:00	15000	0	0	0	0	0	0	0	0	0	0	0	0	0	0	0	0	0	0	0	0	0	0	0	0	0	0	0	0	0	0	0	0
04:15:00	15300	0	0	0	0	0	0	0	0	0	0	0	0	0	0	0	0	0	0	0	0	0	0	0	0	0	0	0	0	0	0	0	0
04:20:00	15600	0	0	0	0	0	0	0	0	0	0	0	0	0	0	0	0	0	0	0	0	0	0	0	0	0	0	0	0	0	0	0	0
04:25:00	15900	0	0	0	0	0	0	0	0	0	0	0	0	0	0	0	0	0	0	0	0	0	0	0	0	0	0	0	0	0	0	0	0
04:30:00	16200	0	0	0	0	0	0	0	0	0	0	0	0	0	0	0	0	0	0	0	0	0	0	0	0	0	0	0	0	0	0	0	0
04:35:00	16500	0	0	0	0	0	0	0	0	0	0	0	0	0	0	0	0	0	0	0	0	0	0	0	0	0	0	0	0	0	0	0	0
04:40:00	16800	0	0	0	0	0	0	0	0	0	0	0	0	0	0	0	0	0	0	0	0	0	0	0	0	0	0	0	0	0	0	0	0
04:45:00	17100	0	0	0	0	0	0	0	0	0	0	0	0	0	0	0	0	0	0	0	0	0	0	0	0	0	0	0	0	0	0	0	0
04:50:00	17400	0	0	0	0	0	0	0	0	0	0	0	0	0	0	0	0	0	0	0	0	0	0	0	0	0	0	0	0	0	0	0	0
04:55:00	17700	0	0	0	0	0	0	0	0	0	0	0	0	0	0	0	0	0	0	0	0	0	0	0	0	0	0	0	0	0	0	0	0
05:00:00	18000	0	0	0	0	0	0	0	0	0	0	0	0	0	0	0	0	0	0	0	0	0	0	0	0	0	0	0	0	0	0	0	0
05:05:00	18300	0	0	0	0	0	0	0	0	0	0	0	0	0	0	0	0	0	0	0	0	0	0	0	0	0	0	0	0	0	0	0	0
05:10:00	18600	0	0	0	0	0	0	0	0	0	0	0	0	0	0	0	0	0	0	0	0	0	0	0	0	0	0	0	0	0	0	0	0
05:15:00	18900	0	0	0	0	0	0	0	0	0	0	0	0	0	0	0	0	0	0	0	0	0	0	0	0	0	0	0	0	0	0	0	0
05:20:00	19200	0	0	0	0	0	0	0	0	0	0	0	0	0	0	0	0	0	0	0	0	0	0	0	0	0	0	0	0	0	0	0	0
05:25:00	19500	0	0	0	0	0	0	0	0	0	0	0	0	0	0	0	0	0	0	0	0	0	0	0	0	0	0	0	0	0	0	0	0
05:30:00	19800	0	0	0	0	0	0	0	0	0	0	0	0	0	0	0	0	0	0	0	0	0	0	0	0	0	0	0	0	0	0	0	0
05:35:00	20100	0	0	0	0	0	0	0	0	0	0	0	0	0	0	0	0	0	0	0	0	0	0	0	0	0	0	0	0	0	0	0	0
05:40:00	20400	0	0	0	0	0	0	0	0	0	0	0	0	0	0	0	0	0	0	0	0	0	0	0	0	0	0	0	0	0	0	0	0
05:45:00	20700	0	0	0	0	0	0	0	0	0	0	0	0	0	0	0	0	0	0	0	0	0	0	0	0	0	0	0	0	0	0	0	0
05:50:00	21000	0	0	0	0	0	0	0	0	0	0	0	0	0	0	0	0	0	0	0	0	0	0	0	0	0	0	0	0	0	0	0	0
05:55:00	21300	0	0	0	0	0	0	0	0	0	0	0	0	0	0	0	0	0	0	0	0	0	0	0	0	0	0	0	0	0	0	0	0
06:00:00	21600	4	0	0	4	0	0	0	0	0	0	0	0	3	0	0	3	0	0	0	0	0	0	0	0	0	0	0	0	1	0	0	1
06:05:00	21900	4	0	0	8	0	0	0	0	0	0	0	0	4	0	0	7	0	0	0	0	0	0	0	0	0	0	0	0	0	0	0	1
06:10:00	22200	3	2	0	9	0	0	0	0	0	0	0	0	3	1	0	9	0	0	0	0	0	0	0	0	0	0	0	0	0	1	0	0
06:15:00	22500	1	3	0	7	0	0	0	0	0	0	0	0	1	3	0	7	0	0	0	0	0	0	0	0	0	0	0	0	0	0	0	0
06:20:00	22800	4	1	0	10	0	0	0	0	0	0	0	0	4	1	0	10	0	0	0	0	0	0	0	0	0	0	0	0	0	0	0	0
06:25:00	23100	6	3	0	13	0	0	0	0	0	0	0	0	5	3	0	12	0	0	0	0	0	0	0	0	0	0	0	0	1	0	0	1
06:30:00	23400	42	3	0	52	0	0	0	0	0	0	0	0	35	3	0	44	0	0	0	0	0	0	0	0	0	0	0	0	7	0	0	8
06:35:00	23700	37	21	0	68	0	0	0	0	0	0	0	0	29	18	0	55	0	0	0	0	0	0	0	0	0	0	0	0	8	3	0	13
06:40:00	24000	36	16	0	88	0	0	0	0	0	0	0	0	31	12	0	74	0	0	0	0	3	0	0	3	0	0	0	0	2	4	0	11
06:45:00	24300	35	39	0	84	0	0	0	0	0	0	0	0	26	32	0	68	0	0	0	0	2	0	0	5	0	0	0	0	7	7	0	11
06:50:00	24600	41	26	0	99	1	0	0	1	0	0	0	0	30	23	0	75	0	0	0	0	1	0	0	6	0	0	0	0	9	3	0	17
06:55:00	24900	78	39	0	138	0	0	0	1	0	0	0	0	59	30	0	104	0	0	0	0	2	0	0	8	0	0	0	0	17	9	0	25
07:00:00	25200	66	48	0	156	2	1	0	2	0	0	0	0	50	42	0	112	0	0	0	0	1	0	0	9	0	0	0	0	13	5	0	33
07:05:00	25500	63	45	0	174	0	1	0	1	1	0	0	1	37	33	0	116	0	0	0	0	2	0	0	11	0	0	0	0	23	11	0	45
07:10:00	25800	68	56	0	186	0	0	0	1	0	0	0	1	52	38	0	130	0	0	0	0	4	3	0	12	0	0	0	0	12	15	0	42
07:15:00	26100	90	57	0	219	1	1	0	1	0	0	0	1	73	45	0	158	0	0	0	0	1	1	0	12	0	0	0	0	15	10	0	47
07:20:00	26400	83	61	0	241	0	0	0	1	0	0	0	1	65	48	0	175	0	0	0	0	8	0	0	20	0	0	0	0	10	13	0	44
07:25:00	26700	121	92	1	269	2	1	0	2	0	1	0	0	88	64	0	199	0	0	0	0	9	1	0	28	0	0	1	-1	22	25	0	41
07:30:00	27000	76	88	0	257	0	0	0	2	0	0	0	0	57	75	0	181	0	0	0	0	2	2	0	28	0	0	0	-1	17	11	0	47
07:35:00	27300	96	95	0	258	3	3	0	2	0	0	0	0	59	75	0	165	0	0	0	0	3	2	0	29	0	0	0	-1	31	15	0	63
07:40:00	27600	103	82	0	279	0	1	0	1	0	0	0	0	74	53	0	186	0	0	0	0	7	2	0	34	0	0	0	-1	22	26	0	59
07:45:00	27900	102	84	0	297	1	1	0	1	0	0	0	0	70	59	0	197	0	0	0	0	8	2	0	40	0	0	0	-1	23	22	0	60
07:50:00	28200	117	89	0	325	2	2	0	1	1	0	0	1	81	64	0	214	0	0	0	0	6	7	0	39	0	0	0	-1	27	16	0	71
07:55:00	28500	127	116	0	336	0	1	0	0	0	0	0	1	88	85	0	217	12	1	0	11	8	3	0	44	0	0	0	-1	19	26	0	64
08:00:00	28800	135	131	1	339	2	1	0	1	0	0	0	1	79	94	0	202	24	7	0	28	7	5	0	46	0	0	1	-2	23	24	0	63
08:05:00	29100	114	102	0	351	0	1	0	0	0	0	0	1	72	67	0	207	17	10	0	35	5	4	0	47	0	0	0	-2	20	20	0	63
08:10:00	29400	134	120	3	362	0	0	0	0	0	0	0	1	74	85	0	196	26	16	0	45	6	5	0	48	0	0	3	-5	28	14	0	77
08:15:00	29700	96	97	0	361	0	0	0	0	0	0	0	1	61	64	0	193	14	15	0	44	4	2	0	50	0	0	0	-5	17	16	0	78
08:20:00	30000	111	105	0	367	0	0	0	0	0	0	0	1	80	60	0	213	16	18	0	42	6	3	0	53	0	0	0	-5	9	24	0	63
08:25:00	30300	109	102	0	374	0	0	0	0	0	0	0	1	67	72	0	208	20	13	0	49	4	1	0	56	0	0	0	-5	18	16	0	65
08:30:00	30600	97	104	0	367	0	0	0	0	0	1	0	0	52	68	0	192	21	15	0	55	8	4	0	60	0	0	0	-5	16	16	0	65
08:35:00	30900	79	97	0	349	0	0	0	0	0	0	0	0	52	59	0	185	8	19	0	44	3	5	0	58	0	0	0	-5	16	14	0	67
08:40:00	31200	89	83	1	354	1	0	0	1	0	0	0	0	45	48	0	182	24	18	0	50	6	4	0	60	0	0	1	-6	13	13	0	67
08:45:00	31500	104	82	0	376	0	0	0	1	0	0	0	0	52	55	0	179	39	15	0	74	4	0	0	64	0	0	0	-6	9	12	0	64
08:50:00	31800	89	92	0	373	1	1	0	1	0	0	0	0	53	56	0	176	13	22	0	65	6	0	0	70	0	0	0	-6	16	13	0	67
08:55:00	32100	87	94	0	366	0	1	0	0	0	0	0	0	44	54	0	166	18	18	0	65	8	4	0	74	0	0	0	-6	17	17	0	67
09:00:00	32400	96	99	0	363	0	0	0	0	0	0	0	0	70	60	0	176	4	16	0	53	6	3	0	77	0	0	0	-6	16	20	0	63
09:05:00	32700	77	91	0	349	0	0	0	0	0	0	0	0	49	50	0	175	6	11	0	48	3	11	0	69	0	0	0	-6	19	19	0	63
09:10:00	33000	61	82	0	328	0	0	0	0	0	0	0	0	43	51	0	167	3	12	0	39	2	2	0	69	0	0	0	-6	13	17	0	59
09:15:00	33300	60	77	0	311	0	0	0	0	0	0	0	0	45	53	0	159	2	12	0	29	5	1	0	73	0	0	0	-6	8	11	0	56
09:20:00	33600	44	82	0	273	0	0	0	0	0	0	0	0	25	53	0	131	2	12	0	19	4	2	0	75	0	0	0	-6	13	15	0	54
09:25:00	33900	61	61	0	273	0	0	0	0	0	0	0	0	33	38	0	126	4	1	0	22	1	11	0	65	0	0	0	-6	23	11	0	66
09:30:00	34200	45	64	0	254	0	0	0	0	0	0	0	0	29	39	0	116	1	5	0	18	1	3	0	63	0	0	0	-6	14	17	0	63
09:35:00	34500	54	67	0	241	0	0	0	0	0	0	0	0	24	34	0	106	8	7	0	19	5	4	0	64	0	0	0	-6	17	22	0	58
09:40:00	34800	41	61	0	221	0	0	0	0	0	0	0	0	23	37	0	92	2	5	0	16	4	3	0	65	0	0	0	-6	12	16	0	54
09:45:00	35100	42	65	0	198	0	0	0	0	0	0	0	0	27	41	0	78	0	6	0	10	3	0	0	68	0	0	0	-6	12	18	0	48
09:50:00	35400	38	44	0	192	0	0	0	0	0	0	0	0	23	19	0	82	0	4	0	6	5	0	0	73	0	0	0	-6	10	21	0	37
09:55:00	35700	45	39	0	198	0	0	0	0	0	0	0	0	34	24	0	92	0	2	0	4	0	0	0	73	0	0	0	-6	11	13	0	35
10:00:00	36000	79	67	0	210	0	0	0	0	0	0	0	0	40	33	0	99	0	2	0	2	3	12	0	64	0	0	0	-6	36	20	0	51
10:05:00	36300	58	56	0	212	0	0	0	0	0	0	0	0	38	38	0	99	0	1	0	1	0	2	0	62	0	0	0	-6	20	15	0	56
10:10:00	36600	82	82	0	212	0	0	0	0	0	0	0	0	47	39	0	107	0	1	0	0	3	6	0	59	0	0	0	-6	32	36	0	52
10:15:00	36900	59	64	0	207	0	0	0	0	0	0	0	0	34	39	0	102	0	0	0	0	1	1	0	59	0	0	0	-6	24	24	0	52
10:20:00	37200	66	70	1	202	0	0	0	0	0	0	0	0	36	40	0	98	0	0	0	0	2	0	0	61	0	0	1	-7	28	30	0	50
10:25:00	37500	72	71	0	203	0	0	0	0	0	0	0	0	45	46	0	97	0	0	0	0	0	2	0	59	0	0	0	-7	27	23	0	54
10:30:00	37800	64	72	0	195	0	0	0	0	0	0	0	0	34	36	0	95	0	0	0	0	1	1	0	59	0	0	0	-7	29	35	0	48
10:35:00	38100	46	67	0	174	0	0	0	0	0	0	0	0	21	39	0	77	2	1	0	1	4	1	0	62	0	0	0	-7	19	26	0	41
10:40:00	38400	55	61	0	168	0	0	0	0	0	0	0	0	23	30	0	70	1	1	0	1	1	1	0	62	0	0	0	-7	30	29	0	42
10:45:00	38700	67	67	0	168	0	0	0	0	0	0	0	0	34	33	0	71	3	0	0	4	2	4	0	60	0	0	0	-7	28	30	0	40
10:50:00	39000	46	57	0	157	1	1	0	0	0	0	0	0	25	30	0	66	0	3	0	1	2	1	0	61	0	0	0	-7	18	22	0	36
10:55:00	39300	37	48	0	146	0	0	0	0	0	0	0	0	18	24	0	60	2	0	0	3	1	1	0	61	0	0	0	-7	16	23	0	29
11:00:00	39600	50	47	0	149	0	0	0	0	0	0	0	0	25	26	0	59	4	1	0	6	0	1	0	60	0	0	0	-7	21	19	0	31
11:05:00	39900	87	65	0	171	0	0	0	0	0	0	0	0	43	21	0	81	1	1	0	6	10	11	0	59	0	0	0	-7	33	32	0	32
11:10:00	40200	75	49	0	197	0	0	0	0	0	0	0	0	45	29	0	97	2	1	0	7	1	1	0	59	0	0	0	-7	27	18	0	41
11:15:00	40500	61	60	0	198	0	0	0	0	0	0	0	0	32	36	0	93	10	3	0	14	2	2	0	59	0	0	0	-7	17	19	0	39
11:20:00	40800	62	59	0	201	0	0	0	0	0	0	0	0	28	29	0	92	2	2	0	14	3	3	0	59	0	0	0	-7	29	25	0	43
11:25:00	41100	72	68	0	205	0	0	0	0	0	0	0	0	45	38	0	99	3	4	0	13	1	1	0	59	0	0	0	-7	23	25	0	41
11:30:00	41400	81	64	0	222	0	0	0	0	0	0	0	0	47	32	0	114	1	4	0	10	3	2	0	60	0	0	0	-7	30	26	0	45
11:35:00	41700	99	90	0	231	1	0	0	1	0	0	0	0	55	44	0	125	3	3	0	10	8	9	0	59	0	0	0	-7	32	34	0	43
11:40:00	42000	84	80	0	235	0	1	0	0	0	0	0	0	45	41	0	129	0	3	0	7	1	13	0	47	0	0	0	-7	38	22	0	59
11:45:00	42300	85	95	0	225	1	1	0	0	0	0	0	0	47	46	0	130	3	5	0	5	5	6	0	46	0	0	0	-7	29	37	0	51
11:50:00	42600	87	71	0	241	0	0	0	0	0	0	0	0	53	42	0	141	5	2	0	8	2	1	0	47	0	0	0	-7	27	26	0	52
11:55:00	42900	106	94	0	253	0	0	0	0	0	0	0	0	63	48	0	156	1	1	0	8	4	6	0	45	0	0	0	-7	38	39	0	51
12:00:00	43200	82	89	0	246	0	0	0	0	0	0	0	0	62	60	0	158	2	3	0	7	2	0	0	47	0	0	0	-7	16	26	0	41
12:05:00	43500	59	73	0	232	1	0	0	1	0	0	0	0	39	47	0	150	8	4	0	11	2	0	0	49	0	0	0	-7	9	22	0	28
12:10:00	43800	66	59	0	239	0	0	0	1	0	0	0	0	48	44	0	154	2	0	0	13	5	1	0	53	0	0	0	-7	11	14	0	25
12:15:00	44100	52	75	0	216	0	1	0	0	0	0	0	0	30	58	0	126	1	3	0	11	2	3	0	52	0	0	0	-7	19	10	0	34
12:20:00	44400	45	54	0	207	0	0	0	0	0	0	0	0	35	44	0	117	0	4	0	7	1	1	0	52	0	0	0	-7	9	5	0	38
12:25:00	44700	64	61	0	210	1	0	0	1	0	0	0	0	46	35	0	128	0	2	0	5	6	5	0	53	0	0	0	-7	11	19	0	30
12:30:00	45000	43	51	0	202	3	1	0	3	0	0	0	0	33	37	0	124	0	1	0	4	2	1	0	54	0	0	0	-7	5	11	0	24
12:35:00	45300	26	49	0	179	0	1	0	2	0	0	0	0	16	35	0	105	0	2	0	2	2	3	0	53	0	0	0	-7	8	8	0	24
12:40:00	45600	31	38	0	172	0	0	0	2	0	0	0	0	25	28	0	102	0	1	0	1	2	0	0	55	0	0	0	-7	4	9	0	19
12:45:00	45900	45	38	0	179	0	2	0	0	0	0	0	0	32	32	0	102	0	0	0	1	1	2	0	54	0	0	0	-7	12	2	0	29
12:50:00	46200	29	44	0	164	0	0	0	0	0	0	0	0	24	33	0	93	0	1	0	0	4	0	0	58	0	0	0	-7	1	10	0	20
12:55:00	46500	36	42	0	158	0	0	0	0	0	0	0	0	25	32	0	86	0	0	0	0	4	3	0	59	0	0	0	-7	7	7	0	20
13:00:00	46800	3	28	0	133	0	0	0	0	0	0	0	0	0	21	0	65	0	0	0	0	2	1	0	60	0	0	0	-7	1	6	0	15
13:05:00	47100	2	27	0	108	0	0	0	0	0	0	0	0	2	24	0	43	0	0	0	0	0	0	0	60	0	0	0	-7	0	3	0	12
13:10:00	47400	3	15	0	96	0	0	0	0	0	0	0	0	0	11	0	32	0	0	0	0	2	0	0	62	0	0	0	-7	1	4	0	9
13:15:00	47700	23	13	0	106	0	0	0	0	0	0	0	0	20	10	0	42	0	0	0	0	0	1	0	61	0	0	0	-7	3	2	0	10
13:20:00	48000	19	20	0	105	0	0	0	0	0	0	0	0	11	13	0	40	0	0	0	0	0	5	0	56	0	0	0	-7	8	2	0	16
13:25:00	48300	21	20	0	106	0	0	0	0	0	0	0	0	11	10	0	41	0	0	0	0	3	3	0	56	0	0	0	-7	7	7	0	16
13:30:00	48600	53	21	1	137	0	0	0	0	0	0	0	0	44	15	0	70	1	0	0	1	0	1	0	55	0	0	1	-8	8	5	0	19
13:35:00	48900	64	49	0	152	0	0	0	0	0	0	0	0	43	33	0	80	5	0	0	6	2	7	0	50	0	0	0	-8	14	9	0	24
13:40:00	49200	45	44	0	153	0	0	0	0	0	0	0	0	32	33	0	79	5	2	0	9	0	2	0	48	0	0	0	-8	8	7	0	25
13:45:00	49500	56	46	1	162	0	0	0	0	0	0	0	0	41	30	0	90	2	3	0	8	2	3	0	47	0	0	1	-9	11	10	0	26
13:50:00	49800	95	44	0	213	0	0	0	0	0	0	0	0	63	32	0	121	15	6	0	17	0	1	0	46	0	0	0	-9	17	5	0	38
13:55:00	50100	113	66	0	260	1	0	0	1	0	0	0	0	80	47	0	154	12	6	0	23	0	1	0	45	0	0	0	-9	20	12	0	46
14:00:00	50400	88	85	0	263	0	0	0	1	0	0	0	0	62	58	0	158	3	10	0	16	2	0	0	47	0	0	0	-9	21	17	0	50
14:05:00	50700	83	78	0	268	0	1	0	0	0	0	0	0	41	50	0	149	9	6	0	19	1	0	0	48	0	0	0	-9	32	21	0	61
14:10:00	51000	83	78	0	273	0	0	0	0	0	0	0	0	56	48	0	157	14	10	0	23	3	0	0	51	0	0	0	-9	10	20	0	51
14:15:00	51300	73	79	0	267	1	1	0	0	0	0	0	0	41	48	0	150	8	9	0	22	8	0	0	59	0	0	0	-9	15	21	0	45
14:20:00	51600	85	77	0	275	2	1	0	1	0	0	0	0	48	50	0	148	14	8	0	28	6	2	0	63	0	0	0	-9	15	16	0	44
14:25:00	51900	76	81	0	270	0	1	0	0	0	0	0	0	53	60	0	141	16	12	0	32	1	1	0	63	0	0	0	-9	6	7	0	43
14:30:00	52200	56	61	0	265	0	0	0	0	0	0	0	0	25	32	0	134	12	12	0	32	5	3	0	65	0	0	0	-9	14	14	0	43
14:35:00	52500	73	72	0	266	0	0	0	0	0	0	0	0	50	42	0	142	4	12	0	24	2	1	0	66	0	0	0	-9	17	17	0	43
14:40:00	52800	61	87	0	240	0	0	0	0	0	0	0	0	34	55	0	121	8	10	0	22	2	1	0	67	0	0	0	-9	17	21	0	39
14:45:00	53100	55	63	0	232	0	0	0	0	0	0	0	0	28	32	0	117	9	11	0	20	4	11	0	60	0	0	0	-9	14	9	0	44
14:50:00	53400	52	69	0	215	0	0	0	0	0	0	0	0	28	41	0	104	3	5	0	18	3	1	0	62	0	0	0	-9	18	22	0	40
14:55:00	53700	45	55	0	205	0	0	0	0	0	0	0	0	19	28	0	95	8	6	0	20	3	4	0	61	0	0	0	-9	15	17	0	38
15:00:00	54000	43	57	0	191	0	0	0	0	0	0	0	0	27	33	0	89	3	9	0	14	1	2	0	60	0	0	0	-9	12	13	0	37
15:05:00	54300	51	51	0	191	1	0	0	1	0	0	0	0	25	35	0	79	1	4	0	11	1	1	0	60	0	0	0	-9	23	11	0	49
15:10:00	54600	50	55	0	186	0	1	0	0	0	0	0	0	29	29	0	79	0	5	0	6	2	1	0	61	0	0	0	-9	19	19	0	49
15:15:00	54900	59	55	0	190	0	0	0	0	0	0	0	0	42	32	0	89	1	2	0	5	4	1	0	64	0	0	0	-9	12	20	0	41
15:20:00	55200	52	45	0	197	0	0	0	0	0	0	0	0	30	26	0	93	1	1	0	5	2	0	0	66	0	0	0	-9	19	18	0	42
15:25:00	55500	56	65	0	188	0	0	0	0	0	0	0	0	37	44	0	86	0	0	0	5	3	2	0	67	0	0	0	-9	16	19	0	39
15:30:00	55800	76	48	0	216	0	0	0	0	0	0	0	0	44	32	0	98	0	1	0	4	1	2	0	66	0	0	0	-9	31	13	0	57
15:35:00	56100	101	74	0	243	0	0	0	0	0	0	0	0	70	41	0	127	0	0	0	4	4	5	0	65	0	0	0	-9	27	28	0	56
15:40:00	56400	106	93	0	256	0	0	0	0	0	0	0	0	66	57	0	136	0	1	0	3	3	2	0	66	0	0	0	-9	37	33	0	60
15:45:00	56700	79	91	0	244	0	0	0	0	0	0	0	0	45	55	0	126	0	0	0	3	7	3	0	70	0	0	0	-9	27	33	0	54
15:50:00	57000	83	81	0	246	1	1	0	0	0	0	0	0	49	50	0	125	0	1	0	2	1	0	0	71	0	0	0	-9	32	29	0	57
15:55:00	57300	67	76	0	237	1	0	0	1	0	0	0	0	36	44	0	117	0	0	0	2	1	6	0	66	0	0	0	-9	29	26	0	60
16:00:00	57600	94	80	0	251	0	1	0	0	0	0	0	0	42	46	0	113	21	0	0	23	5	6	0	65	0	0	0	-9	26	27	0	59
16:05:00	57900	79	76	0	254	0	0	0	0	0	0	0	0	37	43	0	107	19	8	0	34	0	2	0	63	0	0	0	-9	23	23	0	59
16:10:00	58200	70	88	0	236	0	0	0	0	0	0	0	0	22	39	0	90	18	14	0	38	3	1	0	65	0	0	0	-9	27	34	0	52
16:15:00	58500	86	86	0	236	0	0	0	0	0	0	0	0	32	36	0	86	16	14	0	40	5	12	0	58	0	0	0	-9	33	24	0	61
16:20:00	58800	96	69	0	263	0	0	0	0	0	0	0	0	50	27	0	109	17	11	0	46	1	2	0	57	0	0	0	-9	28	29	0	60
16:25:00	59100	106	87	0	282	1	0	0	1	0	0	0	0	52	41	0	120	27	21	0	52	3	4	0	56	0	0	0	-9	23	21	0	62
16:30:00	59400	116	87	0	311	0	0	0	1	0	0	0	0	52	48	0	124	31	15	0	68	4	2	0	58	0	0	0	-9	29	22	0	69
16:35:00	59700	141	96	0	356	1	0	0	2	0	0	0	0	64	37	0	151	27	21	0	74	9	2	0	65	0	0	0	-9	40	36	0	73
16:40:00	60000	139	126	0	369	0	0	0	2	0	0	0	0	78	60	0	169	20	26	0	68	5	4	0	66	0	0	0	-9	36	36	0	73
16:45:00	60300	109	105	0	373	0	1	0	1	0	0	0	0	55	52	0	172	28	20	0	76	3	6	0	63	0	0	0	-9	23	26	0	70
16:50:00	60600	157	130	0	400	1	1	0	1	0	0	0	0	68	62	0	178	47	30	0	93	2	5	0	60	0	0	0	-9	39	32	0	77
16:55:00	60900	133	132	0	401	0	1	0	0	0	0	0	0	64	66	0	176	31	27	0	97	3	4	0	59	0	0	0	-9	35	34	0	78
17:00:00	61200	177	129	0	449	0	0	0	0	1	0	0	1	108	56	0	228	20	30	0	87	5	8	0	56	0	0	0	-9	43	35	0	86
17:05:00	61500	185	135	0	499	0	0	0	0	0	0	0	1	122	77	0	273	12	21	0	78	9	9	0	56	0	0	0	-9	42	28	0	100
17:10:00	61800	163	152	1	509	0	0	0	0	1	1	0	1	99	86	0	286	15	21	0	72	8	4	0	60	0	0	1	-10	40	40	0	100
17:15:00	62100	175	171	0	513	0	0	0	0	0	0	0	1	115	107	0	294	25	20	0	77	6	4	0	62	0	0	0	-10	29	40	0	89
17:20:00	62400	180	151	0	542	0	0	0	0	0	0	0	1	124	92	0	326	16	24	0	69	4	2	0	64	0	0	0	-10	36	33	0	92
17:25:00	62700	125	164	1	502	0	0	0	0	0	0	0	1	84	102	0	308	1	23	0	47	10	4	0	70	0	0	1	-11	30	35	0	87
17:30:00	63000	103	132	0	473	0	0	0	0	0	0	0	1	80	90	0	298	1	12	0	36	4	4	0	70	0	0	0	-11	18	26	0	79
17:35:00	63300	111	117	0	467	1	0	0	1	1	0	0	2	84	84	0	298	1	6	0	31	6	6	0	70	0	0	0	-11	18	21	0	76
17:40:00	63600	78	113	0	432	1	1	0	1	1	1	0	2	43	72	0	269	2	8	0	25	9	10	0	69	0	0	0	-11	22	21	0	77
17:45:00	63900	119	106	0	445	0	0	0	1	0	0	0	2	91	74	0	286	1	1	0	25	4	11	0	62	0	0	0	-11	23	20	0	80
17:50:00	64200	105	119	0	431	0	0	0	1	0	0	0	2	81	87	0	280	0	4	0	21	9	1	0	70	0	0	0	-11	15	27	0	68
17:55:00	64500	105	120	0	416	1	1	0	1	0	1	0	1	78	81	0	277	1	5	0	17	7	7	0	70	0	0	0	-11	18	25	0	61
18:00:00	64800	68	111	0	373	0	1	0	0	0	0	0	1	52	89	0	240	1	3	0	15	1	4	0	67	0	0	0	-11	14	14	0	61
18:05:00	65100	69	93	0	349	0	0	0	0	0	0	0	1	46	65	0	221	0	1	0	14	5	11	0	61	0	0	0	-11	18	16	0	63
18:10:00	65400	49	82	0	316	0	0	0	0	0	1	0	0	37	63	0	195	1	1	0	14	4	2	0	63	0	0	0	-11	7	15	0	55
18:15:00	65700	43	80	0	279	0	0	0	0	0	0	0	0	31	60	0	166	0	1	0	13	2	5	0	60	0	0	0	-11	10	14	0	51
18:20:00	66000	60	66	0	273	0	0	0	0	0	0	0	0	49	43	0	172	0	1	0	12	3	7	0	56	0	0	0	-11	8	15	0	44
18:25:00	66300	49	67	0	255	0	0	0	0	0	0	0	0	30	47	0	155	0	1	0	11	2	11	0	47	0	0	0	-11	17	8	0	53
18:30:00	66600	41	61	0	235	0	0	0	0	0	0	0	0	29	42	0	142	0	0	0	11	1	6	0	42	0	0	0	-11	11	13	0	51
18:35:00	66900	59	75	0	219	0	0	0	0	0	0	0	0	43	54	0	131	1	4	0	8	0	6	0	36	0	0	0	-11	15	11	0	55
18:40:00	67200	38	55	0	202	0	0	0	0	0	0	0	0	28	33	0	126	0	2	0	6	2	4	0	34	0	0	0	-11	8	16	0	47
18:45:00	67500	34	59	0	177	0	0	0	0	0	0	0	0	28	39	0	115	0	2	0	4	1	3	0	32	0	0	0	-11	5	15	0	37
18:50:00	67800	18	40	0	155	0	0	0	0	0	0	0	0	8	24	0	99	0	0	0	4	0	8	0	24	0	0	0	-11	10	8	0	39
18:55:00	68100	23	38	0	140	0	0	0	0	0	0	0	0	17	24	0	92	0	0	0	4	0	5	0	19	0	0	0	-11	6	9	0	36
19:00:00	68400	68	42	0	166	0	0	0	0	0	0	0	0	58	28	0	122	0	0	0	4	1	7	0	13	0	0	0	-11	9	7	0	38
19:05:00	68700	79	40	0	205	0	0	0	0	0	0	0	0	68	31	0	159	0	0	0	4	0	0	0	13	0	0	0	-11	11	9	0	40
19:10:00	69000	64	66	0	203	0	0	0	0	0	0	0	0	59	54	0	164	0	1	0	3	1	0	0	14	0	0	0	-11	4	11	0	33
19:15:00	69300	56	65	0	194	1	0	0	1	0	0	0	0	47	49	0	162	0	0	0	3	0	3	0	11	0	0	0	-11	8	13	0	28
19:20:00	69600	54	57	0	191	0	0	0	1	0	0	0	0	47	50	0	159	0	0	0	3	0	1	0	10	0	0	0	-11	7	6	0	29
19:25:00	69900	90	62	0	219	0	0	0	1	0	0	0	0	85	55	0	189	0	0	0	3	0	1	0	9	0	0	0	-11	5	6	0	28
19:30:00	70200	66	61	0	224	0	1	0	0	0	0	0	0	56	52	0	193	0	0	0	3	1	3	0	7	0	0	0	-11	9	5	0	32
19:35:00	70500	47	79	0	192	1	0	0	1	0	0	0	0	41	71	0	163	0	0	0	3	0	1	0	6	0	0	0	-11	5	7	0	30
19:40:00	70800	40	57	0	175	0	1	0	0	0	0	0	0	34	48	0	149	0	1	0	2	0	1	0	5	0	0	0	-11	6	6	0	30
19:45:00	71100	65	60	0	180	0	0	0	0	0	0	0	0	57	50	0	156	0	0	0	2	3	2	0	6	0	0	0	-11	5	8	0	27
19:50:00	71400	46	50	0	176	0	0	0	0	0	0	0	0	40	46	0	150	0	0	0	2	0	1	0	5	0	0	0	-11	6	3	0	30
19:55:00	71700	50	60	0	166	0	0	0	0	0	0	0	0	44	55	0	139	0	0	0	2	0	1	0	4	0	0	0	-11	6	4	0	32
20:00:00	72000	6	43	0	129	0	0	0	0	0	0	0	0	3	38	0	104	0	0	0	2	1	0	0	5	0	0	0	-11	2	5	0	29
20:05:00	72300	6	39	0	96	0	0	0	0	0	0	0	0	5	30	0	79	0	0	0	2	1	0	0	6	0	0	0	-11	0	9	0	20
20:10:00	72600	6	24	0	78	0	0	0	0	0	0	0	0	5	17	0	67	0	0	0	2	0	0	0	6	0	0	0	-11	1	7	0	14
20:15:00	72900	7	20	0	65	0	0	0	0	0	0	0	0	6	18	0	55	0	0	0	2	0	1	0	5	0	0	0	-11	1	1	0	14
20:20:00	73200	7	19	0	53	0	0	0	0	0	0	0	0	6	16	0	45	0	1	0	1	0	1	0	4	0	0	0	-11	1	1	0	14
20:25:00	73500	7	7	0	53	0	0	0	0	0	0	0	0	5	5	0	45	0	0	0	1	0	1	0	3	0	0	0	-11	2	1	0	15
20:30:00	73800	7	14	0	46	0	0	0	0	0	0	0	0	4	10	0	39	0	1	0	0	0	2	0	1	0	0	0	-11	3	1	0	17
20:35:00	74100	4	9	0	41	0	0	0	0	0	0	0	0	4	5	0	38	0	0	0	0	0	0	0	1	0	0	0	-11	0	4	0	13
20:40:00	74400	2	11	0	32	0	0	0	0	0	0	0	0	1	9	0	30	0	0	0	0	0	0	0	1	0	0	0	-11	1	2	0	12
20:45:00	74700	4	4	0	32	0	0	0	0	0	0	0	0	2	2	0	30	0	0	0	0	0	0	0	1	0	0	0	-11	2	2	0	12
20:50:00	75000	9	10	0	31	0	0	0	0	0	0	0	0	8	8	0	30	0	0	0	0	0	0	0	1	0	0	0	-11	1	2	0	11
20:55:00	75300	2	5	0	28	0	0	0	0	0	0	0	0	1	3	0	28	0	0	0	0	0	0	0	1	0	0	0	-11	1	2	0	10
21:00:00	75600	10	11	0	27	0	0	0	0	0	0	0	0	9	9	0	28	0	0	0	0	0	0	0	1	0	0	0	-11	1	2	0	9
21:05:00	75900	4	6	0	25	0	0	0	0	0	0	0	0	4	6	0	26	0	0	0	0	0	0	0	1	0	0	0	-11	0	0	0	9
21:10:00	76200	3	5	0	23	0	0	0	0	0	0	0	0	3	4	0	25	0	0	0	0	0	0	0	1	0	0	0	-11	0	1	0	8
21:15:00	76500	1	5	0	19	0	0	0	0	0	0	0	0	1	5	0	21	0	0	0	0	0	0	0	1	0	0	0	-11	0	0	0	8
21:20:00	76800	2	4	0	17	0	0	0	0	0	0	0	0	2	4	0	19	0	0	0	0	0	0	0	1	0	0	0	-11	0	0	0	8
21:25:00	77100	1	2	0	16	0	0	0	0	0	0	0	0	1	1	0	19	0	0	0	0	0	0	0	1	0	0	0	-11	0	1	0	7
21:30:00	77400	0	2	0	14	0	0	0	0	0	0	0	0	0	2	0	17	0	0	0	0	0	0	0	1	0	0	0	-11	0	0	0	7
21:35:00	77700	0	4	0	10	0	0	0	0	0	0	0	0	0	4	0	13	0	0	0	0	0	0	0	1	0	0	0	-11	0	0	0	7
21:40:00	78000	2	4	0	8	0	0	0	0	0	0	0	0	2	4	0	11	0	0	0	0	0	0	0	1	0	0	0	-11	0	0	0	7
21:45:00	78300	1	3	0	6	0	0	0	0	0	0	0	0	1	1	0	11	0	0	0	0	0	0	0	1	0	0	0	-11	0	2	0	5
21:50:00	78600	1	3	0	4	0	0	0	0	0	0	0	0	1	3	0	9	0	0	0	0	0	0	0	1	0	0	0	-11	0	0	0	5
21:55:00	78900	0	1	0	3	0	0	0	0	0	0	0	0	0	1	0	8	0	0	0	0	0	0	0	1	0	0	0	-11	0	0	0	5
22:00:00	79200	0	1	0	2	0	0	0	0	0	0	0	0	0	1	0	7	0	0	0	0	0	0	0	1	0	0	0	-11	0	0	0	5
22:05:00	79500	0	1	0	1	0	0	0	0	0	0	0	0	0	0	0	7	0	0	0	0	0	0	0	1	0	0	0	-11	0	1	0	4
22:10:00	79800	0	0	0	1	0	0	0	0	0	0	0	0	0	0	0	7	0	0	0	0	0	0	0	1	0	0	0	-11	0	0	0	4
22:15:00	80100	1	3	0	-1	0	0	0	0	0	0	0	0	0	2	0	5	0	0	0	0	0	0	0	1	0	0	0	-11	1	1	0	4
22:20:00	80400	1	3	0	-3	0	0	0	0	0	0	0	0	0	1	0	4	0	0	0	0	0	0	0	1	0	0	0	-11	1	2	0	3
22:25:00	80700	0	1	0	-4	0	0	0	0	0	0	0	0	0	0	0	4	0	0	0	0	0	0	0	1	0	0	0	-11	0	1	0	2
22:30:00	81000	0	0	0	-4	0	0	0	0	0	0	0	0	0	0	0	4	0	0	0	0	0	0	0	1	0	0	0	-11	0	0	0	2
22:35:00	81300	0	0	0	-4	0	0	0	0	0	0	0	0	0	0	0	4	0	0	0	0	0	0	0	1	0	0	0	-11	0	0	0	2
22:40:00	81600	0	1	0	-5	0	0	0	0	0	0	0	0	0	1	0	3	0	0	0	0	0	0	0	1	0	0	0	-11	0	0	0	2
22:45:00	81900	0	0	0	-5	0	0	0	0	0	0	0	0	0	0	0	3	0	0	0	0	0	0	0	1	0	0	0	-11	0	0	0	2
22:50:00	82200	0	0	0	-5	0	0	0	0	0	0	0	0	0	0	0	3	0	0	0	0	0	0	0	1	0	0	0	-11	0	0	0	2
22:55:00	82500	0	0	0	-5	0	0	0	0	0	0	0	0	0	0	0	3	0	0	0	0	0	0	0	1	0	0	0	-11	0	0	0	2
23:00:00	82800	0	0	0	-5	0	0	0	0	0	0	0	0	0	0	0	3	0	0	0	0	0	0	0	1	0	0	0	-11	0	0	0	2
23:05:00	83100	0	0	0	-5	0	0	0	0	0	0	0	0	0	0	0	3	0	0	0	0	0	0	0	1	0	0	0	-11	0	0	0	2
23:10:00	83400	0	0	0	-5	0	0	0	0	0	0	0	0	0	0	0	3	0	0	0	0	0	0	0	1	0	0	0	-11	0	0	0	2
23:15:00	83700	6	2	0	-1	0	0	0	0	0	0	0	0	6	2	0	7	0	0	0	0	0	0	0	1	0	0	0	-11	0	0	0	2
23:20:00	84000	5	4	0	0	0	0	0	0	0	0	0	0	4	4	0	7	0	0	0	0	0	0	0	1	0	0	0	-11	1	0	0	3
23:25:00	84300	5	1	0	4	0	0	0	0	0	0	0	0	4	1	0	10	0	0	0	0	0	0	0	1	0	0	0	-11	1	0	0	4
23:30:00	84600	2	6	0	0	0	0	0	0	0	0	0	0	2	5	0	7	0	0	0	0	0	0	0	1	0	0	0	-11	0	1	0	3
23:35:00	84900	2	0	0	2	0	0	0	0	0	0	0	0	2	0	0	9	0	0	0	0	0	0	0	1	0	0	0	-11	0	0	0	3
23:40:00	85200	3	3	0	2	0	0	0	0	0	0	0	0	2	3	0	8	0	0	0	0	0	0	0	1	0	0	0	-11	1	0	0	4
23:45:00	85500	5	4	0	3	0	0	0	0	0	0	0	0	2	2	0	8	0	0	0	0	0	0	0	1	0	0	0	-11	3	2	0	5
23:50:00	85800	5	5	0	3	1	0	0	1	0	0	0	0	4	3	0	9	0	0	0	0	0	0	0	1	0	0	0	-11	0	2	0	3
23:55:00	86100	3	5	0	1	0	1	0	0	0	0	0	0	0	2	0	7	0	0	0	0	0	0	0	1	0	0	0	-11	3	2	0	4
24:00:00	86400	4	1	0	4	0	0	0	0	0	0	0	0	3	0	0	10	0	0	0	0	0	0	0	1	0	0	0	-11	1	1	0	4
24:05:00	86700	2	3	0	3	0	0	0	0	0	0	0	0	2	2	0	10	0	0	0	0	0	0	0	1	0	0	0	-11	0	1	0	3
24:10:00	87000	3	4	0	2	0	0	0	0	0	0	0	0	2	3	0	9	0	0	0	0	0	0	0	1	0	0	0	-11	1	1	0	3
24:15:00	87300	0	2	0	0	0	0	0	0	0	0	0	0	0	2	0	7	0	0	0	0	0	0	0	1	0	0	0	-11	0	0	0	3
24:20:00	87600	0	1	0	-1	0	0	0	0	0	0	0	0	0	1	0	6	0	0	0	0	0	0	0	1	0	0	0	-11	0	0	0	3
24:25:00	87900	0	2	0	-3	0	0	0	0	0	0	0	0	0	1	0	5	0	0	0	0	0	0	0	1	0	0	0	-11	0	1	0	2
24:30:00	88200	0	0	0	-3	0	0	0	0	0	0	0	0	0	0	0	5	0	0	0	0	0	0	0	1	0	0	0	-11	0	0	0	2
24:35:00	88500	0	2	0	-5	0	0	0	0	0	0	0	0	0	2	0	3	0	0	0	0	0	0	0	1	0	0	0	-11	0	0	0	2
24:40:00	88800	0	0	0	-5	0	0	0	0	0	0	0	0	0	0	0	3	0	0	0	0	0	0	0	1	0	0	0	-11	0	0	0	2
24:45:00	89100	0	0	0	-5	0	0	0	0	0	0	0	0	0	0	0	3	0	0	0	0	0	0	0	1	0	0	0	-11	0	0	0	2
24:50:00	89400	0	2	0	-7	0	0	0	0	0	0	0	0	0	2	0	1	0	0	0	0	0	0	0	1	0	0	0	-11	0	0	0	2
24:55:00	89700	0	0	0	-7	0	0	0	0	0	0	0	0	0	0	0	1	0	0	0	0	0	0	0	1	0	0	0	-11	0	0	0	2
25:00:00	90000	0	0	0	-7	0	0	0	0	0	0	0	0	0	0	0	1	0	0	0	0	0	0	0	1	0	0	0	-11	0	0	0	2
25:05:00	90300	0	0	0	-7	0	0	0	0	0	0	0	0	0	0	0	1	0	0	0	0	0	0	0	1	0	0	0	-11	0	0	0	2
25:10:00	90600	0	0	0	-7	0	0	0	0	0	0	0	0	0	0	0	1	0	0	0	0	0	0	0	1	0	0	0	-11	0	0	0	2
25:15:00	90900	0	0	0	-7	0	0	0	0	0	0	0	0	0	0	0	1	0	0	0	0	0	0	0	1	0	0	0	-11	0	0	0	2
25:20:00	91200	0	0	0	-7	0	0	0	0	0	0	0	0	0	0	0	1	0	0	0	0	0	0	0	1	0	0	0	-11	0	0	0	2
25:25:00	91500	0	0	0	-7	0	0	0	0	0	0	0	0	0	0	0	1	0	0	0	0	0	0	0	1	0	0	0	-11	0	0	0	2
25:30:00	91800	0	0	0	-7	0	0	0	0	0	0	0	0	0	0	0	1	0	0	0	0	0	0	0	1	0	0	0	-11	0	0	0	2
25:35:00	92100	0	0	0	-7	0	0	0	0	0	0	0	0	0	0	0	1	0	0	0	0	0	0	0	1	0	0	0	-11	0	0	0	2
25:40:00	92400	0	0	0	-7	0	0	0	0	0	0	0	0	0	0	0	1	0	0	0	0	0	0	0	1	0	0	0	-11	0	0	0	2
25:45:00	92700	0	0	0	-7	0	0	0	0	0	0	0	0	0	0	0	1	0	0	0	0	0	0	0	1	0	0	0	-11	0	0	0	2
25:50:00	93000	0	0	0	-7	0	0	0	0	0	0	0	0	0	0	0	1	0	0	0	0	0	0	0	1	0	0	0	-11	0	0	0	2
25:55:00	93300	0	0	0	-7	0	0	0	0	0	0	0	0	0	0	0	1	0	0	0	0	0	0	0	1	0	0	0	-11	0	0	0	2
26:00:00	93600	0	0	0	-7	0	0	0	0	0	0	0	0	0	0	0	1	0	0	0	0	0	0	0	1	0	0	0	-11	0	0	0	2
26:05:00	93900	2	2	0	-7	0	0	0	0	0	0	0	0	2	2	0	1	0	0	0	0	0	0	0	1	0	0	0	-11	0	0	0	2
26:10:00	94200	0	1	0	-8	0	0	0	0	0	0	0	0	0	1	0	0	0	0	0	0	0	0	0	1	0	0	0	-11	0	0	0	2
26:15:00	94500	0	0	0	-8	0	0	0	0	0	0	0	0	0	0	0	0	0	0	0	0	0	0	0	1	0	0	0	-11	0	0	0	2
26:20:00	94800	0	0	0	-8	0	0	0	0	0	0	0	0	0	0	0	0	0	0	0	0	0	0	0	1	0	0	0	-11	0	0	0	2
26:25:00	95100	0	0	0	-8	0	0	0	0	0	0	0	0	0	0	0	0	0	0	0	0	0	0	0	1	0	0	0	-11	0	0	0	2
26:30:00	95400	0	0	0	-8	0	0	0	0	0	0	0	0	0	0	0	0	0	0	0	0	0	0	0	1	0	0	0	-11	0	0	0	2
26:35:00	95700	0	0	0	-8	0	0	0	0	0	0	0	0	0	0	0	0	0	0	0	0	0	0	0	1	0	0	0	-11	0	0	0	2
26:40:00	96000	0	0	0	-8	0	0	0	0	0	0	0	0	0	0	0	0	0	0	0	0	0	0	0	1	0	0	0	-11	0	0	0	2
26:45:00	96300	0	0	0	-8	0	0	0	0	0	0	0	0	0	0	0	0	0	0	0	0	0	0	0	1	0	0	0	-11	0	0	0	2
26:50:00	96600	0	0	0	-8	0	0	0	0	0	0	0	0	0	0	0	0	0	0	0	0	0	0	0	1	0	0	0	-11	0	0	0	2
26:55:00	96900	1	1	0	-8	0	0	0	0	0	0	0	0	0	0	0	0	0	0	0	0	0	0	0	1	0	0	0	-11	1	1	0	2
27:00:00	97200	0	0	0	-8	0	0	0	0	0	0	0	0	0	0	0	0	0	0	0	0	0	0	0	1	0	0	0	-11	0	0	0	2
27:05:00	97500	0	0	0	-8	0	0	0	0	0	0	0	0	0	0	0	0	0	0	0	0	0	0	0	1	0	0	0	-11	0	0	0	2
27:10:00	97800	0	0	0	-8	0	0	0	0	0	0	0	0	0	0	0	0	0	0	0	0	0	0	0	1	0	0	0	-11	0	0	0	2
27:15:00	98100	0	0	0	-8	0	0	0	0	0	0	0	0	0	0	0	0	0	0	0	0	0	0	0	1	0	0	0	-11	0	0	0	2
27:20:00	98400	0	0	0	-8	0	0	0	0	0	0	0	0	0	0	0	0	0	0	0	0	0	0	0	1	0	0	0	-11	0	0	0	2
27:25:00	98700	0	0	0	-8	0	0	0	0	0	0	0	0	0	0	0	0	0	0	0	0	0	0	0	1	0	0	0	-11	0	0	0	2
27:30:00	99000	0	0	0	-8	0	0	0	0	0	0	0	0	0	0	0	0	0	0	0	0	0	0	0	1	0	0	0	-11	0	0	0	2
27:35:00	99300	0	0	0	-8	0	0	0	0	0	0	0	0	0	0	0	0	0	0	0	0	0	0	0	1	0	0	0	-11	0	0	0	2
27:40:00	99600	0	0	0	-8	0	0	0	0	0	0	0	0	0	0	0	0	0	0	0	0	0	0	0	1	0	0	0	-11	0	0	0	2
27:45:00	99900	0	0	0	-8	0	0	0	0	0	0	0	0	0	0	0	0	0	0	0	0	0	0	0	1	0	0	0	-11	0	0	0	2
27:50:00	100200	0	0	0	-8	0	0	0	0	0	0	0	0	0	0	0	0	0	0	0	0	0	0	0	1	0	0	0	-11	0	0	0	2
27:55:00	100500	0	0	0	-8	0	0	0	0	0	0	0	0	0	0	0	0	0	0	0	0	0	0	0	1	0	0	0	-11	0	0	0	2
28:00:00	100800	0	0	0	-8	0	0	0	0	0	0	0	0	0	0	0	0	0	0	0	0	0	0	0	1	0	0	0	-11	0	0	0	2
28:05:00	101100	0	0	0	-8	0	0	0	0	0	0	0	0	0	0	0	0	0	0	0	0	0	0	0	1	0	0	0	-11	0	0	0	2
28:10:00	101400	0	0	0	-8	0	0	0	0	0	0	0	0	0	0	0	0	0	0	0	0	0	0	0	1	0	0	0	-11	0	0	0	2
28:15:00	101700	0	0	0	-8	0	0	0	0	0	0	0	0	0	0	0	0	0	0	0	0	0	0	0	1	0	0	0	-11	0	0	0	2
28:20:00	102000	0	0	0	-8	0	0	0	0	0	0	0	0	0	0	0	0	0	0	0	0	0	0	0	1	0	0	0	-11	0	0	0	2
28:25:00	102300	0	0	0	-8	0	0	0	0	0	0	0	0	0	0	0	0	0	0	0	0	0	0	0	1	0	0	0	-11	0	0	0	2
28:30:00	102600	0	0	0	-8	0	0	0	0	0	0	0	0	0	0	0	0	0	0	0	0	0	0	0	1	0	0	0	-11	0	0	0	2
28:35:00	102900	0	0	0	-8	0	0	0	0	0	0	0	0	0	0	0	0	0	0	0	0	0	0	0	1	0	0	0	-11	0	0	0	2
28:40:00	103200	0	0	0	-8	0	0	0	0	0	0	0	0	0	0	0	0	0	0	0	0	0	0	0	1	0	0	0	-11	0	0	0	2
28:45:00	103500	0	0	0	-8	0	0	0	0	0	0	0	0	0	0	0	0	0	0	0	0	0	0	0	1	0	0	0	-11	0	0	0	2
28:50:00	103800	0	0	0	-8	0	0	0	0	0	0	0	0	0	0	0	0	0	0	0	0	0	0	0	1	0	0	0	-11	0	0	0	2
28:55:00	104100	0	0	0	-8	0	0	0	0	0	0	0	0	0	0	0	0	0	0	0	0	0	0	0	1	0	0	0	-11	0	0	0	2
29:00:00	104400	0	1	0	-9	0	0	0	0	0	0	0	0	0	0	0	0	0	0	0	0	0	0	0	1	0	0	0	-11	0	1	0	1
29:05:00	104700	0	0	0	-9	0	0	0	0	0	0	0	0	0	0	0	0	0	0	0	0	0	0	0	1	0	0	0	-11	0	0	0	1
29:10:00	105000	0	0	0	-9	0	0	0	0	0	0	0	0	0	0	0	0	0	0	0	0	0	0	0	1	0	0	0	-11	0	0	0	1
29:15:00	105300	0	0	0	-9	0	0	0	0	0	0	0	0	0	0	0	0	0	0	0	0	0	0	0	1	0	0	0	-11	0	0	0	1
29:20:00	105600	0	0	0	-9	0	0	0	0	0	0	0	0	0	0	0	0	0	0	0	0	0	0	0	1	0	0	0	-11	0	0	0	1
29:25:00	105900	0	0	0	-9	0	0	0	0	0	0	0	0	0	0	0	0	0	0	0	0	0	0	0	1	0	0	0	-11	0	0	0	1
29:30:00	106200	0	0	0	-9	0	0	0	0	0	0	0	0	0	0	0	0	0	0	0	0	0	0	0	1	0	0	0	-11	0	0	0	1
29:35:00	106500	0	0	0	-9	0	0	0	0	0	0	0	0	0	0	0	0	0	0	0	0	0	0	0	1	0	0	0	-11	0	0	0	1
29:40:00	106800	0	0	0	-9	0	0	0	0	0	0	0	0	0	0	0	0	0	0	0	0	0	0	0	1	0	0	0	-11	0	0	0	1
29:45:00	107100	0	0	0	-9	0	0	0	0	0	0	0	0	0	0	0	0	0	0	0	0	0	0	0	1	0	0	0	-11	0	0	0	1
29:50:00	107400	0	0	0	-9	0	0	0	0	0	0	0	0	0	0	0	0	0	0	0	0	0	0	0	1	0	0	0	-11	0	0	0	1
29:55:00	107700	0	0	0	-9	0	0	0	0	0	0	0	0	0	0	0	0	0	0	0	0	0	0	0	1	0	0	0	-11	0	0	0	1
30:00:00	108000	0	0	2	-11	0	0	0	0	0	0	0	0	0	0	0	0	0	0	0	0	0	0	1	0	0	0	0	-11	0	0	1	0
30:05:00	108300	0	0	0	-11	0	0	0	0	0	0	0	0	0	0	0	0	0	0	0	0	0	0	0	0	0	0	0	-11	0	0	0	0
