time	time	departures_all	arrivals_all	stuck_all	en-route_all	departures_Shared-Bike	arrivals_Shared-Bike	stuck_Shared-Bike	en-route_Shared-Bike	departures_bike	arrivals_bike	stuck_bike	en-route_bike	departures_car	arrivals_car	stuck_car	en-route_car	departures_car_passenger	arrivals_car_passenger	stuck_car_passenger	en-route_car_passenger	departures_eScooter	arrivals_eScooter	stuck_eScooter	en-route_eScooter	departures_pt	arrivals_pt	stuck_pt	en-route_pt	departures_sharing:standardBikeShare	arrivals_sharing:standardBikeShare	stuck_sharing:standardBikeShare	en-route_sharing:standardBikeShare	departures_sharing:standardeScooter	arrivals_sharing:standardeScooter	stuck_sharing:standardeScooter	en-route_sharing:standardeScooter	departures_walk	arrivals_walk	stuck_walk	en-route_walk
00:00:00	0	0	0	0	0	0	0	0	0	0	0	0	0	0	0	0	0	0	0	0	0	0	0	0	0	0	0	0	0	0	0	0	0	0	0	0	0	0	0	0	0
00:05:00	300	0	0	0	0	0	0	0	0	0	0	0	0	0	0	0	0	0	0	0	0	0	0	0	0	0	0	0	0	0	0	0	0	0	0	0	0	0	0	0	0
00:10:00	600	0	0	0	0	0	0	0	0	0	0	0	0	0	0	0	0	0	0	0	0	0	0	0	0	0	0	0	0	0	0	0	0	0	0	0	0	0	0	0	0
00:15:00	900	0	0	0	0	0	0	0	0	0	0	0	0	0	0	0	0	0	0	0	0	0	0	0	0	0	0	0	0	0	0	0	0	0	0	0	0	0	0	0	0
00:20:00	1200	0	0	0	0	0	0	0	0	0	0	0	0	0	0	0	0	0	0	0	0	0	0	0	0	0	0	0	0	0	0	0	0	0	0	0	0	0	0	0	0
00:25:00	1500	0	0	0	0	0	0	0	0	0	0	0	0	0	0	0	0	0	0	0	0	0	0	0	0	0	0	0	0	0	0	0	0	0	0	0	0	0	0	0	0
00:30:00	1800	0	0	0	0	0	0	0	0	0	0	0	0	0	0	0	0	0	0	0	0	0	0	0	0	0	0	0	0	0	0	0	0	0	0	0	0	0	0	0	0
00:35:00	2100	0	0	0	0	0	0	0	0	0	0	0	0	0	0	0	0	0	0	0	0	0	0	0	0	0	0	0	0	0	0	0	0	0	0	0	0	0	0	0	0
00:40:00	2400	0	0	0	0	0	0	0	0	0	0	0	0	0	0	0	0	0	0	0	0	0	0	0	0	0	0	0	0	0	0	0	0	0	0	0	0	0	0	0	0
00:45:00	2700	0	0	0	0	0	0	0	0	0	0	0	0	0	0	0	0	0	0	0	0	0	0	0	0	0	0	0	0	0	0	0	0	0	0	0	0	0	0	0	0
00:50:00	3000	0	0	0	0	0	0	0	0	0	0	0	0	0	0	0	0	0	0	0	0	0	0	0	0	0	0	0	0	0	0	0	0	0	0	0	0	0	0	0	0
00:55:00	3300	0	0	0	0	0	0	0	0	0	0	0	0	0	0	0	0	0	0	0	0	0	0	0	0	0	0	0	0	0	0	0	0	0	0	0	0	0	0	0	0
01:00:00	3600	0	0	0	0	0	0	0	0	0	0	0	0	0	0	0	0	0	0	0	0	0	0	0	0	0	0	0	0	0	0	0	0	0	0	0	0	0	0	0	0
01:05:00	3900	0	0	0	0	0	0	0	0	0	0	0	0	0	0	0	0	0	0	0	0	0	0	0	0	0	0	0	0	0	0	0	0	0	0	0	0	0	0	0	0
01:10:00	4200	0	0	0	0	0	0	0	0	0	0	0	0	0	0	0	0	0	0	0	0	0	0	0	0	0	0	0	0	0	0	0	0	0	0	0	0	0	0	0	0
01:15:00	4500	0	0	0	0	0	0	0	0	0	0	0	0	0	0	0	0	0	0	0	0	0	0	0	0	0	0	0	0	0	0	0	0	0	0	0	0	0	0	0	0
01:20:00	4800	0	0	0	0	0	0	0	0	0	0	0	0	0	0	0	0	0	0	0	0	0	0	0	0	0	0	0	0	0	0	0	0	0	0	0	0	0	0	0	0
01:25:00	5100	0	0	0	0	0	0	0	0	0	0	0	0	0	0	0	0	0	0	0	0	0	0	0	0	0	0	0	0	0	0	0	0	0	0	0	0	0	0	0	0
01:30:00	5400	0	0	0	0	0	0	0	0	0	0	0	0	0	0	0	0	0	0	0	0	0	0	0	0	0	0	0	0	0	0	0	0	0	0	0	0	0	0	0	0
01:35:00	5700	0	0	0	0	0	0	0	0	0	0	0	0	0	0	0	0	0	0	0	0	0	0	0	0	0	0	0	0	0	0	0	0	0	0	0	0	0	0	0	0
01:40:00	6000	0	0	0	0	0	0	0	0	0	0	0	0	0	0	0	0	0	0	0	0	0	0	0	0	0	0	0	0	0	0	0	0	0	0	0	0	0	0	0	0
01:45:00	6300	0	0	0	0	0	0	0	0	0	0	0	0	0	0	0	0	0	0	0	0	0	0	0	0	0	0	0	0	0	0	0	0	0	0	0	0	0	0	0	0
01:50:00	6600	0	0	0	0	0	0	0	0	0	0	0	0	0	0	0	0	0	0	0	0	0	0	0	0	0	0	0	0	0	0	0	0	0	0	0	0	0	0	0	0
01:55:00	6900	0	0	0	0	0	0	0	0	0	0	0	0	0	0	0	0	0	0	0	0	0	0	0	0	0	0	0	0	0	0	0	0	0	0	0	0	0	0	0	0
02:00:00	7200	0	0	0	0	0	0	0	0	0	0	0	0	0	0	0	0	0	0	0	0	0	0	0	0	0	0	0	0	0	0	0	0	0	0	0	0	0	0	0	0
02:05:00	7500	0	0	0	0	0	0	0	0	0	0	0	0	0	0	0	0	0	0	0	0	0	0	0	0	0	0	0	0	0	0	0	0	0	0	0	0	0	0	0	0
02:10:00	7800	0	0	0	0	0	0	0	0	0	0	0	0	0	0	0	0	0	0	0	0	0	0	0	0	0	0	0	0	0	0	0	0	0	0	0	0	0	0	0	0
02:15:00	8100	0	0	0	0	0	0	0	0	0	0	0	0	0	0	0	0	0	0	0	0	0	0	0	0	0	0	0	0	0	0	0	0	0	0	0	0	0	0	0	0
02:20:00	8400	0	0	0	0	0	0	0	0	0	0	0	0	0	0	0	0	0	0	0	0	0	0	0	0	0	0	0	0	0	0	0	0	0	0	0	0	0	0	0	0
02:25:00	8700	0	0	0	0	0	0	0	0	0	0	0	0	0	0	0	0	0	0	0	0	0	0	0	0	0	0	0	0	0	0	0	0	0	0	0	0	0	0	0	0
02:30:00	9000	0	0	0	0	0	0	0	0	0	0	0	0	0	0	0	0	0	0	0	0	0	0	0	0	0	0	0	0	0	0	0	0	0	0	0	0	0	0	0	0
02:35:00	9300	0	0	0	0	0	0	0	0	0	0	0	0	0	0	0	0	0	0	0	0	0	0	0	0	0	0	0	0	0	0	0	0	0	0	0	0	0	0	0	0
02:40:00	9600	0	0	0	0	0	0	0	0	0	0	0	0	0	0	0	0	0	0	0	0	0	0	0	0	0	0	0	0	0	0	0	0	0	0	0	0	0	0	0	0
02:45:00	9900	0	0	0	0	0	0	0	0	0	0	0	0	0	0	0	0	0	0	0	0	0	0	0	0	0	0	0	0	0	0	0	0	0	0	0	0	0	0	0	0
02:50:00	10200	0	0	0	0	0	0	0	0	0	0	0	0	0	0	0	0	0	0	0	0	0	0	0	0	0	0	0	0	0	0	0	0	0	0	0	0	0	0	0	0
02:55:00	10500	0	0	0	0	0	0	0	0	0	0	0	0	0	0	0	0	0	0	0	0	0	0	0	0	0	0	0	0	0	0	0	0	0	0	0	0	0	0	0	0
03:00:00	10800	0	0	0	0	0	0	0	0	0	0	0	0	0	0	0	0	0	0	0	0	0	0	0	0	0	0	0	0	0	0	0	0	0	0	0	0	0	0	0	0
03:05:00	11100	0	0	0	0	0	0	0	0	0	0	0	0	0	0	0	0	0	0	0	0	0	0	0	0	0	0	0	0	0	0	0	0	0	0	0	0	0	0	0	0
03:10:00	11400	0	0	0	0	0	0	0	0	0	0	0	0	0	0	0	0	0	0	0	0	0	0	0	0	0	0	0	0	0	0	0	0	0	0	0	0	0	0	0	0
03:15:00	11700	0	0	0	0	0	0	0	0	0	0	0	0	0	0	0	0	0	0	0	0	0	0	0	0	0	0	0	0	0	0	0	0	0	0	0	0	0	0	0	0
03:20:00	12000	0	0	0	0	0	0	0	0	0	0	0	0	0	0	0	0	0	0	0	0	0	0	0	0	0	0	0	0	0	0	0	0	0	0	0	0	0	0	0	0
03:25:00	12300	0	0	0	0	0	0	0	0	0	0	0	0	0	0	0	0	0	0	0	0	0	0	0	0	0	0	0	0	0	0	0	0	0	0	0	0	0	0	0	0
03:30:00	12600	0	0	0	0	0	0	0	0	0	0	0	0	0	0	0	0	0	0	0	0	0	0	0	0	0	0	0	0	0	0	0	0	0	0	0	0	0	0	0	0
03:35:00	12900	0	0	0	0	0	0	0	0	0	0	0	0	0	0	0	0	0	0	0	0	0	0	0	0	0	0	0	0	0	0	0	0	0	0	0	0	0	0	0	0
03:40:00	13200	0	0	0	0	0	0	0	0	0	0	0	0	0	0	0	0	0	0	0	0	0	0	0	0	0	0	0	0	0	0	0	0	0	0	0	0	0	0	0	0
03:45:00	13500	0	0	0	0	0	0	0	0	0	0	0	0	0	0	0	0	0	0	0	0	0	0	0	0	0	0	0	0	0	0	0	0	0	0	0	0	0	0	0	0
03:50:00	13800	0	0	0	0	0	0	0	0	0	0	0	0	0	0	0	0	0	0	0	0	0	0	0	0	0	0	0	0	0	0	0	0	0	0	0	0	0	0	0	0
03:55:00	14100	0	0	0	0	0	0	0	0	0	0	0	0	0	0	0	0	0	0	0	0	0	0	0	0	0	0	0	0	0	0	0	0	0	0	0	0	0	0	0	0
04:00:00	14400	0	0	0	0	0	0	0	0	0	0	0	0	0	0	0	0	0	0	0	0	0	0	0	0	0	0	0	0	0	0	0	0	0	0	0	0	0	0	0	0
04:05:00	14700	0	0	0	0	0	0	0	0	0	0	0	0	0	0	0	0	0	0	0	0	0	0	0	0	0	0	0	0	0	0	0	0	0	0	0	0	0	0	0	0
04:10:00	15000	0	0	0	0	0	0	0	0	0	0	0	0	0	0	0	0	0	0	0	0	0	0	0	0	0	0	0	0	0	0	0	0	0	0	0	0	0	0	0	0
04:15:00	15300	0	0	0	0	0	0	0	0	0	0	0	0	0	0	0	0	0	0	0	0	0	0	0	0	0	0	0	0	0	0	0	0	0	0	0	0	0	0	0	0
04:20:00	15600	0	0	0	0	0	0	0	0	0	0	0	0	0	0	0	0	0	0	0	0	0	0	0	0	0	0	0	0	0	0	0	0	0	0	0	0	0	0	0	0
04:25:00	15900	0	0	0	0	0	0	0	0	0	0	0	0	0	0	0	0	0	0	0	0	0	0	0	0	0	0	0	0	0	0	0	0	0	0	0	0	0	0	0	0
04:30:00	16200	0	0	0	0	0	0	0	0	0	0	0	0	0	0	0	0	0	0	0	0	0	0	0	0	0	0	0	0	0	0	0	0	0	0	0	0	0	0	0	0
04:35:00	16500	0	0	0	0	0	0	0	0	0	0	0	0	0	0	0	0	0	0	0	0	0	0	0	0	0	0	0	0	0	0	0	0	0	0	0	0	0	0	0	0
04:40:00	16800	0	0	0	0	0	0	0	0	0	0	0	0	0	0	0	0	0	0	0	0	0	0	0	0	0	0	0	0	0	0	0	0	0	0	0	0	0	0	0	0
04:45:00	17100	0	0	0	0	0	0	0	0	0	0	0	0	0	0	0	0	0	0	0	0	0	0	0	0	0	0	0	0	0	0	0	0	0	0	0	0	0	0	0	0
04:50:00	17400	0	0	0	0	0	0	0	0	0	0	0	0	0	0	0	0	0	0	0	0	0	0	0	0	0	0	0	0	0	0	0	0	0	0	0	0	0	0	0	0
04:55:00	17700	0	0	0	0	0	0	0	0	0	0	0	0	0	0	0	0	0	0	0	0	0	0	0	0	0	0	0	0	0	0	0	0	0	0	0	0	0	0	0	0
05:00:00	18000	0	0	0	0	0	0	0	0	0	0	0	0	0	0	0	0	0	0	0	0	0	0	0	0	0	0	0	0	0	0	0	0	0	0	0	0	0	0	0	0
05:05:00	18300	0	0	0	0	0	0	0	0	0	0	0	0	0	0	0	0	0	0	0	0	0	0	0	0	0	0	0	0	0	0	0	0	0	0	0	0	0	0	0	0
05:10:00	18600	0	0	0	0	0	0	0	0	0	0	0	0	0	0	0	0	0	0	0	0	0	0	0	0	0	0	0	0	0	0	0	0	0	0	0	0	0	0	0	0
05:15:00	18900	0	0	0	0	0	0	0	0	0	0	0	0	0	0	0	0	0	0	0	0	0	0	0	0	0	0	0	0	0	0	0	0	0	0	0	0	0	0	0	0
05:20:00	19200	0	0	0	0	0	0	0	0	0	0	0	0	0	0	0	0	0	0	0	0	0	0	0	0	0	0	0	0	0	0	0	0	0	0	0	0	0	0	0	0
05:25:00	19500	0	0	0	0	0	0	0	0	0	0	0	0	0	0	0	0	0	0	0	0	0	0	0	0	0	0	0	0	0	0	0	0	0	0	0	0	0	0	0	0
05:30:00	19800	0	0	0	0	0	0	0	0	0	0	0	0	0	0	0	0	0	0	0	0	0	0	0	0	0	0	0	0	0	0	0	0	0	0	0	0	0	0	0	0
05:35:00	20100	0	0	0	0	0	0	0	0	0	0	0	0	0	0	0	0	0	0	0	0	0	0	0	0	0	0	0	0	0	0	0	0	0	0	0	0	0	0	0	0
05:40:00	20400	0	0	0	0	0	0	0	0	0	0	0	0	0	0	0	0	0	0	0	0	0	0	0	0	0	0	0	0	0	0	0	0	0	0	0	0	0	0	0	0
05:45:00	20700	0	0	0	0	0	0	0	0	0	0	0	0	0	0	0	0	0	0	0	0	0	0	0	0	0	0	0	0	0	0	0	0	0	0	0	0	0	0	0	0
05:50:00	21000	0	0	0	0	0	0	0	0	0	0	0	0	0	0	0	0	0	0	0	0	0	0	0	0	0	0	0	0	0	0	0	0	0	0	0	0	0	0	0	0
05:55:00	21300	0	0	0	0	0	0	0	0	0	0	0	0	0	0	0	0	0	0	0	0	0	0	0	0	0	0	0	0	0	0	0	0	0	0	0	0	0	0	0	0
06:00:00	21600	4	1	1	2	0	0	0	0	0	0	0	0	1	0	0	1	0	0	0	0	0	0	0	0	0	0	0	0	0	0	0	0	0	0	1	-1	3	1	0	2
06:05:00	21900	4	0	0	6	0	0	0	0	0	0	0	0	2	0	0	3	0	0	0	0	0	0	0	0	0	0	0	0	0	0	0	0	0	0	0	-1	2	0	0	4
06:10:00	22200	3	2	0	7	0	0	0	0	0	0	0	0	2	1	0	4	0	0	0	0	0	0	0	0	0	0	0	0	0	0	0	0	0	0	0	-1	1	1	0	4
06:15:00	22500	1	2	0	6	0	0	0	0	0	0	0	0	0	2	0	2	0	0	0	0	0	0	0	0	0	0	0	0	0	0	0	0	0	0	0	-1	1	0	0	5
06:20:00	22800	3	0	0	9	0	0	0	0	0	0	0	0	2	0	0	4	0	0	0	0	0	0	0	0	0	0	0	0	0	0	0	0	0	0	0	-1	1	0	0	6
06:25:00	23100	5	3	2	9	0	0	0	0	0	0	0	0	2	1	0	5	0	0	0	0	0	0	0	0	0	0	0	0	0	0	0	0	0	0	2	-3	3	2	0	7
06:30:00	23400	45	4	0	50	0	0	0	0	0	0	0	0	27	1	0	31	0	0	0	0	1	0	0	1	1	0	0	1	0	0	0	0	0	0	0	-3	16	3	0	20
06:35:00	23700	37	21	1	65	0	0	0	0	0	0	0	0	19	16	0	34	0	0	0	0	0	0	0	1	0	0	0	1	0	0	0	0	0	0	1	-4	18	5	0	33
06:40:00	24000	42	25	0	82	0	0	0	0	0	0	0	0	21	13	0	42	0	0	0	0	1	0	0	2	5	0	0	6	0	0	0	0	0	0	0	-4	15	12	0	36
06:45:00	24300	36	29	1	88	1	0	0	1	0	0	0	0	25	22	0	45	0	0	0	0	2	1	0	3	0	0	0	6	0	0	0	0	0	0	1	-5	8	6	0	38
06:50:00	24600	40	31	3	94	0	0	0	1	0	0	0	0	25	23	0	47	0	0	0	0	0	1	0	2	1	0	0	7	0	0	0	0	0	0	3	-8	14	7	0	45
06:55:00	24900	83	40	0	137	1	1	0	1	0	0	0	0	52	21	0	78	0	0	0	0	0	1	0	1	1	1	0	7	0	0	0	0	0	0	0	-8	29	16	0	58
07:00:00	25200	68	53	3	149	2	0	0	3	0	0	0	0	37	41	0	74	0	0	0	0	1	1	0	1	0	0	0	7	0	0	0	0	0	0	3	-11	28	11	0	75
07:05:00	25500	72	53	3	165	0	2	0	1	0	0	0	0	32	30	0	76	0	0	0	0	2	1	0	2	2	1	0	8	0	0	0	0	0	0	3	-14	36	19	0	92
07:10:00	25800	67	55	1	176	1	0	0	2	0	0	0	0	36	30	0	82	0	0	0	0	2	1	0	3	6	1	0	13	0	0	0	0	0	0	1	-15	22	23	0	91
07:15:00	26100	90	47	3	216	0	2	0	0	0	0	0	0	45	33	0	94	0	0	0	0	0	0	0	3	1	2	0	12	0	0	0	0	0	0	3	-18	44	10	0	125
07:20:00	26400	95	72	4	235	1	1	0	0	0	0	0	0	49	41	0	102	0	0	0	0	3	3	0	3	10	1	0	21	0	0	0	0	0	0	4	-22	32	26	0	131
07:25:00	26700	116	74	7	270	1	0	0	1	0	0	0	0	64	38	0	128	0	0	0	0	0	1	0	2	12	1	0	32	0	0	2	-2	0	0	5	-27	39	34	0	136
07:30:00	27000	70	79	4	257	0	0	0	1	0	0	0	0	42	55	0	115	0	0	0	0	1	0	0	3	4	3	0	33	0	0	0	-2	0	0	4	-31	23	21	0	138
07:35:00	27300	96	95	2	256	1	1	0	1	0	0	0	0	47	59	0	103	0	0	0	0	0	2	0	1	3	9	0	27	0	0	0	-2	0	0	2	-33	45	24	0	159
07:40:00	27600	94	72	5	273	1	0	0	2	0	0	0	0	52	39	0	116	0	0	0	0	1	1	0	1	6	2	0	31	0	0	0	-2	0	0	5	-38	34	30	0	163
07:45:00	27900	92	85	8	272	0	0	0	2	0	0	0	0	47	50	0	113	0	0	0	0	0	1	0	0	6	1	0	36	0	0	1	-3	0	0	7	-45	39	33	0	169
07:50:00	28200	113	74	4	307	1	2	0	1	0	0	0	0	54	41	0	126	0	0	0	0	0	0	0	0	8	5	0	39	0	0	0	-3	0	0	4	-49	50	26	0	193
07:55:00	28500	119	105	7	314	0	1	0	0	0	0	0	0	56	61	0	121	12	1	0	11	4	0	0	4	5	3	0	41	0	0	0	-3	0	0	7	-56	42	39	0	196
08:00:00	28800	134	115	2	331	1	1	0	0	0	0	0	0	61	66	0	116	24	7	0	28	1	1	0	4	7	6	0	42	0	0	1	-4	0	0	1	-57	40	34	0	202
08:05:00	29100	104	88	3	344	0	0	0	0	0	0	0	0	54	50	0	120	17	10	0	35	0	0	0	4	3	2	0	43	0	0	0	-4	0	0	3	-60	30	26	0	206
08:10:00	29400	133	110	3	364	0	0	0	0	0	0	0	0	61	62	0	119	26	16	0	45	1	1	0	4	5	7	0	41	0	0	0	-4	0	0	3	-63	40	24	0	222
08:15:00	29700	105	102	3	364	1	0	0	1	0	0	0	0	34	42	0	111	14	17	0	42	4	2	0	6	4	0	0	45	0	0	0	-4	0	0	3	-66	48	41	0	229
08:20:00	30000	111	103	6	366	0	1	0	0	0	0	0	0	51	47	0	115	16	16	0	42	2	2	0	6	7	4	0	48	0	0	0	-4	0	0	6	-72	35	33	0	231
08:25:00	30300	117	101	1	381	1	0	0	1	0	0	0	0	48	54	0	109	20	13	0	49	1	5	0	2	2	5	0	45	0	0	0	-4	0	0	1	-73	45	24	0	252
08:30:00	30600	99	105	7	368	1	1	0	1	0	0	0	0	30	39	0	100	21	16	0	54	1	1	0	2	8	5	0	48	0	0	0	-4	0	0	7	-80	38	43	0	247
08:35:00	30900	78	94	6	346	1	2	0	0	0	0	0	0	31	45	0	86	8	20	0	42	0	0	0	2	5	4	0	49	0	0	0	-4	0	0	6	-86	33	23	0	257
08:40:00	31200	96	87	3	352	0	0	0	0	0	0	0	0	33	36	0	83	24	16	0	50	1	2	0	1	8	4	0	53	0	0	0	-4	0	0	3	-89	30	29	0	258
08:45:00	31500	102	71	2	381	0	0	0	0	0	0	0	0	38	31	0	90	39	14	0	75	1	0	0	2	6	1	0	58	0	0	0	-4	0	0	2	-91	18	25	0	251
08:50:00	31800	72	82	3	368	0	0	0	0	0	0	0	0	30	37	0	83	13	23	0	65	0	1	0	1	4	0	0	62	0	0	0	-4	0	0	3	-94	25	21	0	255
08:55:00	32100	79	79	2	366	0	0	0	0	0	0	0	0	30	31	0	82	18	19	0	64	1	1	0	1	7	4	0	65	0	0	0	-4	0	0	2	-96	23	24	0	254
09:00:00	32400	88	84	4	366	0	0	0	0	0	0	0	0	42	32	0	92	4	16	0	52	0	0	0	1	8	4	0	69	0	0	0	-4	0	0	4	-100	34	32	0	256
09:05:00	32700	72	86	5	347	0	0	0	0	0	0	0	0	31	35	0	88	6	12	0	46	1	0	0	2	5	6	0	68	0	0	0	-4	0	0	5	-105	29	33	0	252
09:10:00	33000	51	72	6	320	0	0	0	0	0	0	0	0	26	35	0	79	3	13	0	36	2	1	0	3	2	0	0	70	0	0	0	-4	0	0	6	-111	18	23	0	247
09:15:00	33300	61	75	1	305	0	0	0	0	0	0	0	0	31	34	0	76	2	10	0	28	0	2	0	1	7	1	0	76	0	0	0	-4	0	0	1	-112	21	28	0	240
09:20:00	33600	47	73	5	274	0	0	0	0	0	0	0	0	20	35	0	61	2	10	0	20	2	0	0	3	6	2	0	80	0	0	0	-4	0	0	5	-117	17	26	0	231
09:25:00	33900	61	70	2	263	0	0	0	0	0	0	0	0	20	26	0	55	4	2	0	22	0	0	0	3	0	19	0	61	0	0	0	-4	0	0	2	-119	37	23	0	245
09:30:00	34200	50	69	5	239	0	0	0	0	0	0	0	0	23	18	0	60	1	8	0	15	0	3	0	0	0	5	0	56	0	0	0	-4	0	0	5	-124	26	35	0	236
09:35:00	34500	52	62	2	227	1	0	0	1	0	0	0	0	22	33	0	49	8	5	0	18	0	0	0	0	5	1	0	60	0	0	0	-4	0	0	2	-126	16	23	0	229
09:40:00	34800	44	60	1	210	0	1	0	0	0	0	0	0	20	23	0	46	2	5	0	15	0	0	0	0	1	4	0	57	0	0	0	-4	0	0	1	-127	21	27	0	223
09:45:00	35100	40	57	1	192	0	0	0	0	0	0	0	0	22	28	0	40	0	5	0	10	0	0	0	0	2	2	0	57	0	0	0	-4	0	0	1	-128	16	22	0	217
09:50:00	35400	43	47	4	184	0	0	0	0	0	0	0	0	19	16	0	43	0	4	0	6	0	0	0	0	5	0	0	62	0	0	0	-4	0	0	4	-132	19	27	0	209
09:55:00	35700	47	49	5	177	0	0	0	0	0	0	0	0	27	24	0	46	0	2	0	4	0	0	0	0	0	0	0	62	0	0	0	-4	0	0	5	-137	20	23	0	206
10:00:00	36000	80	69	8	180	0	0	0	0	0	0	0	0	36	26	0	56	0	2	0	2	0	0	0	0	3	11	0	54	0	0	0	-4	0	0	8	-145	41	30	0	217
10:05:00	36300	58	64	4	170	0	0	0	0	0	0	0	0	28	31	0	53	0	1	0	1	0	0	0	0	0	3	0	51	0	0	0	-4	0	0	4	-149	30	29	0	218
10:10:00	36600	86	82	5	169	0	0	0	0	0	0	0	0	39	32	0	60	0	1	0	0	0	0	0	0	2	5	0	48	0	0	0	-4	0	0	5	-154	45	44	0	219
10:15:00	36900	63	70	3	159	0	0	0	0	0	0	0	0	31	29	0	62	0	0	0	0	1	0	0	1	1	2	0	47	0	0	1	-5	0	0	2	-156	30	39	0	210
10:20:00	37200	71	75	6	149	0	0	0	0	0	0	0	0	37	37	0	62	0	0	0	0	0	0	0	1	2	0	0	49	0	0	0	-5	0	0	6	-162	32	38	0	204
10:25:00	37500	75	76	1	147	1	0	0	1	0	0	0	0	45	41	0	66	0	0	0	0	0	0	0	1	2	3	0	48	0	0	0	-5	0	0	1	-163	27	32	0	199
10:30:00	37800	64	75	5	131	0	0	0	1	0	0	0	0	36	34	0	68	0	0	0	0	1	1	0	1	1	2	0	47	0	0	0	-5	0	0	5	-168	26	38	0	187
10:35:00	38100	47	68	2	108	0	0	0	1	0	0	0	0	19	38	0	49	2	1	0	1	0	1	0	0	3	1	0	49	0	0	0	-5	0	0	2	-170	23	27	0	183
10:40:00	38400	56	52	3	109	0	0	0	1	0	0	0	0	22	23	0	48	1	1	0	1	1	0	0	1	1	1	0	49	0	0	0	-5	0	0	3	-173	31	27	0	187
10:45:00	38700	69	71	0	107	0	1	0	0	0	0	0	0	30	30	0	48	3	0	0	4	0	1	0	0	2	5	0	46	0	0	0	-5	0	0	0	-173	34	34	0	187
10:50:00	39000	48	55	4	96	0	0	0	0	0	0	0	0	20	21	0	47	0	3	0	1	0	0	0	0	2	1	0	47	0	0	0	-5	0	0	4	-177	26	30	0	183
10:55:00	39300	44	61	3	76	0	0	0	0	0	0	0	0	16	21	0	42	2	0	0	3	0	0	0	0	1	1	0	47	0	0	0	-5	0	0	3	-180	25	39	0	169
11:00:00	39600	55	58	3	70	0	0	0	0	0	0	0	0	21	23	0	40	4	1	0	6	0	0	0	0	1	1	0	47	0	0	1	-6	0	0	2	-182	29	33	0	165
11:05:00	39900	80	69	3	78	0	0	0	0	0	0	0	0	30	17	0	53	1	1	0	6	1	0	0	1	9	9	0	47	0	0	1	-7	0	0	2	-184	39	42	0	162
11:10:00	40200	75	53	3	97	1	0	0	1	0	0	0	0	35	22	0	66	2	1	0	7	1	0	0	2	2	2	0	47	0	0	1	-8	0	0	2	-186	34	28	0	168
11:15:00	40500	63	61	1	98	0	1	0	0	0	0	0	0	28	32	0	62	10	3	0	14	0	1	0	1	2	2	0	47	0	0	0	-8	0	0	1	-187	23	22	0	169
11:20:00	40800	66	64	1	99	1	1	0	0	0	0	0	0	24	27	0	59	2	2	0	14	1	0	0	2	5	1	0	51	0	0	0	-8	0	0	1	-188	33	33	0	169
11:25:00	41100	71	72	2	96	0	0	0	0	0	0	0	0	33	32	0	60	3	3	0	14	0	1	0	1	0	1	0	50	0	0	0	-8	0	0	2	-190	35	35	0	169
11:30:00	41400	85	75	5	101	0	0	0	0	0	0	0	0	39	25	0	74	1	5	0	10	3	1	0	3	2	3	0	49	0	0	2	-10	0	0	3	-193	40	41	0	168
11:35:00	41700	90	86	1	104	1	1	0	0	0	0	0	0	34	36	0	72	3	3	0	10	2	2	0	3	7	8	0	48	0	0	0	-10	0	0	1	-194	43	36	0	175
11:40:00	42000	87	85	2	104	0	0	0	0	0	0	0	0	33	30	0	75	0	4	0	6	1	2	0	2	4	15	0	37	0	0	0	-10	0	0	2	-196	49	34	0	190
11:45:00	42300	82	95	6	85	0	0	0	0	0	0	0	0	33	37	0	71	3	4	0	5	1	3	0	0	6	4	0	39	0	0	1	-11	0	0	5	-201	39	47	0	182
11:50:00	42600	89	72	5	97	1	1	0	0	0	0	0	0	38	27	0	82	5	2	0	8	3	0	0	3	3	0	0	42	0	0	0	-11	0	0	5	-206	39	42	0	179
11:55:00	42900	95	83	4	105	0	0	0	0	0	0	0	0	44	36	0	90	1	1	0	8	0	0	0	3	4	5	0	41	0	0	1	-12	0	0	3	-209	46	41	0	184
12:00:00	43200	75	85	2	93	2	0	0	2	0	0	0	0	44	48	0	86	2	2	0	8	1	1	0	3	0	0	0	41	0	0	0	-12	0	0	2	-211	26	34	0	176
12:05:00	43500	61	73	3	78	2	0	0	4	0	0	0	0	27	35	0	78	8	5	0	11	2	2	0	3	1	0	0	42	0	0	0	-12	0	0	3	-214	21	31	0	166
12:10:00	43800	53	46	2	83	1	1	0	4	0	0	0	0	35	29	0	84	2	0	0	13	0	1	0	2	1	0	0	43	0	0	1	-13	0	0	1	-215	14	15	0	165
12:15:00	44100	50	77	3	53	0	3	0	1	0	0	0	0	27	40	0	71	1	3	0	11	0	2	0	0	2	3	0	42	0	0	1	-14	0	0	2	-217	20	26	0	159
12:20:00	44400	44	56	4	37	0	1	0	0	0	0	0	0	22	35	0	58	0	3	0	8	1	0	0	1	0	1	0	41	0	0	1	-15	0	0	3	-220	21	16	0	164
12:25:00	44700	55	53	2	37	0	0	0	0	0	0	0	0	35	30	0	63	0	3	0	5	1	1	0	1	1	4	0	38	0	0	0	-15	0	0	2	-222	18	15	0	167
12:30:00	45000	40	38	2	37	0	0	0	0	0	0	0	0	21	24	0	60	0	1	0	4	2	0	0	3	2	1	0	39	0	0	0	-15	0	0	2	-224	15	12	0	170
12:35:00	45300	24	39	1	21	0	0	0	0	0	0	0	0	9	23	0	46	0	2	0	2	0	0	0	3	2	4	0	37	0	0	0	-15	0	0	1	-225	13	10	0	173
12:40:00	45600	32	31	1	21	0	0	0	0	0	0	0	0	19	16	0	49	0	1	0	1	0	1	0	2	2	0	0	39	0	0	0	-15	0	0	1	-226	11	13	0	171
12:45:00	45900	54	44	2	29	0	0	0	0	0	0	0	0	23	20	0	52	0	0	0	1	4	0	0	6	5	0	0	44	0	0	0	-15	0	0	2	-228	22	24	0	169
12:50:00	46200	33	36	3	23	0	0	0	0	0	0	0	0	16	18	0	50	0	1	0	0	2	3	0	5	3	0	0	47	0	0	1	-16	0	0	2	-230	12	14	0	167
12:55:00	46500	34	37	3	17	0	0	0	0	0	0	0	0	19	24	0	45	0	0	0	0	0	1	0	4	1	1	0	47	0	0	1	-17	0	0	2	-232	14	11	0	170
13:00:00	46800	6	27	1	-5	0	0	0	0	0	0	0	0	0	18	0	27	0	0	0	0	0	1	0	3	1	1	0	47	0	0	0	-17	0	0	1	-233	5	7	0	168
13:05:00	47100	4	24	0	-25	1	0	0	1	0	0	0	0	1	16	0	12	0	0	0	0	0	1	0	2	0	0	0	47	0	0	0	-17	0	0	0	-233	2	7	0	163
13:10:00	47400	3	13	0	-35	0	0	0	1	0	0	0	0	0	3	0	9	0	0	0	0	0	0	0	2	2	0	0	49	0	0	0	-17	0	0	0	-233	1	10	0	154
13:15:00	47700	15	8	0	-28	0	0	0	1	0	0	0	0	9	6	0	12	0	0	0	0	0	0	0	2	1	0	0	50	0	0	0	-17	0	0	0	-233	5	2	0	157
13:20:00	48000	17	21	0	-32	0	1	0	0	0	0	0	0	4	5	0	11	0	0	0	0	0	0	0	2	1	4	0	47	0	0	0	-17	0	0	0	-233	12	11	0	158
13:25:00	48300	17	20	1	-36	0	0	0	0	0	0	0	0	3	4	0	10	0	0	0	0	1	1	0	2	1	4	0	44	0	0	0	-17	0	0	1	-234	12	11	0	159
13:30:00	48600	47	20	2	-11	0	0	0	0	0	0	0	0	34	5	0	39	1	0	0	1	0	0	0	2	2	1	0	45	0	0	0	-17	0	0	2	-236	10	14	0	155
13:35:00	48900	52	43	1	-3	0	0	0	0	0	0	0	0	26	28	0	37	5	0	0	6	0	1	0	1	1	5	0	41	0	0	1	-18	0	0	0	-236	20	9	0	166
13:40:00	49200	53	51	1	-2	0	0	0	0	0	0	0	0	24	23	0	38	5	2	0	9	2	1	0	2	0	4	0	37	0	0	0	-18	0	0	1	-237	22	21	0	167
13:45:00	49500	53	39	1	11	0	0	0	0	0	0	0	0	25	18	0	45	2	3	0	8	1	1	0	2	1	1	0	37	0	0	0	-18	0	0	1	-238	24	16	0	175
13:50:00	49800	86	49	2	46	1	0	0	1	0	0	0	0	42	20	0	67	15	7	0	16	0	0	0	2	6	1	0	42	0	0	0	-18	0	0	2	-240	22	21	0	176
13:55:00	50100	99	63	2	80	0	1	0	0	0	0	0	0	60	34	0	93	12	5	0	23	1	2	0	1	2	1	0	43	0	0	1	-19	0	0	1	-241	24	20	0	180
14:00:00	50400	73	74	3	76	0	0	0	0	0	0	0	0	34	42	0	85	3	9	0	17	0	0	0	1	3	0	0	46	0	0	0	-19	0	0	3	-244	33	23	0	190
14:05:00	50700	77	83	1	69	2	0	0	2	0	0	0	0	28	41	0	72	9	6	0	20	0	0	0	1	3	0	0	49	0	0	0	-19	0	0	1	-245	35	36	0	189
14:10:00	51000	76	63	2	80	0	0	0	2	0	0	0	0	39	28	0	83	14	11	0	23	1	0	0	2	4	0	0	53	0	0	0	-19	0	0	2	-247	18	24	0	183
14:15:00	51300	63	62	0	81	0	0	0	2	0	0	0	0	30	34	0	79	8	9	0	22	1	0	0	3	4	2	0	55	0	0	0	-19	0	0	0	-247	20	17	0	186
14:20:00	51600	83	75	0	89	0	2	0	0	0	0	0	0	27	27	0	79	14	8	0	28	0	1	0	2	8	7	0	56	0	0	0	-19	0	0	0	-247	34	30	0	190
14:25:00	51900	75	69	1	94	0	0	0	0	0	0	0	0	39	39	0	79	16	11	0	33	1	1	0	2	3	1	0	58	0	0	0	-19	0	0	1	-248	16	17	0	189
14:30:00	52200	48	65	4	73	0	0	0	0	0	0	0	0	15	29	0	65	12	13	0	32	1	0	0	3	3	0	0	61	0	0	0	-19	0	0	4	-252	17	23	0	183
14:35:00	52500	76	74	3	72	0	0	0	0	0	0	0	0	35	28	0	72	4	12	0	24	0	2	0	1	2	3	0	60	0	0	0	-19	0	0	3	-255	35	29	0	189
14:40:00	52800	56	74	2	52	2	0	0	2	0	0	0	0	19	36	0	55	8	7	0	25	0	0	0	1	1	4	0	57	0	0	0	-19	0	0	2	-257	26	27	0	188
14:45:00	53100	52	65	3	36	0	1	0	1	0	0	0	0	18	19	0	54	9	14	0	20	0	1	0	0	1	12	0	46	0	0	1	-20	0	0	2	-259	24	18	0	194
14:50:00	53400	55	69	2	20	0	1	0	0	0	0	0	0	26	33	0	47	3	6	0	17	0	0	0	0	3	2	0	47	0	0	0	-20	0	0	2	-261	23	27	0	190
14:55:00	53700	52	61	3	8	0	0	0	0	0	0	0	0	15	20	0	42	8	5	0	20	2	0	0	2	1	5	0	43	0	0	0	-20	0	0	3	-264	26	31	0	185
15:00:00	54000	45	53	1	-1	0	0	0	0	0	0	0	0	20	19	0	43	3	10	0	13	1	1	0	2	0	4	0	39	0	0	0	-20	0	0	1	-265	21	19	0	187
15:05:00	54300	54	52	2	-1	0	0	0	0	0	0	0	0	23	26	0	40	1	4	0	10	1	0	0	3	1	1	0	39	0	0	0	-20	0	0	2	-267	28	21	0	194
15:10:00	54600	50	61	1	-13	0	0	0	0	0	0	0	0	24	22	0	42	0	4	0	6	2	3	0	2	1	0	0	40	0	0	0	-20	0	0	1	-268	23	32	0	185
15:15:00	54900	53	44	0	-4	0	0	0	0	0	0	0	0	27	17	0	52	1	2	0	5	1	2	0	1	1	0	0	41	0	0	0	-20	0	0	0	-268	23	23	0	185
15:20:00	55200	54	54	2	-6	0	0	0	0	0	0	0	0	28	23	0	57	1	1	0	5	1	1	0	1	2	0	0	43	0	0	0	-20	0	0	2	-270	22	29	0	178
15:25:00	55500	46	50	1	-11	1	0	0	1	0	0	0	0	25	29	0	53	0	0	0	5	1	0	0	2	1	0	0	44	0	0	0	-20	0	0	1	-271	18	21	0	175
15:30:00	55800	76	59	4	2	0	1	0	0	0	0	0	0	38	26	0	65	0	1	0	4	1	1	0	2	3	1	0	46	0	0	0	-20	0	0	4	-275	34	29	0	180
15:35:00	56100	95	61	3	33	1	0	0	1	0	0	0	0	43	28	0	80	0	0	0	4	0	1	0	1	2	2	0	46	0	0	0	-20	0	0	3	-278	49	30	0	199
15:40:00	56400	104	99	8	30	0	0	0	1	0	0	0	0	48	46	0	82	0	1	0	3	2	1	0	2	3	1	0	48	0	0	0	-20	0	0	8	-286	51	50	0	200
15:45:00	56700	72	88	9	5	0	0	0	1	1	0	0	1	36	40	0	78	0	1	0	2	0	1	0	1	4	2	0	50	0	0	0	-20	0	0	9	-295	31	44	0	187
15:50:00	57000	85	70	6	14	0	1	0	0	0	1	0	0	37	35	0	80	0	0	0	2	3	0	0	4	2	0	0	52	0	0	0	-20	0	0	6	-301	43	33	0	197
15:55:00	57300	66	89	5	-14	0	0	0	0	0	0	0	0	20	40	0	60	0	0	0	2	1	1	0	4	3	6	0	49	0	0	1	-21	0	0	4	-305	42	42	0	197
16:00:00	57600	94	77	2	1	0	0	0	0	0	0	0	0	31	27	0	64	21	0	0	23	2	3	0	3	4	5	0	48	0	0	0	-21	0	0	2	-307	36	42	0	191
16:05:00	57900	77	62	1	15	0	0	0	0	0	0	0	0	28	30	0	62	19	7	0	35	0	1	0	2	0	2	0	46	0	0	0	-21	0	0	1	-308	30	22	0	199
16:10:00	58200	71	86	2	-2	0	0	0	0	0	0	0	0	25	29	0	58	18	17	0	36	0	1	0	1	3	0	0	49	0	0	0	-21	0	0	2	-310	25	39	0	185
16:15:00	58500	78	79	3	-6	0	0	0	0	0	0	0	0	21	30	0	49	16	12	0	40	0	0	0	1	4	6	0	47	0	0	0	-21	0	0	3	-313	37	31	0	191
16:20:00	58800	93	81	5	1	1	0	0	1	0	0	0	0	37	27	0	59	17	12	0	45	0	0	0	1	1	1	0	47	0	0	0	-21	0	0	5	-318	37	41	0	187
16:25:00	59100	102	83	6	14	0	1	0	0	0	0	0	0	35	23	0	71	28	21	0	52	1	0	0	2	2	3	0	46	0	0	0	-21	0	0	6	-324	36	35	0	188
16:30:00	59400	111	83	4	38	0	0	0	0	0	0	0	0	36	34	0	73	30	12	0	70	1	1	0	2	3	3	0	46	0	0	0	-21	0	0	4	-328	41	33	0	196
16:35:00	59700	124	92	3	67	0	0	0	0	1	0	0	1	39	26	0	86	28	25	0	73	2	1	0	3	3	2	0	47	0	0	0	-21	0	0	3	-331	51	38	0	209
16:40:00	60000	125	122	3	67	0	0	0	0	0	0	0	1	51	41	0	96	19	24	0	68	1	1	0	3	5	8	0	44	0	0	0	-21	0	0	3	-334	49	48	0	210
16:45:00	60300	93	102	9	49	0	0	0	0	0	0	0	1	24	39	0	81	29	21	0	76	0	1	0	2	3	5	0	42	0	0	1	-22	0	0	8	-342	37	36	0	211
16:50:00	60600	141	108	3	79	0	0	0	0	0	0	0	1	50	39	0	92	45	29	0	92	1	1	0	2	3	3	0	42	0	0	0	-22	0	0	3	-345	42	36	0	217
16:55:00	60900	116	110	3	82	0	0	0	0	0	0	0	1	40	42	0	90	33	29	0	96	1	1	0	2	5	1	0	46	0	0	0	-22	0	0	3	-348	37	37	0	217
17:00:00	61200	144	119	3	104	0	0	0	0	0	1	0	0	75	38	0	127	19	28	0	87	1	1	0	2	5	7	0	44	0	0	0	-22	0	0	3	-351	44	44	0	217
17:05:00	61500	148	118	6	128	1	0	0	1	0	0	0	0	75	56	0	146	12	22	0	77	0	0	0	2	4	6	0	42	0	0	0	-22	0	0	6	-357	56	34	0	239
17:10:00	61800	127	132	5	118	0	0	0	1	0	0	0	0	66	65	0	147	16	21	0	72	2	1	0	3	2	2	0	42	0	0	0	-22	0	0	5	-362	41	43	0	237
17:15:00	62100	148	135	4	127	2	2	0	1	0	0	0	0	68	64	0	151	26	21	0	77	0	0	0	3	4	6	0	40	0	0	0	-22	0	0	4	-366	48	42	0	243
17:20:00	62400	151	135	8	135	0	1	0	0	0	0	0	0	75	61	0	165	14	23	0	68	1	0	0	4	4	1	0	43	0	0	0	-22	0	0	8	-374	57	49	0	251
17:25:00	62700	98	145	7	81	0	0	0	0	0	0	0	0	43	68	0	140	1	25	0	44	1	0	0	5	5	3	0	45	0	0	0	-22	0	0	7	-381	48	49	0	250
17:30:00	63000	71	104	2	46	0	0	0	0	0	0	0	0	43	56	0	127	1	11	0	34	1	2	0	4	2	5	0	42	0	0	0	-22	0	0	2	-383	24	30	0	244
17:35:00	63300	77	80	2	41	0	0	0	0	0	0	0	0	37	47	0	117	2	8	0	28	1	0	0	5	7	1	0	48	0	0	0	-22	0	0	2	-385	30	24	0	250
17:40:00	63600	51	70	1	21	0	0	0	0	0	0	0	0	17	39	0	95	1	4	0	25	0	0	0	5	10	3	0	55	0	0	0	-22	0	0	1	-386	23	24	0	249
17:45:00	63900	95	79	0	37	0	0	0	0	0	0	0	0	67	48	0	114	1	2	0	24	0	1	0	4	2	3	0	54	0	0	0	-22	0	0	0	-386	25	25	0	249
17:50:00	64200	82	79	6	34	1	0	0	1	0	0	0	0	41	43	0	112	1	6	0	19	2	1	0	5	3	2	0	55	0	0	0	-22	0	0	6	-392	34	27	0	256
17:55:00	64500	86	89	3	28	0	1	0	0	0	0	0	0	47	40	0	119	0	3	0	16	2	2	0	5	9	6	0	58	0	0	0	-22	0	0	3	-395	28	37	0	247
18:00:00	64800	57	85	4	-4	0	0	0	0	0	0	0	0	37	54	0	102	1	1	0	16	0	2	0	3	1	1	0	58	0	0	0	-22	0	0	4	-399	18	27	0	238
18:05:00	65100	63	71	3	-15	0	0	0	0	0	0	0	0	30	35	0	97	0	2	0	14	1	1	0	3	3	10	0	51	0	0	0	-22	0	0	3	-402	29	23	0	244
18:10:00	65400	40	72	2	-49	0	0	0	0	0	0	0	0	23	40	0	80	1	1	0	14	0	0	0	3	2	5	0	48	0	0	0	-22	0	0	2	-404	14	26	0	232
18:15:00	65700	42	74	3	-84	0	0	0	0	0	0	0	0	21	41	0	60	0	1	0	13	1	3	0	1	2	6	0	44	0	0	0	-22	0	0	3	-407	18	23	0	227
18:20:00	66000	57	60	2	-89	0	0	0	0	0	0	0	0	30	21	0	69	0	2	0	11	1	0	0	2	0	9	0	35	0	0	0	-22	0	0	2	-409	26	28	0	225
18:25:00	66300	38	53	5	-109	0	0	0	0	0	0	0	0	20	29	0	60	0	1	0	10	0	0	0	2	0	6	0	29	0	0	0	-22	0	0	5	-414	18	17	0	226
18:30:00	66600	36	44	4	-121	0	0	0	0	0	0	0	0	18	20	0	58	1	2	0	9	0	0	0	2	2	4	0	27	0	0	0	-22	0	0	4	-418	15	18	0	223
18:35:00	66900	53	52	2	-122	0	0	0	0	0	0	0	0	30	29	0	59	0	2	0	7	0	0	0	2	0	2	0	25	0	0	0	-22	0	0	2	-420	23	19	0	227
18:40:00	67200	24	47	2	-147	0	0	0	0	0	0	0	0	10	22	0	47	0	1	0	6	1	3	0	0	1	1	0	25	0	0	0	-22	0	0	2	-422	12	20	0	219
18:45:00	67500	29	44	2	-164	0	0	0	0	0	0	0	0	18	21	0	44	0	2	0	4	0	0	0	0	2	2	0	25	0	0	0	-22	0	0	2	-424	9	19	0	209
18:50:00	67800	17	32	1	-180	0	0	0	0	0	0	0	0	7	14	0	37	0	0	0	4	0	0	0	0	0	7	0	18	0	0	0	-22	0	0	1	-425	10	11	0	208
18:55:00	68100	27	32	1	-186	0	0	0	0	0	0	0	0	15	14	0	38	0	0	0	4	1	0	0	1	0	0	0	18	0	0	0	-22	0	0	1	-426	11	18	0	201
19:00:00	68400	54	35	3	-170	0	0	0	0	0	0	0	0	37	15	0	60	0	0	0	4	0	0	0	1	1	6	0	13	0	0	0	-22	0	0	3	-429	16	14	0	203
19:05:00	68700	67	44	3	-150	0	0	0	0	0	0	0	0	45	21	0	84	0	0	0	4	0	1	0	0	1	0	0	14	0	0	0	-22	0	0	3	-432	21	22	0	202
19:10:00	69000	61	61	2	-152	0	0	0	0	0	0	0	0	40	37	0	87	0	1	0	3	1	0	0	1	0	1	0	13	0	0	0	-22	0	0	2	-434	20	22	0	200
19:15:00	69300	46	65	4	-175	1	1	0	0	0	0	0	0	28	38	0	77	0	0	0	3	2	0	0	3	0	3	0	10	0	0	1	-23	0	0	3	-437	15	23	0	192
19:20:00	69600	48	56	4	-187	0	0	0	0	0	0	0	0	31	34	0	74	0	0	0	3	1	1	0	3	1	0	0	11	0	0	0	-23	0	0	4	-441	15	21	0	186
19:25:00	69900	78	53	6	-168	1	0	0	1	0	0	0	0	48	28	0	94	0	0	0	3	2	0	0	5	0	1	0	10	0	0	0	-23	0	0	6	-447	27	24	0	189
19:30:00	70200	59	58	5	-172	0	1	0	0	0	0	0	0	35	37	0	92	0	0	0	3	1	2	0	4	2	1	0	11	0	0	0	-23	0	0	5	-452	21	17	0	193
19:35:00	70500	34	52	1	-191	0	0	0	0	0	0	0	0	21	39	0	74	0	0	0	3	1	2	0	3	0	2	0	9	0	0	0	-23	0	0	1	-453	12	9	0	196
19:40:00	70800	34	42	0	-199	0	0	0	0	0	0	0	0	22	28	0	68	0	1	0	2	1	1	0	3	1	0	0	10	0	0	0	-23	0	0	0	-453	10	12	0	194
19:45:00	71100	60	49	5	-193	0	0	0	0	0	0	0	0	39	32	0	75	0	0	0	2	1	2	0	2	1	1	0	10	0	0	0	-23	0	0	5	-458	19	14	0	199
19:50:00	71400	35	54	2	-214	0	0	0	0	0	0	0	0	27	30	0	72	0	0	0	2	0	2	0	0	0	0	0	10	0	0	0	-23	0	0	2	-460	8	22	0	185
19:55:00	71700	41	51	1	-225	0	0	0	0	0	0	0	0	29	39	0	62	0	0	0	2	0	0	0	0	0	1	0	9	0	0	0	-23	0	0	1	-461	12	11	0	186
20:00:00	72000	9	41	2	-259	0	0	0	0	0	0	0	0	2	25	0	39	0	0	0	2	1	0	0	1	0	2	0	7	0	0	0	-23	0	0	2	-463	6	14	0	178
20:05:00	72300	7	28	2	-282	0	0	0	0	0	0	0	0	4	16	0	27	0	0	0	2	1	0	0	2	0	0	0	7	0	0	0	-23	0	0	2	-465	2	12	0	168
20:10:00	72600	4	18	1	-297	0	0	0	0	0	0	0	0	0	8	0	19	0	0	0	2	0	2	0	0	0	0	0	7	0	0	0	-23	0	0	1	-466	4	8	0	164
20:15:00	72900	12	22	2	-309	0	0	0	0	0	0	0	0	4	10	0	13	0	0	0	2	0	0	0	0	1	0	0	8	0	0	1	-24	0	0	1	-467	7	12	0	159
20:20:00	73200	7	19	2	-323	0	0	0	0	0	0	0	0	2	5	0	10	0	1	0	1	1	0	0	1	0	0	0	8	0	0	0	-24	0	0	2	-469	4	13	0	150
20:25:00	73500	8	19	3	-337	0	0	0	0	0	0	0	0	1	4	0	7	0	1	0	0	0	0	0	1	0	3	0	5	0	0	0	-24	0	0	3	-472	7	11	0	146
20:30:00	73800	6	12	1	-344	0	0	0	0	0	0	0	0	1	4	0	4	0	0	0	0	0	0	0	1	0	3	0	2	0	0	0	-24	0	0	1	-473	5	5	0	146
20:35:00	74100	7	9	1	-347	0	0	0	0	0	0	0	0	1	0	0	5	0	0	0	0	0	1	0	0	0	1	0	1	0	0	0	-24	0	0	1	-474	6	7	0	145
20:40:00	74400	6	5	0	-346	0	0	0	0	0	0	0	0	3	1	0	7	0	0	0	0	0	0	0	0	0	0	0	1	0	0	0	-24	0	0	0	-474	3	4	0	144
20:45:00	74700	3	4	0	-347	0	0	0	0	0	0	0	0	0	0	0	7	0	0	0	0	0	0	0	0	0	0	0	1	0	0	0	-24	0	0	0	-474	3	4	0	143
20:50:00	75000	11	15	1	-352	1	1	0	0	0	0	0	0	5	4	0	8	0	0	0	0	0	0	0	0	0	0	0	1	0	0	0	-24	0	0	1	-475	5	10	0	138
20:55:00	75300	5	11	2	-360	0	0	0	0	0	0	0	0	2	4	0	6	0	0	0	0	0	0	0	0	0	0	0	1	0	0	0	-24	0	0	2	-477	3	7	0	134
21:00:00	75600	7	7	1	-361	0	0	0	0	0	0	0	0	2	1	0	7	0	0	0	0	0	0	0	0	0	0	0	1	0	0	0	-24	0	0	1	-478	5	6	0	133
21:05:00	75900	4	8	1	-366	0	0	0	0	0	0	0	0	2	3	0	6	0	0	0	0	0	0	0	0	0	0	0	1	0	0	0	-24	0	0	1	-479	2	5	0	130
21:10:00	76200	2	8	1	-373	0	0	0	0	0	0	0	0	0	3	0	3	0	0	0	0	0	0	0	0	0	0	0	1	0	0	0	-24	0	0	1	-480	2	5	0	127
21:15:00	76500	3	3	0	-373	1	1	0	0	0	0	0	0	0	0	0	3	0	0	0	0	0	0	0	0	0	0	0	1	0	0	0	-24	0	0	0	-480	2	2	0	127
21:20:00	76800	0	3	0	-376	0	0	0	0	0	0	0	0	0	0	0	3	0	0	0	0	0	0	0	0	0	0	0	1	0	0	0	-24	0	0	0	-480	0	3	0	124
21:25:00	77100	4	5	2	-379	0	0	0	0	0	0	0	0	2	2	0	3	0	0	0	0	0	0	0	0	0	0	0	1	0	0	0	-24	0	0	2	-482	2	3	0	123
21:30:00	77400	1	3	0	-381	0	0	0	0	0	0	0	0	0	1	0	2	0	0	0	0	0	0	0	0	0	0	0	1	0	0	0	-24	0	0	0	-482	1	2	0	122
21:35:00	77700	1	3	0	-383	0	0	0	0	0	0	0	0	0	1	0	1	0	0	0	0	0	0	0	0	0	0	0	1	0	0	0	-24	0	0	0	-482	1	2	0	121
21:40:00	78000	1	3	0	-385	0	0	0	0	0	0	0	0	0	0	0	1	0	0	0	0	0	0	0	0	0	0	0	1	0	0	0	-24	0	0	0	-482	1	3	0	119
21:45:00	78300	0	5	0	-390	0	0	0	0	0	0	0	0	0	0	0	1	0	0	0	0	0	0	0	0	0	0	0	1	0	0	0	-24	0	0	0	-482	0	5	0	114
21:50:00	78600	5	6	2	-393	0	0	0	0	0	0	0	0	1	0	0	2	0	0	0	0	0	0	0	0	0	0	0	1	0	0	0	-24	0	0	2	-484	4	6	0	112
21:55:00	78900	1	2	0	-394	0	0	0	0	0	0	0	0	0	1	0	1	0	0	0	0	0	0	0	0	0	0	0	1	0	0	0	-24	0	0	0	-484	1	1	0	112
22:00:00	79200	1	4	0	-397	0	0	0	0	0	0	0	0	0	0	0	1	0	0	0	0	0	0	0	0	0	0	0	1	0	0	0	-24	0	0	0	-484	1	4	0	109
22:05:00	79500	1	4	1	-401	0	0	0	0	0	0	0	0	0	0	0	1	0	0	0	0	0	0	0	0	0	0	0	1	0	0	0	-24	0	0	1	-485	1	4	0	106
22:10:00	79800	1	4	0	-404	0	0	0	0	0	0	0	0	0	0	0	1	0	0	0	0	0	0	0	0	0	0	0	1	0	0	0	-24	0	0	0	-485	1	4	0	103
22:15:00	80100	2	4	2	-408	0	0	0	0	0	0	0	0	0	0	0	1	0	0	0	0	0	0	0	0	0	0	0	1	0	0	0	-24	0	0	2	-487	2	4	0	101
22:20:00	80400	3	4	1	-410	0	0	0	0	0	0	0	0	1	0	0	2	0	0	0	0	0	0	0	0	0	0	0	1	0	0	0	-24	0	0	1	-488	2	4	0	99
22:25:00	80700	1	3	0	-412	0	0	0	0	0	0	0	0	1	1	0	2	0	0	0	0	0	0	0	0	0	0	0	1	0	0	0	-24	0	0	0	-488	0	2	0	97
22:30:00	81000	1	1	0	-412	0	0	0	0	0	0	0	0	1	1	0	2	0	0	0	0	0	0	0	0	0	0	0	1	0	0	0	-24	0	0	0	-488	0	0	0	97
22:35:00	81300	2	2	0	-412	0	0	0	0	0	0	0	0	2	1	0	3	0	0	0	0	0	0	0	0	0	0	0	1	0	0	0	-24	0	0	0	-488	0	1	0	96
22:40:00	81600	1	1	0	-412	0	0	0	0	0	0	0	0	1	1	0	3	0	0	0	0	0	0	0	0	0	0	0	1	0	0	0	-24	0	0	0	-488	0	0	0	96
22:45:00	81900	0	1	0	-413	0	0	0	0	0	0	0	0	0	1	0	2	0	0	0	0	0	0	0	0	0	0	0	1	0	0	0	-24	0	0	0	-488	0	0	0	96
22:50:00	82200	2	4	0	-415	0	0	0	0	0	0	0	0	1	1	0	2	0	0	0	0	0	0	0	0	0	0	0	1	0	0	0	-24	0	0	0	-488	1	3	0	94
22:55:00	82500	1	2	0	-416	0	0	0	0	0	0	0	0	1	2	0	1	0	0	0	0	0	0	0	0	0	0	0	1	0	0	0	-24	0	0	0	-488	0	0	0	94
23:00:00	82800	0	3	0	-419	0	0	0	0	0	0	0	0	0	0	0	1	0	0	0	0	0	0	0	0	0	0	0	1	0	0	0	-24	0	0	0	-488	0	3	0	91
23:05:00	83100	1	2	1	-421	0	0	0	0	0	0	0	0	0	0	0	1	0	0	0	0	0	0	0	0	0	0	0	1	0	0	0	-24	0	0	1	-489	1	2	0	90
23:10:00	83400	0	2	0	-423	0	0	0	0	0	0	0	0	0	0	0	1	0	0	0	0	0	0	0	0	0	0	0	1	0	0	0	-24	0	0	0	-489	0	2	0	88
23:15:00	83700	4	3	2	-424	0	0	0	0	0	0	0	0	1	0	0	2	0	0	0	0	0	0	0	0	0	0	0	1	0	0	0	-24	0	0	2	-491	3	3	0	88
23:20:00	84000	2	3	1	-426	0	0	0	0	0	0	0	0	1	2	0	1	0	0	0	0	0	0	0	0	0	0	0	1	0	0	0	-24	0	0	1	-492	1	1	0	88
23:25:00	84300	6	4	0	-424	0	0	0	0	0	0	0	0	2	0	0	3	0	0	0	0	0	0	0	0	0	0	0	1	0	0	0	-24	0	0	0	-492	4	4	0	88
23:30:00	84600	0	4	0	-428	0	0	0	0	0	0	0	0	0	2	0	1	0	0	0	0	0	0	0	0	0	0	0	1	0	0	0	-24	0	0	0	-492	0	2	0	86
23:35:00	84900	2	2	1	-429	0	0	0	0	0	0	0	0	1	0	0	2	0	0	0	0	0	0	0	0	0	0	0	1	0	0	0	-24	0	0	1	-493	1	2	0	85
23:40:00	85200	2	0	0	-427	0	0	0	0	0	0	0	0	2	0	0	4	0	0	0	0	0	0	0	0	0	0	0	1	0	0	0	-24	0	0	0	-493	0	0	0	85
23:45:00	85500	4	4	0	-427	0	0	0	0	0	0	0	0	2	2	0	4	0	0	0	0	0	0	0	0	0	0	0	1	0	0	0	-24	0	0	0	-493	2	2	0	85
23:50:00	85800	4	5	0	-428	0	0	0	0	0	0	0	0	2	2	0	4	0	0	0	0	0	0	0	0	0	0	0	1	0	0	0	-24	0	0	0	-493	2	3	0	84
23:55:00	86100	3	2	0	-427	0	0	0	0	0	0	0	0	1	1	0	4	0	0	0	0	0	0	0	0	0	0	0	1	0	0	0	-24	0	0	0	-493	2	1	0	85
24:00:00	86400	2	1	0	-426	0	0	0	0	0	0	0	0	2	0	0	6	0	0	0	0	0	0	0	0	0	0	0	1	0	0	0	-24	0	0	0	-493	0	1	0	84
24:05:00	86700	3	5	0	-428	0	0	0	0	0	0	0	0	2	3	0	5	0	0	0	0	0	0	0	0	0	0	0	1	0	0	0	-24	0	0	0	-493	1	2	0	83
24:10:00	87000	5	6	0	-429	0	0	0	0	0	0	0	0	4	3	0	6	0	0	0	0	0	0	0	0	0	0	0	1	0	0	0	-24	0	0	0	-493	1	3	0	81
24:15:00	87300	0	3	0	-432	0	0	0	0	0	0	0	0	0	2	0	4	0	0	0	0	0	0	0	0	0	0	0	1	0	0	0	-24	0	0	0	-493	0	1	0	80
24:20:00	87600	1	2	0	-433	0	0	0	0	0	0	0	0	1	1	0	4	0	0	0	0	0	0	0	0	0	0	0	1	0	0	0	-24	0	0	0	-493	0	1	0	79
24:25:00	87900	1	1	1	-434	0	0	0	0	0	0	0	0	0	0	0	4	0	0	0	0	0	0	0	0	0	0	0	1	0	0	0	-24	0	0	1	-494	1	1	0	79
24:30:00	88200	2	3	0	-435	0	0	0	0	0	0	0	0	2	0	0	6	0	0	0	0	0	0	0	0	0	0	0	1	0	0	0	-24	0	0	0	-494	0	3	0	76
24:35:00	88500	5	7	0	-437	0	0	0	0	0	0	0	0	2	3	0	5	0	0	0	0	1	1	0	0	0	0	0	1	0	0	0	-24	0	0	0	-494	2	3	0	75
24:40:00	88800	2	2	0	-437	0	0	0	0	0	0	0	0	1	1	0	5	0	0	0	0	0	0	0	0	0	0	0	1	0	0	0	-24	0	0	0	-494	1	1	0	75
24:45:00	89100	0	2	0	-439	0	0	0	0	0	0	0	0	0	1	0	4	0	0	0	0	0	0	0	0	0	0	0	1	0	0	0	-24	0	0	0	-494	0	1	0	74
24:50:00	89400	1	2	0	-440	0	0	0	0	0	0	0	0	0	1	0	3	0	0	0	0	0	0	0	0	0	0	0	1	0	0	0	-24	0	0	0	-494	1	1	0	74
24:55:00	89700	0	1	0	-441	0	0	0	0	0	0	0	0	0	1	0	2	0	0	0	0	0	0	0	0	0	0	0	1	0	0	0	-24	0	0	0	-494	0	0	0	74
25:00:00	90000	1	2	0	-442	0	0	0	0	0	0	0	0	0	0	0	2	0	0	0	0	0	0	0	0	0	0	0	1	0	0	0	-24	0	0	0	-494	1	2	0	73
25:05:00	90300	2	2	1	-443	0	0	0	0	0	0	0	0	0	0	0	2	0	0	0	0	0	0	0	0	0	0	0	1	0	0	0	-24	0	0	1	-495	2	2	0	73
25:10:00	90600	1	1	0	-443	0	0	0	0	0	0	0	0	0	1	0	1	0	0	0	0	0	0	0	0	0	0	0	1	0	0	0	-24	0	0	0	-495	1	0	0	74
25:15:00	90900	3	4	0	-444	0	0	0	0	0	0	0	0	2	1	0	2	0	0	0	0	0	0	0	0	0	0	0	1	0	0	0	-24	0	0	0	-495	1	3	0	72
25:20:00	91200	0	1	0	-445	0	0	0	0	0	0	0	0	0	0	0	2	0	0	0	0	0	0	0	0	0	0	0	1	0	0	0	-24	0	0	0	-495	0	1	0	71
25:25:00	91500	0	0	0	-445	0	0	0	0	0	0	0	0	0	0	0	2	0	0	0	0	0	0	0	0	0	0	0	1	0	0	0	-24	0	0	0	-495	0	0	0	71
25:30:00	91800	0	0	0	-445	0	0	0	0	0	0	0	0	0	0	0	2	0	0	0	0	0	0	0	0	0	0	0	1	0	0	0	-24	0	0	0	-495	0	0	0	71
25:35:00	92100	0	2	0	-447	0	0	0	0	0	0	0	0	0	0	0	2	0	0	0	0	0	0	0	0	0	0	0	1	0	0	0	-24	0	0	0	-495	0	2	0	69
25:40:00	92400	0	1	0	-448	0	0	0	0	0	0	0	0	0	1	0	1	0	0	0	0	0	0	0	0	0	0	0	1	0	0	0	-24	0	0	0	-495	0	0	0	69
25:45:00	92700	0	0	0	-448	0	0	0	0	0	0	0	0	0	0	0	1	0	0	0	0	0	0	0	0	0	0	0	1	0	0	0	-24	0	0	0	-495	0	0	0	69
25:50:00	93000	0	0	0	-448	0	0	0	0	0	0	0	0	0	0	0	1	0	0	0	0	0	0	0	0	0	0	0	1	0	0	0	-24	0	0	0	-495	0	0	0	69
25:55:00	93300	1	3	0	-450	0	0	0	0	0	0	0	0	0	0	0	1	0	0	0	0	0	0	0	0	0	0	0	1	0	0	0	-24	0	0	0	-495	1	3	0	67
26:00:00	93600	4	6	1	-453	0	0	0	0	0	0	0	0	1	1	0	1	0	0	0	0	1	0	0	1	0	0	0	1	0	0	0	-24	0	0	1	-496	2	5	0	64
26:05:00	93900	1	2	1	-455	0	0	0	0	0	0	0	0	0	0	0	1	0	0	0	0	0	0	0	1	0	0	0	1	0	0	0	-24	0	0	1	-497	1	2	0	63
26:10:00	94200	3	3	1	-456	0	0	0	0	0	0	0	0	1	0	0	2	0	0	0	0	0	0	0	1	0	0	0	1	0	0	0	-24	0	0	1	-498	2	3	0	62
26:15:00	94500	1	1	0	-456	0	0	0	0	0	0	0	0	0	0	0	2	0	0	0	0	0	0	0	1	0	0	0	1	0	0	0	-24	0	0	0	-498	1	1	0	62
26:20:00	94800	0	1	0	-457	0	0	0	0	0	0	0	0	0	0	0	2	0	0	0	0	0	0	0	1	0	0	0	1	0	0	0	-24	0	0	0	-498	0	1	0	61
26:25:00	95100	1	1	0	-457	0	0	0	0	0	0	0	0	0	0	0	2	0	0	0	0	0	0	0	1	0	0	0	1	0	0	0	-24	0	0	0	-498	1	1	0	61
26:30:00	95400	2	2	0	-457	0	0	0	0	0	0	0	0	0	1	0	1	0	0	0	0	0	0	0	1	0	0	0	1	0	0	0	-24	0	0	0	-498	2	1	0	62
26:35:00	95700	0	1	0	-458	0	0	0	0	0	0	0	0	0	0	0	1	0	0	0	0	0	0	0	1	0	0	0	1	0	0	0	-24	0	0	0	-498	0	1	0	61
26:40:00	96000	0	0	0	-458	0	0	0	0	0	0	0	0	0	0	0	1	0	0	0	0	0	0	0	1	0	0	0	1	0	0	0	-24	0	0	0	-498	0	0	0	61
26:45:00	96300	0	0	0	-458	0	0	0	0	0	0	0	0	0	0	0	1	0	0	0	0	0	0	0	1	0	0	0	1	0	0	0	-24	0	0	0	-498	0	0	0	61
26:50:00	96600	0	1	0	-459	0	0	0	0	0	0	0	0	0	0	0	1	0	0	0	0	0	0	0	1	0	0	0	1	0	0	0	-24	0	0	0	-498	0	1	0	60
26:55:00	96900	3	3	1	-460	0	0	0	0	0	0	0	0	1	1	0	1	0	0	0	0	0	0	0	1	0	0	0	1	0	0	0	-24	0	0	1	-499	2	2	0	60
27:00:00	97200	1	2	1	-462	0	0	0	0	0	0	0	0	0	0	0	1	0	0	0	0	0	0	0	1	0	0	0	1	0	0	1	-25	0	0	0	-499	1	2	0	59
27:05:00	97500	0	1	0	-463	0	0	0	0	0	0	0	0	0	0	0	1	0	0	0	0	0	0	0	1	0	0	0	1	0	0	0	-25	0	0	0	-499	0	1	0	58
27:10:00	97800	2	3	0	-464	0	0	0	0	0	0	0	0	1	1	0	1	0	0	0	0	0	0	0	1	0	0	0	1	0	0	0	-25	0	0	0	-499	1	2	0	57
27:15:00	98100	1	2	1	-466	0	0	0	0	0	0	0	0	0	0	0	1	0	0	0	0	0	0	0	1	0	0	0	1	0	0	0	-25	0	0	1	-500	1	2	0	56
27:20:00	98400	1	1	1	-467	0	0	0	0	0	0	0	0	0	0	0	1	0	0	0	0	0	0	0	1	0	0	0	1	0	0	0	-25	0	0	1	-501	1	1	0	56
27:25:00	98700	1	1	0	-467	0	0	0	0	0	0	0	0	0	0	0	1	0	0	0	0	0	0	0	1	0	0	0	1	0	0	0	-25	0	0	0	-501	1	1	0	56
27:30:00	99000	0	0	0	-467	0	0	0	0	0	0	0	0	0	0	0	1	0	0	0	0	0	0	0	1	0	0	0	1	0	0	0	-25	0	0	0	-501	0	0	0	56
27:35:00	99300	0	2	0	-469	0	0	0	0	0	0	0	0	0	0	0	1	0	0	0	0	0	0	0	1	0	0	0	1	0	0	0	-25	0	0	0	-501	0	2	0	54
27:40:00	99600	6	6	2	-471	0	0	0	0	0	0	0	0	3	2	0	2	0	0	0	0	0	0	0	1	0	0	0	1	0	0	0	-25	0	0	2	-503	3	4	0	53
27:45:00	99900	1	2	0	-472	0	0	0	0	0	0	0	0	0	0	0	2	0	0	0	0	0	0	0	1	0	0	0	1	0	0	0	-25	0	0	0	-503	1	2	0	52
27:50:00	100200	0	0	0	-472	0	0	0	0	0	0	0	0	0	0	0	2	0	0	0	0	0	0	0	1	0	0	0	1	0	0	0	-25	0	0	0	-503	0	0	0	52
27:55:00	100500	0	0	0	-472	0	0	0	0	0	0	0	0	0	0	0	2	0	0	0	0	0	0	0	1	0	0	0	1	0	0	0	-25	0	0	0	-503	0	0	0	52
28:00:00	100800	1	1	0	-472	0	0	0	0	0	0	0	0	1	1	0	2	0	0	0	0	0	0	0	1	0	0	0	1	0	0	0	-25	0	0	0	-503	0	0	0	52
28:05:00	101100	0	1	0	-473	0	0	0	0	0	0	0	0	0	0	0	2	0	0	0	0	0	0	0	1	0	0	0	1	0	0	0	-25	0	0	0	-503	0	1	0	51
28:10:00	101400	1	2	1	-475	0	0	0	0	0	0	0	0	0	0	0	2	0	0	0	0	0	0	0	1	0	0	0	1	0	0	0	-25	0	0	1	-504	1	2	0	50
28:15:00	101700	1	2	1	-477	0	0	0	0	0	0	0	0	0	0	0	2	0	0	0	0	0	0	0	1	0	0	0	1	0	0	0	-25	0	0	1	-505	1	2	0	49
28:20:00	102000	0	0	0	-477	0	0	0	0	0	0	0	0	0	0	0	2	0	0	0	0	0	0	0	1	0	0	0	1	0	0	0	-25	0	0	0	-505	0	0	0	49
28:25:00	102300	1	2	0	-478	0	0	0	0	0	0	0	0	1	1	0	2	0	0	0	0	0	1	0	0	0	0	0	1	0	0	0	-25	0	0	0	-505	0	0	0	49
28:30:00	102600	3	2	0	-477	0	0	0	0	0	0	0	0	0	0	0	2	0	0	0	0	0	0	0	0	0	0	0	1	0	0	0	-25	0	0	0	-505	3	2	0	50
28:35:00	102900	2	3	0	-478	0	0	0	0	0	0	0	0	1	1	0	2	0	0	0	0	0	0	0	0	0	0	0	1	0	0	0	-25	0	0	0	-505	1	2	0	49
28:40:00	103200	1	1	0	-478	0	0	0	0	0	0	0	0	0	0	0	2	0	0	0	0	0	0	0	0	0	0	0	1	0	0	0	-25	0	0	0	-505	1	1	0	49
28:45:00	103500	3	3	0	-478	0	0	0	0	0	0	0	0	2	2	0	2	0	0	0	0	0	0	0	0	0	0	0	1	0	0	0	-25	0	0	0	-505	1	1	0	49
28:50:00	103800	0	1	0	-479	0	0	0	0	0	0	0	0	0	1	0	1	0	0	0	0	0	0	0	0	0	0	0	1	0	0	0	-25	0	0	0	-505	0	0	0	49
28:55:00	104100	1	3	0	-481	0	0	0	0	0	0	0	0	1	1	0	1	0	0	0	0	0	0	0	0	0	0	0	1	0	0	0	-25	0	0	0	-505	0	2	0	47
29:00:00	104400	1	2	1	-483	0	0	0	0	0	0	0	0	0	1	0	0	0	0	0	0	0	0	0	0	0	0	0	1	0	0	0	-25	0	0	1	-506	1	1	0	47
29:05:00	104700	0	2	0	-485	0	0	0	0	0	0	0	0	0	0	0	0	0	0	0	0	0	0	0	0	0	0	0	1	0	0	0	-25	0	0	0	-506	0	2	0	45
29:10:00	105000	2	2	2	-487	0	0	0	0	0	0	0	0	0	0	0	0	0	0	0	0	0	0	0	0	0	0	0	1	0	0	0	-25	0	0	2	-508	2	2	0	45
29:15:00	105300	1	1	0	-487	0	0	0	0	0	0	0	0	1	0	0	1	0	0	0	0	0	0	0	0	0	0	0	1	0	0	0	-25	0	0	0	-508	0	1	0	44
29:20:00	105600	0	0	0	-487	0	0	0	0	0	0	0	0	0	0	0	1	0	0	0	0	0	0	0	0	0	0	0	1	0	0	0	-25	0	0	0	-508	0	0	0	44
29:25:00	105900	1	2	0	-488	0	0	0	0	0	0	0	0	0	0	0	1	0	0	0	0	0	0	0	0	0	0	0	1	0	0	0	-25	0	0	0	-508	1	2	0	43
29:30:00	106200	0	0	0	-488	0	0	0	0	0	0	0	0	0	0	0	1	0	0	0	0	0	0	0	0	0	0	0	1	0	0	0	-25	0	0	0	-508	0	0	0	43
29:35:00	106500	0	1	0	-489	0	0	0	0	0	0	0	0	0	0	0	1	0	0	0	0	0	0	0	0	0	0	0	1	0	0	0	-25	0	0	0	-508	0	1	0	42
29:40:00	106800	1	1	1	-490	0	0	0	0	0	0	0	0	0	0	0	1	0	0	0	0	0	0	0	0	0	0	0	1	0	0	0	-25	0	0	1	-509	1	1	0	42
29:45:00	107100	0	0	0	-490	0	0	0	0	0	0	0	0	0	0	0	1	0	0	0	0	0	0	0	0	0	0	0	1	0	0	0	-25	0	0	0	-509	0	0	0	42
29:50:00	107400	0	1	0	-491	0	0	0	0	0	0	0	0	0	0	0	1	0	0	0	0	0	0	0	0	0	0	0	1	0	0	0	-25	0	0	0	-509	0	1	0	41
29:55:00	107700	2	2	1	-492	0	0	0	0	0	0	0	0	1	0	0	2	0	0	0	0	0	0	0	0	0	0	0	1	0	0	0	-25	0	0	1	-510	1	2	0	40
30:00:00	108000	0	0	43	-535	0	0	0	0	0	0	0	0	0	0	2	0	0	0	0	0	0	0	0	0	0	0	1	0	0	0	0	-25	0	0	0	-510	0	0	40	0
30:05:00	108300	0	0	0	-535	0	0	0	0	0	0	0	0	0	0	0	0	0	0	0	0	0	0	0	0	0	0	0	0	0	0	0	-25	0	0	0	-510	0	0	0	0
