time	time	departures_all	arrivals_all	stuck_all	en-route_all	departures_Shared-Bike	arrivals_Shared-Bike	stuck_Shared-Bike	en-route_Shared-Bike	departures_bike	arrivals_bike	stuck_bike	en-route_bike	departures_car	arrivals_car	stuck_car	en-route_car	departures_car_passenger	arrivals_car_passenger	stuck_car_passenger	en-route_car_passenger	departures_pt	arrivals_pt	stuck_pt	en-route_pt	departures_sharing:standardBikeShare	arrivals_sharing:standardBikeShare	stuck_sharing:standardBikeShare	en-route_sharing:standardBikeShare	departures_walk	arrivals_walk	stuck_walk	en-route_walk
00:00:00	0	0	0	0	0	0	0	0	0	0	0	0	0	0	0	0	0	0	0	0	0	0	0	0	0	0	0	0	0	0	0	0	0
00:05:00	300	0	0	0	0	0	0	0	0	0	0	0	0	0	0	0	0	0	0	0	0	0	0	0	0	0	0	0	0	0	0	0	0
00:10:00	600	0	0	0	0	0	0	0	0	0	0	0	0	0	0	0	0	0	0	0	0	0	0	0	0	0	0	0	0	0	0	0	0
00:15:00	900	0	0	0	0	0	0	0	0	0	0	0	0	0	0	0	0	0	0	0	0	0	0	0	0	0	0	0	0	0	0	0	0
00:20:00	1200	0	0	0	0	0	0	0	0	0	0	0	0	0	0	0	0	0	0	0	0	0	0	0	0	0	0	0	0	0	0	0	0
00:25:00	1500	0	0	0	0	0	0	0	0	0	0	0	0	0	0	0	0	0	0	0	0	0	0	0	0	0	0	0	0	0	0	0	0
00:30:00	1800	0	0	0	0	0	0	0	0	0	0	0	0	0	0	0	0	0	0	0	0	0	0	0	0	0	0	0	0	0	0	0	0
00:35:00	2100	0	0	0	0	0	0	0	0	0	0	0	0	0	0	0	0	0	0	0	0	0	0	0	0	0	0	0	0	0	0	0	0
00:40:00	2400	0	0	0	0	0	0	0	0	0	0	0	0	0	0	0	0	0	0	0	0	0	0	0	0	0	0	0	0	0	0	0	0
00:45:00	2700	0	0	0	0	0	0	0	0	0	0	0	0	0	0	0	0	0	0	0	0	0	0	0	0	0	0	0	0	0	0	0	0
00:50:00	3000	0	0	0	0	0	0	0	0	0	0	0	0	0	0	0	0	0	0	0	0	0	0	0	0	0	0	0	0	0	0	0	0
00:55:00	3300	0	0	0	0	0	0	0	0	0	0	0	0	0	0	0	0	0	0	0	0	0	0	0	0	0	0	0	0	0	0	0	0
01:00:00	3600	0	0	0	0	0	0	0	0	0	0	0	0	0	0	0	0	0	0	0	0	0	0	0	0	0	0	0	0	0	0	0	0
01:05:00	3900	0	0	0	0	0	0	0	0	0	0	0	0	0	0	0	0	0	0	0	0	0	0	0	0	0	0	0	0	0	0	0	0
01:10:00	4200	0	0	0	0	0	0	0	0	0	0	0	0	0	0	0	0	0	0	0	0	0	0	0	0	0	0	0	0	0	0	0	0
01:15:00	4500	0	0	0	0	0	0	0	0	0	0	0	0	0	0	0	0	0	0	0	0	0	0	0	0	0	0	0	0	0	0	0	0
01:20:00	4800	0	0	0	0	0	0	0	0	0	0	0	0	0	0	0	0	0	0	0	0	0	0	0	0	0	0	0	0	0	0	0	0
01:25:00	5100	0	0	0	0	0	0	0	0	0	0	0	0	0	0	0	0	0	0	0	0	0	0	0	0	0	0	0	0	0	0	0	0
01:30:00	5400	0	0	0	0	0	0	0	0	0	0	0	0	0	0	0	0	0	0	0	0	0	0	0	0	0	0	0	0	0	0	0	0
01:35:00	5700	0	0	0	0	0	0	0	0	0	0	0	0	0	0	0	0	0	0	0	0	0	0	0	0	0	0	0	0	0	0	0	0
01:40:00	6000	0	0	0	0	0	0	0	0	0	0	0	0	0	0	0	0	0	0	0	0	0	0	0	0	0	0	0	0	0	0	0	0
01:45:00	6300	0	0	0	0	0	0	0	0	0	0	0	0	0	0	0	0	0	0	0	0	0	0	0	0	0	0	0	0	0	0	0	0
01:50:00	6600	0	0	0	0	0	0	0	0	0	0	0	0	0	0	0	0	0	0	0	0	0	0	0	0	0	0	0	0	0	0	0	0
01:55:00	6900	0	0	0	0	0	0	0	0	0	0	0	0	0	0	0	0	0	0	0	0	0	0	0	0	0	0	0	0	0	0	0	0
02:00:00	7200	0	0	0	0	0	0	0	0	0	0	0	0	0	0	0	0	0	0	0	0	0	0	0	0	0	0	0	0	0	0	0	0
02:05:00	7500	0	0	0	0	0	0	0	0	0	0	0	0	0	0	0	0	0	0	0	0	0	0	0	0	0	0	0	0	0	0	0	0
02:10:00	7800	0	0	0	0	0	0	0	0	0	0	0	0	0	0	0	0	0	0	0	0	0	0	0	0	0	0	0	0	0	0	0	0
02:15:00	8100	0	0	0	0	0	0	0	0	0	0	0	0	0	0	0	0	0	0	0	0	0	0	0	0	0	0	0	0	0	0	0	0
02:20:00	8400	0	0	0	0	0	0	0	0	0	0	0	0	0	0	0	0	0	0	0	0	0	0	0	0	0	0	0	0	0	0	0	0
02:25:00	8700	0	0	0	0	0	0	0	0	0	0	0	0	0	0	0	0	0	0	0	0	0	0	0	0	0	0	0	0	0	0	0	0
02:30:00	9000	0	0	0	0	0	0	0	0	0	0	0	0	0	0	0	0	0	0	0	0	0	0	0	0	0	0	0	0	0	0	0	0
02:35:00	9300	0	0	0	0	0	0	0	0	0	0	0	0	0	0	0	0	0	0	0	0	0	0	0	0	0	0	0	0	0	0	0	0
02:40:00	9600	0	0	0	0	0	0	0	0	0	0	0	0	0	0	0	0	0	0	0	0	0	0	0	0	0	0	0	0	0	0	0	0
02:45:00	9900	0	0	0	0	0	0	0	0	0	0	0	0	0	0	0	0	0	0	0	0	0	0	0	0	0	0	0	0	0	0	0	0
02:50:00	10200	0	0	0	0	0	0	0	0	0	0	0	0	0	0	0	0	0	0	0	0	0	0	0	0	0	0	0	0	0	0	0	0
02:55:00	10500	0	0	0	0	0	0	0	0	0	0	0	0	0	0	0	0	0	0	0	0	0	0	0	0	0	0	0	0	0	0	0	0
03:00:00	10800	0	0	0	0	0	0	0	0	0	0	0	0	0	0	0	0	0	0	0	0	0	0	0	0	0	0	0	0	0	0	0	0
03:05:00	11100	0	0	0	0	0	0	0	0	0	0	0	0	0	0	0	0	0	0	0	0	0	0	0	0	0	0	0	0	0	0	0	0
03:10:00	11400	0	0	0	0	0	0	0	0	0	0	0	0	0	0	0	0	0	0	0	0	0	0	0	0	0	0	0	0	0	0	0	0
03:15:00	11700	0	0	0	0	0	0	0	0	0	0	0	0	0	0	0	0	0	0	0	0	0	0	0	0	0	0	0	0	0	0	0	0
03:20:00	12000	0	0	0	0	0	0	0	0	0	0	0	0	0	0	0	0	0	0	0	0	0	0	0	0	0	0	0	0	0	0	0	0
03:25:00	12300	0	0	0	0	0	0	0	0	0	0	0	0	0	0	0	0	0	0	0	0	0	0	0	0	0	0	0	0	0	0	0	0
03:30:00	12600	0	0	0	0	0	0	0	0	0	0	0	0	0	0	0	0	0	0	0	0	0	0	0	0	0	0	0	0	0	0	0	0
03:35:00	12900	0	0	0	0	0	0	0	0	0	0	0	0	0	0	0	0	0	0	0	0	0	0	0	0	0	0	0	0	0	0	0	0
03:40:00	13200	0	0	0	0	0	0	0	0	0	0	0	0	0	0	0	0	0	0	0	0	0	0	0	0	0	0	0	0	0	0	0	0
03:45:00	13500	0	0	0	0	0	0	0	0	0	0	0	0	0	0	0	0	0	0	0	0	0	0	0	0	0	0	0	0	0	0	0	0
03:50:00	13800	0	0	0	0	0	0	0	0	0	0	0	0	0	0	0	0	0	0	0	0	0	0	0	0	0	0	0	0	0	0	0	0
03:55:00	14100	0	0	0	0	0	0	0	0	0	0	0	0	0	0	0	0	0	0	0	0	0	0	0	0	0	0	0	0	0	0	0	0
04:00:00	14400	0	0	0	0	0	0	0	0	0	0	0	0	0	0	0	0	0	0	0	0	0	0	0	0	0	0	0	0	0	0	0	0
04:05:00	14700	0	0	0	0	0	0	0	0	0	0	0	0	0	0	0	0	0	0	0	0	0	0	0	0	0	0	0	0	0	0	0	0
04:10:00	15000	0	0	0	0	0	0	0	0	0	0	0	0	0	0	0	0	0	0	0	0	0	0	0	0	0	0	0	0	0	0	0	0
04:15:00	15300	0	0	0	0	0	0	0	0	0	0	0	0	0	0	0	0	0	0	0	0	0	0	0	0	0	0	0	0	0	0	0	0
04:20:00	15600	0	0	0	0	0	0	0	0	0	0	0	0	0	0	0	0	0	0	0	0	0	0	0	0	0	0	0	0	0	0	0	0
04:25:00	15900	0	0	0	0	0	0	0	0	0	0	0	0	0	0	0	0	0	0	0	0	0	0	0	0	0	0	0	0	0	0	0	0
04:30:00	16200	0	0	0	0	0	0	0	0	0	0	0	0	0	0	0	0	0	0	0	0	0	0	0	0	0	0	0	0	0	0	0	0
04:35:00	16500	0	0	0	0	0	0	0	0	0	0	0	0	0	0	0	0	0	0	0	0	0	0	0	0	0	0	0	0	0	0	0	0
04:40:00	16800	0	0	0	0	0	0	0	0	0	0	0	0	0	0	0	0	0	0	0	0	0	0	0	0	0	0	0	0	0	0	0	0
04:45:00	17100	0	0	0	0	0	0	0	0	0	0	0	0	0	0	0	0	0	0	0	0	0	0	0	0	0	0	0	0	0	0	0	0
04:50:00	17400	0	0	0	0	0	0	0	0	0	0	0	0	0	0	0	0	0	0	0	0	0	0	0	0	0	0	0	0	0	0	0	0
04:55:00	17700	0	0	0	0	0	0	0	0	0	0	0	0	0	0	0	0	0	0	0	0	0	0	0	0	0	0	0	0	0	0	0	0
05:00:00	18000	0	0	0	0	0	0	0	0	0	0	0	0	0	0	0	0	0	0	0	0	0	0	0	0	0	0	0	0	0	0	0	0
05:05:00	18300	0	0	0	0	0	0	0	0	0	0	0	0	0	0	0	0	0	0	0	0	0	0	0	0	0	0	0	0	0	0	0	0
05:10:00	18600	0	0	0	0	0	0	0	0	0	0	0	0	0	0	0	0	0	0	0	0	0	0	0	0	0	0	0	0	0	0	0	0
05:15:00	18900	0	0	0	0	0	0	0	0	0	0	0	0	0	0	0	0	0	0	0	0	0	0	0	0	0	0	0	0	0	0	0	0
05:20:00	19200	0	0	0	0	0	0	0	0	0	0	0	0	0	0	0	0	0	0	0	0	0	0	0	0	0	0	0	0	0	0	0	0
05:25:00	19500	0	0	0	0	0	0	0	0	0	0	0	0	0	0	0	0	0	0	0	0	0	0	0	0	0	0	0	0	0	0	0	0
05:30:00	19800	0	0	0	0	0	0	0	0	0	0	0	0	0	0	0	0	0	0	0	0	0	0	0	0	0	0	0	0	0	0	0	0
05:35:00	20100	0	0	0	0	0	0	0	0	0	0	0	0	0	0	0	0	0	0	0	0	0	0	0	0	0	0	0	0	0	0	0	0
05:40:00	20400	0	0	0	0	0	0	0	0	0	0	0	0	0	0	0	0	0	0	0	0	0	0	0	0	0	0	0	0	0	0	0	0
05:45:00	20700	0	0	0	0	0	0	0	0	0	0	0	0	0	0	0	0	0	0	0	0	0	0	0	0	0	0	0	0	0	0	0	0
05:50:00	21000	0	0	0	0	0	0	0	0	0	0	0	0	0	0	0	0	0	0	0	0	0	0	0	0	0	0	0	0	0	0	0	0
05:55:00	21300	0	0	0	0	0	0	0	0	0	0	0	0	0	0	0	0	0	0	0	0	0	0	0	0	0	0	0	0	0	0	0	0
06:00:00	21600	4	0	0	4	0	0	0	0	0	0	0	0	4	0	0	4	0	0	0	0	0	0	0	0	0	0	0	0	0	0	0	0
06:05:00	21900	4	1	0	7	0	0	0	0	0	0	0	0	4	1	0	7	0	0	0	0	0	0	0	0	0	0	0	0	0	0	0	0
06:10:00	22200	3	1	0	9	0	0	0	0	0	0	0	0	3	1	0	9	0	0	0	0	0	0	0	0	0	0	0	0	0	0	0	0
06:15:00	22500	1	3	0	7	0	0	0	0	0	0	0	0	1	3	0	7	0	0	0	0	0	0	0	0	0	0	0	0	0	0	0	0
06:20:00	22800	4	1	0	10	0	0	0	0	0	0	0	0	4	1	0	10	0	0	0	0	0	0	0	0	0	0	0	0	0	0	0	0
06:25:00	23100	6	3	0	13	0	0	0	0	0	0	0	0	5	3	0	12	0	0	0	0	0	0	0	0	0	0	0	0	1	0	0	1
06:30:00	23400	42	3	0	52	0	0	0	0	0	0	0	0	36	3	0	45	0	0	0	0	0	0	0	0	0	0	0	0	6	0	0	7
06:35:00	23700	37	21	0	68	0	0	0	0	0	0	0	0	29	18	0	56	0	0	0	0	0	0	0	0	0	0	0	0	8	3	0	12
06:40:00	24000	35	19	0	84	0	0	0	0	0	0	0	0	27	14	0	69	0	0	0	0	1	0	0	1	0	0	0	0	7	5	0	14
06:45:00	24300	37	36	0	85	1	0	0	1	0	0	0	0	28	28	0	69	0	0	0	0	3	0	0	4	0	0	0	0	5	8	0	11
06:50:00	24600	42	28	0	99	1	0	0	2	0	0	0	0	29	23	0	75	0	0	0	0	2	0	0	6	0	0	0	0	10	5	0	16
06:55:00	24900	78	36	0	141	0	1	0	1	0	0	0	0	61	28	0	108	0	0	0	0	0	0	0	6	0	0	0	0	17	7	0	26
07:00:00	25200	64	46	0	159	1	0	0	2	0	0	0	0	48	41	0	115	0	0	0	0	1	0	0	7	0	0	0	0	14	5	0	35
07:05:00	25500	65	48	0	176	0	2	0	0	0	0	0	0	36	31	0	120	0	0	0	0	2	1	0	8	0	0	0	0	27	14	0	48
07:10:00	25800	68	58	0	186	1	1	0	0	0	0	0	0	51	40	0	131	0	0	0	0	5	1	0	12	0	0	0	0	11	16	0	43
07:15:00	26100	89	60	0	215	0	0	0	0	0	0	0	0	70	48	0	153	0	0	0	0	2	0	0	14	0	0	0	0	17	12	0	48
07:20:00	26400	84	74	1	224	0	0	0	0	0	0	0	0	57	57	0	153	0	0	0	0	9	1	0	22	0	0	1	-1	18	16	0	50
07:25:00	26700	113	70	1	266	1	0	0	1	0	0	0	0	78	50	0	181	0	0	0	0	7	1	0	28	0	0	1	-2	27	19	0	58
07:30:00	27000	79	91	0	254	1	0	0	2	0	0	0	0	60	72	0	169	0	0	0	0	5	2	0	31	0	0	0	-2	13	17	0	54
07:35:00	27300	97	95	0	256	1	3	0	0	0	0	0	0	54	68	0	155	0	0	0	0	4	6	0	29	0	0	0	-2	38	18	0	74
07:40:00	27600	101	75	0	282	1	0	0	1	0	0	0	0	74	50	0	179	0	0	0	0	6	1	0	34	0	0	0	-2	20	24	0	70
07:45:00	27900	102	89	0	295	0	1	0	0	1	0	0	1	72	62	0	189	0	0	0	0	7	1	0	40	0	0	0	-2	22	25	0	67
07:50:00	28200	114	87	0	322	2	0	0	2	1	0	0	2	80	62	0	207	0	0	0	0	3	5	0	38	0	0	0	-2	28	20	0	75
07:55:00	28500	122	108	0	336	1	1	0	2	1	0	0	3	81	84	0	204	12	1	0	11	9	1	0	46	0	0	0	-2	18	21	0	72
08:00:00	28800	137	122	0	351	2	2	0	2	0	1	0	2	78	81	0	201	24	7	0	28	9	5	0	50	0	0	0	-2	24	26	0	70
08:05:00	29100	123	116	2	356	0	2	0	0	0	1	0	1	70	67	0	204	17	10	0	35	8	6	0	52	0	0	2	-4	28	30	0	68
08:10:00	29400	136	119	0	373	0	0	0	0	0	0	0	1	79	80	0	203	26	16	0	45	4	5	0	51	0	0	0	-4	27	18	0	77
08:15:00	29700	95	102	0	366	0	0	0	0	0	0	0	1	55	68	0	190	14	15	0	44	4	1	0	54	0	0	0	-4	22	18	0	81
08:20:00	30000	112	104	0	374	1	0	0	1	0	0	0	1	72	62	0	200	16	18	0	42	9	1	0	62	0	0	0	-4	14	23	0	72
08:25:00	30300	116	103	0	387	1	0	0	2	0	0	0	1	64	69	0	195	20	12	0	50	8	3	0	67	0	0	0	-4	23	19	0	76
08:30:00	30600	104	113	0	378	1	2	0	1	1	1	0	1	46	60	0	181	21	16	0	55	11	7	0	71	0	0	0	-4	24	27	0	73
08:35:00	30900	79	97	0	360	1	1	0	1	0	0	0	1	50	56	0	175	8	19	0	44	6	3	0	74	0	0	0	-4	14	18	0	69
08:40:00	31200	89	86	0	363	0	1	0	0	0	0	0	1	47	50	0	172	24	18	0	50	5	1	0	78	0	0	0	-4	13	16	0	66
08:45:00	31500	107	78	0	392	1	1	0	0	0	0	0	1	44	51	0	165	39	14	0	75	4	1	0	81	0	0	0	-4	19	11	0	74
08:50:00	31800	87	94	0	385	1	1	0	0	0	0	0	1	52	51	0	166	13	23	0	65	7	0	0	88	0	0	0	-4	14	19	0	69
08:55:00	32100	95	101	0	379	0	0	0	0	0	0	0	1	49	60	0	155	18	18	0	65	8	8	0	88	0	0	0	-4	20	15	0	74
09:00:00	32400	97	87	0	389	0	0	0	0	0	1	0	0	70	50	0	175	4	16	0	53	6	2	0	92	0	0	0	-4	17	18	0	73
09:05:00	32700	80	95	0	374	0	0	0	0	0	0	0	0	42	49	0	168	6	11	0	48	4	11	0	85	0	0	0	-4	28	24	0	77
09:10:00	33000	67	97	0	344	3	0	0	3	0	0	0	0	44	54	0	158	3	12	0	39	5	2	0	88	0	0	0	-4	12	29	0	60
09:15:00	33300	65	81	0	328	0	2	0	1	0	0	0	0	47	52	0	153	2	12	0	29	6	4	0	90	0	0	0	-4	10	11	0	59
09:20:00	33600	53	88	0	293	1	0	0	2	1	0	0	1	30	53	0	130	2	11	0	20	3	4	0	89	0	0	0	-4	16	20	0	55
09:25:00	33900	65	68	0	290	0	2	0	0	0	0	0	1	34	40	0	124	4	2	0	22	2	13	0	78	0	0	0	-4	25	11	0	69
09:30:00	34200	48	68	0	270	0	0	0	0	0	0	0	1	32	39	0	117	1	6	0	17	1	4	0	75	0	0	0	-4	14	19	0	64
09:35:00	34500	49	65	0	254	0	0	0	0	0	0	0	1	22	36	0	103	8	6	0	19	6	2	0	79	0	0	0	-4	13	21	0	56
09:40:00	34800	39	58	0	235	0	0	0	0	0	0	0	1	27	37	0	93	2	5	0	16	1	2	0	78	0	0	0	-4	9	14	0	51
09:45:00	35100	45	67	0	213	0	0	0	0	0	1	0	0	27	39	0	81	0	6	0	10	6	0	0	84	0	0	0	-4	12	21	0	42
09:50:00	35400	39	45	0	207	0	0	0	0	0	0	0	0	26	24	0	83	0	4	0	6	5	1	0	88	0	0	0	-4	8	16	0	34
09:55:00	35700	46	37	0	216	0	0	0	0	0	0	0	0	34	24	0	93	0	2	0	4	0	1	0	87	0	0	0	-4	12	10	0	36
10:00:00	36000	77	65	0	228	0	0	0	0	0	0	0	0	47	36	0	104	0	2	0	2	3	11	0	79	0	0	0	-4	27	16	0	47
10:05:00	36300	58	60	0	226	0	0	0	0	0	0	0	0	42	44	0	102	0	1	0	1	0	2	0	77	0	0	0	-4	16	13	0	50
10:10:00	36600	84	83	0	227	0	0	0	0	0	0	0	0	54	47	0	109	0	1	0	0	2	9	0	70	0	0	0	-4	28	26	0	52
10:15:00	36900	64	71	0	220	0	0	0	0	0	0	0	0	38	42	0	105	0	0	0	0	2	2	0	70	0	0	0	-4	24	27	0	49
10:20:00	37200	66	70	0	216	0	0	0	0	0	0	0	0	35	40	0	100	0	0	0	0	4	1	0	73	0	0	0	-4	27	29	0	47
10:25:00	37500	76	76	0	216	0	0	0	0	0	0	0	0	53	48	0	105	0	0	0	0	1	3	0	71	0	0	0	-4	22	25	0	44
10:30:00	37800	61	70	0	207	0	0	0	0	0	0	0	0	38	42	0	101	0	0	0	0	1	0	0	72	0	0	0	-4	22	28	0	38
10:35:00	38100	48	68	0	187	1	0	0	1	0	0	0	0	20	45	0	76	2	1	0	1	4	0	0	76	0	0	0	-4	21	22	0	37
10:40:00	38400	57	61	0	183	0	1	0	0	0	0	0	0	25	28	0	73	1	1	0	1	2	0	0	78	0	0	0	-4	29	31	0	35
10:45:00	38700	70	73	0	180	0	0	0	0	0	0	0	0	38	40	0	71	3	0	0	4	3	7	0	74	0	0	0	-4	26	26	0	35
10:50:00	39000	45	60	0	165	0	0	0	0	0	0	0	0	21	28	0	64	0	3	0	1	3	3	0	74	0	0	0	-4	21	26	0	30
10:55:00	39300	38	48	0	155	0	0	0	0	0	0	0	0	23	25	0	62	2	0	0	3	2	2	0	74	0	0	0	-4	11	21	0	20
11:00:00	39600	48	38	0	165	0	0	0	0	1	0	0	1	30	27	0	65	4	1	0	6	0	1	0	73	0	0	0	-4	13	9	0	24
11:05:00	39900	94	79	0	180	1	0	0	1	0	1	0	0	34	24	0	75	1	1	0	6	12	14	0	71	0	0	0	-4	46	39	0	31
11:10:00	40200	77	50	0	207	0	0	0	1	0	0	0	0	47	27	0	95	2	1	0	7	4	1	0	74	0	0	0	-4	24	21	0	34
11:15:00	40500	65	59	0	213	0	1	0	0	0	0	0	0	32	35	0	92	10	3	0	14	2	4	0	72	0	0	0	-4	21	16	0	39
11:20:00	40800	63	59	0	217	0	0	0	0	1	0	0	1	32	32	0	92	2	1	0	15	3	2	0	73	0	0	0	-4	25	24	0	40
11:25:00	41100	72	70	0	219	0	0	0	0	1	1	0	1	45	40	0	97	3	4	0	14	2	1	0	74	0	0	0	-4	21	24	0	37
11:30:00	41400	84	67	0	236	0	0	0	0	0	0	0	1	47	30	0	114	1	5	0	10	4	3	0	75	0	0	0	-4	32	29	0	40
11:35:00	41700	101	95	0	242	0	0	0	0	0	0	0	1	51	50	0	115	3	3	0	10	8	14	0	69	0	0	0	-4	39	28	0	51
11:40:00	42000	86	83	0	245	0	0	0	0	0	1	0	0	46	37	0	124	0	3	0	7	4	14	0	59	0	0	0	-4	36	28	0	59
11:45:00	42300	87	92	0	240	0	0	0	0	0	0	0	0	46	45	0	125	3	5	0	5	9	6	0	62	0	0	0	-4	29	36	0	52
11:50:00	42600	89	78	0	251	2	0	0	2	0	0	0	0	44	40	0	129	5	2	0	8	1	2	0	61	0	0	0	-4	37	34	0	55
11:55:00	42900	114	103	0	262	1	2	0	1	0	0	0	0	66	52	0	143	1	1	0	8	4	10	0	55	0	0	0	-4	42	38	0	59
12:00:00	43200	87	92	0	257	2	0	0	3	0	0	0	0	58	57	0	144	2	1	0	9	5	0	0	60	0	0	0	-4	20	34	0	45
12:05:00	43500	70	78	0	249	2	2	0	3	0	0	0	0	37	44	0	137	8	6	0	11	7	0	0	67	0	0	0	-4	16	26	0	35
12:10:00	43800	71	62	0	258	1	1	0	3	0	0	0	0	44	38	0	143	2	0	0	13	5	1	0	71	0	0	0	-4	19	22	0	32
12:15:00	44100	59	78	0	239	2	3	0	2	0	0	0	0	35	53	0	125	1	3	0	11	2	3	0	70	0	0	0	-4	19	16	0	35
12:20:00	44400	51	61	1	228	0	1	0	1	0	0	0	0	31	43	0	113	0	3	0	8	2	1	0	71	0	0	1	-5	18	13	0	40
12:25:00	44700	66	67	0	227	2	1	0	2	0	0	0	0	48	36	0	125	0	3	0	5	5	6	0	70	0	0	0	-5	11	21	0	30
12:30:00	45000	42	49	0	220	1	0	0	3	0	0	0	0	25	36	0	114	0	1	0	4	4	2	0	72	0	0	0	-5	12	10	0	32
12:35:00	45300	30	52	0	198	0	1	0	2	0	0	0	0	13	34	0	93	0	2	0	2	5	5	0	72	0	0	0	-5	12	10	0	34
12:40:00	45600	36	37	0	197	0	1	0	1	0	0	0	0	22	25	0	90	0	1	0	1	3	2	0	73	0	0	0	-5	11	8	0	37
12:45:00	45900	51	41	0	207	0	1	0	0	0	0	0	0	35	28	0	97	0	0	0	1	7	2	0	78	0	0	0	-5	9	10	0	36
12:50:00	46200	31	51	0	187	1	0	0	1	0	0	0	0	21	36	0	82	0	1	0	0	5	0	0	83	0	0	0	-5	4	14	0	26
12:55:00	46500	36	37	0	186	0	0	0	1	0	0	0	0	25	28	0	79	0	0	0	0	3	4	0	82	0	0	0	-5	8	5	0	29
13:00:00	46800	7	34	0	159	0	1	0	0	0	0	0	0	0	23	0	56	0	0	0	0	6	0	0	88	0	0	0	-5	1	10	0	20
13:05:00	47100	5	27	0	137	0	0	0	0	0	0	0	0	2	19	0	39	0	0	0	0	2	0	0	90	0	0	0	-5	1	8	0	13
13:10:00	47400	3	17	0	123	0	0	0	0	0	0	0	0	0	11	0	28	0	0	0	0	2	1	0	91	0	0	0	-5	1	5	0	9
13:15:00	47700	25	11	0	137	0	0	0	0	0	0	0	0	16	6	0	38	0	0	0	0	0	4	0	87	0	0	0	-5	9	1	0	17
13:20:00	48000	19	25	0	131	0	0	0	0	0	0	0	0	9	13	0	34	0	0	0	0	1	4	0	84	0	0	0	-5	9	8	0	18
13:25:00	48300	24	21	0	134	0	0	0	0	0	0	0	0	10	7	0	37	0	0	0	0	2	8	0	78	0	0	0	-5	12	6	0	24
13:30:00	48600	54	22	0	166	0	0	0	0	1	0	0	1	45	15	0	67	1	0	0	1	1	2	0	77	0	0	0	-5	6	5	0	25
13:35:00	48900	69	57	0	178	0	0	0	0	0	0	0	1	40	33	0	74	5	0	0	6	1	11	0	67	0	0	0	-5	23	13	0	35
13:40:00	49200	47	41	0	184	0	0	0	0	0	0	0	1	31	25	0	80	5	2	0	9	1	4	0	64	0	0	0	-5	10	10	0	35
13:45:00	49500	58	53	0	189	0	0	0	0	0	1	0	0	42	32	0	90	2	3	0	8	2	3	0	63	0	0	0	-5	12	14	0	33
13:50:00	49800	98	56	0	231	1	0	0	1	0	0	0	0	63	31	0	122	15	7	0	16	3	2	0	64	0	0	0	-5	16	16	0	33
13:55:00	50100	114	66	0	279	1	1	0	1	0	0	0	0	79	49	0	152	12	5	0	23	1	1	0	64	0	0	0	-5	21	10	0	44
14:00:00	50400	85	83	0	281	0	0	0	1	0	0	0	0	61	53	0	160	3	9	0	17	3	0	0	67	0	0	0	-5	18	21	0	41
14:05:00	50700	87	87	0	281	1	1	0	1	0	0	0	0	44	52	0	152	9	6	0	20	2	0	0	69	0	0	0	-5	31	28	0	44
14:10:00	51000	82	83	0	280	0	0	0	1	0	0	0	0	52	52	0	152	14	11	0	23	4	0	0	73	0	0	0	-5	12	20	0	36
14:15:00	51300	70	76	0	274	2	1	0	2	0	0	0	0	38	49	0	141	8	8	0	23	5	1	0	77	0	0	0	-5	17	17	0	36
14:20:00	51600	84	75	0	283	1	2	0	1	0	0	0	0	41	43	0	139	14	8	0	29	5	5	0	77	0	0	0	-5	23	17	0	42
14:25:00	51900	80	87	0	276	0	1	0	0	0	0	0	0	54	61	0	132	16	11	0	34	3	1	0	79	0	0	0	-5	7	13	0	36
14:30:00	52200	57	73	0	260	0	0	0	0	0	0	0	0	23	35	0	120	12	14	0	32	6	4	0	81	0	0	0	-5	16	20	0	32
14:35:00	52500	75	67	1	267	0	0	0	0	0	0	0	0	39	34	0	125	4	12	0	24	2	3	0	80	0	0	1	-6	30	18	0	44
14:40:00	52800	64	81	0	250	0	0	0	0	0	0	0	0	32	49	0	108	8	7	0	25	4	3	0	81	0	0	0	-6	20	22	0	42
14:45:00	53100	56	65	0	241	0	0	0	0	0	0	0	0	25	25	0	108	9	13	0	21	6	10	0	77	0	0	0	-6	16	17	0	41
14:50:00	53400	53	75	0	219	0	0	0	0	0	0	0	0	30	44	0	94	3	6	0	18	4	1	0	80	0	0	0	-6	16	24	0	33
14:55:00	53700	48	58	0	209	0	0	0	0	0	0	0	0	19	27	0	86	8	6	0	20	4	6	0	78	0	0	0	-6	17	19	0	31
15:00:00	54000	42	51	0	200	0	0	0	0	1	1	0	0	21	29	0	78	3	9	0	14	1	2	0	77	0	0	0	-6	16	10	0	37
15:05:00	54300	53	59	0	194	1	0	0	1	0	0	0	0	27	38	0	67	1	4	0	11	2	1	0	78	0	0	0	-6	22	16	0	43
15:10:00	54600	53	49	0	198	0	1	0	0	0	0	0	0	29	24	0	72	0	5	0	6	3	1	0	80	0	0	0	-6	21	18	0	46
15:15:00	54900	61	51	0	208	1	0	0	1	0	0	0	0	37	24	0	85	1	2	0	5	5	1	0	84	0	0	0	-6	17	24	0	39
15:20:00	55200	58	55	0	211	1	1	0	1	0	0	0	0	34	27	0	92	1	1	0	5	4	1	0	87	0	0	0	-6	18	25	0	32
15:25:00	55500	53	61	0	203	1	0	0	2	0	0	0	0	37	43	0	86	0	0	0	5	1	2	0	86	0	0	0	-6	14	16	0	30
15:30:00	55800	79	51	0	231	0	1	0	1	0	0	0	0	43	30	0	99	0	1	0	4	1	3	0	84	0	0	0	-6	35	16	0	49
15:35:00	56100	103	77	0	257	1	1	0	1	0	0	0	0	68	39	0	128	0	0	0	4	4	5	0	83	0	0	0	-6	30	32	0	47
15:40:00	56400	112	97	0	272	0	1	0	0	0	0	0	0	67	53	0	142	0	1	0	3	4	3	0	84	0	0	0	-6	41	39	0	49
15:45:00	56700	79	91	0	260	0	0	0	0	0	0	0	0	49	56	0	135	0	0	0	3	5	6	0	83	0	0	0	-6	25	29	0	45
15:50:00	57000	86	82	0	264	1	0	0	1	0	0	0	0	54	49	0	140	0	1	0	2	2	0	0	85	0	0	0	-6	29	32	0	42
15:55:00	57300	68	85	0	247	1	2	0	0	0	0	0	0	31	53	0	118	0	0	0	2	2	7	0	80	0	0	0	-6	34	23	0	53
16:00:00	57600	91	81	0	257	0	0	0	0	0	0	0	0	41	44	0	115	21	0	0	23	4	6	0	78	0	0	0	-6	25	31	0	47
16:05:00	57900	81	77	0	261	0	0	0	0	0	0	0	0	44	45	0	114	19	8	0	34	0	3	0	75	0	0	0	-6	18	21	0	44
16:10:00	58200	68	89	0	240	0	0	0	0	0	0	0	0	26	47	0	93	18	14	0	38	2	1	0	76	0	0	0	-6	22	27	0	39
16:15:00	58500	86	92	0	234	0	0	0	0	0	0	0	0	35	40	0	88	16	14	0	40	5	12	0	69	0	0	0	-6	30	26	0	43
16:20:00	58800	97	67	0	264	0	0	0	0	0	0	0	0	55	29	0	114	17	11	0	46	2	2	0	69	0	0	0	-6	23	25	0	41
16:25:00	59100	105	86	1	282	1	0	0	1	0	0	0	0	45	38	0	121	27	20	0	53	2	4	0	67	0	0	1	-7	30	24	0	47
16:30:00	59400	117	90	0	309	0	1	0	0	0	0	0	0	56	48	0	129	31	14	0	70	4	2	0	69	0	0	0	-7	26	25	0	48
16:35:00	59700	137	92	0	354	0	0	0	0	0	0	0	0	70	40	0	159	27	20	0	77	6	4	0	71	0	0	0	-7	34	28	0	54
16:40:00	60000	141	127	0	368	0	0	0	0	0	0	0	0	87	63	0	183	20	29	0	68	4	6	0	69	0	0	0	-7	30	29	0	55
16:45:00	60300	102	97	0	373	0	0	0	0	0	0	0	0	54	55	0	182	28	19	0	77	4	3	0	70	0	0	0	-7	16	20	0	51
16:50:00	60600	156	132	0	397	0	0	0	0	0	0	0	0	69	69	0	182	47	31	0	93	3	3	0	70	0	0	0	-7	37	29	0	59
16:55:00	60900	138	133	0	402	1	0	0	1	0	0	0	0	69	69	0	182	31	26	0	98	3	5	0	68	0	0	0	-7	34	33	0	60
17:00:00	61200	184	131	1	454	1	1	0	1	0	0	0	0	115	60	0	237	20	30	0	88	5	8	0	65	0	0	1	-8	43	32	0	71
17:05:00	61500	185	136	0	503	0	1	0	0	0	0	0	0	120	71	0	286	12	22	0	78	5	11	0	59	0	0	0	-8	48	31	0	88
17:10:00	61800	162	158	0	507	0	0	0	0	0	0	0	0	106	94	0	298	15	21	0	72	5	3	0	61	0	0	0	-8	36	40	0	84
17:15:00	62100	183	173	0	517	1	0	0	1	0	0	0	0	105	104	0	299	25	20	0	77	7	7	0	61	0	0	0	-8	45	42	0	87
17:20:00	62400	184	162	0	539	1	2	0	0	1	0	0	1	120	94	0	325	14	22	0	69	4	2	0	63	0	0	0	-8	44	42	0	89
17:25:00	62700	131	174	0	496	1	0	0	1	0	0	0	1	85	100	0	310	3	25	0	47	11	5	0	69	0	0	0	-8	31	44	0	76
17:30:00	63000	108	145	0	459	0	1	0	0	0	1	0	0	83	97	0	296	1	12	0	36	2	7	0	64	0	0	0	-8	22	27	0	71
17:35:00	63300	104	101	0	462	0	0	0	0	0	0	0	0	74	75	0	295	1	5	0	32	9	3	0	70	0	0	0	-8	20	18	0	73
17:40:00	63600	81	118	0	425	0	0	0	0	0	0	0	0	42	75	0	262	2	9	0	25	12	9	0	73	0	0	0	-8	25	25	0	73
17:45:00	63900	113	103	0	435	0	0	0	0	0	0	0	0	84	75	0	271	1	1	0	25	6	5	0	74	0	0	0	-8	22	22	0	73
17:50:00	64200	93	100	0	428	0	0	0	0	0	0	0	0	67	74	0	264	0	5	0	20	6	3	0	77	0	0	0	-8	20	18	0	75
17:55:00	64500	112	118	0	422	1	0	0	1	0	0	0	0	85	82	0	267	1	4	0	17	8	5	0	80	0	0	0	-8	17	27	0	65
18:00:00	64800	72	117	0	377	0	1	0	0	0	0	0	0	55	88	0	234	1	2	0	16	5	2	0	83	0	0	0	-8	11	24	0	52
18:05:00	65100	72	89	1	359	0	0	0	0	0	0	0	0	44	60	0	218	0	2	0	14	6	12	0	77	0	0	1	-9	22	15	0	59
18:10:00	65400	51	85	0	325	0	0	0	0	0	0	0	0	34	58	0	194	0	0	0	14	4	5	0	76	0	0	0	-9	13	22	0	50
18:15:00	65700	44	88	0	281	0	0	0	0	0	0	0	0	27	64	0	157	1	2	0	13	2	9	0	69	0	0	0	-9	14	13	0	51
18:20:00	66000	55	60	0	276	1	1	0	0	0	0	0	0	43	39	0	161	0	1	0	12	1	4	0	66	0	0	0	-9	10	15	0	46
18:25:00	66300	44	61	0	259	0	0	0	0	0	0	0	0	32	41	0	152	0	1	0	11	0	8	0	58	0	0	0	-9	12	11	0	47
18:30:00	66600	41	58	0	242	0	0	0	0	0	0	0	0	29	38	0	143	0	0	0	11	1	7	0	52	0	0	0	-9	11	13	0	45
18:35:00	66900	60	70	0	232	0	0	0	0	0	0	0	0	39	48	0	134	1	4	0	8	0	9	0	43	0	0	0	-9	20	9	0	56
18:40:00	67200	33	47	0	218	0	0	0	0	0	0	0	0	23	29	0	128	0	1	0	7	2	2	0	43	0	0	0	-9	8	15	0	49
18:45:00	67500	35	57	0	196	0	0	0	0	0	0	0	0	24	33	0	119	0	3	0	4	3	6	0	40	0	0	0	-9	8	15	0	42
18:50:00	67800	20	47	0	169	0	0	0	0	0	0	0	0	7	25	0	101	0	0	0	4	0	10	0	30	0	0	0	-9	13	12	0	43
18:55:00	68100	26	40	0	155	0	0	0	0	0	0	0	0	17	22	0	96	0	0	0	4	0	6	0	24	0	0	0	-9	9	12	0	40
19:00:00	68400	67	44	0	178	0	0	0	0	0	0	0	0	55	27	0	124	0	0	0	4	0	8	0	16	0	0	0	-9	12	9	0	43
19:05:00	68700	82	39	0	221	0	0	0	0	0	0	0	0	64	28	0	160	0	0	0	4	3	0	0	19	0	0	0	-9	15	11	0	47
19:10:00	69000	63	60	0	224	0	0	0	0	0	0	0	0	52	49	0	163	0	0	0	4	1	0	0	20	0	0	0	-9	10	11	0	46
19:15:00	69300	55	70	0	209	0	0	0	0	0	0	0	0	42	50	0	155	0	1	0	3	2	3	0	19	0	0	0	-9	11	16	0	41
19:20:00	69600	58	60	0	207	0	0	0	0	0	0	0	0	50	49	0	156	0	0	0	3	0	1	0	18	0	0	0	-9	8	10	0	39
19:25:00	69900	87	59	0	235	0	0	0	0	0	0	0	0	72	49	0	179	0	0	0	3	1	1	0	18	0	0	0	-9	14	9	0	44
19:30:00	70200	68	62	0	241	0	0	0	0	0	0	0	0	57	45	0	191	0	0	0	3	1	4	0	15	0	0	0	-9	10	13	0	41
19:35:00	70500	51	81	0	211	0	0	0	0	0	0	0	0	37	68	0	160	0	0	0	3	1	3	0	13	0	0	0	-9	13	10	0	44
19:40:00	70800	38	61	0	188	0	0	0	0	1	0	0	1	36	49	0	147	0	0	0	3	0	0	0	13	0	0	0	-9	1	12	0	33
19:45:00	71100	69	62	0	195	0	0	0	0	0	0	0	1	54	47	0	154	0	1	0	2	3	4	0	12	0	0	0	-9	12	10	0	35
19:50:00	71400	45	56	0	184	2	0	0	2	0	0	0	1	37	47	0	144	0	0	0	2	1	0	0	13	0	0	0	-9	5	9	0	31
19:55:00	71700	49	59	0	174	0	1	0	1	0	0	0	1	38	52	0	130	0	0	0	2	0	2	0	11	0	0	0	-9	11	4	0	38
20:00:00	72000	8	40	0	142	0	0	0	1	0	0	0	1	3	31	0	102	0	0	0	2	1	1	0	11	0	0	0	-9	4	8	0	34
20:05:00	72300	6	45	0	103	0	1	0	0	0	0	0	1	5	32	0	75	0	0	0	2	0	0	0	11	0	0	0	-9	1	12	0	23
20:10:00	72600	6	18	0	91	0	0	0	0	0	1	0	0	4	13	0	66	0	0	0	2	0	0	0	11	0	0	0	-9	2	4	0	21
20:15:00	72900	6	20	0	77	0	0	0	0	0	0	0	0	3	15	0	54	0	0	0	2	1	1	0	11	0	0	0	-9	2	4	0	19
20:20:00	73200	10	21	0	66	0	0	0	0	0	0	0	0	7	14	0	47	0	1	0	1	1	2	0	10	0	0	0	-9	2	4	0	17
20:25:00	73500	11	11	0	66	0	0	0	0	0	0	0	0	6	5	0	48	0	0	0	1	0	4	0	6	0	0	0	-9	5	2	0	20
20:30:00	73800	7	18	0	55	0	0	0	0	0	0	0	0	4	13	0	39	0	1	0	0	0	2	0	4	0	0	0	-9	3	2	0	21
20:35:00	74100	3	11	0	47	0	0	0	0	0	0	0	0	2	5	0	36	0	0	0	0	0	1	0	3	0	0	0	-9	1	5	0	17
20:40:00	74400	4	9	0	42	0	0	0	0	0	0	0	0	4	7	0	33	0	0	0	0	0	0	0	3	0	0	0	-9	0	2	0	15
20:45:00	74700	6	6	0	42	0	0	0	0	0	0	0	0	4	3	0	34	0	0	0	0	0	0	0	3	0	0	0	-9	2	3	0	14
20:50:00	75000	9	14	0	37	0	0	0	0	0	0	0	0	6	8	0	32	0	0	0	0	0	0	0	3	0	0	0	-9	3	6	0	11
20:55:00	75300	5	8	0	34	0	0	0	0	0	0	0	0	4	5	0	31	0	0	0	0	0	0	0	3	0	0	0	-9	1	3	0	9
21:00:00	75600	9	10	0	33	0	0	0	0	0	0	0	0	7	8	0	30	0	0	0	0	0	0	0	3	0	0	0	-9	2	2	0	9
21:05:00	75900	6	7	0	32	0	0	0	0	0	0	0	0	5	5	0	30	0	0	0	0	0	0	0	3	0	0	0	-9	1	2	0	8
21:10:00	76200	3	5	0	30	0	0	0	0	0	0	0	0	3	3	0	30	0	0	0	0	0	0	0	3	0	0	0	-9	0	2	0	6
21:15:00	76500	2	6	0	26	0	0	0	0	0	0	0	0	2	5	0	27	0	0	0	0	0	0	0	3	0	0	0	-9	0	1	0	5
21:20:00	76800	2	4	0	24	0	0	0	0	0	0	0	0	2	4	0	25	0	0	0	0	0	0	0	3	0	0	0	-9	0	0	0	5
21:25:00	77100	1	3	0	22	0	0	0	0	0	0	0	0	1	3	0	23	0	0	0	0	0	0	0	3	0	0	0	-9	0	0	0	5
21:30:00	77400	0	4	0	18	0	0	0	0	0	0	0	0	0	4	0	19	0	0	0	0	0	0	0	3	0	0	0	-9	0	0	0	5
21:35:00	77700	0	3	0	15	0	0	0	0	0	0	0	0	0	3	0	16	0	0	0	0	0	0	0	3	0	0	0	-9	0	0	0	5
21:40:00	78000	2	4	0	13	0	0	0	0	0	0	0	0	2	4	0	14	0	0	0	0	0	0	0	3	0	0	0	-9	0	0	0	5
21:45:00	78300	1	3	0	11	0	0	0	0	0	0	0	0	1	1	0	14	0	0	0	0	0	0	0	3	0	0	0	-9	0	2	0	3
21:50:00	78600	3	5	0	9	0	0	0	0	0	0	0	0	3	5	0	12	0	0	0	0	0	0	0	3	0	0	0	-9	0	0	0	3
21:55:00	78900	0	0	0	9	0	0	0	0	0	0	0	0	0	0	0	12	0	0	0	0	0	0	0	3	0	0	0	-9	0	0	0	3
22:00:00	79200	0	1	0	8	0	0	0	0	0	0	0	0	0	1	0	11	0	0	0	0	0	0	0	3	0	0	0	-9	0	0	0	3
22:05:00	79500	0	1	0	7	0	0	0	0	0	0	0	0	0	0	0	11	0	0	0	0	0	0	0	3	0	0	0	-9	0	1	0	2
22:10:00	79800	1	1	0	7	0	0	0	0	0	0	0	0	1	1	0	11	0	0	0	0	0	0	0	3	0	0	0	-9	0	0	0	2
22:15:00	80100	2	4	0	5	0	0	0	0	0	0	0	0	1	3	0	9	0	0	0	0	0	0	0	3	0	0	0	-9	1	1	0	2
22:20:00	80400	1	3	0	3	0	0	0	0	0	0	0	0	0	1	0	8	0	0	0	0	0	0	0	3	0	0	0	-9	1	2	0	1
22:25:00	80700	0	3	0	0	0	0	0	0	0	0	0	0	0	2	0	6	0	0	0	0	0	0	0	3	0	0	0	-9	0	1	0	0
22:30:00	81000	0	0	0	0	0	0	0	0	0	0	0	0	0	0	0	6	0	0	0	0	0	0	0	3	0	0	0	-9	0	0	0	0
22:35:00	81300	0	0	0	0	0	0	0	0	0	0	0	0	0	0	0	6	0	0	0	0	0	0	0	3	0	0	0	-9	0	0	0	0
22:40:00	81600	1	2	0	-1	0	0	0	0	0	0	0	0	1	2	0	5	0	0	0	0	0	0	0	3	0	0	0	-9	0	0	0	0
22:45:00	81900	1	1	0	-1	0	0	0	0	0	0	0	0	1	1	0	5	0	0	0	0	0	0	0	3	0	0	0	-9	0	0	0	0
22:50:00	82200	0	1	0	-2	0	0	0	0	0	0	0	0	0	1	0	4	0	0	0	0	0	0	0	3	0	0	0	-9	0	0	0	0
22:55:00	82500	0	0	0	-2	0	0	0	0	0	0	0	0	0	0	0	4	0	0	0	0	0	0	0	3	0	0	0	-9	0	0	0	0
23:00:00	82800	0	0	0	-2	0	0	0	0	0	0	0	0	0	0	0	4	0	0	0	0	0	0	0	3	0	0	0	-9	0	0	0	0
23:05:00	83100	0	0	0	-2	0	0	0	0	0	0	0	0	0	0	0	4	0	0	0	0	0	0	0	3	0	0	0	-9	0	0	0	0
23:10:00	83400	0	0	0	-2	0	0	0	0	0	0	0	0	0	0	0	4	0	0	0	0	0	0	0	3	0	0	0	-9	0	0	0	0
23:15:00	83700	6	2	0	2	0	0	0	0	0	0	0	0	6	2	0	8	0	0	0	0	0	0	0	3	0	0	0	-9	0	0	0	0
23:20:00	84000	5	4	0	3	0	0	0	0	0	0	0	0	4	4	0	8	0	0	0	0	0	0	0	3	0	0	0	-9	1	0	0	1
23:25:00	84300	5	1	0	7	0	0	0	0	0	0	0	0	4	0	0	12	0	0	0	0	0	0	0	3	0	0	0	-9	1	1	0	1
23:30:00	84600	2	7	0	2	0	0	0	0	0	0	0	0	2	6	0	8	0	0	0	0	0	0	0	3	0	0	0	-9	0	1	0	0
23:35:00	84900	2	0	0	4	0	0	0	0	0	0	0	0	2	0	0	10	0	0	0	0	0	0	0	3	0	0	0	-9	0	0	0	0
23:40:00	85200	3	3	0	4	0	0	0	0	0	0	0	0	2	3	0	9	0	0	0	0	0	0	0	3	0	0	0	-9	1	0	0	1
23:45:00	85500	4	2	0	6	0	0	0	0	0	0	0	0	1	1	0	9	0	0	0	0	0	0	0	3	0	0	0	-9	3	1	0	3
23:50:00	85800	4	5	0	5	0	0	0	0	0	0	0	0	3	2	0	10	0	0	0	0	0	0	0	3	0	0	0	-9	1	3	0	1
23:55:00	86100	2	4	0	3	0	0	0	0	0	0	0	0	1	3	0	8	0	0	0	0	0	0	0	3	0	0	0	-9	1	1	0	1
24:00:00	86400	4	0	0	7	0	0	0	0	0	0	0	0	4	0	0	12	0	0	0	0	0	0	0	3	0	0	0	-9	0	0	0	1
24:05:00	86700	2	4	0	5	0	0	0	0	0	0	0	0	2	3	0	11	0	0	0	0	0	0	0	3	0	0	0	-9	0	1	0	0
24:10:00	87000	3	3	0	5	0	0	0	0	0	0	0	0	3	3	0	11	0	0	0	0	0	0	0	3	0	0	0	-9	0	0	0	0
24:15:00	87300	0	4	0	1	0	0	0	0	0	0	0	0	0	4	0	7	0	0	0	0	0	0	0	3	0	0	0	-9	0	0	0	0
24:20:00	87600	0	1	0	0	0	0	0	0	0	0	0	0	0	1	0	6	0	0	0	0	0	0	0	3	0	0	0	-9	0	0	0	0
24:25:00	87900	0	1	0	-1	0	0	0	0	0	0	0	0	0	1	0	5	0	0	0	0	0	0	0	3	0	0	0	-9	0	0	0	0
24:30:00	88200	0	0	0	-1	0	0	0	0	0	0	0	0	0	0	0	5	0	0	0	0	0	0	0	3	0	0	0	-9	0	0	0	0
24:35:00	88500	0	2	0	-3	0	0	0	0	0	0	0	0	0	2	0	3	0	0	0	0	0	0	0	3	0	0	0	-9	0	0	0	0
24:40:00	88800	0	0	0	-3	0	0	0	0	0	0	0	0	0	0	0	3	0	0	0	0	0	0	0	3	0	0	0	-9	0	0	0	0
24:45:00	89100	0	0	0	-3	0	0	0	0	0	0	0	0	0	0	0	3	0	0	0	0	0	0	0	3	0	0	0	-9	0	0	0	0
24:50:00	89400	0	2	0	-5	0	0	0	0	0	0	0	0	0	2	0	1	0	0	0	0	0	0	0	3	0	0	0	-9	0	0	0	0
24:55:00	89700	0	0	0	-5	0	0	0	0	0	0	0	0	0	0	0	1	0	0	0	0	0	0	0	3	0	0	0	-9	0	0	0	0
25:00:00	90000	0	0	0	-5	0	0	0	0	0	0	0	0	0	0	0	1	0	0	0	0	0	0	0	3	0	0	0	-9	0	0	0	0
25:05:00	90300	0	0	0	-5	0	0	0	0	0	0	0	0	0	0	0	1	0	0	0	0	0	0	0	3	0	0	0	-9	0	0	0	0
25:10:00	90600	0	0	0	-5	0	0	0	0	0	0	0	0	0	0	0	1	0	0	0	0	0	0	0	3	0	0	0	-9	0	0	0	0
25:15:00	90900	0	0	0	-5	0	0	0	0	0	0	0	0	0	0	0	1	0	0	0	0	0	0	0	3	0	0	0	-9	0	0	0	0
25:20:00	91200	0	0	0	-5	0	0	0	0	0	0	0	0	0	0	0	1	0	0	0	0	0	0	0	3	0	0	0	-9	0	0	0	0
25:25:00	91500	0	0	0	-5	0	0	0	0	0	0	0	0	0	0	0	1	0	0	0	0	0	0	0	3	0	0	0	-9	0	0	0	0
25:30:00	91800	0	0	0	-5	0	0	0	0	0	0	0	0	0	0	0	1	0	0	0	0	0	0	0	3	0	0	0	-9	0	0	0	0
25:35:00	92100	0	0	0	-5	0	0	0	0	0	0	0	0	0	0	0	1	0	0	0	0	0	0	0	3	0	0	0	-9	0	0	0	0
25:40:00	92400	0	0	0	-5	0	0	0	0	0	0	0	0	0	0	0	1	0	0	0	0	0	0	0	3	0	0	0	-9	0	0	0	0
25:45:00	92700	0	0	0	-5	0	0	0	0	0	0	0	0	0	0	0	1	0	0	0	0	0	0	0	3	0	0	0	-9	0	0	0	0
25:50:00	93000	0	0	0	-5	0	0	0	0	0	0	0	0	0	0	0	1	0	0	0	0	0	0	0	3	0	0	0	-9	0	0	0	0
25:55:00	93300	0	0	0	-5	0	0	0	0	0	0	0	0	0	0	0	1	0	0	0	0	0	0	0	3	0	0	0	-9	0	0	0	0
26:00:00	93600	0	0	0	-5	0	0	0	0	0	0	0	0	0	0	0	1	0	0	0	0	0	0	0	3	0	0	0	-9	0	0	0	0
26:05:00	93900	2	2	0	-5	0	0	0	0	0	0	0	0	2	2	0	1	0	0	0	0	0	0	0	3	0	0	0	-9	0	0	0	0
26:10:00	94200	0	1	0	-6	0	0	0	0	0	0	0	0	0	1	0	0	0	0	0	0	0	0	0	3	0	0	0	-9	0	0	0	0
26:15:00	94500	0	0	0	-6	0	0	0	0	0	0	0	0	0	0	0	0	0	0	0	0	0	0	0	3	0	0	0	-9	0	0	0	0
26:20:00	94800	0	0	0	-6	0	0	0	0	0	0	0	0	0	0	0	0	0	0	0	0	0	0	0	3	0	0	0	-9	0	0	0	0
26:25:00	95100	0	0	0	-6	0	0	0	0	0	0	0	0	0	0	0	0	0	0	0	0	0	0	0	3	0	0	0	-9	0	0	0	0
26:30:00	95400	0	0	0	-6	0	0	0	0	0	0	0	0	0	0	0	0	0	0	0	0	0	0	0	3	0	0	0	-9	0	0	0	0
26:35:00	95700	0	0	0	-6	0	0	0	0	0	0	0	0	0	0	0	0	0	0	0	0	0	0	0	3	0	0	0	-9	0	0	0	0
26:40:00	96000	0	0	0	-6	0	0	0	0	0	0	0	0	0	0	0	0	0	0	0	0	0	0	0	3	0	0	0	-9	0	0	0	0
26:45:00	96300	0	0	0	-6	0	0	0	0	0	0	0	0	0	0	0	0	0	0	0	0	0	0	0	3	0	0	0	-9	0	0	0	0
26:50:00	96600	0	0	0	-6	0	0	0	0	0	0	0	0	0	0	0	0	0	0	0	0	0	0	0	3	0	0	0	-9	0	0	0	0
26:55:00	96900	0	0	0	-6	0	0	0	0	0	0	0	0	0	0	0	0	0	0	0	0	0	0	0	3	0	0	0	-9	0	0	0	0
27:00:00	97200	0	0	0	-6	0	0	0	0	0	0	0	0	0	0	0	0	0	0	0	0	0	0	0	3	0	0	0	-9	0	0	0	0
27:05:00	97500	0	0	0	-6	0	0	0	0	0	0	0	0	0	0	0	0	0	0	0	0	0	0	0	3	0	0	0	-9	0	0	0	0
27:10:00	97800	0	0	0	-6	0	0	0	0	0	0	0	0	0	0	0	0	0	0	0	0	0	0	0	3	0	0	0	-9	0	0	0	0
27:15:00	98100	0	0	0	-6	0	0	0	0	0	0	0	0	0	0	0	0	0	0	0	0	0	0	0	3	0	0	0	-9	0	0	0	0
27:20:00	98400	0	0	0	-6	0	0	0	0	0	0	0	0	0	0	0	0	0	0	0	0	0	0	0	3	0	0	0	-9	0	0	0	0
27:25:00	98700	0	0	0	-6	0	0	0	0	0	0	0	0	0	0	0	0	0	0	0	0	0	0	0	3	0	0	0	-9	0	0	0	0
27:30:00	99000	0	0	0	-6	0	0	0	0	0	0	0	0	0	0	0	0	0	0	0	0	0	0	0	3	0	0	0	-9	0	0	0	0
27:35:00	99300	0	0	0	-6	0	0	0	0	0	0	0	0	0	0	0	0	0	0	0	0	0	0	0	3	0	0	0	-9	0	0	0	0
27:40:00	99600	0	0	0	-6	0	0	0	0	0	0	0	0	0	0	0	0	0	0	0	0	0	0	0	3	0	0	0	-9	0	0	0	0
27:45:00	99900	0	0	0	-6	0	0	0	0	0	0	0	0	0	0	0	0	0	0	0	0	0	0	0	3	0	0	0	-9	0	0	0	0
27:50:00	100200	0	0	0	-6	0	0	0	0	0	0	0	0	0	0	0	0	0	0	0	0	0	0	0	3	0	0	0	-9	0	0	0	0
27:55:00	100500	0	0	0	-6	0	0	0	0	0	0	0	0	0	0	0	0	0	0	0	0	0	0	0	3	0	0	0	-9	0	0	0	0
28:00:00	100800	0	0	0	-6	0	0	0	0	0	0	0	0	0	0	0	0	0	0	0	0	0	0	0	3	0	0	0	-9	0	0	0	0
28:05:00	101100	0	0	0	-6	0	0	0	0	0	0	0	0	0	0	0	0	0	0	0	0	0	0	0	3	0	0	0	-9	0	0	0	0
28:10:00	101400	0	0	0	-6	0	0	0	0	0	0	0	0	0	0	0	0	0	0	0	0	0	0	0	3	0	0	0	-9	0	0	0	0
28:15:00	101700	0	0	0	-6	0	0	0	0	0	0	0	0	0	0	0	0	0	0	0	0	0	0	0	3	0	0	0	-9	0	0	0	0
28:20:00	102000	0	0	0	-6	0	0	0	0	0	0	0	0	0	0	0	0	0	0	0	0	0	0	0	3	0	0	0	-9	0	0	0	0
28:25:00	102300	0	0	0	-6	0	0	0	0	0	0	0	0	0	0	0	0	0	0	0	0	0	0	0	3	0	0	0	-9	0	0	0	0
28:30:00	102600	0	0	0	-6	0	0	0	0	0	0	0	0	0	0	0	0	0	0	0	0	0	0	0	3	0	0	0	-9	0	0	0	0
28:35:00	102900	0	0	0	-6	0	0	0	0	0	0	0	0	0	0	0	0	0	0	0	0	0	0	0	3	0	0	0	-9	0	0	0	0
28:40:00	103200	0	0	0	-6	0	0	0	0	0	0	0	0	0	0	0	0	0	0	0	0	0	0	0	3	0	0	0	-9	0	0	0	0
28:45:00	103500	0	0	0	-6	0	0	0	0	0	0	0	0	0	0	0	0	0	0	0	0	0	0	0	3	0	0	0	-9	0	0	0	0
28:50:00	103800	0	0	0	-6	0	0	0	0	0	0	0	0	0	0	0	0	0	0	0	0	0	0	0	3	0	0	0	-9	0	0	0	0
28:55:00	104100	0	0	0	-6	0	0	0	0	0	0	0	0	0	0	0	0	0	0	0	0	0	0	0	3	0	0	0	-9	0	0	0	0
29:00:00	104400	0	0	0	-6	0	0	0	0	0	0	0	0	0	0	0	0	0	0	0	0	0	0	0	3	0	0	0	-9	0	0	0	0
29:05:00	104700	0	0	0	-6	0	0	0	0	0	0	0	0	0	0	0	0	0	0	0	0	0	0	0	3	0	0	0	-9	0	0	0	0
29:10:00	105000	0	0	0	-6	0	0	0	0	0	0	0	0	0	0	0	0	0	0	0	0	0	0	0	3	0	0	0	-9	0	0	0	0
29:15:00	105300	0	0	0	-6	0	0	0	0	0	0	0	0	0	0	0	0	0	0	0	0	0	0	0	3	0	0	0	-9	0	0	0	0
29:20:00	105600	0	0	0	-6	0	0	0	0	0	0	0	0	0	0	0	0	0	0	0	0	0	0	0	3	0	0	0	-9	0	0	0	0
29:25:00	105900	0	0	0	-6	0	0	0	0	0	0	0	0	0	0	0	0	0	0	0	0	0	0	0	3	0	0	0	-9	0	0	0	0
29:30:00	106200	0	0	0	-6	0	0	0	0	0	0	0	0	0	0	0	0	0	0	0	0	0	0	0	3	0	0	0	-9	0	0	0	0
29:35:00	106500	0	0	0	-6	0	0	0	0	0	0	0	0	0	0	0	0	0	0	0	0	0	0	0	3	0	0	0	-9	0	0	0	0
29:40:00	106800	0	0	0	-6	0	0	0	0	0	0	0	0	0	0	0	0	0	0	0	0	0	0	0	3	0	0	0	-9	0	0	0	0
29:45:00	107100	0	0	0	-6	0	0	0	0	0	0	0	0	0	0	0	0	0	0	0	0	0	0	0	3	0	0	0	-9	0	0	0	0
29:50:00	107400	0	0	0	-6	0	0	0	0	0	0	0	0	0	0	0	0	0	0	0	0	0	0	0	3	0	0	0	-9	0	0	0	0
29:55:00	107700	0	0	0	-6	0	0	0	0	0	0	0	0	0	0	0	0	0	0	0	0	0	0	0	3	0	0	0	-9	0	0	0	0
30:00:00	108000	0	0	3	-9	0	0	0	0	0	0	0	0	0	0	0	0	0	0	0	0	0	0	3	0	0	0	0	-9	0	0	0	0
30:05:00	108300	0	0	0	-9	0	0	0	0	0	0	0	0	0	0	0	0	0	0	0	0	0	0	0	0	0	0	0	-9	0	0	0	0
