time	time	departures_all	arrivals_all	stuck_all	en-route_all	departures_Shared-Bike	arrivals_Shared-Bike	stuck_Shared-Bike	en-route_Shared-Bike	departures_bike	arrivals_bike	stuck_bike	en-route_bike	departures_car	arrivals_car	stuck_car	en-route_car	departures_car_passenger	arrivals_car_passenger	stuck_car_passenger	en-route_car_passenger	departures_eScooter	arrivals_eScooter	stuck_eScooter	en-route_eScooter	departures_pt	arrivals_pt	stuck_pt	en-route_pt	departures_sharing:standardBikeShare	arrivals_sharing:standardBikeShare	stuck_sharing:standardBikeShare	en-route_sharing:standardBikeShare	departures_sharing:standardeScooter	arrivals_sharing:standardeScooter	stuck_sharing:standardeScooter	en-route_sharing:standardeScooter	departures_walk	arrivals_walk	stuck_walk	en-route_walk
00:00:00	0	0	0	0	0	0	0	0	0	0	0	0	0	0	0	0	0	0	0	0	0	0	0	0	0	0	0	0	0	0	0	0	0	0	0	0	0	0	0	0	0
00:05:00	300	0	0	0	0	0	0	0	0	0	0	0	0	0	0	0	0	0	0	0	0	0	0	0	0	0	0	0	0	0	0	0	0	0	0	0	0	0	0	0	0
00:10:00	600	0	0	0	0	0	0	0	0	0	0	0	0	0	0	0	0	0	0	0	0	0	0	0	0	0	0	0	0	0	0	0	0	0	0	0	0	0	0	0	0
00:15:00	900	0	0	0	0	0	0	0	0	0	0	0	0	0	0	0	0	0	0	0	0	0	0	0	0	0	0	0	0	0	0	0	0	0	0	0	0	0	0	0	0
00:20:00	1200	0	0	0	0	0	0	0	0	0	0	0	0	0	0	0	0	0	0	0	0	0	0	0	0	0	0	0	0	0	0	0	0	0	0	0	0	0	0	0	0
00:25:00	1500	0	0	0	0	0	0	0	0	0	0	0	0	0	0	0	0	0	0	0	0	0	0	0	0	0	0	0	0	0	0	0	0	0	0	0	0	0	0	0	0
00:30:00	1800	0	0	0	0	0	0	0	0	0	0	0	0	0	0	0	0	0	0	0	0	0	0	0	0	0	0	0	0	0	0	0	0	0	0	0	0	0	0	0	0
00:35:00	2100	0	0	0	0	0	0	0	0	0	0	0	0	0	0	0	0	0	0	0	0	0	0	0	0	0	0	0	0	0	0	0	0	0	0	0	0	0	0	0	0
00:40:00	2400	0	0	0	0	0	0	0	0	0	0	0	0	0	0	0	0	0	0	0	0	0	0	0	0	0	0	0	0	0	0	0	0	0	0	0	0	0	0	0	0
00:45:00	2700	0	0	0	0	0	0	0	0	0	0	0	0	0	0	0	0	0	0	0	0	0	0	0	0	0	0	0	0	0	0	0	0	0	0	0	0	0	0	0	0
00:50:00	3000	0	0	0	0	0	0	0	0	0	0	0	0	0	0	0	0	0	0	0	0	0	0	0	0	0	0	0	0	0	0	0	0	0	0	0	0	0	0	0	0
00:55:00	3300	0	0	0	0	0	0	0	0	0	0	0	0	0	0	0	0	0	0	0	0	0	0	0	0	0	0	0	0	0	0	0	0	0	0	0	0	0	0	0	0
01:00:00	3600	0	0	0	0	0	0	0	0	0	0	0	0	0	0	0	0	0	0	0	0	0	0	0	0	0	0	0	0	0	0	0	0	0	0	0	0	0	0	0	0
01:05:00	3900	0	0	0	0	0	0	0	0	0	0	0	0	0	0	0	0	0	0	0	0	0	0	0	0	0	0	0	0	0	0	0	0	0	0	0	0	0	0	0	0
01:10:00	4200	0	0	0	0	0	0	0	0	0	0	0	0	0	0	0	0	0	0	0	0	0	0	0	0	0	0	0	0	0	0	0	0	0	0	0	0	0	0	0	0
01:15:00	4500	0	0	0	0	0	0	0	0	0	0	0	0	0	0	0	0	0	0	0	0	0	0	0	0	0	0	0	0	0	0	0	0	0	0	0	0	0	0	0	0
01:20:00	4800	0	0	0	0	0	0	0	0	0	0	0	0	0	0	0	0	0	0	0	0	0	0	0	0	0	0	0	0	0	0	0	0	0	0	0	0	0	0	0	0
01:25:00	5100	0	0	0	0	0	0	0	0	0	0	0	0	0	0	0	0	0	0	0	0	0	0	0	0	0	0	0	0	0	0	0	0	0	0	0	0	0	0	0	0
01:30:00	5400	0	0	0	0	0	0	0	0	0	0	0	0	0	0	0	0	0	0	0	0	0	0	0	0	0	0	0	0	0	0	0	0	0	0	0	0	0	0	0	0
01:35:00	5700	0	0	0	0	0	0	0	0	0	0	0	0	0	0	0	0	0	0	0	0	0	0	0	0	0	0	0	0	0	0	0	0	0	0	0	0	0	0	0	0
01:40:00	6000	0	0	0	0	0	0	0	0	0	0	0	0	0	0	0	0	0	0	0	0	0	0	0	0	0	0	0	0	0	0	0	0	0	0	0	0	0	0	0	0
01:45:00	6300	0	0	0	0	0	0	0	0	0	0	0	0	0	0	0	0	0	0	0	0	0	0	0	0	0	0	0	0	0	0	0	0	0	0	0	0	0	0	0	0
01:50:00	6600	0	0	0	0	0	0	0	0	0	0	0	0	0	0	0	0	0	0	0	0	0	0	0	0	0	0	0	0	0	0	0	0	0	0	0	0	0	0	0	0
01:55:00	6900	0	0	0	0	0	0	0	0	0	0	0	0	0	0	0	0	0	0	0	0	0	0	0	0	0	0	0	0	0	0	0	0	0	0	0	0	0	0	0	0
02:00:00	7200	0	0	0	0	0	0	0	0	0	0	0	0	0	0	0	0	0	0	0	0	0	0	0	0	0	0	0	0	0	0	0	0	0	0	0	0	0	0	0	0
02:05:00	7500	0	0	0	0	0	0	0	0	0	0	0	0	0	0	0	0	0	0	0	0	0	0	0	0	0	0	0	0	0	0	0	0	0	0	0	0	0	0	0	0
02:10:00	7800	0	0	0	0	0	0	0	0	0	0	0	0	0	0	0	0	0	0	0	0	0	0	0	0	0	0	0	0	0	0	0	0	0	0	0	0	0	0	0	0
02:15:00	8100	0	0	0	0	0	0	0	0	0	0	0	0	0	0	0	0	0	0	0	0	0	0	0	0	0	0	0	0	0	0	0	0	0	0	0	0	0	0	0	0
02:20:00	8400	0	0	0	0	0	0	0	0	0	0	0	0	0	0	0	0	0	0	0	0	0	0	0	0	0	0	0	0	0	0	0	0	0	0	0	0	0	0	0	0
02:25:00	8700	0	0	0	0	0	0	0	0	0	0	0	0	0	0	0	0	0	0	0	0	0	0	0	0	0	0	0	0	0	0	0	0	0	0	0	0	0	0	0	0
02:30:00	9000	0	0	0	0	0	0	0	0	0	0	0	0	0	0	0	0	0	0	0	0	0	0	0	0	0	0	0	0	0	0	0	0	0	0	0	0	0	0	0	0
02:35:00	9300	0	0	0	0	0	0	0	0	0	0	0	0	0	0	0	0	0	0	0	0	0	0	0	0	0	0	0	0	0	0	0	0	0	0	0	0	0	0	0	0
02:40:00	9600	0	0	0	0	0	0	0	0	0	0	0	0	0	0	0	0	0	0	0	0	0	0	0	0	0	0	0	0	0	0	0	0	0	0	0	0	0	0	0	0
02:45:00	9900	0	0	0	0	0	0	0	0	0	0	0	0	0	0	0	0	0	0	0	0	0	0	0	0	0	0	0	0	0	0	0	0	0	0	0	0	0	0	0	0
02:50:00	10200	0	0	0	0	0	0	0	0	0	0	0	0	0	0	0	0	0	0	0	0	0	0	0	0	0	0	0	0	0	0	0	0	0	0	0	0	0	0	0	0
02:55:00	10500	0	0	0	0	0	0	0	0	0	0	0	0	0	0	0	0	0	0	0	0	0	0	0	0	0	0	0	0	0	0	0	0	0	0	0	0	0	0	0	0
03:00:00	10800	0	0	0	0	0	0	0	0	0	0	0	0	0	0	0	0	0	0	0	0	0	0	0	0	0	0	0	0	0	0	0	0	0	0	0	0	0	0	0	0
03:05:00	11100	0	0	0	0	0	0	0	0	0	0	0	0	0	0	0	0	0	0	0	0	0	0	0	0	0	0	0	0	0	0	0	0	0	0	0	0	0	0	0	0
03:10:00	11400	0	0	0	0	0	0	0	0	0	0	0	0	0	0	0	0	0	0	0	0	0	0	0	0	0	0	0	0	0	0	0	0	0	0	0	0	0	0	0	0
03:15:00	11700	0	0	0	0	0	0	0	0	0	0	0	0	0	0	0	0	0	0	0	0	0	0	0	0	0	0	0	0	0	0	0	0	0	0	0	0	0	0	0	0
03:20:00	12000	0	0	0	0	0	0	0	0	0	0	0	0	0	0	0	0	0	0	0	0	0	0	0	0	0	0	0	0	0	0	0	0	0	0	0	0	0	0	0	0
03:25:00	12300	0	0	0	0	0	0	0	0	0	0	0	0	0	0	0	0	0	0	0	0	0	0	0	0	0	0	0	0	0	0	0	0	0	0	0	0	0	0	0	0
03:30:00	12600	0	0	0	0	0	0	0	0	0	0	0	0	0	0	0	0	0	0	0	0	0	0	0	0	0	0	0	0	0	0	0	0	0	0	0	0	0	0	0	0
03:35:00	12900	0	0	0	0	0	0	0	0	0	0	0	0	0	0	0	0	0	0	0	0	0	0	0	0	0	0	0	0	0	0	0	0	0	0	0	0	0	0	0	0
03:40:00	13200	0	0	0	0	0	0	0	0	0	0	0	0	0	0	0	0	0	0	0	0	0	0	0	0	0	0	0	0	0	0	0	0	0	0	0	0	0	0	0	0
03:45:00	13500	0	0	0	0	0	0	0	0	0	0	0	0	0	0	0	0	0	0	0	0	0	0	0	0	0	0	0	0	0	0	0	0	0	0	0	0	0	0	0	0
03:50:00	13800	0	0	0	0	0	0	0	0	0	0	0	0	0	0	0	0	0	0	0	0	0	0	0	0	0	0	0	0	0	0	0	0	0	0	0	0	0	0	0	0
03:55:00	14100	0	0	0	0	0	0	0	0	0	0	0	0	0	0	0	0	0	0	0	0	0	0	0	0	0	0	0	0	0	0	0	0	0	0	0	0	0	0	0	0
04:00:00	14400	0	0	0	0	0	0	0	0	0	0	0	0	0	0	0	0	0	0	0	0	0	0	0	0	0	0	0	0	0	0	0	0	0	0	0	0	0	0	0	0
04:05:00	14700	0	0	0	0	0	0	0	0	0	0	0	0	0	0	0	0	0	0	0	0	0	0	0	0	0	0	0	0	0	0	0	0	0	0	0	0	0	0	0	0
04:10:00	15000	0	0	0	0	0	0	0	0	0	0	0	0	0	0	0	0	0	0	0	0	0	0	0	0	0	0	0	0	0	0	0	0	0	0	0	0	0	0	0	0
04:15:00	15300	0	0	0	0	0	0	0	0	0	0	0	0	0	0	0	0	0	0	0	0	0	0	0	0	0	0	0	0	0	0	0	0	0	0	0	0	0	0	0	0
04:20:00	15600	0	0	0	0	0	0	0	0	0	0	0	0	0	0	0	0	0	0	0	0	0	0	0	0	0	0	0	0	0	0	0	0	0	0	0	0	0	0	0	0
04:25:00	15900	0	0	0	0	0	0	0	0	0	0	0	0	0	0	0	0	0	0	0	0	0	0	0	0	0	0	0	0	0	0	0	0	0	0	0	0	0	0	0	0
04:30:00	16200	0	0	0	0	0	0	0	0	0	0	0	0	0	0	0	0	0	0	0	0	0	0	0	0	0	0	0	0	0	0	0	0	0	0	0	0	0	0	0	0
04:35:00	16500	0	0	0	0	0	0	0	0	0	0	0	0	0	0	0	0	0	0	0	0	0	0	0	0	0	0	0	0	0	0	0	0	0	0	0	0	0	0	0	0
04:40:00	16800	0	0	0	0	0	0	0	0	0	0	0	0	0	0	0	0	0	0	0	0	0	0	0	0	0	0	0	0	0	0	0	0	0	0	0	0	0	0	0	0
04:45:00	17100	0	0	0	0	0	0	0	0	0	0	0	0	0	0	0	0	0	0	0	0	0	0	0	0	0	0	0	0	0	0	0	0	0	0	0	0	0	0	0	0
04:50:00	17400	0	0	0	0	0	0	0	0	0	0	0	0	0	0	0	0	0	0	0	0	0	0	0	0	0	0	0	0	0	0	0	0	0	0	0	0	0	0	0	0
04:55:00	17700	0	0	0	0	0	0	0	0	0	0	0	0	0	0	0	0	0	0	0	0	0	0	0	0	0	0	0	0	0	0	0	0	0	0	0	0	0	0	0	0
05:00:00	18000	0	0	0	0	0	0	0	0	0	0	0	0	0	0	0	0	0	0	0	0	0	0	0	0	0	0	0	0	0	0	0	0	0	0	0	0	0	0	0	0
05:05:00	18300	0	0	0	0	0	0	0	0	0	0	0	0	0	0	0	0	0	0	0	0	0	0	0	0	0	0	0	0	0	0	0	0	0	0	0	0	0	0	0	0
05:10:00	18600	0	0	0	0	0	0	0	0	0	0	0	0	0	0	0	0	0	0	0	0	0	0	0	0	0	0	0	0	0	0	0	0	0	0	0	0	0	0	0	0
05:15:00	18900	0	0	0	0	0	0	0	0	0	0	0	0	0	0	0	0	0	0	0	0	0	0	0	0	0	0	0	0	0	0	0	0	0	0	0	0	0	0	0	0
05:20:00	19200	0	0	0	0	0	0	0	0	0	0	0	0	0	0	0	0	0	0	0	0	0	0	0	0	0	0	0	0	0	0	0	0	0	0	0	0	0	0	0	0
05:25:00	19500	0	0	0	0	0	0	0	0	0	0	0	0	0	0	0	0	0	0	0	0	0	0	0	0	0	0	0	0	0	0	0	0	0	0	0	0	0	0	0	0
05:30:00	19800	0	0	0	0	0	0	0	0	0	0	0	0	0	0	0	0	0	0	0	0	0	0	0	0	0	0	0	0	0	0	0	0	0	0	0	0	0	0	0	0
05:35:00	20100	0	0	0	0	0	0	0	0	0	0	0	0	0	0	0	0	0	0	0	0	0	0	0	0	0	0	0	0	0	0	0	0	0	0	0	0	0	0	0	0
05:40:00	20400	0	0	0	0	0	0	0	0	0	0	0	0	0	0	0	0	0	0	0	0	0	0	0	0	0	0	0	0	0	0	0	0	0	0	0	0	0	0	0	0
05:45:00	20700	0	0	0	0	0	0	0	0	0	0	0	0	0	0	0	0	0	0	0	0	0	0	0	0	0	0	0	0	0	0	0	0	0	0	0	0	0	0	0	0
05:50:00	21000	0	0	0	0	0	0	0	0	0	0	0	0	0	0	0	0	0	0	0	0	0	0	0	0	0	0	0	0	0	0	0	0	0	0	0	0	0	0	0	0
05:55:00	21300	0	0	0	0	0	0	0	0	0	0	0	0	0	0	0	0	0	0	0	0	0	0	0	0	0	0	0	0	0	0	0	0	0	0	0	0	0	0	0	0
06:00:00	21600	4	0	0	4	0	0	0	0	0	0	0	0	3	0	0	3	0	0	0	0	0	0	0	0	0	0	0	0	0	0	0	0	0	0	0	0	1	0	0	1
06:05:00	21900	4	2	1	5	0	0	0	0	0	0	0	0	1	1	0	3	0	0	0	0	0	0	0	0	0	0	0	0	0	0	0	0	0	0	1	-1	3	1	0	3
06:10:00	22200	3	1	0	7	0	0	0	0	0	0	0	0	3	1	0	5	0	0	0	0	0	0	0	0	0	0	0	0	0	0	0	0	0	0	0	-1	0	0	0	3
06:15:00	22500	1	3	0	5	0	0	0	0	0	0	0	0	0	3	0	2	0	0	0	0	0	0	0	0	0	0	0	0	0	0	0	0	0	0	0	-1	1	0	0	4
06:20:00	22800	4	0	0	9	0	0	0	0	0	0	0	0	2	0	0	4	0	0	0	0	0	0	0	0	0	0	0	0	0	0	0	0	0	0	0	-1	2	0	0	6
06:25:00	23100	5	2	0	12	0	0	0	0	0	0	0	0	3	2	0	5	0	0	0	0	0	0	0	0	0	0	0	0	0	0	0	0	0	0	0	-1	2	0	0	8
06:30:00	23400	44	6	2	48	0	0	0	0	0	0	0	0	22	2	0	25	0	0	0	0	0	0	0	0	2	0	0	2	0	0	0	0	0	0	2	-3	20	4	0	24
06:35:00	23700	37	17	1	67	0	0	0	0	0	0	0	0	23	11	0	37	0	0	0	0	0	0	0	0	0	0	0	2	0	0	0	0	0	0	1	-4	14	6	0	32
06:40:00	24000	37	18	0	86	0	0	0	0	0	0	0	0	21	12	0	46	0	0	0	0	1	0	0	1	1	0	0	3	0	0	0	0	0	0	0	-4	14	6	0	40
06:45:00	24300	40	39	1	86	1	0	0	1	0	0	0	0	19	25	0	40	0	0	0	0	3	0	0	4	3	1	0	5	0	0	0	0	0	0	1	-5	14	13	0	41
06:50:00	24600	46	32	4	96	0	1	0	0	0	0	0	0	25	17	0	48	0	0	0	0	1	0	0	5	2	0	0	7	0	0	0	0	0	0	4	-9	18	14	0	45
06:55:00	24900	86	43	2	137	2	0	0	2	0	0	0	0	50	22	0	76	0	0	0	0	0	2	0	3	3	0	0	10	0	0	0	0	0	0	2	-11	31	19	0	57
07:00:00	25200	72	50	2	157	2	0	0	4	0	0	0	0	38	34	0	80	0	0	0	0	1	2	0	2	3	0	0	13	0	0	0	0	0	0	2	-13	28	14	0	71
07:05:00	25500	72	56	4	169	1	4	0	1	0	0	0	0	21	27	0	74	0	0	0	0	3	2	0	3	1	1	0	13	0	0	0	0	0	0	4	-17	46	22	0	95
07:10:00	25800	80	70	5	174	1	0	0	2	0	0	0	0	33	29	0	78	0	0	0	0	1	2	0	2	6	6	0	13	0	0	0	0	0	0	5	-22	39	33	0	101
07:15:00	26100	86	53	4	203	1	0	0	3	0	0	0	0	48	38	0	88	0	0	0	0	0	1	0	1	2	1	0	14	0	0	0	0	0	0	4	-26	35	13	0	123
07:20:00	26400	85	62	2	224	0	2	0	1	0	0	0	0	46	35	0	99	0	0	0	0	0	1	0	0	8	1	0	21	0	0	0	0	0	0	2	-28	31	23	0	131
07:25:00	26700	121	75	5	265	0	1	0	0	0	0	0	0	63	41	0	121	0	0	0	0	2	0	0	2	10	1	0	30	0	0	1	-1	0	0	4	-32	46	32	0	145
07:30:00	27000	77	89	7	246	0	0	0	0	0	0	0	0	38	52	0	107	0	0	0	0	2	2	0	2	6	4	0	32	0	0	0	-1	0	0	7	-39	31	31	0	145
07:35:00	27300	89	86	4	245	0	0	0	0	0	0	0	0	39	54	0	92	0	0	0	0	2	1	0	3	4	4	0	32	0	0	0	-1	0	0	4	-43	44	27	0	162
07:40:00	27600	96	77	10	254	0	0	0	0	0	0	0	0	42	33	0	101	0	0	0	0	1	2	0	2	8	1	0	39	0	0	1	-2	0	0	9	-52	45	41	0	166
07:45:00	27900	95	73	4	272	1	1	0	0	0	0	0	0	52	40	0	113	0	0	0	0	2	1	0	3	3	2	0	40	0	0	0	-2	0	0	4	-56	37	29	0	174
07:50:00	28200	119	86	5	300	2	1	0	1	0	0	0	0	63	45	0	131	0	0	0	0	2	1	0	4	8	6	0	42	0	0	0	-2	0	0	5	-61	44	33	0	185
07:55:00	28500	111	103	4	304	0	1	0	0	0	0	0	0	56	61	0	126	12	1	0	11	0	1	0	3	9	2	0	49	0	0	1	-3	0	0	3	-64	34	37	0	182
08:00:00	28800	133	107	5	325	0	0	0	0	0	0	0	0	54	61	0	119	24	7	0	28	1	1	0	3	7	7	0	49	0	0	0	-3	0	0	5	-69	47	31	0	198
08:05:00	29100	112	97	2	338	0	0	0	0	0	0	0	0	52	45	0	126	17	10	0	35	1	2	0	2	8	5	0	52	0	0	0	-3	0	0	2	-71	34	35	0	197
08:10:00	29400	140	120	6	352	0	0	0	0	0	0	0	0	58	63	0	121	26	16	0	45	2	0	0	4	7	7	0	52	0	0	0	-3	0	0	6	-77	47	34	0	210
08:15:00	29700	90	97	0	345	1	0	0	1	0	0	0	0	45	54	0	112	14	16	0	43	0	1	0	3	4	1	0	55	0	0	0	-3	0	0	0	-77	26	25	0	211
08:20:00	30000	115	111	5	344	0	0	0	1	0	0	0	0	58	56	0	114	16	17	0	42	1	0	0	4	6	3	0	58	0	0	0	-3	0	0	5	-82	34	35	0	210
08:25:00	30300	119	104	6	353	1	0	0	2	0	0	0	0	54	50	0	118	20	13	0	49	0	3	0	1	4	5	0	57	0	0	0	-3	0	0	6	-88	40	33	0	217
08:30:00	30600	106	104	6	349	1	1	0	2	0	0	0	0	37	55	0	100	21	15	0	55	3	1	0	3	6	5	0	58	0	0	0	-3	0	0	6	-94	38	27	0	228
08:35:00	30900	73	88	6	328	0	1	0	1	0	0	0	0	38	44	0	94	8	21	0	42	0	1	0	2	4	3	0	59	0	0	0	-3	0	0	6	-100	23	18	0	233
08:40:00	31200	88	76	3	337	0	0	0	1	0	0	0	0	25	33	0	86	24	17	0	49	0	1	0	1	7	3	0	63	0	0	1	-4	0	0	2	-102	32	22	0	243
08:45:00	31500	98	65	3	367	0	1	0	0	0	0	0	0	29	32	0	83	39	14	0	74	0	1	0	0	3	1	0	65	0	0	0	-4	0	0	3	-105	27	16	0	254
08:50:00	31800	72	79	3	357	0	0	0	0	0	0	0	0	27	32	0	78	13	22	0	65	1	0	0	1	5	0	0	70	0	0	0	-4	0	0	3	-108	26	25	0	255
08:55:00	32100	78	78	2	355	0	0	0	0	0	0	0	0	27	33	0	72	18	19	0	64	1	1	0	1	7	5	0	72	0	0	0	-4	0	0	2	-110	25	20	0	260
09:00:00	32400	84	76	1	362	2	0	0	2	0	0	0	0	42	28	0	86	4	17	0	51	0	0	0	1	7	3	0	76	0	0	0	-4	0	0	1	-111	29	28	0	261
09:05:00	32700	79	90	1	350	0	1	0	1	0	0	0	0	37	31	0	92	6	11	0	46	2	1	0	2	4	9	0	71	0	0	0	-4	0	0	1	-112	30	37	0	254
09:10:00	33000	65	88	3	324	0	0	0	1	0	0	0	0	29	40	0	81	3	11	0	38	1	0	0	3	4	3	0	72	0	0	0	-4	0	0	3	-115	28	34	0	248
09:15:00	33300	56	71	3	306	0	1	0	0	0	0	0	0	31	37	0	75	2	11	0	29	1	1	0	3	4	2	0	74	0	0	0	-4	0	0	3	-118	18	19	0	247
09:20:00	33600	54	88	5	267	1	0	0	1	0	0	0	0	22	34	0	63	2	11	0	20	0	2	0	1	9	3	0	80	0	0	0	-4	0	0	5	-123	20	38	0	229
09:25:00	33900	59	59	2	265	0	0	0	1	0	0	0	0	25	25	0	63	4	2	0	22	1	0	0	2	1	12	0	69	0	0	0	-4	0	0	2	-125	28	20	0	237
09:30:00	34200	47	67	2	243	0	1	0	0	0	0	0	0	22	27	0	58	1	8	0	15	1	2	0	1	0	5	0	64	0	0	0	-4	0	0	2	-127	23	24	0	236
09:35:00	34500	39	52	1	229	0	0	0	0	0	0	0	0	16	26	0	48	8	5	0	18	1	1	0	1	1	1	0	64	0	0	0	-4	0	0	1	-128	13	19	0	230
09:40:00	34800	40	51	2	216	0	0	0	0	0	0	0	0	18	19	0	47	2	5	0	15	0	1	0	0	2	2	0	64	0	0	0	-4	0	0	2	-130	18	24	0	224
09:45:00	35100	43	58	0	201	0	0	0	0	0	0	0	0	26	32	0	41	0	5	0	10	0	0	0	0	3	1	0	66	0	0	0	-4	0	0	0	-130	14	20	0	218
09:50:00	35400	37	38	1	199	0	0	0	0	0	0	0	0	21	15	0	47	0	4	0	6	0	0	0	0	3	0	0	69	0	0	0	-4	0	0	1	-131	13	19	0	212
09:55:00	35700	52	54	7	190	0	0	0	0	1	0	0	1	27	23	0	51	0	2	0	4	0	0	0	0	1	0	0	70	0	0	0	-4	0	0	7	-138	23	29	0	206
10:00:00	36000	79	75	4	190	0	0	0	0	0	1	0	0	35	28	0	58	0	2	0	2	0	0	0	0	2	15	0	57	0	0	0	-4	0	0	4	-142	42	29	0	219
10:05:00	36300	58	60	7	181	0	0	0	0	0	0	0	0	27	32	0	53	0	1	0	1	0	0	0	0	0	2	0	55	0	0	0	-4	0	0	7	-149	31	25	0	225
10:10:00	36600	86	83	4	180	0	0	0	0	0	0	0	0	43	36	0	60	0	1	0	0	0	0	0	0	2	5	0	52	0	0	0	-4	0	0	4	-153	41	41	0	225
10:15:00	36900	63	68	5	170	1	0	0	1	0	0	0	0	21	26	0	55	0	0	0	0	0	0	0	0	2	1	0	53	0	0	1	-5	0	0	4	-157	39	41	0	223
10:20:00	37200	70	72	5	163	0	0	0	1	0	0	0	0	25	24	0	56	0	0	0	0	0	0	0	0	2	2	0	53	0	0	0	-5	0	0	5	-162	43	46	0	220
10:25:00	37500	76	72	4	163	0	1	0	0	0	0	0	0	42	31	0	67	0	0	0	0	1	0	0	1	2	3	0	52	0	0	0	-5	0	0	4	-166	31	37	0	214
10:30:00	37800	64	72	6	149	0	0	0	0	0	0	0	0	18	26	0	59	0	0	0	0	1	0	0	2	1	2	0	51	0	0	0	-5	0	0	6	-172	44	44	0	214
10:35:00	38100	50	68	2	129	0	0	0	0	0	0	0	0	21	33	0	47	2	1	0	1	0	1	0	1	2	2	0	51	0	0	0	-5	0	0	2	-174	25	31	0	208
10:40:00	38400	56	67	4	114	0	0	0	0	0	0	0	0	18	20	0	45	1	1	0	1	1	0	0	2	0	2	0	49	0	0	0	-5	0	0	4	-178	36	44	0	200
10:45:00	38700	75	77	5	107	0	0	0	0	0	0	0	0	29	32	0	42	3	0	0	4	0	1	0	1	2	4	0	47	0	0	0	-5	0	0	5	-183	41	40	0	201
10:50:00	39000	47	64	3	87	0	0	0	0	0	0	0	0	19	21	0	40	0	3	0	1	0	0	0	1	2	1	0	48	0	0	0	-5	0	0	3	-186	26	39	0	188
10:55:00	39300	49	57	3	76	0	0	0	0	0	0	0	0	17	18	0	39	2	0	0	3	0	0	0	1	3	0	0	51	0	0	0	-5	0	0	3	-189	27	39	0	176
11:00:00	39600	55	52	2	77	0	0	0	0	0	0	0	0	24	17	0	46	4	1	0	6	1	1	0	1	0	1	0	50	0	0	0	-5	0	0	2	-191	26	32	0	170
11:05:00	39900	82	76	3	80	0	0	0	0	0	0	0	0	34	22	0	58	1	1	0	6	2	2	0	1	5	6	0	49	0	0	1	-6	0	0	2	-193	40	45	0	165
11:10:00	40200	76	53	2	101	0	0	0	0	0	0	0	0	41	23	0	76	2	1	0	7	0	0	0	1	1	2	0	48	0	0	0	-6	0	0	2	-195	32	27	0	170
11:15:00	40500	59	63	2	95	1	0	0	1	0	0	0	0	20	30	0	66	10	3	0	14	1	1	0	1	1	2	0	47	0	0	0	-6	0	0	2	-197	26	27	0	169
11:20:00	40800	61	54	1	101	0	0	0	1	0	0	0	0	32	27	0	71	2	2	0	14	0	0	0	1	3	2	0	48	0	0	0	-6	0	0	1	-198	24	23	0	170
11:25:00	41100	71	73	5	94	1	1	0	1	0	0	0	0	33	42	0	62	3	3	0	14	0	0	0	1	1	0	0	49	0	0	0	-6	0	0	5	-203	33	27	0	176
11:30:00	41400	74	65	4	99	1	1	0	1	0	0	0	0	35	25	0	72	1	5	0	10	0	0	0	1	2	1	0	50	0	0	1	-7	0	0	3	-206	35	33	0	178
11:35:00	41700	83	79	3	100	0	0	0	1	0	0	0	0	35	39	0	68	3	3	0	10	2	0	0	3	3	5	0	48	0	0	0	-7	0	0	3	-209	40	32	0	186
11:40:00	42000	77	78	3	96	1	1	0	1	0	0	0	0	28	24	0	72	0	4	0	6	1	2	0	2	2	14	0	36	0	0	0	-7	0	0	3	-212	45	33	0	198
11:45:00	42300	85	83	6	92	0	0	0	1	0	0	0	0	37	31	0	78	3	5	0	4	1	1	0	2	8	5	0	39	0	0	0	-7	0	0	6	-218	36	41	0	193
11:50:00	42600	86	72	1	105	0	1	0	0	0	0	0	0	44	32	0	90	5	1	0	8	0	1	0	1	2	1	0	40	0	0	0	-7	0	0	1	-219	35	36	0	192
11:55:00	42900	100	104	2	99	0	0	0	0	0	0	0	0	50	47	0	93	1	1	0	8	0	0	0	1	5	4	0	41	0	0	0	-7	0	0	2	-221	44	52	0	184
12:00:00	43200	83	88	2	92	1	0	0	1	0	0	0	0	44	43	0	94	2	2	0	8	3	1	0	3	4	0	0	45	0	0	0	-7	0	0	2	-223	29	42	0	171
12:05:00	43500	63	75	2	78	1	1	0	1	0	0	0	0	26	39	0	81	8	5	0	11	2	1	0	4	6	0	0	51	0	0	0	-7	0	0	2	-225	20	29	0	162
12:10:00	43800	67	65	2	78	0	1	0	0	0	0	0	0	29	36	0	74	2	0	0	13	0	1	0	3	5	1	0	55	0	0	0	-7	0	0	2	-227	31	26	0	167
12:15:00	44100	60	72	2	64	2	0	0	2	0	0	0	0	33	37	0	70	1	3	0	11	3	0	0	6	5	5	0	55	0	0	1	-8	0	0	1	-228	16	27	0	156
12:20:00	44400	46	59	3	48	0	2	0	0	0	0	0	0	24	37	0	57	0	3	0	8	0	2	0	4	1	2	0	54	0	0	0	-8	0	0	3	-231	21	13	0	164
12:25:00	44700	63	63	5	43	0	0	0	0	0	0	0	0	36	29	0	64	0	3	0	5	1	1	0	4	2	5	0	51	0	0	0	-8	0	0	5	-236	24	25	0	163
12:30:00	45000	47	51	1	38	0	0	0	0	0	0	0	0	26	28	0	62	0	1	0	4	4	2	0	6	1	3	0	49	0	0	0	-8	0	0	1	-237	16	17	0	162
12:35:00	45300	27	37	0	28	0	0	0	0	0	0	0	0	8	19	0	51	0	2	0	2	1	1	0	6	1	3	0	47	0	0	0	-8	0	0	0	-237	17	12	0	167
12:40:00	45600	35	37	3	23	1	0	0	1	0	0	0	0	16	17	0	50	0	1	0	1	1	0	0	7	2	1	0	48	0	0	0	-8	0	0	3	-240	15	18	0	164
12:45:00	45900	47	40	1	29	0	1	0	0	0	0	0	0	23	21	0	52	0	0	0	1	1	0	0	8	4	1	0	51	0	0	0	-8	0	0	1	-241	19	17	0	166
12:50:00	46200	34	35	1	27	1	0	0	1	0	0	0	0	19	18	0	53	0	1	0	0	1	3	0	6	2	0	0	53	0	0	0	-8	0	0	1	-242	11	13	0	164
12:55:00	46500	37	39	2	23	1	1	0	1	0	0	0	0	19	23	0	49	0	0	0	0	0	0	0	6	3	1	0	55	0	0	0	-8	0	0	2	-244	14	14	0	164
13:00:00	46800	8	34	3	-6	0	0	0	1	0	0	0	0	1	18	0	32	0	0	0	0	0	2	0	4	1	1	0	55	0	0	0	-8	0	0	3	-247	6	13	0	157
13:05:00	47100	3	30	0	-33	0	0	0	1	0	0	0	0	0	20	0	12	0	0	0	0	0	1	0	3	1	0	0	56	0	0	0	-8	0	0	0	-247	2	9	0	150
13:10:00	47400	3	14	0	-44	0	1	0	0	0	0	0	0	0	3	0	9	0	0	0	0	0	0	0	3	2	0	0	58	0	0	0	-8	0	0	0	-247	1	10	0	141
13:15:00	47700	23	21	2	-44	0	0	0	0	0	0	0	0	10	7	0	12	0	0	0	0	0	0	0	3	1	2	0	57	0	0	0	-8	0	0	2	-249	12	12	0	141
13:20:00	48000	18	23	1	-50	0	0	0	0	0	0	0	0	8	9	0	11	0	0	0	0	2	1	0	4	2	3	0	56	0	0	0	-8	0	0	1	-250	6	10	0	137
13:25:00	48300	18	23	0	-55	0	0	0	0	0	0	0	0	5	5	0	11	0	0	0	0	0	2	0	2	1	4	0	53	0	0	0	-8	0	0	0	-250	12	12	0	137
13:30:00	48600	56	23	3	-25	0	0	0	0	0	0	0	0	37	6	0	42	1	0	0	1	0	1	0	1	2	2	0	53	0	0	0	-8	0	0	3	-253	16	14	0	139
13:35:00	48900	58	48	2	-17	1	0	0	1	0	0	0	0	21	23	0	40	5	0	0	6	0	0	0	1	1	6	0	48	0	0	0	-8	0	0	2	-255	30	19	0	150
13:40:00	49200	47	47	4	-21	0	0	0	1	0	0	0	0	21	19	0	42	5	2	0	9	2	0	0	3	0	4	0	44	0	0	0	-8	0	0	4	-259	19	22	0	147
13:45:00	49500	64	52	3	-12	2	1	0	2	0	0	0	0	27	21	0	48	2	3	0	8	2	2	0	3	2	3	0	43	0	0	0	-8	0	0	3	-262	29	22	0	154
13:50:00	49800	94	56	3	23	1	1	0	2	0	0	0	0	41	20	0	69	15	7	0	16	1	3	0	1	4	2	0	45	0	0	1	-9	0	0	2	-264	32	23	0	163
13:55:00	50100	105	71	3	54	0	2	0	0	0	0	0	0	57	41	0	85	12	5	0	23	2	0	0	3	0	0	0	45	0	0	0	-9	0	0	3	-267	34	23	0	174
14:00:00	50400	78	79	3	50	1	0	0	1	0	0	0	0	43	43	0	85	3	9	0	17	1	1	0	3	4	0	0	49	0	0	0	-9	0	0	3	-270	26	26	0	174
14:05:00	50700	80	78	0	52	0	1	0	0	0	0	0	0	34	40	0	79	9	5	0	21	0	1	0	2	2	0	0	51	0	0	0	-9	0	0	0	-270	35	31	0	178
14:10:00	51000	75	73	4	50	2	0	0	2	0	0	0	0	35	33	0	81	14	14	0	21	0	0	0	2	5	0	0	56	0	0	0	-9	0	0	4	-274	19	26	0	171
14:15:00	51300	71	69	3	49	2	3	0	1	0	0	0	0	31	33	0	79	8	7	0	22	2	1	0	3	5	0	0	61	0	0	1	-10	0	0	2	-276	23	25	0	169
14:20:00	51600	83	70	3	59	0	1	0	0	0	0	0	0	39	32	0	86	14	8	0	28	0	1	0	2	2	7	0	56	0	0	0	-10	0	0	3	-279	28	21	0	176
14:25:00	51900	70	73	0	56	1	0	0	1	0	0	0	0	34	41	0	79	16	11	0	33	1	1	0	2	5	0	0	61	0	0	0	-10	0	0	0	-279	13	20	0	169
14:30:00	52200	57	69	3	41	2	0	0	3	0	0	0	0	13	24	0	68	12	13	0	32	2	0	0	4	3	2	0	62	0	0	0	-10	0	0	3	-282	25	30	0	164
14:35:00	52500	76	82	6	29	0	1	0	2	0	0	0	0	31	31	0	68	4	12	0	24	0	1	0	3	3	4	0	61	0	0	0	-10	0	0	6	-288	38	33	0	169
14:40:00	52800	60	79	3	7	0	1	0	1	0	0	0	0	25	40	0	53	8	8	0	24	1	1	0	3	1	4	0	58	0	0	0	-10	0	0	3	-291	25	25	0	169
14:45:00	53100	54	66	2	-7	0	1	0	0	0	0	0	0	16	20	0	49	9	13	0	20	0	0	0	3	5	14	0	49	0	0	0	-10	0	0	2	-293	24	18	0	175
14:50:00	53400	53	69	5	-28	0	0	0	0	0	0	0	0	27	30	0	46	3	6	0	17	0	1	0	2	0	3	0	46	0	0	0	-10	0	0	5	-298	23	29	0	169
14:55:00	53700	43	51	2	-38	0	0	0	0	0	0	0	0	16	18	0	44	8	6	0	19	0	0	0	2	0	3	0	43	0	0	1	-11	0	0	1	-299	19	24	0	164
15:00:00	54000	43	55	3	-53	0	0	0	0	0	0	0	0	20	21	0	43	4	10	0	13	1	0	0	3	1	2	0	42	0	0	0	-11	0	0	3	-302	17	22	0	159
15:05:00	54300	50	48	6	-57	0	0	0	0	0	0	0	0	24	21	0	46	0	3	0	10	0	0	0	3	1	1	0	42	0	0	1	-12	0	0	5	-307	25	23	0	161
15:10:00	54600	44	53	3	-69	1	1	0	0	0	0	0	0	19	23	0	42	0	4	0	6	0	1	0	2	2	0	0	44	0	0	0	-12	0	0	3	-310	22	24	0	159
15:15:00	54900	59	50	1	-61	0	0	0	0	0	0	0	0	28	19	0	51	1	2	0	5	1	0	0	3	3	3	0	44	0	0	0	-12	0	0	1	-311	26	26	0	159
15:20:00	55200	56	51	4	-60	0	0	0	0	0	0	0	0	24	25	0	50	1	1	0	5	1	1	0	3	4	1	0	47	0	0	0	-12	0	0	4	-315	26	23	0	162
15:25:00	55500	47	54	3	-70	0	0	0	0	0	0	0	0	22	26	0	46	0	0	0	5	1	0	0	4	2	1	0	48	0	0	0	-12	0	0	3	-318	22	27	0	157
15:30:00	55800	87	58	5	-46	1	1	0	0	0	0	0	0	36	21	0	61	0	1	0	4	4	1	0	7	2	1	0	49	0	0	0	-12	0	0	5	-323	44	33	0	168
15:35:00	56100	87	66	2	-27	0	0	0	0	0	0	0	0	39	31	0	69	0	0	0	4	1	2	0	6	6	2	0	53	0	0	0	-12	0	0	2	-325	41	31	0	178
15:40:00	56400	103	95	6	-25	1	0	0	1	0	0	0	0	51	41	0	79	0	1	0	3	1	2	0	5	4	0	0	57	0	0	1	-13	0	0	5	-330	46	51	0	173
15:45:00	56700	73	69	9	-30	0	1	0	0	0	0	0	0	38	30	0	87	0	0	0	3	1	2	0	4	4	1	0	60	0	0	2	-15	0	0	7	-337	30	35	0	168
15:50:00	57000	74	76	1	-33	0	0	0	0	0	0	0	0	41	43	0	85	0	1	0	2	0	0	0	4	1	0	0	61	0	0	0	-15	0	0	1	-338	32	32	0	168
15:55:00	57300	66	83	6	-56	0	0	0	0	0	0	0	0	27	40	0	72	0	0	0	2	1	4	0	1	2	5	0	58	0	0	1	-16	0	0	5	-343	36	34	0	170
16:00:00	57600	84	74	4	-50	1	0	0	1	0	0	0	0	26	31	0	67	21	0	0	23	0	0	0	1	1	5	0	54	0	0	0	-16	0	0	4	-347	35	38	0	167
16:05:00	57900	78	68	0	-40	0	1	0	0	0	0	0	0	30	31	0	66	19	7	0	35	0	1	0	0	1	3	0	52	0	0	0	-16	0	0	0	-347	28	25	0	170
16:10:00	58200	69	86	3	-60	0	0	0	0	0	0	0	0	23	32	0	57	18	15	0	38	0	0	0	0	0	2	0	50	0	0	0	-16	0	0	3	-350	28	37	0	161
16:15:00	58500	79	82	1	-64	0	0	0	0	0	0	0	0	29	31	0	55	16	14	0	40	0	0	0	0	4	8	0	46	0	0	0	-16	0	0	1	-351	30	29	0	162
16:20:00	58800	93	67	0	-38	0	0	0	0	0	0	0	0	35	24	0	66	17	12	0	45	0	0	0	0	2	2	0	46	0	0	0	-16	0	0	0	-351	39	29	0	172
16:25:00	59100	102	84	3	-23	1	0	0	1	0	0	0	0	28	29	0	65	27	19	0	53	2	0	0	2	2	3	0	45	0	0	0	-16	0	0	3	-354	42	33	0	181
16:30:00	59400	112	83	4	2	0	1	0	0	0	0	0	0	36	28	0	73	31	15	0	69	1	0	0	3	4	2	0	47	0	0	0	-16	0	0	4	-358	40	37	0	184
16:35:00	59700	122	88	4	32	0	0	0	0	0	0	0	0	43	30	0	86	27	22	0	74	2	0	0	5	3	1	0	49	0	0	0	-16	0	0	4	-362	47	35	0	196
16:40:00	60000	124	120	2	34	0	0	0	0	0	0	0	0	54	40	0	100	20	26	0	68	0	1	0	4	4	6	0	47	0	0	0	-16	0	0	2	-364	46	47	0	195
16:45:00	60300	101	99	5	31	0	0	0	0	0	0	0	0	32	36	0	96	29	21	0	76	1	1	0	4	6	6	0	47	0	0	0	-16	0	0	5	-369	33	35	0	193
16:50:00	60600	144	105	2	68	2	0	0	2	0	0	0	0	50	42	0	104	46	30	0	92	2	0	0	6	4	2	0	49	0	0	0	-16	0	0	2	-371	40	31	0	202
16:55:00	60900	112	124	2	54	0	2	0	0	0	0	0	0	46	58	0	92	32	28	0	96	1	2	0	5	2	1	0	50	0	0	0	-16	0	0	2	-373	31	33	0	200
17:00:00	61200	150	122	10	72	1	0	0	1	0	0	0	0	69	42	0	119	19	29	0	86	1	1	0	5	2	9	0	43	0	0	0	-16	0	0	10	-383	58	41	0	217
17:05:00	61500	163	121	1	113	0	0	0	1	0	0	0	0	85	51	0	153	12	21	0	77	1	3	0	3	7	7	0	43	0	0	0	-16	0	0	1	-384	58	39	0	236
17:10:00	61800	137	136	6	108	0	1	0	0	0	0	0	0	63	60	0	156	16	21	0	72	2	2	0	3	3	2	0	44	0	0	0	-16	0	0	6	-390	53	50	0	239
17:15:00	62100	140	143	4	101	0	0	0	0	0	0	0	0	67	64	0	159	27	23	0	76	0	1	0	2	2	7	0	39	0	0	0	-16	0	0	4	-394	44	48	0	235
17:20:00	62400	156	140	7	110	0	0	0	0	0	0	0	0	78	58	0	179	13	21	0	68	3	2	0	3	2	3	0	38	0	0	0	-16	0	0	7	-401	60	56	0	239
17:25:00	62700	97	150	4	53	1	0	0	1	0	0	0	0	44	76	0	147	1	25	0	44	0	2	0	1	6	3	0	41	0	0	0	-16	0	0	4	-405	45	44	0	240
17:30:00	63000	77	104	1	25	0	1	0	0	0	0	0	0	49	64	0	132	1	11	0	34	2	0	0	3	4	1	0	44	0	0	0	-16	0	0	1	-406	21	27	0	234
17:35:00	63300	69	75	4	15	0	0	0	0	0	0	0	0	38	43	0	127	2	7	0	29	0	2	0	1	4	3	0	45	0	0	0	-16	0	0	4	-410	25	20	0	239
17:40:00	63600	49	68	3	-7	0	0	0	0	0	0	0	0	22	44	0	105	1	5	0	25	0	0	0	1	4	1	0	48	0	0	0	-16	0	0	3	-413	22	18	0	243
17:45:00	63900	96	67	3	19	0	0	0	0	0	0	0	0	61	42	0	124	1	1	0	25	1	0	0	2	0	4	0	44	0	0	0	-16	0	0	3	-416	33	20	0	256
17:50:00	64200	77	85	6	5	0	0	0	0	0	0	0	0	47	45	0	126	0	6	0	19	0	1	0	1	7	3	0	48	0	0	0	-16	0	0	6	-422	23	30	0	249
17:55:00	64500	87	91	8	-7	1	0	0	1	0	0	0	0	51	48	0	129	1	4	0	16	0	0	0	1	5	5	0	48	0	0	0	-16	0	0	8	-430	29	34	0	244
18:00:00	64800	63	89	2	-35	1	2	0	0	0	0	0	0	37	56	0	110	1	1	0	16	0	0	0	1	3	3	0	48	0	0	0	-16	0	0	2	-432	21	27	0	238
18:05:00	65100	54	68	4	-53	1	0	0	1	0	0	0	0	26	39	0	97	0	2	0	14	0	1	0	0	3	6	0	45	0	0	0	-16	0	0	4	-436	24	20	0	242
18:10:00	65400	44	64	0	-73	0	0	0	1	0	0	0	0	24	35	0	86	0	0	0	14	0	0	0	0	7	4	0	48	0	0	0	-16	0	0	0	-436	13	25	0	230
18:15:00	65700	39	62	2	-98	0	1	0	0	0	0	0	0	19	38	0	67	1	3	0	12	0	0	0	0	2	2	0	48	0	0	0	-16	0	0	2	-438	17	18	0	229
18:20:00	66000	54	47	0	-91	0	0	0	0	0	0	0	0	29	17	0	79	0	1	0	11	0	0	0	0	1	6	0	43	0	0	0	-16	0	0	0	-438	24	23	0	230
18:25:00	66300	40	52	2	-105	0	0	0	0	0	0	0	0	24	27	0	76	0	1	0	10	1	0	0	1	0	4	0	39	0	0	0	-16	0	0	2	-440	15	20	0	225
18:30:00	66600	35	54	3	-127	0	0	0	0	0	0	0	0	20	29	0	67	0	1	0	9	0	0	0	1	1	4	0	36	0	0	0	-16	0	0	3	-443	14	20	0	219
18:35:00	66900	54	62	3	-138	0	0	0	0	0	0	0	0	27	33	0	61	1	3	0	7	0	0	0	1	2	5	0	33	0	0	1	-17	0	0	2	-445	24	21	0	222
18:40:00	67200	28	44	1	-155	0	0	0	0	0	0	0	0	14	23	0	52	0	1	0	6	0	1	0	0	0	2	0	31	0	0	0	-17	0	0	1	-446	14	17	0	219
18:45:00	67500	30	42	0	-167	0	0	0	0	0	0	0	0	17	17	0	52	0	2	0	4	0	0	0	0	3	3	0	31	0	0	0	-17	0	0	0	-446	10	20	0	209
18:50:00	67800	21	45	3	-194	0	0	0	0	0	0	0	0	7	14	0	45	0	0	0	4	0	0	0	0	0	10	0	21	0	0	0	-17	0	0	3	-449	14	21	0	202
18:55:00	68100	26	37	1	-206	0	0	0	0	0	0	0	0	8	17	0	36	0	0	0	4	0	0	0	0	2	4	0	19	0	0	0	-17	0	0	1	-450	16	16	0	202
19:00:00	68400	55	38	5	-194	0	0	0	0	0	0	0	0	34	16	0	54	0	0	0	4	1	0	0	1	0	6	0	13	0	0	0	-17	0	0	5	-455	20	16	0	206
19:05:00	68700	74	47	7	-174	0	0	0	0	0	0	0	0	43	17	0	80	0	0	0	4	1	1	0	1	3	1	0	15	0	0	1	-18	0	0	6	-461	27	28	0	205
19:10:00	69000	46	46	3	-177	0	0	0	0	0	0	0	0	29	34	0	75	0	0	0	4	1	0	0	2	1	1	0	15	0	0	0	-18	0	0	3	-464	15	11	0	209
19:15:00	69300	43	58	2	-194	0	0	0	0	0	0	0	0	28	35	0	68	0	1	0	3	0	1	0	1	2	2	0	15	0	0	0	-18	0	0	2	-466	13	19	0	203
19:20:00	69600	48	47	3	-196	0	0	0	0	1	0	0	1	31	26	0	73	0	0	0	3	0	1	0	0	0	2	0	13	0	0	0	-18	0	0	3	-469	16	18	0	201
19:25:00	69900	76	56	4	-180	1	0	0	1	0	0	0	1	46	31	0	88	0	0	0	3	1	0	0	1	0	0	0	13	0	0	0	-18	0	0	4	-473	28	25	0	204
19:30:00	70200	58	47	0	-169	1	1	0	1	0	0	0	1	36	28	0	96	0	0	0	3	3	0	0	4	1	1	0	13	0	0	0	-18	0	0	0	-473	17	17	0	204
19:35:00	70500	39	70	2	-202	0	1	0	0	0	1	0	0	20	47	0	69	0	0	0	3	1	2	0	3	1	0	0	14	0	0	0	-18	0	0	2	-475	17	19	0	202
19:40:00	70800	35	49	1	-217	1	0	0	1	0	0	0	0	20	30	0	59	0	1	0	2	0	0	0	3	0	1	0	13	0	0	0	-18	0	0	1	-476	14	17	0	199
19:45:00	71100	59	37	1	-196	0	1	0	0	0	0	0	0	35	21	0	73	0	0	0	2	1	0	0	4	2	3	0	12	0	0	0	-18	0	0	1	-477	21	12	0	208
19:50:00	71400	36	50	3	-213	0	0	0	0	0	0	0	0	24	27	0	70	0	0	0	2	1	2	0	3	0	1	0	11	0	0	0	-18	0	0	3	-480	11	20	0	199
19:55:00	71700	44	53	1	-223	0	0	0	0	0	0	0	0	26	34	0	62	0	0	0	2	0	0	0	3	1	1	0	11	0	0	0	-18	0	0	1	-481	17	18	0	198
20:00:00	72000	11	49	2	-263	0	0	0	0	0	0	0	0	5	30	0	37	0	0	0	2	0	0	0	3	0	2	0	9	0	0	0	-18	0	0	2	-483	6	17	0	187
20:05:00	72300	10	29	0	-282	0	0	0	0	0	0	0	0	6	15	0	28	0	0	0	2	0	1	0	2	1	0	0	10	0	0	0	-18	0	0	0	-483	3	13	0	177
20:10:00	72600	3	19	0	-298	0	0	0	0	0	0	0	0	1	10	0	19	0	0	0	2	0	0	0	2	1	0	0	11	0	0	0	-18	0	0	0	-483	1	9	0	169
20:15:00	72900	7	21	3	-315	0	0	0	0	0	0	0	0	2	12	0	9	0	0	0	2	0	0	0	2	0	0	0	11	0	0	0	-18	0	0	3	-486	5	9	0	165
20:20:00	73200	2	12	0	-325	0	0	0	0	0	0	0	0	1	4	0	6	0	1	0	1	0	0	0	2	0	0	0	11	0	0	0	-18	0	0	0	-486	1	7	0	159
20:25:00	73500	8	13	1	-331	0	0	0	0	0	0	0	0	3	1	0	8	0	1	0	0	0	0	0	2	0	3	0	8	0	0	0	-18	0	0	1	-487	5	8	0	156
20:30:00	73800	9	16	2	-340	0	0	0	0	0	0	0	0	1	4	0	5	0	0	0	0	0	0	0	2	0	4	0	4	0	0	0	-18	0	0	2	-489	8	8	0	156
20:35:00	74100	6	8	2	-344	0	0	0	0	0	0	0	0	1	1	0	5	0	0	0	0	0	0	0	2	0	1	0	3	0	0	0	-18	0	0	2	-491	5	6	0	155
20:40:00	74400	9	15	2	-352	0	0	0	0	0	0	0	0	3	0	0	8	0	0	0	0	0	1	0	1	0	0	0	3	0	0	0	-18	0	0	2	-493	6	14	0	147
20:45:00	74700	3	6	1	-356	0	0	0	0	0	0	0	0	1	2	0	7	0	0	0	0	0	0	0	1	0	0	0	3	0	0	0	-18	0	0	1	-494	2	4	0	145
20:50:00	75000	6	9	0	-359	0	0	0	0	0	0	0	0	5	4	0	8	0	0	0	0	0	1	0	0	0	0	0	3	0	0	0	-18	0	0	0	-494	1	4	0	142
20:55:00	75300	2	8	0	-365	0	0	0	0	0	0	0	0	0	3	0	5	0	0	0	0	0	0	0	0	0	0	0	3	0	0	0	-18	0	0	0	-494	2	5	0	139
21:00:00	75600	6	6	1	-366	0	0	0	0	0	0	0	0	2	1	0	6	0	0	0	0	0	0	0	0	0	0	0	3	0	0	0	-18	0	0	1	-495	4	5	0	138
21:05:00	75900	4	6	1	-369	0	0	0	0	0	0	0	0	2	2	0	6	0	0	0	0	0	0	0	0	0	0	0	3	0	0	0	-18	0	0	1	-496	2	4	0	136
21:10:00	76200	1	8	0	-376	0	0	0	0	0	0	0	0	0	2	0	4	0	0	0	0	0	0	0	0	0	0	0	3	0	0	0	-18	0	0	0	-496	1	6	0	131
21:15:00	76500	4	6	1	-379	0	0	0	0	0	0	0	0	1	1	0	4	0	0	0	0	0	0	0	0	0	0	0	3	0	0	0	-18	0	0	1	-497	3	5	0	129
21:20:00	76800	2	7	1	-385	0	0	0	0	0	0	0	0	1	1	0	4	0	0	0	0	0	0	0	0	0	0	0	3	0	0	0	-18	0	0	1	-498	1	6	0	124
21:25:00	77100	1	5	1	-390	0	0	0	0	0	0	0	0	0	1	0	3	0	0	0	0	0	0	0	0	0	0	0	3	0	0	0	-18	0	0	1	-499	1	4	0	121
21:30:00	77400	2	2	1	-391	0	0	0	0	0	0	0	0	0	0	0	3	0	0	0	0	0	0	0	0	0	0	0	3	0	0	0	-18	0	0	1	-500	2	2	0	121
21:35:00	77700	0	4	0	-395	0	0	0	0	0	0	0	0	0	2	0	1	0	0	0	0	0	0	0	0	0	0	0	3	0	0	0	-18	0	0	0	-500	0	2	0	119
21:40:00	78000	1	1	1	-396	0	0	0	0	0	0	0	0	0	0	0	1	0	0	0	0	0	0	0	0	0	0	0	3	0	0	0	-18	0	0	1	-501	1	1	0	119
21:45:00	78300	2	6	0	-400	0	0	0	0	0	0	0	0	1	1	0	1	0	0	0	0	0	0	0	0	0	0	0	3	0	0	0	-18	0	0	0	-501	1	5	0	115
21:50:00	78600	2	4	0	-402	0	0	0	0	0	0	0	0	1	1	0	1	0	0	0	0	0	0	0	0	0	0	0	3	0	0	0	-18	0	0	0	-501	1	3	0	113
21:55:00	78900	2	4	0	-404	0	0	0	0	0	0	0	0	2	1	0	2	0	0	0	0	0	0	0	0	0	0	0	3	0	0	0	-18	0	0	0	-501	0	3	0	110
22:00:00	79200	3	7	2	-410	0	0	0	0	0	0	0	0	0	0	0	2	0	0	0	0	0	0	0	0	0	0	0	3	0	0	0	-18	0	0	2	-503	3	7	0	106
22:05:00	79500	1	3	1	-413	0	0	0	0	0	0	0	0	0	1	0	1	0	0	0	0	0	0	0	0	0	0	0	3	0	0	0	-18	0	0	1	-504	1	2	0	105
22:10:00	79800	0	0	0	-413	0	0	0	0	0	0	0	0	0	0	0	1	0	0	0	0	0	0	0	0	0	0	0	3	0	0	0	-18	0	0	0	-504	0	0	0	105
22:15:00	80100	1	3	0	-415	0	0	0	0	0	0	0	0	0	0	0	1	0	0	0	0	0	0	0	0	0	0	0	3	0	0	0	-18	0	0	0	-504	1	3	0	103
22:20:00	80400	2	3	0	-416	0	0	0	0	0	0	0	0	0	0	0	1	0	0	0	0	0	0	0	0	0	0	0	3	0	0	0	-18	0	0	0	-504	2	3	0	102
22:25:00	80700	0	1	0	-417	0	0	0	0	0	0	0	0	0	0	0	1	0	0	0	0	0	0	0	0	0	0	0	3	0	0	0	-18	0	0	0	-504	0	1	0	101
22:30:00	81000	0	2	0	-419	0	0	0	0	0	0	0	0	0	0	0	1	0	0	0	0	0	0	0	0	0	0	0	3	0	0	0	-18	0	0	0	-504	0	2	0	99
22:35:00	81300	1	1	1	-420	0	0	0	0	0	0	0	0	0	0	0	1	0	0	0	0	0	0	0	0	0	0	0	3	0	0	0	-18	0	0	1	-505	1	1	0	99
22:40:00	81600	0	0	0	-420	0	0	0	0	0	0	0	0	0	0	0	1	0	0	0	0	0	0	0	0	0	0	0	3	0	0	0	-18	0	0	0	-505	0	0	0	99
22:45:00	81900	0	0	0	-420	0	0	0	0	0	0	0	0	0	0	0	1	0	0	0	0	0	0	0	0	0	0	0	3	0	0	0	-18	0	0	0	-505	0	0	0	99
22:50:00	82200	1	2	0	-421	0	0	0	0	0	0	0	0	0	1	0	0	0	0	0	0	0	0	0	0	0	0	0	3	0	0	0	-18	0	0	0	-505	1	1	0	99
22:55:00	82500	0	0	0	-421	0	0	0	0	0	0	0	0	0	0	0	0	0	0	0	0	0	0	0	0	0	0	0	3	0	0	0	-18	0	0	0	-505	0	0	0	99
23:00:00	82800	0	0	0	-421	0	0	0	0	0	0	0	0	0	0	0	0	0	0	0	0	0	0	0	0	0	0	0	3	0	0	0	-18	0	0	0	-505	0	0	0	99
23:05:00	83100	0	1	0	-422	0	0	0	0	0	0	0	0	0	0	0	0	0	0	0	0	0	0	0	0	0	0	0	3	0	0	0	-18	0	0	0	-505	0	1	0	98
23:10:00	83400	2	3	2	-425	0	0	0	0	0	0	0	0	0	0	0	0	0	0	0	0	0	0	0	0	0	0	0	3	0	0	0	-18	0	0	2	-507	2	3	0	97
23:15:00	83700	2	2	0	-425	0	0	0	0	0	0	0	0	2	0	0	2	0	0	0	0	0	0	0	0	0	0	0	3	0	0	0	-18	0	0	0	-507	0	2	0	95
23:20:00	84000	3	4	1	-427	0	0	0	0	0	0	0	0	1	1	0	2	0	0	0	0	0	0	0	0	0	0	0	3	0	0	0	-18	0	0	1	-508	2	3	0	94
23:25:00	84300	5	3	0	-425	0	0	0	0	0	0	0	0	1	0	0	3	0	0	0	0	0	0	0	0	0	0	0	3	0	0	0	-18	0	0	0	-508	4	3	0	95
23:30:00	84600	2	7	0	-430	0	0	0	0	0	0	0	0	2	3	0	2	0	0	0	0	0	0	0	0	0	0	0	3	0	0	0	-18	0	0	0	-508	0	4	0	91
23:35:00	84900	2	0	0	-428	0	0	0	0	0	0	0	0	2	0	0	4	0	0	0	0	0	0	0	0	0	0	0	3	0	0	0	-18	0	0	0	-508	0	0	0	91
23:40:00	85200	2	1	0	-427	0	0	0	0	0	0	0	0	2	1	0	5	0	0	0	0	0	0	0	0	0	0	0	3	0	0	0	-18	0	0	0	-508	0	0	0	91
23:45:00	85500	2	2	0	-427	0	0	0	0	0	0	0	0	0	1	0	4	0	0	0	0	0	0	0	0	0	0	0	3	0	0	0	-18	0	0	0	-508	2	1	0	92
23:50:00	85800	3	4	1	-429	0	0	0	0	0	0	0	0	1	1	0	4	0	0	0	0	0	0	0	0	0	0	0	3	0	0	0	-18	0	0	1	-509	2	3	0	91
23:55:00	86100	2	2	0	-429	0	0	0	0	0	0	0	0	0	1	0	3	0	0	0	0	0	0	0	0	0	0	0	3	0	0	0	-18	0	0	0	-509	2	1	0	92
24:00:00	86400	4	2	0	-427	0	0	0	0	0	0	0	0	3	0	0	6	0	0	0	0	0	0	0	0	0	0	0	3	0	0	0	-18	0	0	0	-509	1	2	0	91
24:05:00	86700	2	4	0	-429	0	0	0	0	0	0	0	0	2	3	0	5	0	0	0	0	0	0	0	0	0	0	0	3	0	0	0	-18	0	0	0	-509	0	1	0	90
24:10:00	87000	4	7	1	-433	0	0	0	0	0	0	0	0	2	3	0	4	0	0	0	0	0	0	0	0	0	0	0	3	0	0	0	-18	0	0	1	-510	2	4	0	88
24:15:00	87300	2	3	0	-434	0	0	0	0	0	0	0	0	0	0	0	4	0	0	0	0	0	0	0	0	0	0	0	3	0	0	0	-18	0	0	0	-510	2	3	0	87
24:20:00	87600	3	5	0	-436	0	0	0	0	0	0	0	0	0	1	0	3	0	0	0	0	1	1	0	0	0	0	0	3	0	0	0	-18	0	0	0	-510	2	3	0	86
24:25:00	87900	2	4	1	-439	0	0	0	0	0	0	0	0	1	1	0	3	0	0	0	0	0	0	0	0	0	0	0	3	0	0	0	-18	0	0	1	-511	1	3	0	84
24:30:00	88200	3	4	2	-442	0	0	0	0	0	0	0	0	1	0	0	4	0	0	0	0	0	0	0	0	0	0	0	3	0	0	0	-18	0	0	2	-513	2	4	0	82
24:35:00	88500	1	4	0	-445	0	0	0	0	0	0	0	0	1	3	0	2	0	0	0	0	0	0	0	0	0	0	0	3	0	0	0	-18	0	0	0	-513	0	1	0	81
24:40:00	88800	0	1	0	-446	0	0	0	0	0	0	0	0	0	0	0	2	0	0	0	0	0	0	0	0	0	0	0	3	0	0	0	-18	0	0	0	-513	0	1	0	80
24:45:00	89100	2	2	0	-446	0	0	0	0	0	0	0	0	2	0	0	4	0	0	0	0	0	0	0	0	0	0	0	3	0	0	0	-18	0	0	0	-513	0	2	0	78
24:50:00	89400	0	1	0	-447	0	0	0	0	0	0	0	0	0	1	0	3	0	0	0	0	0	0	0	0	0	0	0	3	0	0	0	-18	0	0	0	-513	0	0	0	78
24:55:00	89700	0	1	0	-448	0	0	0	0	0	0	0	0	0	1	0	2	0	0	0	0	0	0	0	0	0	0	0	3	0	0	0	-18	0	0	0	-513	0	0	0	78
25:00:00	90000	0	0	0	-448	0	0	0	0	0	0	0	0	0	0	0	2	0	0	0	0	0	0	0	0	0	0	0	3	0	0	0	-18	0	0	0	-513	0	0	0	78
25:05:00	90300	0	0	0	-448	0	0	0	0	0	0	0	0	0	0	0	2	0	0	0	0	0	0	0	0	0	0	0	3	0	0	0	-18	0	0	0	-513	0	0	0	78
25:10:00	90600	1	2	0	-449	0	0	0	0	0	0	0	0	0	0	0	2	0	0	0	0	0	0	0	0	0	0	0	3	0	0	0	-18	0	0	0	-513	1	2	0	77
25:15:00	90900	2	2	1	-450	0	0	0	0	0	0	0	0	1	0	0	3	0	0	0	0	0	0	0	0	0	0	0	3	0	0	0	-18	0	0	1	-514	1	2	0	76
25:20:00	91200	0	1	0	-451	0	0	0	0	0	0	0	0	0	1	0	2	0	0	0	0	0	0	0	0	0	0	0	3	0	0	0	-18	0	0	0	-514	0	0	0	76
25:25:00	91500	1	1	0	-451	0	0	0	0	0	0	0	0	1	1	0	2	0	0	0	0	0	0	0	0	0	0	0	3	0	0	0	-18	0	0	0	-514	0	0	0	76
25:30:00	91800	2	2	0	-451	0	0	0	0	0	0	0	0	0	1	0	1	0	0	0	0	0	0	0	0	0	0	0	3	0	0	0	-18	0	0	0	-514	2	1	0	77
25:35:00	92100	0	0	0	-451	0	0	0	0	0	0	0	0	0	0	0	1	0	0	0	0	0	0	0	0	0	0	0	3	0	0	0	-18	0	0	0	-514	0	0	0	77
25:40:00	92400	0	1	0	-452	0	0	0	0	0	0	0	0	0	1	0	0	0	0	0	0	0	0	0	0	0	0	0	3	0	0	0	-18	0	0	0	-514	0	0	0	77
25:45:00	92700	0	0	0	-452	0	0	0	0	0	0	0	0	0	0	0	0	0	0	0	0	0	0	0	0	0	0	0	3	0	0	0	-18	0	0	0	-514	0	0	0	77
25:50:00	93000	1	2	0	-453	0	0	0	0	0	0	0	0	0	0	0	0	0	0	0	0	0	0	0	0	0	0	0	3	0	0	0	-18	0	0	0	-514	1	2	0	76
25:55:00	93300	1	3	1	-456	0	0	0	0	0	0	0	0	0	0	0	0	0	0	0	0	0	0	0	0	0	0	0	3	0	0	0	-18	0	0	1	-515	1	3	0	74
26:00:00	93600	0	3	0	-459	0	0	0	0	0	0	0	0	0	0	0	0	0	0	0	0	0	0	0	0	0	0	0	3	0	0	0	-18	0	0	0	-515	0	3	0	71
26:05:00	93900	4	4	3	-462	0	0	0	0	0	0	0	0	1	0	0	1	0	0	0	0	0	0	0	0	0	0	0	3	0	0	0	-18	0	0	3	-518	3	4	0	70
26:10:00	94200	1	1	0	-462	0	0	0	0	0	0	0	0	1	0	0	2	0	0	0	0	0	0	0	0	0	0	0	3	0	0	0	-18	0	0	0	-518	0	1	0	69
26:15:00	94500	0	0	0	-462	0	0	0	0	0	0	0	0	0	0	0	2	0	0	0	0	0	0	0	0	0	0	0	3	0	0	0	-18	0	0	0	-518	0	0	0	69
26:20:00	94800	0	1	0	-463	0	0	0	0	0	0	0	0	0	0	0	2	0	0	0	0	0	0	0	0	0	0	0	3	0	0	0	-18	0	0	0	-518	0	1	0	68
26:25:00	95100	0	2	0	-465	0	0	0	0	0	0	0	0	0	0	0	2	0	0	0	0	0	0	0	0	0	0	0	3	0	0	0	-18	0	0	0	-518	0	2	0	66
26:30:00	95400	1	1	1	-466	0	0	0	0	0	0	0	0	0	0	0	2	0	0	0	0	0	0	0	0	0	0	0	3	0	0	0	-18	0	0	1	-519	1	1	0	66
26:35:00	95700	0	1	0	-467	0	0	0	0	0	0	0	0	0	0	0	2	0	0	0	0	0	0	0	0	0	0	0	3	0	0	0	-18	0	0	0	-519	0	1	0	65
26:40:00	96000	1	1	1	-468	0	0	0	0	0	0	0	0	0	0	0	2	0	0	0	0	0	0	0	0	0	0	0	3	0	0	0	-18	0	0	1	-520	1	1	0	65
26:45:00	96300	1	2	0	-469	0	0	0	0	0	0	0	0	1	1	0	2	0	0	0	0	0	0	0	0	0	0	0	3	0	0	0	-18	0	0	0	-520	0	1	0	64
26:50:00	96600	0	2	0	-471	0	0	0	0	0	0	0	0	0	0	0	2	0	0	0	0	0	0	0	0	0	0	0	3	0	0	0	-18	0	0	0	-520	0	2	0	62
26:55:00	96900	3	4	1	-473	0	0	0	0	0	0	0	0	1	1	0	2	0	0	0	0	0	0	0	0	0	0	0	3	0	0	0	-18	0	0	1	-521	2	3	0	61
27:00:00	97200	1	2	1	-475	0	0	0	0	0	0	0	0	0	0	0	2	0	0	0	0	0	0	0	0	0	0	0	3	0	0	0	-18	0	0	1	-522	1	2	0	60
27:05:00	97500	0	1	0	-476	0	0	0	0	0	0	0	0	0	0	0	2	0	0	0	0	0	0	0	0	0	0	0	3	0	0	0	-18	0	0	0	-522	0	1	0	59
27:10:00	97800	3	4	0	-477	0	0	0	0	0	0	0	0	1	1	0	2	0	0	0	0	0	0	0	0	0	0	0	3	0	0	0	-18	0	0	0	-522	2	3	0	58
27:15:00	98100	0	0	0	-477	0	0	0	0	0	0	0	0	0	0	0	2	0	0	0	0	0	0	0	0	0	0	0	3	0	0	0	-18	0	0	0	-522	0	0	0	58
27:20:00	98400	0	1	0	-478	0	0	0	0	0	0	0	0	0	1	0	1	0	0	0	0	0	0	0	0	0	0	0	3	0	0	0	-18	0	0	0	-522	0	0	0	58
27:25:00	98700	1	2	0	-479	0	0	0	0	0	0	0	0	0	0	0	1	0	0	0	0	0	0	0	0	0	0	0	3	0	0	0	-18	0	0	0	-522	1	2	0	57
27:30:00	99000	1	1	1	-480	0	0	0	0	0	0	0	0	0	0	0	1	0	0	0	0	0	0	0	0	0	0	0	3	0	0	0	-18	0	0	1	-523	1	1	0	57
27:35:00	99300	1	1	0	-480	0	0	0	0	0	0	0	0	0	0	0	1	0	0	0	0	0	0	0	0	0	0	0	3	0	0	0	-18	0	0	0	-523	1	1	0	57
27:40:00	99600	5	5	0	-480	0	0	0	0	0	0	0	0	3	2	0	2	0	0	0	0	0	0	0	0	0	0	0	3	0	0	0	-18	0	0	0	-523	2	3	0	56
27:45:00	99900	1	4	0	-483	0	0	0	0	0	0	0	0	0	1	0	1	0	0	0	0	0	0	0	0	0	0	0	3	0	0	0	-18	0	0	0	-523	1	3	0	54
27:50:00	100200	2	2	2	-485	0	0	0	0	0	0	0	0	0	0	0	1	0	0	0	0	0	0	0	0	0	0	0	3	0	0	0	-18	0	0	2	-525	2	2	0	54
27:55:00	100500	0	0	0	-485	0	0	0	0	0	0	0	0	0	0	0	1	0	0	0	0	0	0	0	0	0	0	0	3	0	0	0	-18	0	0	0	-525	0	0	0	54
28:00:00	100800	1	1	0	-485	0	0	0	0	0	0	0	0	1	1	0	1	0	0	0	0	0	0	0	0	0	0	0	3	0	0	0	-18	0	0	0	-525	0	0	0	54
28:05:00	101100	0	0	0	-485	0	0	0	0	0	0	0	0	0	0	0	1	0	0	0	0	0	0	0	0	0	0	0	3	0	0	0	-18	0	0	0	-525	0	0	0	54
28:10:00	101400	0	1	0	-486	0	0	0	0	0	0	0	0	0	0	0	1	0	0	0	0	0	0	0	0	0	0	0	3	0	0	0	-18	0	0	0	-525	0	1	0	53
28:15:00	101700	0	1	0	-487	0	0	0	0	0	0	0	0	0	0	0	1	0	0	0	0	0	0	0	0	0	0	0	3	0	0	0	-18	0	0	0	-525	0	1	0	52
28:20:00	102000	0	1	0	-488	0	0	0	0	0	0	0	0	0	0	0	1	0	0	0	0	0	0	0	0	0	0	0	3	0	0	0	-18	0	0	0	-525	0	1	0	51
28:25:00	102300	1	1	0	-488	0	0	0	0	0	0	0	0	1	1	0	1	0	0	0	0	0	0	0	0	0	0	0	3	0	0	0	-18	0	0	0	-525	0	0	0	51
28:30:00	102600	0	0	0	-488	0	0	0	0	0	0	0	0	0	0	0	1	0	0	0	0	0	0	0	0	0	0	0	3	0	0	0	-18	0	0	0	-525	0	0	0	51
28:35:00	102900	3	3	0	-488	0	0	0	0	0	0	0	0	2	2	0	1	0	0	0	0	0	0	0	0	0	0	0	3	0	0	0	-18	0	0	0	-525	1	1	0	51
28:40:00	103200	0	1	0	-489	0	0	0	0	0	0	0	0	0	0	0	1	0	0	0	0	0	0	0	0	0	0	0	3	0	0	0	-18	0	0	0	-525	0	1	0	50
28:45:00	103500	1	1	0	-489	0	0	0	0	0	0	0	0	0	1	0	0	0	0	0	0	0	0	0	0	0	0	0	3	0	0	0	-18	0	0	0	-525	1	0	0	51
28:50:00	103800	0	1	0	-490	0	0	0	0	0	0	0	0	0	0	0	0	0	0	0	0	0	0	0	0	0	0	0	3	0	0	0	-18	0	0	0	-525	0	1	0	50
28:55:00	104100	1	2	1	-492	0	0	0	0	0	0	0	0	0	0	0	0	0	0	0	0	0	0	0	0	0	0	0	3	0	0	0	-18	0	0	1	-526	1	2	0	49
29:00:00	104400	3	3	1	-493	0	0	0	0	0	0	0	0	1	0	0	1	0	0	0	0	0	0	0	0	0	0	0	3	0	0	0	-18	0	0	1	-527	2	3	0	48
29:05:00	104700	1	2	0	-494	0	0	0	0	0	0	0	0	1	0	0	2	0	0	0	0	0	0	0	0	0	0	0	3	0	0	0	-18	0	0	0	-527	0	2	0	46
29:10:00	105000	2	4	1	-497	0	0	0	0	0	0	0	0	1	2	0	1	0	0	0	0	0	0	0	0	0	0	0	3	0	0	0	-18	0	0	1	-528	1	2	0	45
29:15:00	105300	0	0	0	-497	0	0	0	0	0	0	0	0	0	0	0	1	0	0	0	0	0	0	0	0	0	0	0	3	0	0	0	-18	0	0	0	-528	0	0	0	45
29:20:00	105600	1	1	0	-497	0	0	0	0	0	0	0	0	0	0	0	1	0	0	0	0	0	0	0	0	0	0	0	3	0	0	0	-18	0	0	0	-528	1	1	0	45
29:25:00	105900	0	0	0	-497	0	0	0	0	0	0	0	0	0	0	0	1	0	0	0	0	0	0	0	0	0	0	0	3	0	0	0	-18	0	0	0	-528	0	0	0	45
29:30:00	106200	0	0	0	-497	0	0	0	0	0	0	0	0	0	0	0	1	0	0	0	0	0	0	0	0	0	0	0	3	0	0	0	-18	0	0	0	-528	0	0	0	45
29:35:00	106500	0	2	0	-499	0	0	0	0	0	0	0	0	0	0	0	1	0	0	0	0	0	0	0	0	0	0	0	3	0	0	0	-18	0	0	0	-528	0	2	0	43
29:40:00	106800	2	2	2	-501	0	0	0	0	0	0	0	0	0	0	0	1	0	0	0	0	0	0	0	0	0	0	0	3	0	0	0	-18	0	0	2	-530	2	2	0	43
29:45:00	107100	0	0	0	-501	0	0	0	0	0	0	0	0	0	0	0	1	0	0	0	0	0	0	0	0	0	0	0	3	0	0	0	-18	0	0	0	-530	0	0	0	43
29:50:00	107400	0	1	0	-502	0	0	0	0	0	0	0	0	0	0	0	1	0	0	0	0	0	0	0	0	0	0	0	3	0	0	0	-18	0	0	0	-530	0	1	0	42
29:55:00	107700	2	3	1	-504	0	0	0	0	0	0	0	0	0	1	0	0	0	0	0	0	0	0	0	0	0	0	0	3	0	0	0	-18	0	0	1	-531	2	2	0	42
30:00:00	108000	0	0	45	-549	0	0	0	0	0	0	0	0	0	0	0	0	0	0	0	0	0	0	0	0	0	0	3	0	0	0	0	-18	0	0	0	-531	0	0	42	0
30:05:00	108300	0	0	0	-549	0	0	0	0	0	0	0	0	0	0	0	0	0	0	0	0	0	0	0	0	0	0	0	0	0	0	0	-18	0	0	0	-531	0	0	0	0
