time	time	departures_all	arrivals_all	stuck_all	en-route_all	departures_Shared-Bike	arrivals_Shared-Bike	stuck_Shared-Bike	en-route_Shared-Bike	departures_bike	arrivals_bike	stuck_bike	en-route_bike	departures_car	arrivals_car	stuck_car	en-route_car	departures_car_passenger	arrivals_car_passenger	stuck_car_passenger	en-route_car_passenger	departures_pt	arrivals_pt	stuck_pt	en-route_pt	departures_sharing:standardBikeShare	arrivals_sharing:standardBikeShare	stuck_sharing:standardBikeShare	en-route_sharing:standardBikeShare	departures_walk	arrivals_walk	stuck_walk	en-route_walk
00:00:00	0	0	0	0	0	0	0	0	0	0	0	0	0	0	0	0	0	0	0	0	0	0	0	0	0	0	0	0	0	0	0	0	0
00:05:00	300	0	0	0	0	0	0	0	0	0	0	0	0	0	0	0	0	0	0	0	0	0	0	0	0	0	0	0	0	0	0	0	0
00:10:00	600	0	0	0	0	0	0	0	0	0	0	0	0	0	0	0	0	0	0	0	0	0	0	0	0	0	0	0	0	0	0	0	0
00:15:00	900	0	0	0	0	0	0	0	0	0	0	0	0	0	0	0	0	0	0	0	0	0	0	0	0	0	0	0	0	0	0	0	0
00:20:00	1200	0	0	0	0	0	0	0	0	0	0	0	0	0	0	0	0	0	0	0	0	0	0	0	0	0	0	0	0	0	0	0	0
00:25:00	1500	0	0	0	0	0	0	0	0	0	0	0	0	0	0	0	0	0	0	0	0	0	0	0	0	0	0	0	0	0	0	0	0
00:30:00	1800	0	0	0	0	0	0	0	0	0	0	0	0	0	0	0	0	0	0	0	0	0	0	0	0	0	0	0	0	0	0	0	0
00:35:00	2100	0	0	0	0	0	0	0	0	0	0	0	0	0	0	0	0	0	0	0	0	0	0	0	0	0	0	0	0	0	0	0	0
00:40:00	2400	0	0	0	0	0	0	0	0	0	0	0	0	0	0	0	0	0	0	0	0	0	0	0	0	0	0	0	0	0	0	0	0
00:45:00	2700	0	0	0	0	0	0	0	0	0	0	0	0	0	0	0	0	0	0	0	0	0	0	0	0	0	0	0	0	0	0	0	0
00:50:00	3000	0	0	0	0	0	0	0	0	0	0	0	0	0	0	0	0	0	0	0	0	0	0	0	0	0	0	0	0	0	0	0	0
00:55:00	3300	0	0	0	0	0	0	0	0	0	0	0	0	0	0	0	0	0	0	0	0	0	0	0	0	0	0	0	0	0	0	0	0
01:00:00	3600	0	0	0	0	0	0	0	0	0	0	0	0	0	0	0	0	0	0	0	0	0	0	0	0	0	0	0	0	0	0	0	0
01:05:00	3900	0	0	0	0	0	0	0	0	0	0	0	0	0	0	0	0	0	0	0	0	0	0	0	0	0	0	0	0	0	0	0	0
01:10:00	4200	0	0	0	0	0	0	0	0	0	0	0	0	0	0	0	0	0	0	0	0	0	0	0	0	0	0	0	0	0	0	0	0
01:15:00	4500	0	0	0	0	0	0	0	0	0	0	0	0	0	0	0	0	0	0	0	0	0	0	0	0	0	0	0	0	0	0	0	0
01:20:00	4800	0	0	0	0	0	0	0	0	0	0	0	0	0	0	0	0	0	0	0	0	0	0	0	0	0	0	0	0	0	0	0	0
01:25:00	5100	0	0	0	0	0	0	0	0	0	0	0	0	0	0	0	0	0	0	0	0	0	0	0	0	0	0	0	0	0	0	0	0
01:30:00	5400	0	0	0	0	0	0	0	0	0	0	0	0	0	0	0	0	0	0	0	0	0	0	0	0	0	0	0	0	0	0	0	0
01:35:00	5700	0	0	0	0	0	0	0	0	0	0	0	0	0	0	0	0	0	0	0	0	0	0	0	0	0	0	0	0	0	0	0	0
01:40:00	6000	0	0	0	0	0	0	0	0	0	0	0	0	0	0	0	0	0	0	0	0	0	0	0	0	0	0	0	0	0	0	0	0
01:45:00	6300	0	0	0	0	0	0	0	0	0	0	0	0	0	0	0	0	0	0	0	0	0	0	0	0	0	0	0	0	0	0	0	0
01:50:00	6600	0	0	0	0	0	0	0	0	0	0	0	0	0	0	0	0	0	0	0	0	0	0	0	0	0	0	0	0	0	0	0	0
01:55:00	6900	0	0	0	0	0	0	0	0	0	0	0	0	0	0	0	0	0	0	0	0	0	0	0	0	0	0	0	0	0	0	0	0
02:00:00	7200	0	0	0	0	0	0	0	0	0	0	0	0	0	0	0	0	0	0	0	0	0	0	0	0	0	0	0	0	0	0	0	0
02:05:00	7500	0	0	0	0	0	0	0	0	0	0	0	0	0	0	0	0	0	0	0	0	0	0	0	0	0	0	0	0	0	0	0	0
02:10:00	7800	0	0	0	0	0	0	0	0	0	0	0	0	0	0	0	0	0	0	0	0	0	0	0	0	0	0	0	0	0	0	0	0
02:15:00	8100	0	0	0	0	0	0	0	0	0	0	0	0	0	0	0	0	0	0	0	0	0	0	0	0	0	0	0	0	0	0	0	0
02:20:00	8400	0	0	0	0	0	0	0	0	0	0	0	0	0	0	0	0	0	0	0	0	0	0	0	0	0	0	0	0	0	0	0	0
02:25:00	8700	0	0	0	0	0	0	0	0	0	0	0	0	0	0	0	0	0	0	0	0	0	0	0	0	0	0	0	0	0	0	0	0
02:30:00	9000	0	0	0	0	0	0	0	0	0	0	0	0	0	0	0	0	0	0	0	0	0	0	0	0	0	0	0	0	0	0	0	0
02:35:00	9300	0	0	0	0	0	0	0	0	0	0	0	0	0	0	0	0	0	0	0	0	0	0	0	0	0	0	0	0	0	0	0	0
02:40:00	9600	0	0	0	0	0	0	0	0	0	0	0	0	0	0	0	0	0	0	0	0	0	0	0	0	0	0	0	0	0	0	0	0
02:45:00	9900	0	0	0	0	0	0	0	0	0	0	0	0	0	0	0	0	0	0	0	0	0	0	0	0	0	0	0	0	0	0	0	0
02:50:00	10200	0	0	0	0	0	0	0	0	0	0	0	0	0	0	0	0	0	0	0	0	0	0	0	0	0	0	0	0	0	0	0	0
02:55:00	10500	0	0	0	0	0	0	0	0	0	0	0	0	0	0	0	0	0	0	0	0	0	0	0	0	0	0	0	0	0	0	0	0
03:00:00	10800	0	0	0	0	0	0	0	0	0	0	0	0	0	0	0	0	0	0	0	0	0	0	0	0	0	0	0	0	0	0	0	0
03:05:00	11100	0	0	0	0	0	0	0	0	0	0	0	0	0	0	0	0	0	0	0	0	0	0	0	0	0	0	0	0	0	0	0	0
03:10:00	11400	0	0	0	0	0	0	0	0	0	0	0	0	0	0	0	0	0	0	0	0	0	0	0	0	0	0	0	0	0	0	0	0
03:15:00	11700	0	0	0	0	0	0	0	0	0	0	0	0	0	0	0	0	0	0	0	0	0	0	0	0	0	0	0	0	0	0	0	0
03:20:00	12000	0	0	0	0	0	0	0	0	0	0	0	0	0	0	0	0	0	0	0	0	0	0	0	0	0	0	0	0	0	0	0	0
03:25:00	12300	0	0	0	0	0	0	0	0	0	0	0	0	0	0	0	0	0	0	0	0	0	0	0	0	0	0	0	0	0	0	0	0
03:30:00	12600	0	0	0	0	0	0	0	0	0	0	0	0	0	0	0	0	0	0	0	0	0	0	0	0	0	0	0	0	0	0	0	0
03:35:00	12900	0	0	0	0	0	0	0	0	0	0	0	0	0	0	0	0	0	0	0	0	0	0	0	0	0	0	0	0	0	0	0	0
03:40:00	13200	0	0	0	0	0	0	0	0	0	0	0	0	0	0	0	0	0	0	0	0	0	0	0	0	0	0	0	0	0	0	0	0
03:45:00	13500	0	0	0	0	0	0	0	0	0	0	0	0	0	0	0	0	0	0	0	0	0	0	0	0	0	0	0	0	0	0	0	0
03:50:00	13800	0	0	0	0	0	0	0	0	0	0	0	0	0	0	0	0	0	0	0	0	0	0	0	0	0	0	0	0	0	0	0	0
03:55:00	14100	0	0	0	0	0	0	0	0	0	0	0	0	0	0	0	0	0	0	0	0	0	0	0	0	0	0	0	0	0	0	0	0
04:00:00	14400	0	0	0	0	0	0	0	0	0	0	0	0	0	0	0	0	0	0	0	0	0	0	0	0	0	0	0	0	0	0	0	0
04:05:00	14700	0	0	0	0	0	0	0	0	0	0	0	0	0	0	0	0	0	0	0	0	0	0	0	0	0	0	0	0	0	0	0	0
04:10:00	15000	0	0	0	0	0	0	0	0	0	0	0	0	0	0	0	0	0	0	0	0	0	0	0	0	0	0	0	0	0	0	0	0
04:15:00	15300	0	0	0	0	0	0	0	0	0	0	0	0	0	0	0	0	0	0	0	0	0	0	0	0	0	0	0	0	0	0	0	0
04:20:00	15600	0	0	0	0	0	0	0	0	0	0	0	0	0	0	0	0	0	0	0	0	0	0	0	0	0	0	0	0	0	0	0	0
04:25:00	15900	0	0	0	0	0	0	0	0	0	0	0	0	0	0	0	0	0	0	0	0	0	0	0	0	0	0	0	0	0	0	0	0
04:30:00	16200	0	0	0	0	0	0	0	0	0	0	0	0	0	0	0	0	0	0	0	0	0	0	0	0	0	0	0	0	0	0	0	0
04:35:00	16500	0	0	0	0	0	0	0	0	0	0	0	0	0	0	0	0	0	0	0	0	0	0	0	0	0	0	0	0	0	0	0	0
04:40:00	16800	0	0	0	0	0	0	0	0	0	0	0	0	0	0	0	0	0	0	0	0	0	0	0	0	0	0	0	0	0	0	0	0
04:45:00	17100	0	0	0	0	0	0	0	0	0	0	0	0	0	0	0	0	0	0	0	0	0	0	0	0	0	0	0	0	0	0	0	0
04:50:00	17400	0	0	0	0	0	0	0	0	0	0	0	0	0	0	0	0	0	0	0	0	0	0	0	0	0	0	0	0	0	0	0	0
04:55:00	17700	0	0	0	0	0	0	0	0	0	0	0	0	0	0	0	0	0	0	0	0	0	0	0	0	0	0	0	0	0	0	0	0
05:00:00	18000	0	0	0	0	0	0	0	0	0	0	0	0	0	0	0	0	0	0	0	0	0	0	0	0	0	0	0	0	0	0	0	0
05:05:00	18300	0	0	0	0	0	0	0	0	0	0	0	0	0	0	0	0	0	0	0	0	0	0	0	0	0	0	0	0	0	0	0	0
05:10:00	18600	0	0	0	0	0	0	0	0	0	0	0	0	0	0	0	0	0	0	0	0	0	0	0	0	0	0	0	0	0	0	0	0
05:15:00	18900	0	0	0	0	0	0	0	0	0	0	0	0	0	0	0	0	0	0	0	0	0	0	0	0	0	0	0	0	0	0	0	0
05:20:00	19200	0	0	0	0	0	0	0	0	0	0	0	0	0	0	0	0	0	0	0	0	0	0	0	0	0	0	0	0	0	0	0	0
05:25:00	19500	0	0	0	0	0	0	0	0	0	0	0	0	0	0	0	0	0	0	0	0	0	0	0	0	0	0	0	0	0	0	0	0
05:30:00	19800	0	0	0	0	0	0	0	0	0	0	0	0	0	0	0	0	0	0	0	0	0	0	0	0	0	0	0	0	0	0	0	0
05:35:00	20100	0	0	0	0	0	0	0	0	0	0	0	0	0	0	0	0	0	0	0	0	0	0	0	0	0	0	0	0	0	0	0	0
05:40:00	20400	0	0	0	0	0	0	0	0	0	0	0	0	0	0	0	0	0	0	0	0	0	0	0	0	0	0	0	0	0	0	0	0
05:45:00	20700	0	0	0	0	0	0	0	0	0	0	0	0	0	0	0	0	0	0	0	0	0	0	0	0	0	0	0	0	0	0	0	0
05:50:00	21000	0	0	0	0	0	0	0	0	0	0	0	0	0	0	0	0	0	0	0	0	0	0	0	0	0	0	0	0	0	0	0	0
05:55:00	21300	0	0	0	0	0	0	0	0	0	0	0	0	0	0	0	0	0	0	0	0	0	0	0	0	0	0	0	0	0	0	0	0
06:00:00	21600	4	0	0	4	0	0	0	0	0	0	0	0	3	0	0	3	0	0	0	0	0	0	0	0	0	0	0	0	1	0	0	1
06:05:00	21900	4	0	0	8	0	0	0	0	0	0	0	0	4	0	0	7	0	0	0	0	0	0	0	0	0	0	0	0	0	0	0	1
06:10:00	22200	3	2	0	9	0	0	0	0	0	0	0	0	3	1	0	9	0	0	0	0	0	0	0	0	0	0	0	0	0	1	0	0
06:15:00	22500	1	3	0	7	0	0	0	0	0	0	0	0	1	3	0	7	0	0	0	0	0	0	0	0	0	0	0	0	0	0	0	0
06:20:00	22800	4	1	0	10	0	0	0	0	0	0	0	0	3	1	0	9	0	0	0	0	0	0	0	0	0	0	0	0	1	0	0	1
06:25:00	23100	6	3	0	13	0	0	0	0	0	0	0	0	4	3	0	10	0	0	0	0	0	0	0	0	0	0	0	0	2	0	0	3
06:30:00	23400	44	4	0	53	0	0	0	0	0	0	0	0	35	2	0	43	0	0	0	0	2	0	0	2	0	0	0	0	7	2	0	8
06:35:00	23700	37	20	0	70	0	0	0	0	0	0	0	0	27	17	0	53	0	0	0	0	0	0	0	2	0	0	0	0	10	3	0	15
06:40:00	24000	36	14	0	92	0	0	0	0	0	0	0	0	28	10	0	71	0	0	0	0	3	0	0	5	0	0	0	0	5	4	0	16
06:45:00	24300	36	37	0	91	0	0	0	0	0	0	0	0	25	30	0	66	0	0	0	0	2	1	0	6	0	0	0	0	9	6	0	19
06:50:00	24600	43	36	0	98	1	0	0	1	0	0	0	0	28	27	0	67	0	0	0	0	2	0	0	8	0	0	0	0	12	9	0	22
06:55:00	24900	81	37	0	142	2	1	0	2	0	0	0	0	59	24	0	102	0	0	0	0	1	0	0	9	0	0	0	0	19	12	0	29
07:00:00	25200	68	52	0	158	2	0	0	4	0	0	0	0	49	44	0	107	0	0	0	0	2	0	0	11	0	0	0	0	15	8	0	36
07:05:00	25500	64	43	0	179	0	3	0	1	1	0	0	1	38	30	0	115	0	0	0	0	2	1	0	12	0	0	0	0	23	9	0	50
07:10:00	25800	69	59	0	189	0	0	0	1	0	0	0	1	54	38	0	131	0	0	0	0	5	2	0	15	0	0	0	0	10	19	0	41
07:15:00	26100	90	52	0	227	1	1	0	1	0	0	0	1	70	40	0	161	0	0	0	0	1	1	0	15	0	0	0	0	18	10	0	49
07:20:00	26400	84	71	0	240	0	1	0	0	0	0	0	1	65	57	0	169	0	0	0	0	8	0	0	23	0	0	0	0	11	13	0	47
07:25:00	26700	121	87	1	273	2	0	0	2	0	1	0	0	91	61	0	199	0	0	0	0	10	1	0	32	0	0	1	-1	18	24	0	41
07:30:00	27000	78	89	0	262	0	0	0	2	1	0	0	1	59	75	0	183	0	0	0	0	4	2	0	34	0	0	0	-1	14	12	0	43
07:35:00	27300	101	96	0	267	3	3	0	2	0	0	0	1	60	76	0	167	0	0	0	0	4	6	0	32	0	0	0	-1	34	11	0	66
07:40:00	27600	99	79	0	287	0	0	0	2	0	1	0	0	77	55	0	189	0	0	0	0	5	1	0	36	0	0	0	-1	17	22	0	61
07:45:00	27900	102	86	0	303	1	2	0	1	0	0	0	0	65	60	0	194	0	0	0	0	7	2	0	41	0	0	0	-1	29	22	0	68
07:50:00	28200	113	88	0	328	1	2	0	0	1	0	0	1	84	62	0	216	0	0	0	0	5	5	0	41	0	0	0	-1	22	19	0	71
07:55:00	28500	134	119	0	343	0	0	0	0	0	0	0	1	86	86	0	216	12	1	0	11	10	5	0	46	0	0	0	-1	26	27	0	70
08:00:00	28800	135	125	1	352	3	1	0	2	0	0	0	1	76	89	0	203	24	6	0	29	7	7	0	46	0	0	1	-2	25	22	0	73
08:05:00	29100	118	114	0	356	0	2	0	0	0	0	0	1	74	69	0	208	17	11	0	35	4	5	0	45	0	0	0	-2	23	27	0	69
08:10:00	29400	136	122	2	368	0	0	0	0	0	0	0	1	74	81	0	201	26	16	0	45	5	5	0	45	0	0	2	-4	31	20	0	80
08:15:00	29700	94	107	0	355	1	0	0	1	0	0	0	1	59	71	0	189	14	15	0	44	4	1	0	48	0	0	0	-4	16	20	0	76
08:20:00	30000	110	100	0	365	0	0	0	1	1	0	0	2	74	59	0	204	16	18	0	42	7	2	0	53	0	0	0	-4	12	21	0	67
08:25:00	30300	111	99	0	377	0	0	0	1	0	0	0	2	62	69	0	197	20	12	0	50	5	2	0	56	0	0	0	-4	24	16	0	75
08:30:00	30600	104	111	0	370	1	1	0	1	0	2	0	0	48	64	0	181	21	17	0	54	13	4	0	65	0	0	0	-4	21	23	0	73
08:35:00	30900	82	92	0	360	1	1	0	1	0	0	0	0	52	54	0	179	8	18	0	44	6	3	0	68	0	0	0	-4	15	16	0	72
08:40:00	31200	92	89	1	362	1	1	0	1	0	0	0	0	44	50	0	173	24	18	0	50	7	4	0	71	0	0	1	-5	16	16	0	72
08:45:00	31500	104	80	0	386	0	0	0	1	0	0	0	0	47	51	0	169	39	15	0	74	6	0	0	77	0	0	0	-5	12	14	0	70
08:50:00	31800	92	96	0	382	1	1	0	1	0	0	0	0	54	54	0	169	13	22	0	65	9	0	0	86	0	0	0	-5	15	19	0	66
08:55:00	32100	93	96	0	379	0	1	0	0	0	0	0	0	47	50	0	166	18	18	0	65	9	7	0	88	0	0	0	-5	19	20	0	65
09:00:00	32400	88	94	0	373	0	0	0	0	0	0	0	0	67	60	0	173	4	16	0	53	4	3	0	89	0	0	0	-5	13	15	0	63
09:05:00	32700	78	89	0	362	0	0	0	0	0	0	0	0	44	47	0	170	6	11	0	48	4	11	0	82	0	0	0	-5	24	20	0	67
09:10:00	33000	59	84	0	337	0	0	0	0	0	0	0	0	41	54	0	157	3	12	0	39	2	3	0	81	0	0	0	-5	13	15	0	65
09:15:00	33300	57	71	0	323	0	0	0	0	0	0	0	0	44	46	0	155	2	12	0	29	4	1	0	84	0	0	0	-5	7	12	0	60
09:20:00	33600	47	81	0	289	0	0	0	0	0	0	0	0	31	53	0	133	2	11	0	20	4	3	0	85	0	0	0	-5	10	14	0	56
09:25:00	33900	64	63	0	290	0	0	0	0	0	0	0	0	32	39	0	126	4	2	0	22	1	14	0	72	0	0	0	-5	27	8	0	75
09:30:00	34200	48	71	0	267	0	0	0	0	0	0	0	0	30	40	0	116	1	5	0	18	1	6	0	67	0	0	0	-5	16	20	0	71
09:35:00	34500	53	69	0	251	0	0	0	0	0	0	0	0	26	36	0	106	8	7	0	19	5	3	0	69	0	0	0	-5	14	23	0	62
09:40:00	34800	41	61	0	231	0	0	0	0	0	0	0	0	25	37	0	94	2	5	0	16	4	3	0	70	0	0	0	-5	10	16	0	56
09:45:00	35100	46	67	0	210	0	0	0	0	0	0	0	0	29	41	0	82	0	6	0	10	5	1	0	74	0	0	0	-5	12	19	0	49
09:50:00	35400	39	46	0	203	0	0	0	0	0	0	0	0	24	20	0	86	0	4	0	6	5	0	0	79	0	0	0	-5	10	22	0	37
09:55:00	35700	47	43	0	207	0	0	0	0	0	0	0	0	32	27	0	91	0	2	0	4	0	1	0	78	0	0	0	-5	15	13	0	39
10:00:00	36000	77	65	0	219	0	0	0	0	0	0	0	0	36	29	0	98	0	2	0	2	3	11	0	70	0	0	0	-5	38	23	0	54
10:05:00	36300	60	61	0	218	1	0	0	1	0	0	0	0	39	38	0	99	0	1	0	1	0	3	0	67	0	0	0	-5	20	19	0	55
10:10:00	36600	84	83	0	219	0	0	0	1	0	0	0	0	49	41	0	107	0	1	0	0	3	6	0	64	0	0	0	-5	32	35	0	52
10:15:00	36900	63	67	0	215	0	1	0	0	0	0	0	0	36	40	0	103	0	0	0	0	1	1	0	64	0	0	0	-5	26	25	0	53
10:20:00	37200	65	71	0	209	0	0	0	0	0	0	0	0	36	42	0	97	0	0	0	0	2	0	0	66	0	0	0	-5	27	29	0	51
10:25:00	37500	78	79	0	208	1	1	0	0	0	0	0	0	53	51	0	99	0	0	0	0	0	3	0	63	0	0	0	-5	24	24	0	51
10:30:00	37800	64	71	0	201	0	0	0	0	0	0	0	0	36	38	0	97	0	0	0	0	1	1	0	63	0	0	0	-5	27	32	0	46
10:35:00	38100	44	69	0	176	0	0	0	0	0	0	0	0	21	44	0	74	2	1	0	1	3	0	0	66	0	0	0	-5	18	24	0	40
10:40:00	38400	55	55	0	176	0	0	0	0	0	0	0	0	23	30	0	67	1	1	0	1	3	0	0	69	0	0	0	-5	28	24	0	44
10:45:00	38700	67	70	0	173	0	0	0	0	0	0	0	0	34	33	0	68	3	0	0	4	3	4	0	68	0	0	0	-5	27	33	0	38
10:50:00	39000	46	55	0	164	1	1	0	0	0	0	0	0	25	29	0	64	0	3	0	1	2	1	0	69	0	0	0	-5	18	21	0	35
10:55:00	39300	40	48	0	156	0	0	0	0	0	0	0	0	15	20	0	59	2	0	0	3	3	2	0	70	0	0	0	-5	20	26	0	29
11:00:00	39600	50	48	0	158	0	0	0	0	0	0	0	0	26	25	0	60	4	1	0	6	0	1	0	69	0	0	0	-5	20	21	0	28
11:05:00	39900	87	68	0	177	0	0	0	0	0	0	0	0	38	23	0	75	1	1	0	6	10	12	0	67	0	0	0	-5	38	32	0	34
11:10:00	40200	77	49	0	205	0	0	0	0	0	0	0	0	47	26	0	96	2	1	0	7	2	2	0	67	0	0	0	-5	26	20	0	40
11:15:00	40500	61	61	0	205	0	0	0	0	0	0	0	0	31	36	0	91	10	3	0	14	1	4	0	64	0	0	0	-5	19	18	0	41
11:20:00	40800	64	57	0	212	0	0	0	0	0	0	0	0	28	29	0	90	2	1	0	15	3	3	0	64	0	0	0	-5	31	24	0	48
11:25:00	41100	73	67	0	218	0	0	0	0	0	0	0	0	43	36	0	97	3	5	0	13	2	1	0	65	0	0	0	-5	25	25	0	48
11:30:00	41400	86	72	0	232	0	0	0	0	0	0	0	0	49	31	0	115	1	4	0	10	6	3	0	68	0	0	0	-5	30	34	0	44
11:35:00	41700	99	92	0	239	1	0	0	1	0	0	0	0	52	47	0	120	3	3	0	10	8	10	0	66	0	0	0	-5	35	32	0	47
11:40:00	42000	88	76	0	251	0	1	0	0	0	0	0	0	47	37	0	130	0	3	0	7	3	15	0	54	0	0	0	-5	38	20	0	65
11:45:00	42300	87	101	0	237	1	1	0	0	0	0	0	0	47	47	0	130	3	5	0	5	7	6	0	55	0	0	0	-5	29	42	0	52
11:50:00	42600	89	77	0	249	0	0	0	0	0	0	0	0	56	43	0	143	5	2	0	8	1	3	0	53	0	0	0	-5	27	29	0	50
11:55:00	42900	107	98	0	258	0	0	0	0	0	0	0	0	60	53	0	150	1	1	0	8	4	7	0	50	0	0	0	-5	42	37	0	55
12:00:00	43200	84	87	0	255	0	0	0	0	0	0	0	0	62	57	0	155	2	1	0	9	3	0	0	53	0	0	0	-5	17	29	0	43
12:05:00	43500	60	74	0	241	1	0	0	1	0	0	0	0	37	48	0	144	8	6	0	11	3	0	0	56	0	0	0	-5	11	20	0	34
12:10:00	43800	66	60	0	247	0	0	0	1	0	0	0	0	48	44	0	148	2	0	0	13	5	1	0	60	0	0	0	-5	11	15	0	30
12:15:00	44100	51	72	0	226	0	1	0	0	0	0	0	0	31	54	0	125	1	3	0	11	1	3	0	58	0	0	0	-5	18	11	0	37
12:20:00	44400	51	63	0	214	2	0	0	2	0	0	0	0	37	46	0	116	0	3	0	8	3	1	0	60	0	0	0	-5	9	13	0	33
12:25:00	44700	61	57	0	218	1	0	0	3	0	0	0	0	44	33	0	127	0	3	0	5	3	6	0	57	0	0	0	-5	13	15	0	31
12:30:00	45000	40	48	0	210	1	1	0	3	0	0	0	0	35	38	0	124	0	1	0	4	2	1	0	58	0	0	0	-5	2	7	0	26
12:35:00	45300	30	52	0	188	0	2	0	1	0	0	0	0	15	35	0	104	0	2	0	2	4	4	0	58	0	0	0	-5	11	9	0	28
12:40:00	45600	33	42	0	179	0	0	0	1	0	0	0	0	24	30	0	98	0	1	0	1	2	2	0	58	0	0	0	-5	7	9	0	26
12:45:00	45900	45	38	0	186	0	1	0	0	0	0	0	0	30	32	0	96	0	0	0	1	3	1	0	60	0	0	0	-5	12	4	0	34
12:50:00	46200	33	45	0	174	0	0	0	0	0	0	0	0	22	31	0	87	0	1	0	0	7	0	0	67	0	0	0	-5	4	13	0	25
12:55:00	46500	37	43	0	168	1	0	0	1	0	0	0	0	24	32	0	79	0	0	0	0	3	4	0	66	0	0	0	-5	9	7	0	27
13:00:00	46800	3	27	0	144	0	0	0	1	0	0	0	0	0	19	0	60	0	0	0	0	2	1	0	67	0	0	0	-5	1	7	0	21
13:05:00	47100	4	27	0	121	0	1	0	0	0	0	0	0	2	20	0	42	0	0	0	0	0	0	0	67	0	0	0	-5	2	6	0	17
13:10:00	47400	5	19	0	107	0	0	0	0	0	0	0	0	0	12	0	30	0	0	0	0	4	0	0	71	0	0	0	-5	1	7	0	11
13:15:00	47700	24	13	0	118	0	0	0	0	0	0	0	0	19	8	0	41	0	0	0	0	0	2	0	69	0	0	0	-5	5	3	0	13
13:20:00	48000	19	23	0	114	0	0	0	0	0	0	0	0	10	14	0	37	0	0	0	0	0	5	0	64	0	0	0	-5	9	4	0	18
13:25:00	48300	20	17	0	117	0	0	0	0	0	0	0	0	13	9	0	41	0	0	0	0	2	3	0	63	0	0	0	-5	5	5	0	18
13:30:00	48600	52	20	0	149	0	0	0	0	0	0	0	0	45	17	0	69	1	0	0	1	0	0	0	63	0	0	0	-5	6	3	0	21
13:35:00	48900	69	55	0	163	0	0	0	0	0	0	0	0	43	34	0	78	5	0	0	6	3	9	0	57	0	0	0	-5	18	12	0	27
13:40:00	49200	49	47	0	165	1	0	0	1	1	0	0	1	30	29	0	79	5	2	0	9	1	4	0	54	0	0	0	-5	11	12	0	26
13:45:00	49500	55	48	2	170	0	1	0	0	0	1	0	0	39	30	0	88	2	3	0	8	1	3	0	52	0	0	2	-7	13	10	0	29
13:50:00	49800	96	47	0	219	0	0	0	0	0	0	0	0	61	30	0	119	15	7	0	16	1	1	0	52	0	0	0	-7	19	9	0	39
13:55:00	50100	112	65	0	266	0	0	0	0	0	0	0	0	84	48	0	155	12	5	0	23	1	1	0	52	0	0	0	-7	15	11	0	43
14:00:00	50400	92	86	0	272	0	0	0	0	0	0	0	0	62	55	0	162	3	10	0	16	5	0	0	57	0	0	0	-7	22	21	0	44
14:05:00	50700	81	80	0	273	0	0	0	0	0	0	0	0	39	49	0	152	9	6	0	19	0	0	0	57	0	0	0	-7	33	25	0	52
14:10:00	51000	84	77	0	280	2	0	0	2	0	0	0	0	52	46	0	158	14	10	0	23	4	0	0	61	0	0	0	-7	12	21	0	43
14:15:00	51300	71	80	1	270	0	1	0	1	0	0	0	0	37	48	0	147	8	9	0	22	9	0	0	70	0	0	1	-8	17	22	0	38
14:20:00	51600	86	81	0	275	2	2	0	1	0	0	0	0	44	51	0	140	14	8	0	28	4	4	0	70	0	0	0	-8	22	16	0	44
14:25:00	51900	76	74	0	277	0	1	0	0	0	0	0	0	50	51	0	139	16	11	0	33	1	1	0	70	0	0	0	-8	9	10	0	43
14:30:00	52200	60	68	0	269	1	0	0	1	0	0	0	0	25	33	0	131	11	12	0	32	6	5	0	71	0	0	0	-8	17	18	0	42
14:35:00	52500	77	76	0	270	1	0	0	2	0	0	0	0	51	40	0	142	5	13	0	24	2	2	0	71	0	0	0	-8	18	21	0	39
14:40:00	52800	63	93	0	240	0	2	0	0	0	0	0	0	34	56	0	120	8	9	0	23	1	3	0	69	0	0	0	-8	20	23	0	36
14:45:00	53100	57	70	0	227	0	0	0	0	0	0	0	0	29	37	0	112	9	11	0	21	6	11	0	64	0	0	0	-8	13	11	0	38
14:50:00	53400	52	70	0	209	0	0	0	0	0	0	0	0	28	41	0	99	3	6	0	18	4	0	0	68	0	0	0	-8	17	23	0	32
14:55:00	53700	45	53	0	201	0	0	0	0	0	0	0	0	20	29	0	90	8	6	0	20	2	5	0	65	0	0	0	-8	15	13	0	34
15:00:00	54000	43	55	0	189	0	0	0	0	0	0	0	0	27	32	0	85	3	9	0	14	0	3	0	62	0	0	0	-8	13	11	0	36
15:05:00	54300	53	54	0	188	1	0	0	1	0	0	0	0	29	35	0	79	1	4	0	11	1	1	0	62	0	0	0	-8	21	14	0	43
15:10:00	54600	53	58	0	183	1	2	0	0	0	0	0	0	31	31	0	79	0	5	0	6	3	0	0	65	0	0	0	-8	18	20	0	41
15:15:00	54900	56	49	0	190	0	0	0	0	0	0	0	0	40	28	0	91	1	2	0	5	2	1	0	66	0	0	0	-8	13	18	0	36
15:20:00	55200	54	52	0	192	0	0	0	0	0	0	0	0	30	29	0	92	1	1	0	5	3	0	0	69	0	0	0	-8	20	22	0	34
15:25:00	55500	56	60	0	188	1	0	0	1	0	0	0	0	35	40	0	87	0	0	0	5	3	2	0	70	0	0	0	-8	17	18	0	33
15:30:00	55800	78	52	0	214	0	0	0	1	0	0	0	0	44	33	0	98	0	1	0	4	1	3	0	68	0	0	0	-8	33	15	0	51
15:35:00	56100	104	76	0	242	1	1	0	1	0	0	0	0	64	40	0	122	0	0	0	4	4	4	0	68	0	0	0	-8	35	31	0	55
15:40:00	56400	109	97	0	254	0	1	0	0	0	0	0	0	60	56	0	126	0	1	0	3	4	3	0	69	0	0	0	-8	45	36	0	64
15:45:00	56700	79	84	0	249	0	0	0	0	0	0	0	0	43	48	0	121	0	0	0	3	7	3	0	73	0	0	0	-8	29	33	0	60
15:50:00	57000	82	87	1	243	1	1	0	0	0	0	0	0	54	48	0	127	0	1	0	2	1	0	0	74	0	0	1	-9	26	37	0	49
15:55:00	57300	66	75	1	233	0	0	0	0	0	0	0	0	35	43	0	119	0	0	0	2	2	6	0	70	0	0	1	-10	29	26	0	52
16:00:00	57600	93	81	0	245	0	0	0	0	0	0	0	0	41	45	0	115	21	0	0	23	5	6	0	69	0	0	0	-10	26	30	0	48
16:05:00	57900	79	73	0	251	0	0	0	0	0	0	0	0	38	46	0	107	19	7	0	35	0	2	0	67	0	0	0	-10	22	18	0	52
16:10:00	58200	70	86	0	235	0	0	0	0	0	0	0	0	25	38	0	94	18	15	0	38	2	2	0	67	0	0	0	-10	25	31	0	46
16:15:00	58500	84	87	0	232	0	0	0	0	0	0	0	0	33	38	0	89	16	14	0	40	5	10	0	62	0	0	0	-10	30	25	0	51
16:20:00	58800	96	72	0	256	0	0	0	0	0	0	0	0	54	30	0	113	17	11	0	46	1	2	0	61	0	0	0	-10	24	29	0	46
16:25:00	59100	105	80	0	281	0	0	0	0	0	0	0	0	47	35	0	125	27	21	0	52	3	5	0	59	0	0	0	-10	28	19	0	55
16:30:00	59400	118	91	0	308	0	0	0	0	0	0	0	0	54	49	0	130	31	15	0	68	4	3	0	60	0	0	0	-10	29	24	0	60
16:35:00	59700	138	92	0	354	1	0	0	1	0	0	0	0	63	38	0	155	27	20	0	75	7	2	0	65	0	0	0	-10	40	32	0	68
16:40:00	60000	140	131	0	363	0	0	0	1	0	0	0	0	82	61	0	176	20	27	0	68	4	5	0	64	0	0	0	-10	34	38	0	64
16:45:00	60300	107	101	0	369	1	0	0	2	0	0	0	0	52	51	0	177	28	21	0	75	2	5	0	61	0	0	0	-10	24	24	0	64
16:50:00	60600	160	134	0	395	2	2	0	2	0	0	0	0	68	67	0	178	47	29	0	93	4	2	0	63	0	0	0	-10	39	34	0	69
16:55:00	60900	134	132	1	396	1	1	0	2	0	0	0	0	61	64	0	175	31	27	0	97	3	4	0	62	0	0	1	-11	38	36	0	71
17:00:00	61200	180	124	0	452	0	0	0	2	0	0	0	0	114	54	0	235	20	30	0	87	5	9	0	58	0	0	0	-11	41	31	0	81
17:05:00	61500	189	137	0	504	1	2	0	1	0	0	0	0	126	79	0	282	12	21	0	78	10	9	0	59	0	0	0	-11	40	26	0	95
17:10:00	61800	165	158	1	510	0	0	0	1	1	0	0	1	106	93	0	295	15	21	0	72	7	3	0	63	0	0	1	-12	36	41	0	90
17:15:00	62100	178	170	0	518	1	1	0	1	0	0	0	1	111	104	0	302	25	20	0	77	4	5	0	62	0	0	0	-12	37	40	0	87
17:20:00	62400	189	163	0	544	1	0	0	2	0	0	0	1	126	94	0	334	16	24	0	69	7	4	0	65	0	0	0	-12	39	41	0	85
17:25:00	62700	126	169	1	500	0	2	0	0	0	0	0	1	79	105	0	308	1	23	0	47	8	6	0	67	0	0	1	-13	38	33	0	90
17:30:00	63000	104	138	0	466	0	0	0	0	0	0	0	1	82	94	0	296	1	12	0	36	5	3	0	69	0	0	0	-13	16	29	0	77
17:35:00	63300	109	112	1	462	0	0	0	0	1	0	0	2	84	81	0	299	1	6	0	31	8	5	0	72	0	0	1	-14	15	20	0	72
17:40:00	63600	78	115	0	425	0	0	0	0	1	1	0	2	44	71	0	272	2	8	0	25	7	13	0	66	0	0	0	-14	24	22	0	74
17:45:00	63900	123	111	0	437	1	0	0	1	0	0	0	2	90	75	0	287	1	1	0	25	4	10	0	60	0	0	0	-14	27	25	0	76
17:50:00	64200	102	114	0	425	1	0	0	2	0	0	0	2	76	84	0	279	0	4	0	21	7	0	0	67	0	0	0	-14	18	26	0	68
17:55:00	64500	111	119	0	417	1	1	0	2	0	1	0	1	82	79	0	282	1	5	0	17	9	6	0	70	0	0	0	-14	18	27	0	59
18:00:00	64800	71	114	0	374	0	2	0	0	0	0	0	1	52	90	0	244	1	3	0	15	1	3	0	68	0	0	0	-14	17	16	0	60
18:05:00	65100	68	92	0	350	0	0	0	0	0	0	0	1	47	63	0	228	0	1	0	14	5	8	0	65	0	0	0	-14	16	20	0	56
18:10:00	65400	49	86	0	313	1	0	0	1	0	1	0	0	33	62	0	199	0	0	0	14	3	5	0	63	0	0	0	-14	12	18	0	50
18:15:00	65700	48	91	0	270	0	0	0	1	0	0	0	0	31	65	0	165	1	2	0	13	4	7	0	60	0	0	0	-14	12	17	0	45
18:20:00	66000	56	64	0	262	0	1	0	0	0	0	0	0	42	43	0	164	0	1	0	12	0	8	0	52	0	0	0	-14	14	11	0	48
18:25:00	66300	49	67	0	244	0	0	0	0	0	0	0	0	30	45	0	149	0	1	0	11	2	10	0	44	0	0	0	-14	17	11	0	54
18:30:00	66600	41	61	0	224	0	0	0	0	0	0	0	0	26	39	0	136	0	0	0	11	2	6	0	40	0	0	0	-14	13	16	0	51
18:35:00	66900	56	69	0	211	0	0	0	0	0	0	0	0	43	48	0	131	1	4	0	8	0	5	0	35	0	0	0	-14	12	12	0	51
18:40:00	67200	36	50	0	197	0	0	0	0	0	0	0	0	26	30	0	127	0	2	0	6	3	3	0	35	0	0	0	-14	7	15	0	43
18:45:00	67500	30	53	0	174	0	0	0	0	0	0	0	0	24	38	0	113	0	2	0	4	1	4	0	32	0	0	0	-14	5	9	0	39
18:50:00	67800	15	39	0	150	0	0	0	0	0	0	0	0	9	27	0	95	0	0	0	4	0	6	0	26	0	0	0	-14	6	6	0	39
18:55:00	68100	22	31	0	141	0	0	0	0	0	0	0	0	16	18	0	93	0	0	0	4	1	4	0	23	0	0	0	-14	5	9	0	35
19:00:00	68400	70	43	0	168	0	0	0	0	0	0	0	0	58	29	0	122	0	0	0	4	0	8	0	15	0	0	0	-14	12	6	0	41
19:05:00	68700	78	35	0	211	0	0	0	0	0	0	0	0	64	27	0	159	0	0	0	4	0	0	0	15	0	0	0	-14	14	8	0	47
19:10:00	69000	62	63	0	210	0	0	0	0	0	0	0	0	57	52	0	164	0	1	0	3	1	0	0	16	0	0	0	-14	4	10	0	41
19:15:00	69300	50	66	0	194	0	0	0	0	0	0	0	0	39	49	0	154	0	0	0	3	0	3	0	13	0	0	0	-14	11	14	0	38
19:20:00	69600	56	63	0	187	0	0	0	0	0	0	0	0	48	50	0	152	0	0	0	3	0	1	0	12	0	0	0	-14	8	12	0	34
19:25:00	69900	90	58	0	219	0	0	0	0	0	0	0	0	81	50	0	183	0	0	0	3	1	0	0	13	0	0	0	-14	8	8	0	34
19:30:00	70200	68	63	0	224	1	0	0	1	0	0	0	0	59	51	0	191	0	0	0	3	1	4	0	10	0	0	0	-14	7	8	0	33
19:35:00	70500	50	79	0	195	0	1	0	0	0	0	0	0	40	70	0	161	0	0	0	3	1	2	0	9	0	0	0	-14	9	6	0	36
19:40:00	70800	38	59	0	174	0	0	0	0	0	0	0	0	34	48	0	147	0	1	0	2	0	1	0	8	0	0	0	-14	4	9	0	31
19:45:00	71100	63	61	0	176	0	0	0	0	0	0	0	0	54	49	0	152	0	0	0	2	2	2	0	8	0	0	0	-14	7	10	0	28
19:50:00	71400	49	56	0	169	1	0	0	1	0	0	0	0	42	51	0	143	0	0	0	2	0	1	0	7	0	0	0	-14	6	4	0	30
19:55:00	71700	51	61	0	159	0	1	0	0	0	0	0	0	43	54	0	132	0	0	0	2	1	1	0	7	0	0	0	-14	7	5	0	32
20:00:00	72000	7	44	0	122	0	0	0	0	0	0	0	0	4	37	0	99	0	0	0	2	1	0	0	8	0	0	0	-14	2	7	0	27
20:05:00	72300	5	34	0	93	0	0	0	0	0	0	0	0	4	27	0	76	0	0	0	2	1	0	0	9	0	0	0	-14	0	7	0	20
20:10:00	72600	5	21	0	77	0	0	0	0	0	0	0	0	3	16	0	63	0	0	0	2	0	0	0	9	0	0	0	-14	2	5	0	17
20:15:00	72900	7	20	0	64	0	0	0	0	0	0	0	0	6	17	0	52	0	0	0	2	0	1	0	8	0	0	0	-14	1	2	0	16
20:20:00	73200	9	20	0	53	0	0	0	0	0	0	0	0	7	15	0	44	0	1	0	1	1	1	0	8	0	0	0	-14	1	3	0	14
20:25:00	73500	10	10	0	53	0	0	0	0	0	0	0	0	5	4	0	45	0	0	0	1	0	4	0	4	0	0	0	-14	5	2	0	17
20:30:00	73800	7	16	0	44	0	0	0	0	0	0	0	0	4	11	0	38	0	1	0	0	0	2	0	2	0	0	0	-14	3	2	0	18
20:35:00	74100	4	9	0	39	0	0	0	0	0	0	0	0	4	5	0	37	0	0	0	0	0	0	0	2	0	0	0	-14	0	4	0	14
20:40:00	74400	2	9	0	32	0	0	0	0	0	0	0	0	1	6	0	32	0	0	0	0	0	0	0	2	0	0	0	-14	1	3	0	12
20:45:00	74700	4	5	0	31	0	0	0	0	0	0	0	0	2	3	0	31	0	0	0	0	0	0	0	2	0	0	0	-14	2	2	0	12
20:50:00	75000	9	10	0	30	0	0	0	0	0	0	0	0	7	7	0	31	0	0	0	0	0	0	0	2	0	0	0	-14	2	3	0	11
20:55:00	75300	5	7	0	28	0	0	0	0	0	0	0	0	4	4	0	31	0	0	0	0	0	0	0	2	0	0	0	-14	1	3	0	9
21:00:00	75600	10	12	0	26	0	0	0	0	0	0	0	0	9	10	0	30	0	0	0	0	0	0	0	2	0	0	0	-14	1	2	0	8
21:05:00	75900	5	8	0	23	0	0	0	0	0	0	0	0	4	7	0	27	0	0	0	0	0	0	0	2	0	0	0	-14	1	1	0	8
21:10:00	76200	2	4	0	21	0	0	0	0	0	0	0	0	2	3	0	26	0	0	0	0	0	0	0	2	0	0	0	-14	0	1	0	7
21:15:00	76500	1	4	0	18	0	0	0	0	0	0	0	0	1	4	0	23	0	0	0	0	0	0	0	2	0	0	0	-14	0	0	0	7
21:20:00	76800	3	5	0	16	0	0	0	0	0	0	0	0	2	4	0	21	0	0	0	0	0	0	0	2	0	0	0	-14	1	1	0	7
21:25:00	77100	1	2	0	15	0	0	0	0	0	0	0	0	1	1	0	21	0	0	0	0	0	0	0	2	0	0	0	-14	0	1	0	6
21:30:00	77400	0	3	0	12	0	0	0	0	0	0	0	0	0	3	0	18	0	0	0	0	0	0	0	2	0	0	0	-14	0	0	0	6
21:35:00	77700	0	4	0	8	0	0	0	0	0	0	0	0	0	4	0	14	0	0	0	0	0	0	0	2	0	0	0	-14	0	0	0	6
21:40:00	78000	2	5	0	5	0	0	0	0	0	0	0	0	2	4	0	12	0	0	0	0	0	0	0	2	0	0	0	-14	0	1	0	5
21:45:00	78300	1	3	0	3	0	0	0	0	0	0	0	0	1	1	0	12	0	0	0	0	0	0	0	2	0	0	0	-14	0	2	0	3
21:50:00	78600	1	3	0	1	0	0	0	0	0	0	0	0	1	3	0	10	0	0	0	0	0	0	0	2	0	0	0	-14	0	0	0	3
21:55:00	78900	0	1	0	0	0	0	0	0	0	0	0	0	0	1	0	9	0	0	0	0	0	0	0	2	0	0	0	-14	0	0	0	3
22:00:00	79200	0	1	0	-1	0	0	0	0	0	0	0	0	0	1	0	8	0	0	0	0	0	0	0	2	0	0	0	-14	0	0	0	3
22:05:00	79500	0	0	0	-1	0	0	0	0	0	0	0	0	0	0	0	8	0	0	0	0	0	0	0	2	0	0	0	-14	0	0	0	3
22:10:00	79800	0	0	0	-1	0	0	0	0	0	0	0	0	0	0	0	8	0	0	0	0	0	0	0	2	0	0	0	-14	0	0	0	3
22:15:00	80100	2	4	0	-3	0	0	0	0	0	0	0	0	1	3	0	6	0	0	0	0	0	0	0	2	0	0	0	-14	1	1	0	3
22:20:00	80400	0	3	0	-6	0	0	0	0	0	0	0	0	0	1	0	5	0	0	0	0	0	0	0	2	0	0	0	-14	0	2	0	1
22:25:00	80700	0	0	0	-6	0	0	0	0	0	0	0	0	0	0	0	5	0	0	0	0	0	0	0	2	0	0	0	-14	0	0	0	1
22:30:00	81000	0	0	0	-6	0	0	0	0	0	0	0	0	0	0	0	5	0	0	0	0	0	0	0	2	0	0	0	-14	0	0	0	1
22:35:00	81300	0	0	0	-6	0	0	0	0	0	0	0	0	0	0	0	5	0	0	0	0	0	0	0	2	0	0	0	-14	0	0	0	1
22:40:00	81600	0	1	0	-7	0	0	0	0	0	0	0	0	0	1	0	4	0	0	0	0	0	0	0	2	0	0	0	-14	0	0	0	1
22:45:00	81900	1	1	0	-7	0	0	0	0	0	0	0	0	1	1	0	4	0	0	0	0	0	0	0	2	0	0	0	-14	0	0	0	1
22:50:00	82200	0	0	0	-7	0	0	0	0	0	0	0	0	0	0	0	4	0	0	0	0	0	0	0	2	0	0	0	-14	0	0	0	1
22:55:00	82500	0	0	0	-7	0	0	0	0	0	0	0	0	0	0	0	4	0	0	0	0	0	0	0	2	0	0	0	-14	0	0	0	1
23:00:00	82800	0	0	0	-7	0	0	0	0	0	0	0	0	0	0	0	4	0	0	0	0	0	0	0	2	0	0	0	-14	0	0	0	1
23:05:00	83100	0	0	0	-7	0	0	0	0	0	0	0	0	0	0	0	4	0	0	0	0	0	0	0	2	0	0	0	-14	0	0	0	1
23:10:00	83400	0	0	0	-7	0	0	0	0	0	0	0	0	0	0	0	4	0	0	0	0	0	0	0	2	0	0	0	-14	0	0	0	1
23:15:00	83700	6	2	0	-3	0	0	0	0	0	0	0	0	6	2	0	8	0	0	0	0	0	0	0	2	0	0	0	-14	0	0	0	1
23:20:00	84000	5	3	0	-1	0	0	0	0	0	0	0	0	4	3	0	9	0	0	0	0	0	0	0	2	0	0	0	-14	1	0	0	2
23:25:00	84300	5	3	0	1	0	0	0	0	0	0	0	0	4	1	0	12	0	0	0	0	0	0	0	2	0	0	0	-14	1	2	0	1
23:30:00	84600	2	6	0	-3	0	0	0	0	0	0	0	0	2	6	0	8	0	0	0	0	0	0	0	2	0	0	0	-14	0	0	0	1
23:35:00	84900	2	0	0	-1	0	0	0	0	0	0	0	0	2	0	0	10	0	0	0	0	0	0	0	2	0	0	0	-14	0	0	0	1
23:40:00	85200	3	3	0	-1	0	0	0	0	0	0	0	0	2	3	0	9	0	0	0	0	0	0	0	2	0	0	0	-14	1	0	0	2
23:45:00	85500	4	2	0	1	0	0	0	0	0	0	0	0	2	1	0	10	0	0	0	0	0	0	0	2	0	0	0	-14	2	1	0	3
23:50:00	85800	4	6	0	-1	0	0	0	0	0	0	0	0	4	4	0	10	0	0	0	0	0	0	0	2	0	0	0	-14	0	2	0	1
23:55:00	86100	2	2	0	-1	0	0	0	0	0	0	0	0	0	2	0	8	0	0	0	0	0	0	0	2	0	0	0	-14	2	0	0	3
24:00:00	86400	4	1	0	2	0	0	0	0	0	0	0	0	3	0	0	11	0	0	0	0	0	0	0	2	0	0	0	-14	1	1	0	3
24:05:00	86700	2	3	0	1	0	0	0	0	0	0	0	0	2	2	0	11	0	0	0	0	0	0	0	2	0	0	0	-14	0	1	0	2
24:10:00	87000	3	4	0	0	0	0	0	0	0	0	0	0	3	3	0	11	0	0	0	0	0	0	0	2	0	0	0	-14	0	1	0	1
24:15:00	87300	0	3	0	-3	0	0	0	0	0	0	0	0	0	3	0	8	0	0	0	0	0	0	0	2	0	0	0	-14	0	0	0	1
24:20:00	87600	0	2	0	-5	0	0	0	0	0	0	0	0	0	2	0	6	0	0	0	0	0	0	0	2	0	0	0	-14	0	0	0	1
24:25:00	87900	0	1	0	-6	0	0	0	0	0	0	0	0	0	1	0	5	0	0	0	0	0	0	0	2	0	0	0	-14	0	0	0	1
24:30:00	88200	0	0	0	-6	0	0	0	0	0	0	0	0	0	0	0	5	0	0	0	0	0	0	0	2	0	0	0	-14	0	0	0	1
24:35:00	88500	0	2	0	-8	0	0	0	0	0	0	0	0	0	2	0	3	0	0	0	0	0	0	0	2	0	0	0	-14	0	0	0	1
24:40:00	88800	0	0	0	-8	0	0	0	0	0	0	0	0	0	0	0	3	0	0	0	0	0	0	0	2	0	0	0	-14	0	0	0	1
24:45:00	89100	0	0	0	-8	0	0	0	0	0	0	0	0	0	0	0	3	0	0	0	0	0	0	0	2	0	0	0	-14	0	0	0	1
24:50:00	89400	0	2	0	-10	0	0	0	0	0	0	0	0	0	2	0	1	0	0	0	0	0	0	0	2	0	0	0	-14	0	0	0	1
24:55:00	89700	0	0	0	-10	0	0	0	0	0	0	0	0	0	0	0	1	0	0	0	0	0	0	0	2	0	0	0	-14	0	0	0	1
25:00:00	90000	0	0	0	-10	0	0	0	0	0	0	0	0	0	0	0	1	0	0	0	0	0	0	0	2	0	0	0	-14	0	0	0	1
25:05:00	90300	0	0	0	-10	0	0	0	0	0	0	0	0	0	0	0	1	0	0	0	0	0	0	0	2	0	0	0	-14	0	0	0	1
25:10:00	90600	0	0	0	-10	0	0	0	0	0	0	0	0	0	0	0	1	0	0	0	0	0	0	0	2	0	0	0	-14	0	0	0	1
25:15:00	90900	0	0	0	-10	0	0	0	0	0	0	0	0	0	0	0	1	0	0	0	0	0	0	0	2	0	0	0	-14	0	0	0	1
25:20:00	91200	0	0	0	-10	0	0	0	0	0	0	0	0	0	0	0	1	0	0	0	0	0	0	0	2	0	0	0	-14	0	0	0	1
25:25:00	91500	0	0	0	-10	0	0	0	0	0	0	0	0	0	0	0	1	0	0	0	0	0	0	0	2	0	0	0	-14	0	0	0	1
25:30:00	91800	0	0	0	-10	0	0	0	0	0	0	0	0	0	0	0	1	0	0	0	0	0	0	0	2	0	0	0	-14	0	0	0	1
25:35:00	92100	0	0	0	-10	0	0	0	0	0	0	0	0	0	0	0	1	0	0	0	0	0	0	0	2	0	0	0	-14	0	0	0	1
25:40:00	92400	0	0	0	-10	0	0	0	0	0	0	0	0	0	0	0	1	0	0	0	0	0	0	0	2	0	0	0	-14	0	0	0	1
25:45:00	92700	0	0	0	-10	0	0	0	0	0	0	0	0	0	0	0	1	0	0	0	0	0	0	0	2	0	0	0	-14	0	0	0	1
25:50:00	93000	0	0	0	-10	0	0	0	0	0	0	0	0	0	0	0	1	0	0	0	0	0	0	0	2	0	0	0	-14	0	0	0	1
25:55:00	93300	0	0	0	-10	0	0	0	0	0	0	0	0	0	0	0	1	0	0	0	0	0	0	0	2	0	0	0	-14	0	0	0	1
26:00:00	93600	0	0	0	-10	0	0	0	0	0	0	0	0	0	0	0	1	0	0	0	0	0	0	0	2	0	0	0	-14	0	0	0	1
26:05:00	93900	2	2	0	-10	0	0	0	0	0	0	0	0	2	2	0	1	0	0	0	0	0	0	0	2	0	0	0	-14	0	0	0	1
26:10:00	94200	0	1	0	-11	0	0	0	0	0	0	0	0	0	1	0	0	0	0	0	0	0	0	0	2	0	0	0	-14	0	0	0	1
26:15:00	94500	0	0	0	-11	0	0	0	0	0	0	0	0	0	0	0	0	0	0	0	0	0	0	0	2	0	0	0	-14	0	0	0	1
26:20:00	94800	0	0	0	-11	0	0	0	0	0	0	0	0	0	0	0	0	0	0	0	0	0	0	0	2	0	0	0	-14	0	0	0	1
26:25:00	95100	0	0	0	-11	0	0	0	0	0	0	0	0	0	0	0	0	0	0	0	0	0	0	0	2	0	0	0	-14	0	0	0	1
26:30:00	95400	0	0	0	-11	0	0	0	0	0	0	0	0	0	0	0	0	0	0	0	0	0	0	0	2	0	0	0	-14	0	0	0	1
26:35:00	95700	0	0	0	-11	0	0	0	0	0	0	0	0	0	0	0	0	0	0	0	0	0	0	0	2	0	0	0	-14	0	0	0	1
26:40:00	96000	0	0	0	-11	0	0	0	0	0	0	0	0	0	0	0	0	0	0	0	0	0	0	0	2	0	0	0	-14	0	0	0	1
26:45:00	96300	0	0	0	-11	0	0	0	0	0	0	0	0	0	0	0	0	0	0	0	0	0	0	0	2	0	0	0	-14	0	0	0	1
26:50:00	96600	0	0	0	-11	0	0	0	0	0	0	0	0	0	0	0	0	0	0	0	0	0	0	0	2	0	0	0	-14	0	0	0	1
26:55:00	96900	0	0	0	-11	0	0	0	0	0	0	0	0	0	0	0	0	0	0	0	0	0	0	0	2	0	0	0	-14	0	0	0	1
27:00:00	97200	0	0	0	-11	0	0	0	0	0	0	0	0	0	0	0	0	0	0	0	0	0	0	0	2	0	0	0	-14	0	0	0	1
27:05:00	97500	0	0	0	-11	0	0	0	0	0	0	0	0	0	0	0	0	0	0	0	0	0	0	0	2	0	0	0	-14	0	0	0	1
27:10:00	97800	0	0	0	-11	0	0	0	0	0	0	0	0	0	0	0	0	0	0	0	0	0	0	0	2	0	0	0	-14	0	0	0	1
27:15:00	98100	0	0	0	-11	0	0	0	0	0	0	0	0	0	0	0	0	0	0	0	0	0	0	0	2	0	0	0	-14	0	0	0	1
27:20:00	98400	0	0	0	-11	0	0	0	0	0	0	0	0	0	0	0	0	0	0	0	0	0	0	0	2	0	0	0	-14	0	0	0	1
27:25:00	98700	0	0	0	-11	0	0	0	0	0	0	0	0	0	0	0	0	0	0	0	0	0	0	0	2	0	0	0	-14	0	0	0	1
27:30:00	99000	0	0	0	-11	0	0	0	0	0	0	0	0	0	0	0	0	0	0	0	0	0	0	0	2	0	0	0	-14	0	0	0	1
27:35:00	99300	0	0	0	-11	0	0	0	0	0	0	0	0	0	0	0	0	0	0	0	0	0	0	0	2	0	0	0	-14	0	0	0	1
27:40:00	99600	0	0	0	-11	0	0	0	0	0	0	0	0	0	0	0	0	0	0	0	0	0	0	0	2	0	0	0	-14	0	0	0	1
27:45:00	99900	0	0	0	-11	0	0	0	0	0	0	0	0	0	0	0	0	0	0	0	0	0	0	0	2	0	0	0	-14	0	0	0	1
27:50:00	100200	0	0	0	-11	0	0	0	0	0	0	0	0	0	0	0	0	0	0	0	0	0	0	0	2	0	0	0	-14	0	0	0	1
27:55:00	100500	0	0	0	-11	0	0	0	0	0	0	0	0	0	0	0	0	0	0	0	0	0	0	0	2	0	0	0	-14	0	0	0	1
28:00:00	100800	0	0	0	-11	0	0	0	0	0	0	0	0	0	0	0	0	0	0	0	0	0	0	0	2	0	0	0	-14	0	0	0	1
28:05:00	101100	0	0	0	-11	0	0	0	0	0	0	0	0	0	0	0	0	0	0	0	0	0	0	0	2	0	0	0	-14	0	0	0	1
28:10:00	101400	0	0	0	-11	0	0	0	0	0	0	0	0	0	0	0	0	0	0	0	0	0	0	0	2	0	0	0	-14	0	0	0	1
28:15:00	101700	0	0	0	-11	0	0	0	0	0	0	0	0	0	0	0	0	0	0	0	0	0	0	0	2	0	0	0	-14	0	0	0	1
28:20:00	102000	0	0	0	-11	0	0	0	0	0	0	0	0	0	0	0	0	0	0	0	0	0	0	0	2	0	0	0	-14	0	0	0	1
28:25:00	102300	0	0	0	-11	0	0	0	0	0	0	0	0	0	0	0	0	0	0	0	0	0	0	0	2	0	0	0	-14	0	0	0	1
28:30:00	102600	0	0	0	-11	0	0	0	0	0	0	0	0	0	0	0	0	0	0	0	0	0	0	0	2	0	0	0	-14	0	0	0	1
28:35:00	102900	0	0	0	-11	0	0	0	0	0	0	0	0	0	0	0	0	0	0	0	0	0	0	0	2	0	0	0	-14	0	0	0	1
28:40:00	103200	0	0	0	-11	0	0	0	0	0	0	0	0	0	0	0	0	0	0	0	0	0	0	0	2	0	0	0	-14	0	0	0	1
28:45:00	103500	0	0	0	-11	0	0	0	0	0	0	0	0	0	0	0	0	0	0	0	0	0	0	0	2	0	0	0	-14	0	0	0	1
28:50:00	103800	0	0	0	-11	0	0	0	0	0	0	0	0	0	0	0	0	0	0	0	0	0	0	0	2	0	0	0	-14	0	0	0	1
28:55:00	104100	0	0	0	-11	0	0	0	0	0	0	0	0	0	0	0	0	0	0	0	0	0	0	0	2	0	0	0	-14	0	0	0	1
29:00:00	104400	0	1	0	-12	0	0	0	0	0	0	0	0	0	0	0	0	0	0	0	0	0	0	0	2	0	0	0	-14	0	1	0	0
29:05:00	104700	0	0	0	-12	0	0	0	0	0	0	0	0	0	0	0	0	0	0	0	0	0	0	0	2	0	0	0	-14	0	0	0	0
29:10:00	105000	0	0	0	-12	0	0	0	0	0	0	0	0	0	0	0	0	0	0	0	0	0	0	0	2	0	0	0	-14	0	0	0	0
29:15:00	105300	0	0	0	-12	0	0	0	0	0	0	0	0	0	0	0	0	0	0	0	0	0	0	0	2	0	0	0	-14	0	0	0	0
29:20:00	105600	0	0	0	-12	0	0	0	0	0	0	0	0	0	0	0	0	0	0	0	0	0	0	0	2	0	0	0	-14	0	0	0	0
29:25:00	105900	0	0	0	-12	0	0	0	0	0	0	0	0	0	0	0	0	0	0	0	0	0	0	0	2	0	0	0	-14	0	0	0	0
29:30:00	106200	0	0	0	-12	0	0	0	0	0	0	0	0	0	0	0	0	0	0	0	0	0	0	0	2	0	0	0	-14	0	0	0	0
29:35:00	106500	0	0	0	-12	0	0	0	0	0	0	0	0	0	0	0	0	0	0	0	0	0	0	0	2	0	0	0	-14	0	0	0	0
29:40:00	106800	0	0	0	-12	0	0	0	0	0	0	0	0	0	0	0	0	0	0	0	0	0	0	0	2	0	0	0	-14	0	0	0	0
29:45:00	107100	0	0	0	-12	0	0	0	0	0	0	0	0	0	0	0	0	0	0	0	0	0	0	0	2	0	0	0	-14	0	0	0	0
29:50:00	107400	0	0	0	-12	0	0	0	0	0	0	0	0	0	0	0	0	0	0	0	0	0	0	0	2	0	0	0	-14	0	0	0	0
29:55:00	107700	0	0	0	-12	0	0	0	0	0	0	0	0	0	0	0	0	0	0	0	0	0	0	0	2	0	0	0	-14	0	0	0	0
30:00:00	108000	0	0	2	-14	0	0	0	0	0	0	0	0	0	0	0	0	0	0	0	0	0	0	2	0	0	0	0	-14	0	0	0	0
30:05:00	108300	0	0	0	-14	0	0	0	0	0	0	0	0	0	0	0	0	0	0	0	0	0	0	0	0	0	0	0	-14	0	0	0	0
