time	time	departures_all	arrivals_all	stuck_all	en-route_all	departures_Shared-Bike	arrivals_Shared-Bike	stuck_Shared-Bike	en-route_Shared-Bike	departures_bike	arrivals_bike	stuck_bike	en-route_bike	departures_car	arrivals_car	stuck_car	en-route_car	departures_car_passenger	arrivals_car_passenger	stuck_car_passenger	en-route_car_passenger	departures_eScooter	arrivals_eScooter	stuck_eScooter	en-route_eScooter	departures_pt	arrivals_pt	stuck_pt	en-route_pt	departures_sharing:standardBikeShare	arrivals_sharing:standardBikeShare	stuck_sharing:standardBikeShare	en-route_sharing:standardBikeShare	departures_sharing:standardeScooter	arrivals_sharing:standardeScooter	stuck_sharing:standardeScooter	en-route_sharing:standardeScooter	departures_walk	arrivals_walk	stuck_walk	en-route_walk
00:00:00	0	0	0	0	0	0	0	0	0	0	0	0	0	0	0	0	0	0	0	0	0	0	0	0	0	0	0	0	0	0	0	0	0	0	0	0	0	0	0	0	0
00:05:00	300	0	0	0	0	0	0	0	0	0	0	0	0	0	0	0	0	0	0	0	0	0	0	0	0	0	0	0	0	0	0	0	0	0	0	0	0	0	0	0	0
00:10:00	600	0	0	0	0	0	0	0	0	0	0	0	0	0	0	0	0	0	0	0	0	0	0	0	0	0	0	0	0	0	0	0	0	0	0	0	0	0	0	0	0
00:15:00	900	0	0	0	0	0	0	0	0	0	0	0	0	0	0	0	0	0	0	0	0	0	0	0	0	0	0	0	0	0	0	0	0	0	0	0	0	0	0	0	0
00:20:00	1200	0	0	0	0	0	0	0	0	0	0	0	0	0	0	0	0	0	0	0	0	0	0	0	0	0	0	0	0	0	0	0	0	0	0	0	0	0	0	0	0
00:25:00	1500	0	0	0	0	0	0	0	0	0	0	0	0	0	0	0	0	0	0	0	0	0	0	0	0	0	0	0	0	0	0	0	0	0	0	0	0	0	0	0	0
00:30:00	1800	0	0	0	0	0	0	0	0	0	0	0	0	0	0	0	0	0	0	0	0	0	0	0	0	0	0	0	0	0	0	0	0	0	0	0	0	0	0	0	0
00:35:00	2100	0	0	0	0	0	0	0	0	0	0	0	0	0	0	0	0	0	0	0	0	0	0	0	0	0	0	0	0	0	0	0	0	0	0	0	0	0	0	0	0
00:40:00	2400	0	0	0	0	0	0	0	0	0	0	0	0	0	0	0	0	0	0	0	0	0	0	0	0	0	0	0	0	0	0	0	0	0	0	0	0	0	0	0	0
00:45:00	2700	0	0	0	0	0	0	0	0	0	0	0	0	0	0	0	0	0	0	0	0	0	0	0	0	0	0	0	0	0	0	0	0	0	0	0	0	0	0	0	0
00:50:00	3000	0	0	0	0	0	0	0	0	0	0	0	0	0	0	0	0	0	0	0	0	0	0	0	0	0	0	0	0	0	0	0	0	0	0	0	0	0	0	0	0
00:55:00	3300	0	0	0	0	0	0	0	0	0	0	0	0	0	0	0	0	0	0	0	0	0	0	0	0	0	0	0	0	0	0	0	0	0	0	0	0	0	0	0	0
01:00:00	3600	0	0	0	0	0	0	0	0	0	0	0	0	0	0	0	0	0	0	0	0	0	0	0	0	0	0	0	0	0	0	0	0	0	0	0	0	0	0	0	0
01:05:00	3900	0	0	0	0	0	0	0	0	0	0	0	0	0	0	0	0	0	0	0	0	0	0	0	0	0	0	0	0	0	0	0	0	0	0	0	0	0	0	0	0
01:10:00	4200	0	0	0	0	0	0	0	0	0	0	0	0	0	0	0	0	0	0	0	0	0	0	0	0	0	0	0	0	0	0	0	0	0	0	0	0	0	0	0	0
01:15:00	4500	0	0	0	0	0	0	0	0	0	0	0	0	0	0	0	0	0	0	0	0	0	0	0	0	0	0	0	0	0	0	0	0	0	0	0	0	0	0	0	0
01:20:00	4800	0	0	0	0	0	0	0	0	0	0	0	0	0	0	0	0	0	0	0	0	0	0	0	0	0	0	0	0	0	0	0	0	0	0	0	0	0	0	0	0
01:25:00	5100	0	0	0	0	0	0	0	0	0	0	0	0	0	0	0	0	0	0	0	0	0	0	0	0	0	0	0	0	0	0	0	0	0	0	0	0	0	0	0	0
01:30:00	5400	0	0	0	0	0	0	0	0	0	0	0	0	0	0	0	0	0	0	0	0	0	0	0	0	0	0	0	0	0	0	0	0	0	0	0	0	0	0	0	0
01:35:00	5700	0	0	0	0	0	0	0	0	0	0	0	0	0	0	0	0	0	0	0	0	0	0	0	0	0	0	0	0	0	0	0	0	0	0	0	0	0	0	0	0
01:40:00	6000	0	0	0	0	0	0	0	0	0	0	0	0	0	0	0	0	0	0	0	0	0	0	0	0	0	0	0	0	0	0	0	0	0	0	0	0	0	0	0	0
01:45:00	6300	0	0	0	0	0	0	0	0	0	0	0	0	0	0	0	0	0	0	0	0	0	0	0	0	0	0	0	0	0	0	0	0	0	0	0	0	0	0	0	0
01:50:00	6600	0	0	0	0	0	0	0	0	0	0	0	0	0	0	0	0	0	0	0	0	0	0	0	0	0	0	0	0	0	0	0	0	0	0	0	0	0	0	0	0
01:55:00	6900	0	0	0	0	0	0	0	0	0	0	0	0	0	0	0	0	0	0	0	0	0	0	0	0	0	0	0	0	0	0	0	0	0	0	0	0	0	0	0	0
02:00:00	7200	0	0	0	0	0	0	0	0	0	0	0	0	0	0	0	0	0	0	0	0	0	0	0	0	0	0	0	0	0	0	0	0	0	0	0	0	0	0	0	0
02:05:00	7500	0	0	0	0	0	0	0	0	0	0	0	0	0	0	0	0	0	0	0	0	0	0	0	0	0	0	0	0	0	0	0	0	0	0	0	0	0	0	0	0
02:10:00	7800	0	0	0	0	0	0	0	0	0	0	0	0	0	0	0	0	0	0	0	0	0	0	0	0	0	0	0	0	0	0	0	0	0	0	0	0	0	0	0	0
02:15:00	8100	0	0	0	0	0	0	0	0	0	0	0	0	0	0	0	0	0	0	0	0	0	0	0	0	0	0	0	0	0	0	0	0	0	0	0	0	0	0	0	0
02:20:00	8400	0	0	0	0	0	0	0	0	0	0	0	0	0	0	0	0	0	0	0	0	0	0	0	0	0	0	0	0	0	0	0	0	0	0	0	0	0	0	0	0
02:25:00	8700	0	0	0	0	0	0	0	0	0	0	0	0	0	0	0	0	0	0	0	0	0	0	0	0	0	0	0	0	0	0	0	0	0	0	0	0	0	0	0	0
02:30:00	9000	0	0	0	0	0	0	0	0	0	0	0	0	0	0	0	0	0	0	0	0	0	0	0	0	0	0	0	0	0	0	0	0	0	0	0	0	0	0	0	0
02:35:00	9300	0	0	0	0	0	0	0	0	0	0	0	0	0	0	0	0	0	0	0	0	0	0	0	0	0	0	0	0	0	0	0	0	0	0	0	0	0	0	0	0
02:40:00	9600	0	0	0	0	0	0	0	0	0	0	0	0	0	0	0	0	0	0	0	0	0	0	0	0	0	0	0	0	0	0	0	0	0	0	0	0	0	0	0	0
02:45:00	9900	0	0	0	0	0	0	0	0	0	0	0	0	0	0	0	0	0	0	0	0	0	0	0	0	0	0	0	0	0	0	0	0	0	0	0	0	0	0	0	0
02:50:00	10200	0	0	0	0	0	0	0	0	0	0	0	0	0	0	0	0	0	0	0	0	0	0	0	0	0	0	0	0	0	0	0	0	0	0	0	0	0	0	0	0
02:55:00	10500	0	0	0	0	0	0	0	0	0	0	0	0	0	0	0	0	0	0	0	0	0	0	0	0	0	0	0	0	0	0	0	0	0	0	0	0	0	0	0	0
03:00:00	10800	0	0	0	0	0	0	0	0	0	0	0	0	0	0	0	0	0	0	0	0	0	0	0	0	0	0	0	0	0	0	0	0	0	0	0	0	0	0	0	0
03:05:00	11100	0	0	0	0	0	0	0	0	0	0	0	0	0	0	0	0	0	0	0	0	0	0	0	0	0	0	0	0	0	0	0	0	0	0	0	0	0	0	0	0
03:10:00	11400	0	0	0	0	0	0	0	0	0	0	0	0	0	0	0	0	0	0	0	0	0	0	0	0	0	0	0	0	0	0	0	0	0	0	0	0	0	0	0	0
03:15:00	11700	0	0	0	0	0	0	0	0	0	0	0	0	0	0	0	0	0	0	0	0	0	0	0	0	0	0	0	0	0	0	0	0	0	0	0	0	0	0	0	0
03:20:00	12000	0	0	0	0	0	0	0	0	0	0	0	0	0	0	0	0	0	0	0	0	0	0	0	0	0	0	0	0	0	0	0	0	0	0	0	0	0	0	0	0
03:25:00	12300	0	0	0	0	0	0	0	0	0	0	0	0	0	0	0	0	0	0	0	0	0	0	0	0	0	0	0	0	0	0	0	0	0	0	0	0	0	0	0	0
03:30:00	12600	0	0	0	0	0	0	0	0	0	0	0	0	0	0	0	0	0	0	0	0	0	0	0	0	0	0	0	0	0	0	0	0	0	0	0	0	0	0	0	0
03:35:00	12900	0	0	0	0	0	0	0	0	0	0	0	0	0	0	0	0	0	0	0	0	0	0	0	0	0	0	0	0	0	0	0	0	0	0	0	0	0	0	0	0
03:40:00	13200	0	0	0	0	0	0	0	0	0	0	0	0	0	0	0	0	0	0	0	0	0	0	0	0	0	0	0	0	0	0	0	0	0	0	0	0	0	0	0	0
03:45:00	13500	0	0	0	0	0	0	0	0	0	0	0	0	0	0	0	0	0	0	0	0	0	0	0	0	0	0	0	0	0	0	0	0	0	0	0	0	0	0	0	0
03:50:00	13800	0	0	0	0	0	0	0	0	0	0	0	0	0	0	0	0	0	0	0	0	0	0	0	0	0	0	0	0	0	0	0	0	0	0	0	0	0	0	0	0
03:55:00	14100	0	0	0	0	0	0	0	0	0	0	0	0	0	0	0	0	0	0	0	0	0	0	0	0	0	0	0	0	0	0	0	0	0	0	0	0	0	0	0	0
04:00:00	14400	0	0	0	0	0	0	0	0	0	0	0	0	0	0	0	0	0	0	0	0	0	0	0	0	0	0	0	0	0	0	0	0	0	0	0	0	0	0	0	0
04:05:00	14700	0	0	0	0	0	0	0	0	0	0	0	0	0	0	0	0	0	0	0	0	0	0	0	0	0	0	0	0	0	0	0	0	0	0	0	0	0	0	0	0
04:10:00	15000	0	0	0	0	0	0	0	0	0	0	0	0	0	0	0	0	0	0	0	0	0	0	0	0	0	0	0	0	0	0	0	0	0	0	0	0	0	0	0	0
04:15:00	15300	0	0	0	0	0	0	0	0	0	0	0	0	0	0	0	0	0	0	0	0	0	0	0	0	0	0	0	0	0	0	0	0	0	0	0	0	0	0	0	0
04:20:00	15600	0	0	0	0	0	0	0	0	0	0	0	0	0	0	0	0	0	0	0	0	0	0	0	0	0	0	0	0	0	0	0	0	0	0	0	0	0	0	0	0
04:25:00	15900	0	0	0	0	0	0	0	0	0	0	0	0	0	0	0	0	0	0	0	0	0	0	0	0	0	0	0	0	0	0	0	0	0	0	0	0	0	0	0	0
04:30:00	16200	0	0	0	0	0	0	0	0	0	0	0	0	0	0	0	0	0	0	0	0	0	0	0	0	0	0	0	0	0	0	0	0	0	0	0	0	0	0	0	0
04:35:00	16500	0	0	0	0	0	0	0	0	0	0	0	0	0	0	0	0	0	0	0	0	0	0	0	0	0	0	0	0	0	0	0	0	0	0	0	0	0	0	0	0
04:40:00	16800	0	0	0	0	0	0	0	0	0	0	0	0	0	0	0	0	0	0	0	0	0	0	0	0	0	0	0	0	0	0	0	0	0	0	0	0	0	0	0	0
04:45:00	17100	0	0	0	0	0	0	0	0	0	0	0	0	0	0	0	0	0	0	0	0	0	0	0	0	0	0	0	0	0	0	0	0	0	0	0	0	0	0	0	0
04:50:00	17400	0	0	0	0	0	0	0	0	0	0	0	0	0	0	0	0	0	0	0	0	0	0	0	0	0	0	0	0	0	0	0	0	0	0	0	0	0	0	0	0
04:55:00	17700	0	0	0	0	0	0	0	0	0	0	0	0	0	0	0	0	0	0	0	0	0	0	0	0	0	0	0	0	0	0	0	0	0	0	0	0	0	0	0	0
05:00:00	18000	0	0	0	0	0	0	0	0	0	0	0	0	0	0	0	0	0	0	0	0	0	0	0	0	0	0	0	0	0	0	0	0	0	0	0	0	0	0	0	0
05:05:00	18300	0	0	0	0	0	0	0	0	0	0	0	0	0	0	0	0	0	0	0	0	0	0	0	0	0	0	0	0	0	0	0	0	0	0	0	0	0	0	0	0
05:10:00	18600	0	0	0	0	0	0	0	0	0	0	0	0	0	0	0	0	0	0	0	0	0	0	0	0	0	0	0	0	0	0	0	0	0	0	0	0	0	0	0	0
05:15:00	18900	0	0	0	0	0	0	0	0	0	0	0	0	0	0	0	0	0	0	0	0	0	0	0	0	0	0	0	0	0	0	0	0	0	0	0	0	0	0	0	0
05:20:00	19200	0	0	0	0	0	0	0	0	0	0	0	0	0	0	0	0	0	0	0	0	0	0	0	0	0	0	0	0	0	0	0	0	0	0	0	0	0	0	0	0
05:25:00	19500	0	0	0	0	0	0	0	0	0	0	0	0	0	0	0	0	0	0	0	0	0	0	0	0	0	0	0	0	0	0	0	0	0	0	0	0	0	0	0	0
05:30:00	19800	0	0	0	0	0	0	0	0	0	0	0	0	0	0	0	0	0	0	0	0	0	0	0	0	0	0	0	0	0	0	0	0	0	0	0	0	0	0	0	0
05:35:00	20100	0	0	0	0	0	0	0	0	0	0	0	0	0	0	0	0	0	0	0	0	0	0	0	0	0	0	0	0	0	0	0	0	0	0	0	0	0	0	0	0
05:40:00	20400	0	0	0	0	0	0	0	0	0	0	0	0	0	0	0	0	0	0	0	0	0	0	0	0	0	0	0	0	0	0	0	0	0	0	0	0	0	0	0	0
05:45:00	20700	0	0	0	0	0	0	0	0	0	0	0	0	0	0	0	0	0	0	0	0	0	0	0	0	0	0	0	0	0	0	0	0	0	0	0	0	0	0	0	0
05:50:00	21000	0	0	0	0	0	0	0	0	0	0	0	0	0	0	0	0	0	0	0	0	0	0	0	0	0	0	0	0	0	0	0	0	0	0	0	0	0	0	0	0
05:55:00	21300	0	0	0	0	0	0	0	0	0	0	0	0	0	0	0	0	0	0	0	0	0	0	0	0	0	0	0	0	0	0	0	0	0	0	0	0	0	0	0	0
06:00:00	21600	4	0	0	4	0	0	0	0	0	0	0	0	2	0	0	2	0	0	0	0	0	0	0	0	0	0	0	0	0	0	0	0	0	0	0	0	2	0	0	2
06:05:00	21900	4	1	0	7	0	0	0	0	0	0	0	0	2	1	0	3	0	0	0	0	0	0	0	0	0	0	0	0	0	0	0	0	0	0	0	0	2	0	0	4
06:10:00	22200	3	1	0	9	0	0	0	0	0	0	0	0	2	1	0	4	0	0	0	0	0	0	0	0	0	0	0	0	0	0	0	0	0	0	0	0	1	0	0	5
06:15:00	22500	1	2	0	8	0	0	0	0	0	0	0	0	0	2	0	2	0	0	0	0	0	0	0	0	0	0	0	0	0	0	0	0	0	0	0	0	1	0	0	6
06:20:00	22800	4	1	0	11	0	0	0	0	0	0	0	0	2	0	0	4	0	0	0	0	0	0	0	0	1	0	0	1	0	0	0	0	0	0	0	0	1	1	0	6
06:25:00	23100	6	3	1	13	0	0	0	0	0	0	0	0	1	1	0	4	0	0	0	0	0	0	0	0	0	1	0	0	0	0	0	0	0	0	1	-1	5	1	0	10
06:30:00	23400	45	4	0	54	0	0	0	0	0	0	0	0	26	1	0	29	0	0	0	0	1	0	0	1	1	0	0	1	0	0	0	0	0	0	0	-1	17	3	0	24
06:35:00	23700	37	20	2	69	0	0	0	0	0	0	0	0	22	15	0	36	0	0	0	0	0	0	0	1	0	0	0	1	0	0	0	0	0	0	2	-3	15	5	0	34
06:40:00	24000	42	25	0	86	0	0	0	0	0	0	0	0	22	13	0	45	0	0	0	0	1	0	0	2	5	0	0	6	0	0	0	0	0	0	0	-3	14	12	0	36
06:45:00	24300	36	30	1	91	1	0	0	1	0	0	0	0	24	22	0	47	0	0	0	0	2	1	0	3	1	0	0	7	0	0	0	0	0	0	1	-4	8	7	0	37
06:50:00	24600	40	33	3	95	0	0	0	1	0	0	0	0	24	25	0	46	0	0	0	0	0	1	0	2	1	0	0	8	0	0	0	0	0	0	3	-7	15	7	0	45
06:55:00	24900	84	42	0	137	1	1	0	1	0	0	0	0	48	21	0	73	0	0	0	0	0	1	0	1	1	1	0	8	0	0	0	0	0	0	0	-7	34	18	0	61
07:00:00	25200	68	49	3	153	2	0	0	3	0	0	0	0	38	37	0	74	0	0	0	0	1	1	0	1	0	0	0	8	0	0	0	0	0	0	3	-10	27	11	0	77
07:05:00	25500	69	54	3	165	0	2	0	1	0	0	0	0	33	30	0	77	0	0	0	0	1	1	0	1	2	1	0	9	0	0	0	0	0	0	3	-13	33	20	0	90
07:10:00	25800	68	55	2	176	1	0	0	2	0	0	0	0	39	29	0	87	0	0	0	0	1	0	0	2	6	2	0	13	0	0	0	0	0	0	2	-15	21	24	0	87
07:15:00	26100	91	49	2	216	0	2	0	0	0	0	0	0	54	36	0	105	0	0	0	0	0	0	0	2	2	2	0	13	0	0	0	0	0	0	2	-17	35	9	0	113
07:20:00	26400	91	71	4	232	1	1	0	0	0	0	0	0	48	43	0	110	0	0	0	0	2	2	0	2	9	1	0	21	0	0	0	0	0	0	4	-21	31	24	0	120
07:25:00	26700	113	74	10	261	0	0	0	0	0	0	0	0	69	42	0	137	0	0	0	0	0	1	0	1	9	1	0	29	0	0	2	-2	0	0	8	-29	35	30	0	125
07:30:00	27000	70	79	4	248	0	0	0	0	0	0	0	0	43	55	0	125	0	0	0	0	0	0	0	1	3	4	0	28	0	0	0	-2	0	0	4	-33	24	20	0	129
07:35:00	27300	90	93	2	243	1	0	0	1	0	0	0	0	43	64	0	104	0	0	0	0	0	0	0	1	3	7	0	24	0	0	0	-2	0	0	2	-35	43	22	0	150
07:40:00	27600	93	69	2	265	1	0	0	2	0	0	0	0	55	38	0	121	0	0	0	0	1	1	0	1	6	1	0	29	0	0	0	-2	0	0	2	-37	30	29	0	151
07:45:00	27900	94	86	9	264	0	0	0	2	0	0	0	0	43	54	0	110	0	0	0	0	0	1	0	0	5	1	0	33	0	0	1	-3	0	0	8	-45	46	30	0	167
07:50:00	28200	116	77	3	300	1	2	0	1	0	0	0	0	57	40	0	127	0	0	0	0	1	0	0	1	8	5	0	36	0	0	0	-3	0	0	3	-48	49	30	0	186
07:55:00	28500	116	101	7	308	1	1	0	1	0	0	0	0	58	63	0	122	12	1	0	11	4	0	0	5	4	2	0	38	0	0	0	-3	0	0	7	-55	37	34	0	189
08:00:00	28800	134	116	3	323	1	2	0	0	0	0	0	0	62	67	0	117	24	8	0	27	1	1	0	5	7	4	0	41	0	0	0	-3	0	0	3	-58	39	34	0	194
08:05:00	29100	102	82	3	340	0	0	0	0	0	0	0	0	54	47	0	124	17	9	0	35	0	1	0	4	2	2	0	41	0	0	0	-3	0	0	3	-61	29	23	0	200
08:10:00	29400	138	114	5	359	0	0	0	0	0	0	0	0	62	60	0	126	26	16	0	45	1	1	0	4	8	6	0	43	0	0	0	-3	0	0	5	-66	41	31	0	210
08:15:00	29700	104	105	4	354	1	0	0	1	0	0	0	0	37	44	0	119	14	17	0	42	4	2	0	6	4	0	0	47	0	0	0	-3	0	0	4	-70	44	42	0	212
08:20:00	30000	111	102	6	357	0	1	0	0	0	0	0	0	53	51	0	121	16	16	0	42	2	2	0	6	7	2	0	52	0	0	0	-3	0	0	6	-76	33	30	0	215
08:25:00	30300	118	101	2	372	1	0	0	1	0	0	0	0	56	55	0	122	20	13	0	49	1	5	0	2	2	5	0	49	0	0	0	-3	0	0	2	-78	38	23	0	230
08:30:00	30600	96	106	8	354	0	1	0	0	0	0	0	0	32	41	0	113	21	16	0	54	1	1	0	2	7	5	0	51	0	0	0	-3	0	0	8	-86	35	42	0	223
08:35:00	30900	77	98	4	329	1	1	0	0	0	0	0	0	34	53	0	94	8	20	0	42	0	0	0	2	4	4	0	51	0	0	0	-3	0	0	4	-90	30	20	0	233
08:40:00	31200	91	87	4	329	0	0	0	0	0	0	0	0	28	39	0	83	24	16	0	50	2	2	0	2	7	3	0	55	0	0	0	-3	0	0	4	-94	30	27	0	236
08:45:00	31500	101	69	2	359	0	0	0	0	0	0	0	0	40	31	0	92	39	14	0	75	0	1	0	1	5	0	0	60	0	0	0	-3	0	0	2	-96	17	23	0	230
08:50:00	31800	67	81	2	343	0	0	0	0	0	0	0	0	28	39	0	81	13	23	0	65	0	1	0	0	3	1	0	62	0	0	0	-3	0	0	2	-98	23	17	0	236
08:55:00	32100	82	82	2	341	0	0	0	0	0	0	0	0	34	32	0	83	18	19	0	64	1	1	0	0	5	5	0	62	0	0	0	-3	0	0	2	-100	24	25	0	235
09:00:00	32400	91	85	5	342	0	0	0	0	0	0	0	0	45	36	0	92	4	16	0	52	1	0	0	1	7	4	0	65	0	0	0	-3	0	0	5	-105	34	29	0	240
09:05:00	32700	68	79	5	326	0	0	0	0	0	0	0	0	32	33	0	91	6	11	0	47	0	0	0	1	4	5	0	64	0	0	0	-3	0	0	5	-110	26	30	0	236
09:10:00	33000	54	75	5	300	0	0	0	0	0	0	0	0	28	35	0	84	3	14	0	36	1	1	0	1	2	0	0	66	0	0	0	-3	0	0	5	-115	20	25	0	231
09:15:00	33300	55	70	2	283	0	0	0	0	0	0	0	0	29	35	0	78	2	11	0	27	0	0	0	1	5	1	0	70	0	0	0	-3	0	0	2	-117	19	23	0	227
09:20:00	33600	47	76	4	250	0	0	0	0	0	0	0	0	20	37	0	61	2	9	0	20	2	1	0	2	7	2	0	75	0	0	0	-3	0	0	4	-121	16	27	0	216
09:25:00	33900	59	65	2	242	0	0	0	0	0	0	0	0	21	28	0	54	4	2	0	22	1	0	0	3	1	14	0	62	0	0	0	-3	0	0	2	-123	32	21	0	227
09:30:00	34200	45	66	4	217	0	0	0	0	0	0	0	0	20	19	0	55	1	8	0	15	0	3	0	0	0	5	0	57	0	0	0	-3	0	0	4	-127	24	31	0	220
09:35:00	34500	50	59	1	207	0	0	0	0	0	0	0	0	18	30	0	43	8	5	0	18	1	1	0	0	5	1	0	61	0	0	0	-3	0	0	1	-128	18	22	0	216
09:40:00	34800	44	52	0	199	0	0	0	0	0	0	0	0	20	19	0	44	2	5	0	15	1	1	0	0	1	4	0	58	0	0	0	-3	0	0	0	-128	20	23	0	213
09:45:00	35100	43	63	1	178	0	0	0	0	0	0	0	0	24	31	0	37	0	5	0	10	0	0	0	0	3	3	0	58	0	0	0	-3	0	0	1	-129	16	24	0	205
09:50:00	35400	46	48	6	170	0	0	0	0	0	0	0	0	19	15	0	41	0	4	0	6	0	0	0	0	5	0	0	63	0	0	0	-3	0	0	6	-135	22	29	0	198
09:55:00	35700	46	47	5	164	0	0	0	0	0	0	0	0	26	23	0	44	0	2	0	4	0	0	0	0	0	0	0	63	0	0	0	-3	0	0	5	-140	20	22	0	196
10:00:00	36000	79	68	7	168	0	0	0	0	0	0	0	0	36	26	0	54	0	2	0	2	0	0	0	0	3	10	0	56	0	0	0	-3	0	0	7	-147	40	30	0	206
10:05:00	36300	61	65	5	159	0	0	0	0	0	0	0	0	26	30	0	50	0	1	0	1	0	0	0	0	0	4	0	52	0	0	0	-3	0	0	5	-152	35	30	0	211
10:10:00	36600	87	79	4	163	0	0	0	0	0	0	0	0	45	31	0	64	0	1	0	0	0	0	0	0	2	6	0	48	0	0	0	-3	0	0	4	-156	40	41	0	210
10:15:00	36900	61	64	2	158	0	0	0	0	0	0	0	0	30	29	0	65	0	0	0	0	0	0	0	0	1	2	0	47	0	0	1	-4	0	0	1	-157	30	33	0	207
10:20:00	37200	71	78	7	144	0	0	0	0	0	0	0	0	31	38	0	58	0	0	0	0	0	0	0	0	3	0	0	50	0	0	0	-4	0	0	7	-164	37	40	0	204
10:25:00	37500	72	75	2	139	1	0	0	1	0	0	0	0	40	37	0	61	0	0	0	0	0	0	0	0	2	3	0	49	0	0	0	-4	0	0	2	-166	29	35	0	198
10:30:00	37800	63	70	5	127	0	0	0	1	0	0	0	0	32	29	0	64	0	0	0	0	1	0	0	1	2	2	0	49	0	0	0	-4	0	0	5	-171	28	39	0	187
10:35:00	38100	47	71	2	101	0	0	0	1	0	0	0	0	18	35	0	47	2	1	0	1	0	1	0	0	3	1	0	51	0	0	0	-4	0	0	2	-173	24	33	0	178
10:40:00	38400	58	54	3	102	0	0	0	1	0	0	0	0	23	22	0	48	1	1	0	1	1	0	0	1	1	1	0	51	0	0	0	-4	0	0	3	-176	32	30	0	180
10:45:00	38700	70	73	0	99	0	1	0	0	0	0	0	0	29	33	0	44	3	0	0	4	0	1	0	0	2	7	0	46	0	0	0	-4	0	0	0	-176	36	31	0	185
10:50:00	39000	47	55	3	88	0	0	0	0	0	0	0	0	22	20	0	46	0	3	0	1	0	0	0	0	2	1	0	47	0	0	0	-4	0	0	3	-179	23	31	0	177
10:55:00	39300	45	62	4	67	0	0	0	0	0	0	0	0	14	20	0	40	2	0	0	3	0	0	0	0	1	1	0	47	0	0	0	-4	0	0	4	-183	28	41	0	164
11:00:00	39600	55	58	3	61	0	0	0	0	0	0	0	0	19	22	0	37	4	1	0	6	1	0	0	1	1	1	0	47	0	0	1	-5	0	0	2	-185	30	34	0	160
11:05:00	39900	81	72	4	66	0	0	0	0	0	0	0	0	28	19	0	46	1	1	0	6	0	0	0	1	11	10	0	48	0	0	1	-6	0	0	3	-188	41	42	0	159
11:10:00	40200	74	52	2	86	1	0	0	1	0	0	0	0	35	21	0	60	2	1	0	7	1	0	0	2	2	2	0	48	0	0	1	-7	0	0	1	-189	33	28	0	164
11:15:00	40500	60	56	1	89	0	1	0	0	0	0	0	0	28	30	0	58	10	3	0	14	0	0	0	2	2	2	0	48	0	0	0	-7	0	0	1	-190	20	20	0	164
11:20:00	40800	61	59	1	90	0	0	0	0	0	0	0	0	23	25	0	56	2	2	0	14	0	1	0	1	5	1	0	52	0	0	0	-7	0	0	1	-191	31	30	0	165
11:25:00	41100	71	72	2	87	0	0	0	0	0	0	0	0	34	32	0	58	3	3	0	14	0	0	0	1	0	1	0	51	0	0	0	-7	0	0	2	-193	34	36	0	163
11:30:00	41400	85	75	6	91	0	0	0	0	0	0	0	0	38	24	0	72	1	5	0	10	4	1	0	4	3	3	0	51	0	0	2	-9	0	0	4	-197	39	42	0	160
11:35:00	41700	86	84	2	91	1	1	0	0	0	0	0	0	31	37	0	66	3	3	0	10	1	1	0	4	5	8	0	48	0	0	0	-9	0	0	2	-199	45	34	0	171
11:40:00	42000	86	79	3	95	0	0	0	0	0	0	0	0	33	27	0	72	0	4	0	6	1	2	0	3	4	14	0	38	0	0	0	-9	0	0	3	-202	48	32	0	187
11:45:00	42300	81	93	4	79	0	0	0	0	0	0	0	0	35	38	0	69	3	4	0	5	1	2	0	2	5	4	0	39	0	0	0	-9	0	0	4	-206	37	45	0	179
11:50:00	42600	92	72	5	94	0	0	0	0	0	0	0	0	43	27	0	85	5	2	0	8	3	0	0	5	3	1	0	41	0	0	0	-9	0	0	5	-211	38	42	0	175
11:55:00	42900	94	84	4	100	0	0	0	0	0	0	0	0	43	35	0	93	1	1	0	8	0	1	0	4	4	5	0	40	0	0	0	-9	0	0	4	-215	46	42	0	179
12:00:00	43200	77	88	3	86	2	0	0	2	0	0	0	0	40	48	0	85	2	2	0	8	1	0	0	5	2	0	0	42	0	0	0	-9	0	0	3	-218	30	38	0	171
12:05:00	43500	64	77	4	69	1	0	0	3	0	0	0	0	30	35	0	80	8	5	0	11	2	3	0	4	1	0	0	43	0	0	0	-9	0	0	4	-222	22	34	0	159
12:10:00	43800	58	49	1	77	1	0	0	4	0	0	0	0	34	30	0	84	2	0	0	13	1	2	0	3	2	0	0	45	0	0	0	-9	0	0	1	-223	18	17	0	160
12:15:00	44100	54	81	3	47	1	3	0	2	0	0	0	0	26	41	0	69	1	3	0	11	0	3	0	0	3	2	0	46	0	0	1	-10	0	0	2	-225	23	29	0	154
12:20:00	44400	46	57	6	30	0	2	0	0	0	0	0	0	22	33	0	58	0	3	0	8	2	0	0	2	0	2	0	44	0	0	1	-11	0	0	5	-230	22	17	0	159
12:25:00	44700	56	58	4	24	0	0	0	0	0	0	0	0	34	27	0	65	0	3	0	5	0	1	0	1	2	5	0	41	0	0	1	-12	0	0	3	-233	20	22	0	157
12:30:00	45000	41	42	1	22	0	0	0	0	0	0	0	0	22	27	0	60	0	1	0	4	3	0	0	4	2	1	0	42	0	0	0	-12	0	0	1	-234	14	13	0	158
12:35:00	45300	25	40	0	7	0	0	0	0	0	0	0	0	9	22	0	47	0	2	0	2	0	1	0	3	2	4	0	40	0	0	0	-12	0	0	0	-234	14	11	0	161
12:40:00	45600	33	29	1	10	0	0	0	0	0	0	0	0	19	15	0	51	0	1	0	1	1	0	0	4	2	0	0	42	0	0	0	-12	0	0	1	-235	11	13	0	159
12:45:00	45900	50	40	3	17	0	0	0	0	0	0	0	0	21	21	0	51	0	0	0	1	2	1	0	5	4	0	0	46	0	0	0	-12	0	0	3	-238	23	18	0	164
12:50:00	46200	34	37	2	12	0	0	0	0	0	0	0	0	16	20	0	47	0	1	0	0	1	1	0	5	5	0	0	51	0	0	0	-12	0	0	2	-240	12	15	0	161
12:55:00	46500	34	35	3	8	0	0	0	0	0	0	0	0	20	21	0	46	0	0	0	0	1	1	0	5	1	2	0	50	0	0	1	-13	0	0	2	-242	12	11	0	162
13:00:00	46800	5	28	1	-16	0	0	0	0	0	0	0	0	0	20	0	26	0	0	0	0	0	1	0	4	0	1	0	49	0	0	0	-13	0	0	1	-243	5	6	0	161
13:05:00	47100	5	25	0	-36	1	0	0	1	0	0	0	0	0	16	0	10	0	0	0	0	0	1	0	3	1	0	0	50	0	0	0	-13	0	0	0	-243	3	8	0	156
13:10:00	47400	4	13	0	-45	0	0	0	1	0	0	0	0	0	2	0	8	0	0	0	0	0	0	0	3	2	1	0	51	0	0	0	-13	0	0	0	-243	2	10	0	148
13:15:00	47700	14	8	0	-39	0	0	0	1	0	0	0	0	9	5	0	12	0	0	0	0	0	0	0	3	1	0	0	52	0	0	0	-13	0	0	0	-243	4	3	0	149
13:20:00	48000	16	21	0	-44	0	1	0	0	0	0	0	0	3	6	0	9	0	0	0	0	0	0	0	3	1	4	0	49	0	0	0	-13	0	0	0	-243	12	10	0	151
13:25:00	48300	18	23	0	-49	0	0	0	0	0	0	0	0	4	5	0	8	0	0	0	0	1	2	0	2	1	5	0	45	0	0	0	-13	0	0	0	-243	12	11	0	152
13:30:00	48600	45	19	2	-25	0	0	0	0	0	0	0	0	34	4	0	38	1	0	0	1	0	0	0	2	2	1	0	46	0	0	0	-13	0	0	2	-245	8	14	0	146
13:35:00	48900	53	46	1	-19	0	0	0	0	0	0	0	0	24	27	0	35	5	0	0	6	0	1	0	1	1	5	0	42	0	0	1	-14	0	0	0	-245	23	13	0	156
13:40:00	49200	56	49	2	-14	0	0	0	0	0	0	0	0	24	22	0	37	5	2	0	9	2	1	0	2	0	4	0	38	0	0	0	-14	0	0	2	-247	25	20	0	161
13:45:00	49500	54	40	0	0	1	0	0	1	0	0	0	0	27	18	0	46	2	3	0	8	1	1	0	2	1	1	0	38	0	0	0	-14	0	0	0	-247	22	17	0	166
13:50:00	49800	84	46	3	35	1	0	0	2	0	0	0	0	40	19	0	67	15	7	0	16	1	0	0	3	4	1	0	41	0	0	1	-15	0	0	2	-249	23	19	0	170
13:55:00	50100	99	64	2	68	0	2	0	0	0	0	0	0	61	37	0	91	12	5	0	23	0	0	0	3	2	0	0	43	0	0	1	-16	0	0	1	-250	24	20	0	174
14:00:00	50400	74	75	2	65	0	0	0	0	0	0	0	0	40	43	0	88	3	9	0	17	0	1	0	2	4	0	0	47	0	0	0	-16	0	0	2	-252	27	22	0	179
14:05:00	50700	78	83	1	59	1	0	0	1	0	0	0	0	29	41	0	76	9	6	0	20	0	1	0	1	4	0	0	51	0	0	0	-16	0	0	1	-253	35	35	0	179
14:10:00	51000	73	61	2	69	0	0	0	1	0	0	0	0	37	28	0	85	14	11	0	23	2	0	0	3	3	0	0	54	0	0	0	-16	0	0	2	-255	17	22	0	174
14:15:00	51300	61	62	1	67	0	0	0	1	0	0	0	0	28	35	0	78	8	9	0	22	1	0	0	4	2	1	0	55	0	0	0	-16	0	0	1	-256	22	17	0	179
14:20:00	51600	85	78	2	72	0	1	0	0	0	0	0	0	28	29	0	77	14	8	0	28	0	2	0	2	9	9	0	55	0	0	0	-16	0	0	2	-258	34	29	0	184
14:25:00	51900	73	65	2	78	0	0	0	0	0	0	0	0	40	39	0	78	16	11	0	33	0	1	0	1	2	1	0	56	0	0	0	-16	0	0	2	-260	15	13	0	186
14:30:00	52200	50	69	3	56	0	0	0	0	0	0	0	0	15	29	0	64	12	13	0	32	0	0	0	1	4	0	0	60	0	0	0	-16	0	0	3	-263	19	27	0	178
14:35:00	52500	75	73	3	55	0	0	0	0	0	0	0	0	35	28	0	71	4	12	0	24	0	1	0	0	2	3	0	59	0	0	0	-16	0	0	3	-266	34	29	0	183
14:40:00	52800	56	79	3	29	1	0	0	1	0	0	0	0	19	38	0	52	8	7	0	25	1	1	0	0	1	4	0	56	0	0	1	-17	0	0	2	-268	26	29	0	180
14:45:00	53100	50	60	1	18	0	0	0	1	0	0	0	0	20	20	0	52	9	14	0	20	1	1	0	0	2	11	0	47	0	0	0	-17	0	0	1	-269	18	14	0	184
14:50:00	53400	56	68	3	3	0	1	0	0	0	0	0	0	23	33	0	42	3	6	0	17	0	0	0	0	4	1	0	50	0	0	0	-17	0	0	3	-272	26	27	0	183
14:55:00	53700	47	54	1	-5	0	0	0	0	0	0	0	0	14	17	0	39	8	5	0	20	1	0	0	1	1	4	0	47	0	0	0	-17	0	0	1	-273	23	28	0	178
15:00:00	54000	47	51	2	-11	0	0	0	0	0	0	0	0	21	17	0	43	4	11	0	13	1	0	0	2	0	4	0	43	0	0	0	-17	0	0	2	-275	21	19	0	180
15:05:00	54300	52	55	3	-17	1	0	0	1	0	0	0	0	20	26	0	37	0	3	0	10	2	1	0	3	1	1	0	43	0	0	0	-17	0	0	3	-278	28	24	0	184
15:10:00	54600	49	56	1	-25	0	1	0	0	0	0	0	0	21	21	0	37	0	4	0	6	1	2	0	2	0	0	0	43	0	0	0	-17	0	0	1	-279	27	28	0	183
15:15:00	54900	57	49	2	-19	0	0	0	0	0	0	0	0	24	13	0	48	1	2	0	5	3	2	0	3	1	0	0	44	0	0	0	-17	0	0	2	-281	28	32	0	179
15:20:00	55200	52	51	3	-21	0	0	0	0	0	0	0	0	28	20	0	56	1	1	0	5	0	2	0	1	2	0	0	46	0	0	0	-17	0	0	3	-284	21	28	0	172
15:25:00	55500	45	50	1	-27	0	0	0	0	0	0	0	0	25	31	0	50	0	0	0	5	1	0	0	2	2	0	0	48	0	0	0	-17	0	0	1	-285	17	19	0	170
15:30:00	55800	72	54	3	-12	0	0	0	0	0	0	0	0	43	27	0	66	0	1	0	4	0	2	0	0	3	1	0	50	0	0	0	-17	0	0	3	-288	26	23	0	173
15:35:00	56100	93	60	4	17	0	0	0	0	0	0	0	0	44	31	0	79	0	0	0	4	0	0	0	0	3	3	0	50	0	0	0	-17	0	0	4	-292	46	26	0	193
15:40:00	56400	99	93	7	16	0	0	0	0	0	0	0	0	48	45	0	82	0	1	0	3	1	0	0	1	2	0	0	52	0	0	0	-17	0	0	7	-299	48	47	0	194
15:45:00	56700	70	83	9	-6	1	0	0	1	1	0	0	1	39	41	0	80	0	1	0	2	0	0	0	1	4	1	0	55	0	0	0	-17	0	0	9	-308	25	40	0	179
15:50:00	57000	77	69	6	-4	0	1	0	0	0	1	0	0	38	38	0	80	0	0	0	2	0	0	0	1	2	0	0	57	0	0	0	-17	0	0	6	-314	37	29	0	187
15:55:00	57300	64	81	6	-27	0	0	0	0	0	0	0	0	20	40	0	60	0	0	0	2	1	0	0	2	3	5	0	55	0	0	1	-18	0	0	5	-319	40	36	0	191
16:00:00	57600	89	70	2	-10	0	0	0	0	0	0	0	0	30	27	0	63	21	0	0	23	0	0	0	2	4	5	0	54	0	0	0	-18	0	0	2	-321	34	38	0	187
16:05:00	57900	78	63	0	5	0	0	0	0	0	0	0	0	30	27	0	66	19	7	0	35	0	2	0	0	0	3	0	51	0	0	0	-18	0	0	0	-321	29	24	0	192
16:10:00	58200	66	82	2	-13	0	0	0	0	0	0	0	0	24	30	0	60	18	17	0	36	0	0	0	0	3	0	0	54	0	0	0	-18	0	0	2	-323	21	35	0	178
16:15:00	58500	81	83	4	-19	0	0	0	0	0	0	0	0	20	30	0	50	16	12	0	40	0	0	0	0	5	8	0	51	0	0	0	-18	0	0	4	-327	40	33	0	185
16:20:00	58800	90	77	6	-12	1	0	0	1	0	0	0	0	32	26	0	56	17	12	0	45	0	0	0	0	0	1	0	50	0	0	0	-18	0	0	6	-333	40	38	0	187
16:25:00	59100	98	85	7	-6	0	1	0	0	0	0	0	0	33	22	0	67	28	21	0	52	0	0	0	0	1	4	0	47	0	0	0	-18	0	0	7	-340	36	37	0	186
16:30:00	59400	113	83	5	19	0	0	0	0	0	0	0	0	39	31	0	75	30	12	0	70	0	0	0	0	6	3	0	50	0	0	0	-18	0	0	5	-345	38	37	0	187
16:35:00	59700	122	97	2	42	0	0	0	0	1	0	0	1	30	29	0	76	28	26	0	72	2	0	0	2	3	3	0	50	0	0	0	-18	0	0	2	-347	58	39	0	206
16:40:00	60000	124	118	2	46	0	0	0	0	0	0	0	1	52	41	0	87	19	23	0	68	2	0	0	4	4	8	0	46	0	0	0	-18	0	0	2	-349	47	46	0	207
16:45:00	60300	95	103	9	29	0	0	0	0	0	0	0	1	26	37	0	76	29	21	0	76	0	1	0	3	3	5	0	44	0	0	0	-18	0	0	9	-358	37	39	0	205
16:50:00	60600	146	109	4	62	0	0	0	0	0	0	0	1	52	37	0	91	45	29	0	92	0	1	0	2	4	3	0	45	0	0	0	-18	0	0	4	-362	45	39	0	211
16:55:00	60900	120	117	4	61	0	0	0	0	0	0	0	1	38	44	0	85	33	29	0	96	2	1	0	3	7	1	0	51	0	0	0	-18	0	0	4	-366	40	42	0	209
17:00:00	61200	145	117	2	87	0	0	0	0	0	1	0	0	72	32	0	125	19	28	0	87	1	2	0	2	5	8	0	48	0	0	0	-18	0	0	2	-368	48	46	0	211
17:05:00	61500	153	116	6	118	1	0	0	1	0	0	0	0	73	49	0	149	12	21	0	78	3	0	0	5	5	7	0	46	0	0	0	-18	0	0	6	-374	59	39	0	231
17:10:00	61800	127	139	6	100	0	0	0	1	0	0	0	0	67	66	0	150	16	22	0	72	1	1	0	5	2	2	0	46	0	0	1	-19	0	0	5	-379	41	48	0	224
17:15:00	62100	149	139	5	105	1	1	0	1	0	0	0	0	67	66	0	151	26	22	0	76	2	1	0	6	3	7	0	42	0	0	0	-19	0	0	5	-384	50	42	0	232
17:20:00	62400	144	132	6	111	0	1	0	0	0	0	0	0	77	64	0	164	14	22	0	68	0	0	0	6	4	1	0	45	0	0	1	-20	0	0	5	-389	49	44	0	237
17:25:00	62700	100	140	5	66	0	0	0	0	0	0	0	0	45	64	0	145	1	25	0	44	2	0	0	8	4	3	0	46	0	0	0	-20	0	0	5	-394	48	48	0	237
17:30:00	63000	81	110	3	34	0	0	0	0	0	0	0	0	47	54	0	138	1	11	0	34	2	5	0	5	2	6	0	42	0	0	0	-20	0	0	3	-397	29	34	0	232
17:35:00	63300	75	74	3	32	0	0	0	0	0	0	0	0	39	45	0	132	2	8	0	28	0	0	0	5	6	1	0	47	0	0	1	-21	0	0	2	-399	28	20	0	240
17:40:00	63600	59	73	1	17	1	0	0	1	0	0	0	0	21	40	0	113	1	4	0	25	0	1	0	4	9	3	0	53	0	0	0	-21	0	0	1	-400	27	25	0	242
17:45:00	63900	99	83	0	33	0	0	0	1	0	0	0	0	67	51	0	129	1	2	0	24	1	1	0	4	2	3	0	52	0	0	0	-21	0	0	0	-400	28	26	0	244
17:50:00	64200	77	82	5	23	1	1	0	1	0	0	0	0	40	48	0	121	1	6	0	19	1	1	0	4	3	2	0	53	0	0	0	-21	0	0	5	-405	31	24	0	251
17:55:00	64500	88	87	3	21	0	1	0	0	0	0	0	0	52	40	0	133	0	3	0	16	2	1	0	5	8	5	0	56	0	0	0	-21	0	0	3	-408	26	37	0	240
18:00:00	64800	55	89	5	-18	0	0	0	0	0	0	0	0	34	59	0	108	1	1	0	16	0	2	0	3	1	2	0	55	0	0	0	-21	0	0	5	-413	19	25	0	234
18:05:00	65100	59	74	4	-37	0	0	0	0	0	0	0	0	28	38	0	98	0	2	0	14	0	0	0	3	4	9	0	50	0	0	0	-21	0	0	4	-417	27	25	0	236
18:10:00	65400	43	73	5	-72	0	0	0	0	0	0	0	0	23	39	0	82	1	1	0	14	0	0	0	3	2	4	0	48	0	0	0	-21	0	0	5	-422	17	29	0	224
18:15:00	65700	40	75	4	-111	1	0	0	1	0	0	0	0	21	42	0	61	0	1	0	13	1	2	0	2	2	6	0	44	0	0	0	-21	0	0	4	-426	15	24	0	215
18:20:00	66000	58	61	1	-115	0	0	0	1	0	0	0	0	33	23	0	71	0	2	0	11	0	1	0	1	0	9	0	35	0	0	0	-21	0	0	1	-427	25	26	0	214
18:25:00	66300	40	56	6	-137	0	1	0	0	0	0	0	0	22	29	0	64	0	1	0	10	0	0	0	1	0	5	0	30	0	0	0	-21	0	0	6	-433	18	20	0	212
18:30:00	66600	36	46	4	-151	0	0	0	0	0	0	0	0	18	25	0	57	1	2	0	9	0	0	0	1	1	4	0	27	0	0	0	-21	0	0	4	-437	16	15	0	213
18:35:00	66900	50	50	1	-152	0	0	0	0	0	0	0	0	30	26	0	61	0	2	0	7	0	0	0	1	0	1	0	26	0	0	0	-21	0	0	1	-438	20	21	0	212
18:40:00	67200	23	41	2	-172	0	0	0	0	0	0	0	0	10	24	0	47	0	1	0	6	1	1	0	1	1	2	0	25	0	0	0	-21	0	0	2	-440	11	13	0	210
18:45:00	67500	29	46	2	-191	0	0	0	0	0	0	0	0	19	22	0	44	0	2	0	4	0	1	0	0	2	2	0	25	0	0	0	-21	0	0	2	-442	8	19	0	199
18:50:00	67800	14	29	1	-207	0	0	0	0	0	0	0	0	4	13	0	35	0	0	0	4	0	0	0	0	0	7	0	18	0	0	0	-21	0	0	1	-443	10	9	0	200
18:55:00	68100	24	29	0	-212	0	0	0	0	0	0	0	0	14	13	0	36	0	0	0	4	0	0	0	0	0	1	0	17	0	0	0	-21	0	0	0	-443	10	15	0	195
19:00:00	68400	51	30	2	-193	0	0	0	0	0	0	0	0	37	14	0	59	0	0	0	4	0	0	0	0	0	6	0	11	0	0	0	-21	0	0	2	-445	14	10	0	199
19:05:00	68700	68	43	4	-172	0	0	0	0	0	0	0	0	43	20	0	82	0	0	0	4	0	0	0	0	1	0	0	12	0	0	0	-21	0	0	4	-449	24	23	0	200
19:10:00	69000	57	60	3	-178	0	0	0	0	0	0	0	0	37	38	0	81	0	1	0	3	1	0	0	1	0	0	0	12	0	0	1	-22	0	0	2	-451	19	21	0	198
19:15:00	69300	46	62	3	-197	1	1	0	0	0	0	0	0	25	34	0	72	0	0	0	3	2	0	0	3	1	3	0	10	0	0	0	-22	0	0	3	-454	17	24	0	191
19:20:00	69600	56	62	7	-210	0	0	0	0	0	0	0	0	30	30	0	72	0	0	0	3	1	0	0	4	1	0	0	11	0	0	0	-22	0	0	7	-461	24	32	0	183
19:25:00	69900	79	55	5	-191	1	0	0	1	0	0	0	0	49	30	0	91	0	0	0	3	3	1	0	6	0	1	0	10	0	0	0	-22	0	0	5	-466	26	23	0	186
19:30:00	70200	57	51	3	-188	0	1	0	0	0	0	0	0	33	33	0	91	0	0	0	3	1	1	0	6	1	2	0	9	0	0	0	-22	0	0	3	-469	22	14	0	194
19:35:00	70500	36	53	1	-206	1	0	0	1	0	0	0	0	21	39	0	73	0	0	0	3	1	2	0	5	0	3	0	6	0	0	0	-22	0	0	1	-470	13	9	0	198
19:40:00	70800	38	46	2	-216	0	0	0	1	0	0	0	0	23	25	0	71	0	1	0	2	0	2	0	3	1	0	0	7	0	0	0	-22	0	0	2	-472	14	18	0	194
19:45:00	71100	58	47	4	-209	0	1	0	0	0	0	0	0	38	31	0	78	0	0	0	2	1	0	0	4	1	1	0	7	0	0	0	-22	0	0	4	-476	18	14	0	198
19:50:00	71400	35	53	2	-229	0	0	0	0	0	0	0	0	27	30	0	75	0	0	0	2	0	2	0	2	0	0	0	7	0	0	0	-22	0	0	2	-478	8	21	0	185
19:55:00	71700	39	48	2	-240	0	0	0	0	0	0	0	0	26	35	0	66	0	0	0	2	0	1	0	1	0	1	0	6	0	0	0	-22	0	0	2	-480	13	11	0	187
20:00:00	72000	6	40	2	-276	0	0	0	0	0	0	0	0	1	26	0	41	0	0	0	2	1	0	0	2	1	1	0	6	0	0	0	-22	0	0	2	-482	3	13	0	177
20:05:00	72300	6	30	3	-303	0	0	0	0	0	0	0	0	3	17	0	27	0	0	0	2	0	0	0	2	0	0	0	6	0	0	0	-22	0	0	3	-485	3	13	0	167
20:10:00	72600	4	16	1	-316	0	0	0	0	0	0	0	0	0	8	0	19	0	0	0	2	0	1	0	1	0	0	0	6	0	0	0	-22	0	0	1	-486	4	7	0	164
20:15:00	72900	4	17	0	-329	0	0	0	0	0	0	0	0	3	10	0	12	0	0	0	2	0	0	0	1	1	0	0	7	0	0	0	-22	0	0	0	-486	0	7	0	157
20:20:00	73200	7	19	2	-343	0	0	0	0	0	0	0	0	2	5	0	9	0	1	0	1	0	1	0	0	0	0	0	7	0	0	0	-22	0	0	2	-488	5	12	0	150
20:25:00	73500	5	14	3	-355	0	0	0	0	0	0	0	0	1	4	0	6	0	1	0	0	0	0	0	0	0	1	0	6	0	0	0	-22	0	0	3	-491	4	8	0	146
20:30:00	73800	9	14	0	-360	0	0	0	0	0	0	0	0	1	4	0	3	0	0	0	0	1	0	0	1	0	4	0	2	0	0	0	-22	0	0	0	-491	7	6	0	147
20:35:00	74100	7	10	1	-364	0	0	0	0	0	0	0	0	1	0	0	4	0	0	0	0	0	1	0	0	0	1	0	1	0	0	0	-22	0	0	1	-492	6	8	0	145
20:40:00	74400	5	5	0	-364	0	0	0	0	0	0	0	0	2	1	0	5	0	0	0	0	0	0	0	0	0	0	0	1	0	0	0	-22	0	0	0	-492	3	4	0	144
20:45:00	74700	3	5	0	-366	0	0	0	0	0	0	0	0	0	0	0	5	0	0	0	0	0	0	0	0	0	0	0	1	0	0	0	-22	0	0	0	-492	3	5	0	142
20:50:00	75000	9	13	1	-371	1	1	0	0	0	0	0	0	4	3	0	6	0	0	0	0	0	0	0	0	0	0	0	1	0	0	0	-22	0	0	1	-493	4	9	0	137
20:55:00	75300	4	12	2	-381	0	0	0	0	0	0	0	0	1	3	0	4	0	0	0	0	0	0	0	0	0	0	0	1	0	0	0	-22	0	0	2	-495	3	9	0	131
21:00:00	75600	9	9	2	-383	0	0	0	0	0	0	0	0	5	3	0	6	0	0	0	0	0	0	0	0	0	0	0	1	0	0	0	-22	0	0	2	-497	4	6	0	129
21:05:00	75900	4	7	1	-387	0	0	0	0	0	0	0	0	2	2	0	6	0	0	0	0	0	0	0	0	0	0	0	1	0	0	0	-22	0	0	1	-498	2	5	0	126
21:10:00	76200	2	7	1	-393	0	0	0	0	0	0	0	0	0	3	0	3	0	0	0	0	0	0	0	0	0	0	0	1	0	0	0	-22	0	0	1	-499	2	4	0	124
21:15:00	76500	3	3	0	-393	1	1	0	0	0	0	0	0	0	0	0	3	0	0	0	0	0	0	0	0	0	0	0	1	0	0	0	-22	0	0	0	-499	2	2	0	124
21:20:00	76800	0	3	0	-396	0	0	0	0	0	0	0	0	0	1	0	2	0	0	0	0	0	0	0	0	0	0	0	1	0	0	0	-22	0	0	0	-499	0	2	0	122
21:25:00	77100	4	4	0	-396	0	0	0	0	0	0	0	0	2	1	0	3	0	0	0	0	0	0	0	0	0	0	0	1	0	0	0	-22	0	0	0	-499	2	3	0	121
21:30:00	77400	2	3	0	-397	0	0	0	0	0	0	0	0	0	0	0	3	0	0	0	0	1	1	0	0	0	0	0	1	0	0	0	-22	0	0	0	-499	1	2	0	120
21:35:00	77700	2	4	0	-399	0	0	0	0	0	0	0	0	0	2	0	1	0	0	0	0	0	0	0	0	0	0	0	1	0	0	0	-22	0	0	0	-499	2	2	0	120
21:40:00	78000	0	2	0	-401	0	0	0	0	0	0	0	0	0	0	0	1	0	0	0	0	0	0	0	0	0	0	0	1	0	0	0	-22	0	0	0	-499	0	2	0	118
21:45:00	78300	0	2	0	-403	0	0	0	0	0	0	0	0	0	0	0	1	0	0	0	0	0	0	0	0	0	0	0	1	0	0	0	-22	0	0	0	-499	0	2	0	116
21:50:00	78600	2	3	1	-405	0	0	0	0	0	0	0	0	1	0	0	2	0	0	0	0	0	0	0	0	0	0	0	1	0	0	0	-22	0	0	1	-500	1	3	0	114
21:55:00	78900	1	3	0	-407	0	0	0	0	0	0	0	0	1	1	0	2	0	0	0	0	0	0	0	0	0	0	0	1	0	0	0	-22	0	0	0	-500	0	2	0	112
22:00:00	79200	4	6	1	-410	0	0	0	0	0	0	0	0	1	1	0	2	0	0	0	0	0	0	0	0	0	0	0	1	0	0	0	-22	0	0	1	-501	3	5	0	110
22:05:00	79500	1	5	1	-415	0	0	0	0	0	0	0	0	0	0	0	2	0	0	0	0	0	0	0	0	0	0	0	1	0	0	0	-22	0	0	1	-502	1	5	0	106
22:10:00	79800	1	5	0	-419	0	0	0	0	0	0	0	0	0	0	0	2	0	0	0	0	0	0	0	0	0	0	0	1	0	0	0	-22	0	0	0	-502	1	5	0	102
22:15:00	80100	4	6	3	-424	0	0	0	0	0	0	0	0	0	0	0	2	0	0	0	0	0	0	0	0	0	0	0	1	0	0	0	-22	0	0	3	-505	4	6	0	100
22:20:00	80400	3	4	1	-426	0	0	0	0	0	0	0	0	1	0	0	3	0	0	0	0	0	0	0	0	0	0	0	1	0	0	0	-22	0	0	1	-506	2	4	0	98
22:25:00	80700	0	2	0	-428	0	0	0	0	0	0	0	0	0	1	0	2	0	0	0	0	0	0	0	0	0	0	0	1	0	0	0	-22	0	0	0	-506	0	1	0	97
22:30:00	81000	1	1	0	-428	0	0	0	0	0	0	0	0	1	1	0	2	0	0	0	0	0	0	0	0	0	0	0	1	0	0	0	-22	0	0	0	-506	0	0	0	97
22:35:00	81300	1	2	0	-429	0	0	0	0	0	0	0	0	1	0	0	3	0	0	0	0	0	0	0	0	0	0	0	1	0	0	0	-22	0	0	0	-506	0	2	0	95
22:40:00	81600	2	3	0	-430	0	0	0	0	0	0	0	0	2	2	0	3	0	0	0	0	0	0	0	0	0	0	0	1	0	0	0	-22	0	0	0	-506	0	1	0	94
22:45:00	81900	0	0	0	-430	0	0	0	0	0	0	0	0	0	0	0	3	0	0	0	0	0	0	0	0	0	0	0	1	0	0	0	-22	0	0	0	-506	0	0	0	94
22:50:00	82200	1	3	0	-432	0	0	0	0	0	0	0	0	0	1	0	2	0	0	0	0	0	0	0	0	0	0	0	1	0	0	0	-22	0	0	0	-506	1	2	0	93
22:55:00	82500	2	3	0	-433	0	0	0	0	0	0	0	0	2	1	0	3	0	0	0	0	0	0	0	0	0	0	0	1	0	0	0	-22	0	0	0	-506	0	2	0	91
23:00:00	82800	0	4	0	-437	0	0	0	0	0	0	0	0	0	1	0	2	0	0	0	0	0	0	0	0	0	0	0	1	0	0	0	-22	0	0	0	-506	0	3	0	88
23:05:00	83100	0	0	0	-437	0	0	0	0	0	0	0	0	0	0	0	2	0	0	0	0	0	0	0	0	0	0	0	1	0	0	0	-22	0	0	0	-506	0	0	0	88
23:10:00	83400	1	2	0	-438	0	0	0	0	0	0	0	0	0	0	0	2	0	0	0	0	0	0	0	0	0	0	0	1	0	0	0	-22	0	0	0	-506	1	2	0	87
23:15:00	83700	4	1	1	-436	0	0	0	0	0	0	0	0	1	0	0	3	0	0	0	0	0	0	0	0	0	0	0	1	0	0	0	-22	0	0	1	-507	3	1	0	89
23:20:00	84000	2	3	1	-438	0	0	0	0	0	0	0	0	1	2	0	2	0	0	0	0	0	0	0	0	0	0	0	1	0	0	0	-22	0	0	1	-508	1	1	0	89
23:25:00	84300	5	3	0	-436	0	0	0	0	0	0	0	0	2	0	0	4	0	0	0	0	0	0	0	0	0	0	0	1	0	0	0	-22	0	0	0	-508	3	3	0	89
23:30:00	84600	0	5	0	-441	0	0	0	0	0	0	0	0	0	2	0	2	0	0	0	0	0	0	0	0	0	0	0	1	0	0	0	-22	0	0	0	-508	0	3	0	86
23:35:00	84900	3	3	2	-443	0	0	0	0	0	0	0	0	1	0	0	3	0	0	0	0	0	0	0	0	0	0	0	1	0	0	0	-22	0	0	2	-510	2	3	0	85
23:40:00	85200	3	2	1	-443	0	0	0	0	0	0	0	0	2	1	0	4	0	0	0	0	0	0	0	0	0	0	0	1	0	0	0	-22	0	0	1	-511	1	1	0	85
23:45:00	85500	4	6	0	-445	0	0	0	0	0	0	0	0	3	3	0	4	0	0	0	0	0	0	0	0	0	0	0	1	0	0	0	-22	0	0	0	-511	1	3	0	83
23:50:00	85800	3	4	0	-446	0	0	0	0	0	0	0	0	1	2	0	3	0	0	0	0	0	0	0	0	0	0	0	1	0	0	0	-22	0	0	0	-511	2	2	0	83
23:55:00	86100	3	3	0	-446	0	0	0	0	0	0	0	0	1	1	0	3	0	0	0	0	0	0	0	0	0	0	0	1	0	0	0	-22	0	0	0	-511	2	2	0	83
24:00:00	86400	3	1	0	-444	0	0	0	0	0	0	0	0	3	0	0	6	0	0	0	0	0	0	0	0	0	0	0	1	0	0	0	-22	0	0	0	-511	0	1	0	82
24:05:00	86700	3	4	0	-445	0	0	0	0	0	0	0	0	2	3	0	5	0	0	0	0	0	0	0	0	0	0	0	1	0	0	0	-22	0	0	0	-511	1	1	0	82
24:10:00	87000	3	4	0	-446	0	0	0	0	0	0	0	0	2	2	0	5	0	0	0	0	0	0	0	0	0	0	0	1	0	0	0	-22	0	0	0	-511	1	2	0	81
24:15:00	87300	0	2	0	-448	0	0	0	0	0	0	0	0	0	1	0	4	0	0	0	0	0	0	0	0	0	0	0	1	0	0	0	-22	0	0	0	-511	0	1	0	80
24:20:00	87600	2	2	0	-448	0	0	0	0	0	0	0	0	1	1	0	4	0	0	0	0	0	0	0	0	0	0	0	1	0	0	0	-22	0	0	0	-511	1	1	0	80
24:25:00	87900	0	0	0	-448	0	0	0	0	0	0	0	0	0	0	0	4	0	0	0	0	0	0	0	0	0	0	0	1	0	0	0	-22	0	0	0	-511	0	0	0	80
24:30:00	88200	2	3	0	-449	0	0	0	0	0	0	0	0	2	0	0	6	0	0	0	0	0	0	0	0	0	0	0	1	0	0	0	-22	0	0	0	-511	0	3	0	77
24:35:00	88500	5	8	0	-452	0	0	0	0	0	0	0	0	2	4	0	4	0	0	0	0	1	1	0	0	0	0	0	1	0	0	0	-22	0	0	0	-511	2	3	0	76
24:40:00	88800	2	2	0	-452	0	0	0	0	0	0	0	0	1	1	0	4	0	0	0	0	0	0	0	0	0	0	0	1	0	0	0	-22	0	0	0	-511	1	1	0	76
24:45:00	89100	0	1	0	-453	0	0	0	0	0	0	0	0	0	0	0	4	0	0	0	0	0	0	0	0	0	0	0	1	0	0	0	-22	0	0	0	-511	0	1	0	75
24:50:00	89400	1	2	0	-454	0	0	0	0	0	0	0	0	0	1	0	3	0	0	0	0	0	0	0	0	0	0	0	1	0	0	0	-22	0	0	0	-511	1	1	0	75
24:55:00	89700	0	1	0	-455	0	0	0	0	0	0	0	0	0	1	0	2	0	0	0	0	0	0	0	0	0	0	0	1	0	0	0	-22	0	0	0	-511	0	0	0	75
25:00:00	90000	1	2	0	-456	0	0	0	0	0	0	0	0	0	0	0	2	0	0	0	0	0	0	0	0	0	0	0	1	0	0	0	-22	0	0	0	-511	1	2	0	74
25:05:00	90300	2	2	1	-457	0	0	0	0	0	0	0	0	0	0	0	2	0	0	0	0	0	0	0	0	0	0	0	1	0	0	0	-22	0	0	1	-512	2	2	0	74
25:10:00	90600	1	1	0	-457	0	0	0	0	0	0	0	0	0	1	0	1	0	0	0	0	0	0	0	0	0	0	0	1	0	0	0	-22	0	0	0	-512	1	0	0	75
25:15:00	90900	3	4	0	-458	0	0	0	0	0	0	0	0	2	1	0	2	0	0	0	0	0	0	0	0	0	0	0	1	0	0	0	-22	0	0	0	-512	1	3	0	73
25:20:00	91200	0	1	0	-459	0	0	0	0	0	0	0	0	0	0	0	2	0	0	0	0	0	0	0	0	0	0	0	1	0	0	0	-22	0	0	0	-512	0	1	0	72
25:25:00	91500	0	0	0	-459	0	0	0	0	0	0	0	0	0	0	0	2	0	0	0	0	0	0	0	0	0	0	0	1	0	0	0	-22	0	0	0	-512	0	0	0	72
25:30:00	91800	0	0	0	-459	0	0	0	0	0	0	0	0	0	0	0	2	0	0	0	0	0	0	0	0	0	0	0	1	0	0	0	-22	0	0	0	-512	0	0	0	72
25:35:00	92100	0	2	0	-461	0	0	0	0	0	0	0	0	0	0	0	2	0	0	0	0	0	0	0	0	0	0	0	1	0	0	0	-22	0	0	0	-512	0	2	0	70
25:40:00	92400	0	2	0	-463	0	0	0	0	0	0	0	0	0	1	0	1	0	0	0	0	0	0	0	0	0	0	0	1	0	0	0	-22	0	0	0	-512	0	1	0	69
25:45:00	92700	3	2	0	-462	0	0	0	0	0	0	0	0	0	0	0	1	0	0	0	0	1	0	0	1	0	0	0	1	0	0	0	-22	0	0	0	-512	2	2	0	69
25:50:00	93000	0	0	0	-462	0	0	0	0	0	0	0	0	0	0	0	1	0	0	0	0	0	0	0	1	0	0	0	1	0	0	0	-22	0	0	0	-512	0	0	0	69
25:55:00	93300	2	3	0	-463	0	0	0	0	0	0	0	0	0	0	0	1	0	0	0	0	0	1	0	0	0	0	0	1	0	0	0	-22	0	0	0	-512	2	2	0	69
26:00:00	93600	2	4	1	-466	0	0	0	0	0	0	0	0	1	1	0	1	0	0	0	0	0	0	0	0	0	0	0	1	0	0	0	-22	0	0	1	-513	1	3	0	67
26:05:00	93900	1	2	0	-467	0	0	0	0	0	0	0	0	0	0	0	1	0	0	0	0	0	0	0	0	0	0	0	1	0	0	0	-22	0	0	0	-513	1	2	0	66
26:10:00	94200	3	5	1	-470	0	0	0	0	0	0	0	0	1	0	0	2	0	0	0	0	0	0	0	0	0	0	0	1	0	0	0	-22	0	0	1	-514	2	5	0	63
26:15:00	94500	2	2	1	-471	0	0	0	0	0	0	0	0	0	0	0	2	0	0	0	0	0	0	0	0	0	0	0	1	0	0	0	-22	0	0	1	-515	2	2	0	63
26:20:00	94800	0	1	0	-472	0	0	0	0	0	0	0	0	0	0	0	2	0	0	0	0	0	0	0	0	0	0	0	1	0	0	0	-22	0	0	0	-515	0	1	0	62
26:25:00	95100	1	1	0	-472	0	0	0	0	0	0	0	0	0	0	0	2	0	0	0	0	0	0	0	0	0	0	0	1	0	0	0	-22	0	0	0	-515	1	1	0	62
26:30:00	95400	2	2	0	-472	0	0	0	0	0	0	0	0	0	1	0	1	0	0	0	0	0	0	0	0	0	0	0	1	0	0	0	-22	0	0	0	-515	2	1	0	63
26:35:00	95700	0	0	0	-472	0	0	0	0	0	0	0	0	0	0	0	1	0	0	0	0	0	0	0	0	0	0	0	1	0	0	0	-22	0	0	0	-515	0	0	0	63
26:40:00	96000	0	0	0	-472	0	0	0	0	0	0	0	0	0	0	0	1	0	0	0	0	0	0	0	0	0	0	0	1	0	0	0	-22	0	0	0	-515	0	0	0	63
26:45:00	96300	0	0	0	-472	0	0	0	0	0	0	0	0	0	0	0	1	0	0	0	0	0	0	0	0	0	0	0	1	0	0	0	-22	0	0	0	-515	0	0	0	63
26:50:00	96600	0	1	0	-473	0	0	0	0	0	0	0	0	0	0	0	1	0	0	0	0	0	0	0	0	0	0	0	1	0	0	0	-22	0	0	0	-515	0	1	0	62
26:55:00	96900	3	3	1	-474	0	0	0	0	0	0	0	0	1	1	0	1	0	0	0	0	0	0	0	0	0	0	0	1	0	0	0	-22	0	0	1	-516	2	2	0	62
27:00:00	97200	1	2	1	-476	0	0	0	0	0	0	0	0	0	0	0	1	0	0	0	0	0	0	0	0	0	0	0	1	0	0	1	-23	0	0	0	-516	1	2	0	61
27:05:00	97500	0	1	0	-477	0	0	0	0	0	0	0	0	0	0	0	1	0	0	0	0	0	0	0	0	0	0	0	1	0	0	0	-23	0	0	0	-516	0	1	0	60
27:10:00	97800	1	2	0	-478	0	0	0	0	0	0	0	0	1	1	0	1	0	0	0	0	0	0	0	0	0	0	0	1	0	0	0	-23	0	0	0	-516	0	1	0	59
27:15:00	98100	1	1	1	-479	0	0	0	0	0	0	0	0	0	0	0	1	0	0	0	0	0	0	0	0	0	0	0	1	0	0	0	-23	0	0	1	-517	1	1	0	59
27:20:00	98400	0	0	0	-479	0	0	0	0	0	0	0	0	0	0	0	1	0	0	0	0	0	0	0	0	0	0	0	1	0	0	0	-23	0	0	0	-517	0	0	0	59
27:25:00	98700	0	0	0	-479	0	0	0	0	0	0	0	0	0	0	0	1	0	0	0	0	0	0	0	0	0	0	0	1	0	0	0	-23	0	0	0	-517	0	0	0	59
27:30:00	99000	0	0	0	-479	0	0	0	0	0	0	0	0	0	0	0	1	0	0	0	0	0	0	0	0	0	0	0	1	0	0	0	-23	0	0	0	-517	0	0	0	59
27:35:00	99300	0	2	0	-481	0	0	0	0	0	0	0	0	0	0	0	1	0	0	0	0	0	0	0	0	0	0	0	1	0	0	0	-23	0	0	0	-517	0	2	0	57
27:40:00	99600	6	6	2	-483	0	0	0	0	0	0	0	0	3	2	0	2	0	0	0	0	0	0	0	0	0	0	0	1	0	0	0	-23	0	0	2	-519	3	4	0	56
27:45:00	99900	1	2	0	-484	0	0	0	0	0	0	0	0	0	0	0	2	0	0	0	0	0	0	0	0	0	0	0	1	0	0	0	-23	0	0	0	-519	1	2	0	55
27:50:00	100200	0	0	0	-484	0	0	0	0	0	0	0	0	0	0	0	2	0	0	0	0	0	0	0	0	0	0	0	1	0	0	0	-23	0	0	0	-519	0	0	0	55
27:55:00	100500	0	0	0	-484	0	0	0	0	0	0	0	0	0	0	0	2	0	0	0	0	0	0	0	0	0	0	0	1	0	0	0	-23	0	0	0	-519	0	0	0	55
28:00:00	100800	1	2	0	-485	0	0	0	0	0	0	0	0	1	1	0	2	0	0	0	0	0	0	0	0	0	0	0	1	0	0	0	-23	0	0	0	-519	0	1	0	54
28:05:00	101100	1	2	1	-487	0	0	0	0	0	0	0	0	0	0	0	2	0	0	0	0	0	0	0	0	0	0	0	1	0	0	0	-23	0	0	1	-520	1	2	0	53
28:10:00	101400	2	3	2	-490	0	0	0	0	0	0	0	0	0	0	0	2	0	0	0	0	0	0	0	0	0	0	0	1	0	0	0	-23	0	0	2	-522	2	3	0	52
28:15:00	101700	0	1	0	-491	0	0	0	0	0	0	0	0	0	0	0	2	0	0	0	0	0	0	0	0	0	0	0	1	0	0	0	-23	0	0	0	-522	0	1	0	51
28:20:00	102000	0	0	0	-491	0	0	0	0	0	0	0	0	0	0	0	2	0	0	0	0	0	0	0	0	0	0	0	1	0	0	0	-23	0	0	0	-522	0	0	0	51
28:25:00	102300	1	1	0	-491	0	0	0	0	0	0	0	0	1	1	0	2	0	0	0	0	0	0	0	0	0	0	0	1	0	0	0	-23	0	0	0	-522	0	0	0	51
28:30:00	102600	1	1	0	-491	0	0	0	0	0	0	0	0	0	0	0	2	0	0	0	0	0	0	0	0	0	0	0	1	0	0	0	-23	0	0	0	-522	1	1	0	51
28:35:00	102900	1	1	0	-491	0	0	0	0	0	0	0	0	1	1	0	2	0	0	0	0	0	0	0	0	0	0	0	1	0	0	0	-23	0	0	0	-522	0	0	0	51
28:40:00	103200	1	1	0	-491	0	0	0	0	0	0	0	0	0	0	0	2	0	0	0	0	0	0	0	0	0	0	0	1	0	0	0	-23	0	0	0	-522	1	1	0	51
28:45:00	103500	3	3	0	-491	0	0	0	0	0	0	0	0	2	2	0	2	0	0	0	0	0	0	0	0	0	0	0	1	0	0	0	-23	0	0	0	-522	1	1	0	51
28:50:00	103800	0	1	0	-492	0	0	0	0	0	0	0	0	0	1	0	1	0	0	0	0	0	0	0	0	0	0	0	1	0	0	0	-23	0	0	0	-522	0	0	0	51
28:55:00	104100	1	3	0	-494	0	0	0	0	0	0	0	0	1	1	0	1	0	0	0	0	0	0	0	0	0	0	0	1	0	0	0	-23	0	0	0	-522	0	2	0	49
29:00:00	104400	1	2	1	-496	0	0	0	0	0	0	0	0	0	1	0	0	0	0	0	0	0	0	0	0	0	0	0	1	0	0	0	-23	0	0	1	-523	1	1	0	49
29:05:00	104700	0	2	0	-498	0	0	0	0	0	0	0	0	0	0	0	0	0	0	0	0	0	0	0	0	0	0	0	1	0	0	0	-23	0	0	0	-523	0	2	0	47
29:10:00	105000	2	2	2	-500	0	0	0	0	0	0	0	0	0	0	0	0	0	0	0	0	0	0	0	0	0	0	0	1	0	0	0	-23	0	0	2	-525	2	2	0	47
29:15:00	105300	1	1	0	-500	0	0	0	0	0	0	0	0	1	0	0	1	0	0	0	0	0	0	0	0	0	0	0	1	0	0	0	-23	0	0	0	-525	0	1	0	46
29:20:00	105600	0	0	0	-500	0	0	0	0	0	0	0	0	0	0	0	1	0	0	0	0	0	0	0	0	0	0	0	1	0	0	0	-23	0	0	0	-525	0	0	0	46
29:25:00	105900	0	1	0	-501	0	0	0	0	0	0	0	0	0	0	0	1	0	0	0	0	0	0	0	0	0	0	0	1	0	0	0	-23	0	0	0	-525	0	1	0	45
29:30:00	106200	0	0	0	-501	0	0	0	0	0	0	0	0	0	0	0	1	0	0	0	0	0	0	0	0	0	0	0	1	0	0	0	-23	0	0	0	-525	0	0	0	45
29:35:00	106500	0	1	0	-502	0	0	0	0	0	0	0	0	0	0	0	1	0	0	0	0	0	0	0	0	0	0	0	1	0	0	0	-23	0	0	0	-525	0	1	0	44
29:40:00	106800	1	1	1	-503	0	0	0	0	0	0	0	0	0	0	0	1	0	0	0	0	0	0	0	0	0	0	0	1	0	0	0	-23	0	0	1	-526	1	1	0	44
29:45:00	107100	0	0	0	-503	0	0	0	0	0	0	0	0	0	0	0	1	0	0	0	0	0	0	0	0	0	0	0	1	0	0	0	-23	0	0	0	-526	0	0	0	44
29:50:00	107400	0	1	0	-504	0	0	0	0	0	0	0	0	0	0	0	1	0	0	0	0	0	0	0	0	0	0	0	1	0	0	0	-23	0	0	0	-526	0	1	0	43
29:55:00	107700	2	2	1	-505	0	0	0	0	0	0	0	0	1	0	0	2	0	0	0	0	0	0	0	0	0	0	0	1	0	0	0	-23	0	0	1	-527	1	2	0	42
30:00:00	108000	0	0	45	-550	0	0	0	0	0	0	0	0	0	0	2	0	0	0	0	0	0	0	0	0	0	0	1	0	0	0	0	-23	0	0	0	-527	0	0	42	0
30:05:00	108300	0	0	0	-550	0	0	0	0	0	0	0	0	0	0	0	0	0	0	0	0	0	0	0	0	0	0	0	0	0	0	0	-23	0	0	0	-527	0	0	0	0
