time	time	departures_all	arrivals_all	stuck_all	en-route_all	departures_Shared-Bike	arrivals_Shared-Bike	stuck_Shared-Bike	en-route_Shared-Bike	departures_bike	arrivals_bike	stuck_bike	en-route_bike	departures_car	arrivals_car	stuck_car	en-route_car	departures_car_passenger	arrivals_car_passenger	stuck_car_passenger	en-route_car_passenger	departures_eScooter	arrivals_eScooter	stuck_eScooter	en-route_eScooter	departures_pt	arrivals_pt	stuck_pt	en-route_pt	departures_sharing:standardBikeShare	arrivals_sharing:standardBikeShare	stuck_sharing:standardBikeShare	en-route_sharing:standardBikeShare	departures_sharing:standardeScooter	arrivals_sharing:standardeScooter	stuck_sharing:standardeScooter	en-route_sharing:standardeScooter	departures_walk	arrivals_walk	stuck_walk	en-route_walk
00:00:00	0	0	0	0	0	0	0	0	0	0	0	0	0	0	0	0	0	0	0	0	0	0	0	0	0	0	0	0	0	0	0	0	0	0	0	0	0	0	0	0	0
00:05:00	300	0	0	0	0	0	0	0	0	0	0	0	0	0	0	0	0	0	0	0	0	0	0	0	0	0	0	0	0	0	0	0	0	0	0	0	0	0	0	0	0
00:10:00	600	0	0	0	0	0	0	0	0	0	0	0	0	0	0	0	0	0	0	0	0	0	0	0	0	0	0	0	0	0	0	0	0	0	0	0	0	0	0	0	0
00:15:00	900	0	0	0	0	0	0	0	0	0	0	0	0	0	0	0	0	0	0	0	0	0	0	0	0	0	0	0	0	0	0	0	0	0	0	0	0	0	0	0	0
00:20:00	1200	0	0	0	0	0	0	0	0	0	0	0	0	0	0	0	0	0	0	0	0	0	0	0	0	0	0	0	0	0	0	0	0	0	0	0	0	0	0	0	0
00:25:00	1500	0	0	0	0	0	0	0	0	0	0	0	0	0	0	0	0	0	0	0	0	0	0	0	0	0	0	0	0	0	0	0	0	0	0	0	0	0	0	0	0
00:30:00	1800	0	0	0	0	0	0	0	0	0	0	0	0	0	0	0	0	0	0	0	0	0	0	0	0	0	0	0	0	0	0	0	0	0	0	0	0	0	0	0	0
00:35:00	2100	0	0	0	0	0	0	0	0	0	0	0	0	0	0	0	0	0	0	0	0	0	0	0	0	0	0	0	0	0	0	0	0	0	0	0	0	0	0	0	0
00:40:00	2400	0	0	0	0	0	0	0	0	0	0	0	0	0	0	0	0	0	0	0	0	0	0	0	0	0	0	0	0	0	0	0	0	0	0	0	0	0	0	0	0
00:45:00	2700	0	0	0	0	0	0	0	0	0	0	0	0	0	0	0	0	0	0	0	0	0	0	0	0	0	0	0	0	0	0	0	0	0	0	0	0	0	0	0	0
00:50:00	3000	0	0	0	0	0	0	0	0	0	0	0	0	0	0	0	0	0	0	0	0	0	0	0	0	0	0	0	0	0	0	0	0	0	0	0	0	0	0	0	0
00:55:00	3300	0	0	0	0	0	0	0	0	0	0	0	0	0	0	0	0	0	0	0	0	0	0	0	0	0	0	0	0	0	0	0	0	0	0	0	0	0	0	0	0
01:00:00	3600	0	0	0	0	0	0	0	0	0	0	0	0	0	0	0	0	0	0	0	0	0	0	0	0	0	0	0	0	0	0	0	0	0	0	0	0	0	0	0	0
01:05:00	3900	0	0	0	0	0	0	0	0	0	0	0	0	0	0	0	0	0	0	0	0	0	0	0	0	0	0	0	0	0	0	0	0	0	0	0	0	0	0	0	0
01:10:00	4200	0	0	0	0	0	0	0	0	0	0	0	0	0	0	0	0	0	0	0	0	0	0	0	0	0	0	0	0	0	0	0	0	0	0	0	0	0	0	0	0
01:15:00	4500	0	0	0	0	0	0	0	0	0	0	0	0	0	0	0	0	0	0	0	0	0	0	0	0	0	0	0	0	0	0	0	0	0	0	0	0	0	0	0	0
01:20:00	4800	0	0	0	0	0	0	0	0	0	0	0	0	0	0	0	0	0	0	0	0	0	0	0	0	0	0	0	0	0	0	0	0	0	0	0	0	0	0	0	0
01:25:00	5100	0	0	0	0	0	0	0	0	0	0	0	0	0	0	0	0	0	0	0	0	0	0	0	0	0	0	0	0	0	0	0	0	0	0	0	0	0	0	0	0
01:30:00	5400	0	0	0	0	0	0	0	0	0	0	0	0	0	0	0	0	0	0	0	0	0	0	0	0	0	0	0	0	0	0	0	0	0	0	0	0	0	0	0	0
01:35:00	5700	0	0	0	0	0	0	0	0	0	0	0	0	0	0	0	0	0	0	0	0	0	0	0	0	0	0	0	0	0	0	0	0	0	0	0	0	0	0	0	0
01:40:00	6000	0	0	0	0	0	0	0	0	0	0	0	0	0	0	0	0	0	0	0	0	0	0	0	0	0	0	0	0	0	0	0	0	0	0	0	0	0	0	0	0
01:45:00	6300	0	0	0	0	0	0	0	0	0	0	0	0	0	0	0	0	0	0	0	0	0	0	0	0	0	0	0	0	0	0	0	0	0	0	0	0	0	0	0	0
01:50:00	6600	0	0	0	0	0	0	0	0	0	0	0	0	0	0	0	0	0	0	0	0	0	0	0	0	0	0	0	0	0	0	0	0	0	0	0	0	0	0	0	0
01:55:00	6900	0	0	0	0	0	0	0	0	0	0	0	0	0	0	0	0	0	0	0	0	0	0	0	0	0	0	0	0	0	0	0	0	0	0	0	0	0	0	0	0
02:00:00	7200	0	0	0	0	0	0	0	0	0	0	0	0	0	0	0	0	0	0	0	0	0	0	0	0	0	0	0	0	0	0	0	0	0	0	0	0	0	0	0	0
02:05:00	7500	0	0	0	0	0	0	0	0	0	0	0	0	0	0	0	0	0	0	0	0	0	0	0	0	0	0	0	0	0	0	0	0	0	0	0	0	0	0	0	0
02:10:00	7800	0	0	0	0	0	0	0	0	0	0	0	0	0	0	0	0	0	0	0	0	0	0	0	0	0	0	0	0	0	0	0	0	0	0	0	0	0	0	0	0
02:15:00	8100	0	0	0	0	0	0	0	0	0	0	0	0	0	0	0	0	0	0	0	0	0	0	0	0	0	0	0	0	0	0	0	0	0	0	0	0	0	0	0	0
02:20:00	8400	0	0	0	0	0	0	0	0	0	0	0	0	0	0	0	0	0	0	0	0	0	0	0	0	0	0	0	0	0	0	0	0	0	0	0	0	0	0	0	0
02:25:00	8700	0	0	0	0	0	0	0	0	0	0	0	0	0	0	0	0	0	0	0	0	0	0	0	0	0	0	0	0	0	0	0	0	0	0	0	0	0	0	0	0
02:30:00	9000	0	0	0	0	0	0	0	0	0	0	0	0	0	0	0	0	0	0	0	0	0	0	0	0	0	0	0	0	0	0	0	0	0	0	0	0	0	0	0	0
02:35:00	9300	0	0	0	0	0	0	0	0	0	0	0	0	0	0	0	0	0	0	0	0	0	0	0	0	0	0	0	0	0	0	0	0	0	0	0	0	0	0	0	0
02:40:00	9600	0	0	0	0	0	0	0	0	0	0	0	0	0	0	0	0	0	0	0	0	0	0	0	0	0	0	0	0	0	0	0	0	0	0	0	0	0	0	0	0
02:45:00	9900	0	0	0	0	0	0	0	0	0	0	0	0	0	0	0	0	0	0	0	0	0	0	0	0	0	0	0	0	0	0	0	0	0	0	0	0	0	0	0	0
02:50:00	10200	0	0	0	0	0	0	0	0	0	0	0	0	0	0	0	0	0	0	0	0	0	0	0	0	0	0	0	0	0	0	0	0	0	0	0	0	0	0	0	0
02:55:00	10500	0	0	0	0	0	0	0	0	0	0	0	0	0	0	0	0	0	0	0	0	0	0	0	0	0	0	0	0	0	0	0	0	0	0	0	0	0	0	0	0
03:00:00	10800	0	0	0	0	0	0	0	0	0	0	0	0	0	0	0	0	0	0	0	0	0	0	0	0	0	0	0	0	0	0	0	0	0	0	0	0	0	0	0	0
03:05:00	11100	0	0	0	0	0	0	0	0	0	0	0	0	0	0	0	0	0	0	0	0	0	0	0	0	0	0	0	0	0	0	0	0	0	0	0	0	0	0	0	0
03:10:00	11400	0	0	0	0	0	0	0	0	0	0	0	0	0	0	0	0	0	0	0	0	0	0	0	0	0	0	0	0	0	0	0	0	0	0	0	0	0	0	0	0
03:15:00	11700	0	0	0	0	0	0	0	0	0	0	0	0	0	0	0	0	0	0	0	0	0	0	0	0	0	0	0	0	0	0	0	0	0	0	0	0	0	0	0	0
03:20:00	12000	0	0	0	0	0	0	0	0	0	0	0	0	0	0	0	0	0	0	0	0	0	0	0	0	0	0	0	0	0	0	0	0	0	0	0	0	0	0	0	0
03:25:00	12300	0	0	0	0	0	0	0	0	0	0	0	0	0	0	0	0	0	0	0	0	0	0	0	0	0	0	0	0	0	0	0	0	0	0	0	0	0	0	0	0
03:30:00	12600	0	0	0	0	0	0	0	0	0	0	0	0	0	0	0	0	0	0	0	0	0	0	0	0	0	0	0	0	0	0	0	0	0	0	0	0	0	0	0	0
03:35:00	12900	0	0	0	0	0	0	0	0	0	0	0	0	0	0	0	0	0	0	0	0	0	0	0	0	0	0	0	0	0	0	0	0	0	0	0	0	0	0	0	0
03:40:00	13200	0	0	0	0	0	0	0	0	0	0	0	0	0	0	0	0	0	0	0	0	0	0	0	0	0	0	0	0	0	0	0	0	0	0	0	0	0	0	0	0
03:45:00	13500	0	0	0	0	0	0	0	0	0	0	0	0	0	0	0	0	0	0	0	0	0	0	0	0	0	0	0	0	0	0	0	0	0	0	0	0	0	0	0	0
03:50:00	13800	0	0	0	0	0	0	0	0	0	0	0	0	0	0	0	0	0	0	0	0	0	0	0	0	0	0	0	0	0	0	0	0	0	0	0	0	0	0	0	0
03:55:00	14100	0	0	0	0	0	0	0	0	0	0	0	0	0	0	0	0	0	0	0	0	0	0	0	0	0	0	0	0	0	0	0	0	0	0	0	0	0	0	0	0
04:00:00	14400	0	0	0	0	0	0	0	0	0	0	0	0	0	0	0	0	0	0	0	0	0	0	0	0	0	0	0	0	0	0	0	0	0	0	0	0	0	0	0	0
04:05:00	14700	0	0	0	0	0	0	0	0	0	0	0	0	0	0	0	0	0	0	0	0	0	0	0	0	0	0	0	0	0	0	0	0	0	0	0	0	0	0	0	0
04:10:00	15000	0	0	0	0	0	0	0	0	0	0	0	0	0	0	0	0	0	0	0	0	0	0	0	0	0	0	0	0	0	0	0	0	0	0	0	0	0	0	0	0
04:15:00	15300	0	0	0	0	0	0	0	0	0	0	0	0	0	0	0	0	0	0	0	0	0	0	0	0	0	0	0	0	0	0	0	0	0	0	0	0	0	0	0	0
04:20:00	15600	0	0	0	0	0	0	0	0	0	0	0	0	0	0	0	0	0	0	0	0	0	0	0	0	0	0	0	0	0	0	0	0	0	0	0	0	0	0	0	0
04:25:00	15900	0	0	0	0	0	0	0	0	0	0	0	0	0	0	0	0	0	0	0	0	0	0	0	0	0	0	0	0	0	0	0	0	0	0	0	0	0	0	0	0
04:30:00	16200	0	0	0	0	0	0	0	0	0	0	0	0	0	0	0	0	0	0	0	0	0	0	0	0	0	0	0	0	0	0	0	0	0	0	0	0	0	0	0	0
04:35:00	16500	0	0	0	0	0	0	0	0	0	0	0	0	0	0	0	0	0	0	0	0	0	0	0	0	0	0	0	0	0	0	0	0	0	0	0	0	0	0	0	0
04:40:00	16800	0	0	0	0	0	0	0	0	0	0	0	0	0	0	0	0	0	0	0	0	0	0	0	0	0	0	0	0	0	0	0	0	0	0	0	0	0	0	0	0
04:45:00	17100	0	0	0	0	0	0	0	0	0	0	0	0	0	0	0	0	0	0	0	0	0	0	0	0	0	0	0	0	0	0	0	0	0	0	0	0	0	0	0	0
04:50:00	17400	0	0	0	0	0	0	0	0	0	0	0	0	0	0	0	0	0	0	0	0	0	0	0	0	0	0	0	0	0	0	0	0	0	0	0	0	0	0	0	0
04:55:00	17700	0	0	0	0	0	0	0	0	0	0	0	0	0	0	0	0	0	0	0	0	0	0	0	0	0	0	0	0	0	0	0	0	0	0	0	0	0	0	0	0
05:00:00	18000	0	0	0	0	0	0	0	0	0	0	0	0	0	0	0	0	0	0	0	0	0	0	0	0	0	0	0	0	0	0	0	0	0	0	0	0	0	0	0	0
05:05:00	18300	0	0	0	0	0	0	0	0	0	0	0	0	0	0	0	0	0	0	0	0	0	0	0	0	0	0	0	0	0	0	0	0	0	0	0	0	0	0	0	0
05:10:00	18600	0	0	0	0	0	0	0	0	0	0	0	0	0	0	0	0	0	0	0	0	0	0	0	0	0	0	0	0	0	0	0	0	0	0	0	0	0	0	0	0
05:15:00	18900	0	0	0	0	0	0	0	0	0	0	0	0	0	0	0	0	0	0	0	0	0	0	0	0	0	0	0	0	0	0	0	0	0	0	0	0	0	0	0	0
05:20:00	19200	0	0	0	0	0	0	0	0	0	0	0	0	0	0	0	0	0	0	0	0	0	0	0	0	0	0	0	0	0	0	0	0	0	0	0	0	0	0	0	0
05:25:00	19500	0	0	0	0	0	0	0	0	0	0	0	0	0	0	0	0	0	0	0	0	0	0	0	0	0	0	0	0	0	0	0	0	0	0	0	0	0	0	0	0
05:30:00	19800	0	0	0	0	0	0	0	0	0	0	0	0	0	0	0	0	0	0	0	0	0	0	0	0	0	0	0	0	0	0	0	0	0	0	0	0	0	0	0	0
05:35:00	20100	0	0	0	0	0	0	0	0	0	0	0	0	0	0	0	0	0	0	0	0	0	0	0	0	0	0	0	0	0	0	0	0	0	0	0	0	0	0	0	0
05:40:00	20400	0	0	0	0	0	0	0	0	0	0	0	0	0	0	0	0	0	0	0	0	0	0	0	0	0	0	0	0	0	0	0	0	0	0	0	0	0	0	0	0
05:45:00	20700	0	0	0	0	0	0	0	0	0	0	0	0	0	0	0	0	0	0	0	0	0	0	0	0	0	0	0	0	0	0	0	0	0	0	0	0	0	0	0	0
05:50:00	21000	0	0	0	0	0	0	0	0	0	0	0	0	0	0	0	0	0	0	0	0	0	0	0	0	0	0	0	0	0	0	0	0	0	0	0	0	0	0	0	0
05:55:00	21300	0	0	0	0	0	0	0	0	0	0	0	0	0	0	0	0	0	0	0	0	0	0	0	0	0	0	0	0	0	0	0	0	0	0	0	0	0	0	0	0
06:00:00	21600	4	0	0	4	0	0	0	0	0	0	0	0	4	0	0	4	0	0	0	0	0	0	0	0	0	0	0	0	0	0	0	0	0	0	0	0	0	0	0	0
06:05:00	21900	4	1	0	7	0	0	0	0	0	0	0	0	2	1	0	5	0	0	0	0	0	0	0	0	0	0	0	0	0	0	0	0	0	0	0	0	2	0	0	2
06:10:00	22200	3	1	0	9	0	0	0	0	0	0	0	0	3	1	0	7	0	0	0	0	0	0	0	0	0	0	0	0	0	0	0	0	0	0	0	0	0	0	0	2
06:15:00	22500	1	2	0	8	0	0	0	0	0	0	0	0	0	2	0	5	0	0	0	0	0	0	0	0	0	0	0	0	0	0	0	0	0	0	0	0	1	0	0	3
06:20:00	22800	4	0	0	12	0	0	0	0	0	0	0	0	3	0	0	8	0	0	0	0	0	0	0	0	0	0	0	0	0	0	0	0	0	0	0	0	1	0	0	4
06:25:00	23100	4	3	0	13	0	0	0	0	0	0	0	0	4	3	0	9	0	0	0	0	0	0	0	0	0	0	0	0	0	0	0	0	0	0	0	0	0	0	0	4
06:30:00	23400	42	5	3	47	0	0	0	0	0	0	0	0	34	2	0	41	0	0	0	0	0	0	0	0	0	0	0	0	0	0	0	0	0	0	3	-3	8	3	0	9
06:35:00	23700	37	19	0	65	0	0	0	0	0	0	0	0	30	18	0	53	0	0	0	0	0	0	0	0	0	0	0	0	0	0	0	0	0	0	0	-3	7	1	0	15
06:40:00	24000	36	19	0	82	1	0	0	1	0	0	0	0	28	15	0	66	0	0	0	0	0	0	0	0	1	0	0	1	0	0	0	0	0	0	0	-3	6	4	0	17
06:45:00	24300	35	35	2	80	0	1	0	0	0	0	0	0	22	27	0	61	0	0	0	0	0	0	0	0	1	0	0	2	0	0	0	0	0	0	2	-5	12	7	0	22
06:50:00	24600	41	28	0	93	0	0	0	0	0	0	0	0	24	23	0	62	0	0	0	0	2	0	0	2	0	0	0	2	0	0	0	0	0	0	0	-5	15	5	0	32
06:55:00	24900	82	40	0	135	1	0	0	1	0	0	0	0	58	28	0	92	0	0	0	0	1	2	0	1	0	0	0	2	0	0	0	0	0	0	0	-5	22	10	0	44
07:00:00	25200	67	51	1	150	0	1	0	0	0	0	0	0	44	43	0	93	0	0	0	0	2	0	0	3	0	0	0	2	0	0	0	0	0	0	1	-6	21	7	0	58
07:05:00	25500	65	47	3	165	0	0	0	0	0	0	0	0	41	29	0	105	0	0	0	0	1	3	0	1	1	0	0	3	0	0	0	0	0	0	3	-9	22	15	0	65
07:10:00	25800	63	44	1	183	0	0	0	0	0	0	0	0	42	29	0	118	0	0	0	0	0	0	0	1	3	0	0	6	0	0	0	0	0	0	1	-10	18	15	0	68
07:15:00	26100	88	52	3	216	0	0	0	0	0	0	0	0	66	42	0	142	0	0	0	0	1	0	0	2	1	0	0	7	0	0	0	0	0	0	3	-13	20	10	0	78
07:20:00	26400	73	59	0	230	0	0	0	0	0	0	0	0	54	52	0	144	0	0	0	0	0	0	0	2	3	0	0	10	0	0	0	0	0	0	0	-13	16	7	0	87
07:25:00	26700	112	73	6	263	0	0	0	0	0	0	0	0	77	49	0	172	0	0	0	0	0	0	0	2	8	2	0	16	0	0	1	-1	0	0	5	-18	27	22	0	92
07:30:00	27000	73	85	1	250	0	0	0	0	0	0	0	0	44	66	0	150	0	0	0	0	0	1	0	1	2	2	0	16	0	0	0	-1	0	0	1	-19	27	16	0	103
07:35:00	27300	99	96	2	251	4	0	0	4	0	0	0	0	59	69	0	140	0	0	0	0	1	0	0	2	3	5	0	14	0	0	0	-1	0	0	2	-21	32	22	0	113
07:40:00	27600	96	73	1	273	1	1	0	4	0	0	0	0	74	50	0	164	0	0	0	0	1	1	0	2	1	1	0	14	0	0	0	-1	0	0	1	-22	19	20	0	112
07:45:00	27900	102	89	3	283	0	4	0	0	0	0	0	0	64	61	0	167	0	0	0	0	1	0	0	3	5	0	0	19	0	0	0	-1	0	0	3	-25	32	24	0	120
07:50:00	28200	117	99	6	295	0	0	0	0	0	0	0	0	78	64	0	181	0	0	0	0	0	2	0	1	8	4	0	23	0	0	0	-1	0	0	6	-31	31	29	0	122
07:55:00	28500	110	93	1	311	1	0	0	1	0	0	0	0	79	74	0	186	12	1	0	11	0	0	0	1	5	0	0	28	0	0	0	-1	0	0	1	-32	13	18	0	117
08:00:00	28800	121	110	0	322	0	1	0	0	0	0	0	0	79	83	0	182	24	8	0	27	0	1	0	0	2	2	0	28	0	0	0	-1	0	0	0	-32	16	15	0	118
08:05:00	29100	107	95	3	331	0	0	0	0	0	0	0	0	70	64	0	188	17	10	0	34	0	0	0	0	3	2	0	29	0	0	0	-1	0	0	3	-35	17	19	0	116
08:10:00	29400	128	114	3	342	0	0	0	0	0	0	0	0	70	80	0	178	26	15	0	45	1	0	0	1	3	5	0	27	0	0	0	-1	0	0	3	-38	28	14	0	130
08:15:00	29700	91	102	2	329	1	0	0	1	0	0	0	0	54	71	0	161	14	15	0	44	0	0	0	1	0	1	0	26	0	0	0	-1	0	0	2	-40	22	15	0	137
08:20:00	30000	108	95	1	341	0	1	0	0	0	0	0	0	72	58	0	175	16	19	0	41	0	0	0	1	3	1	0	28	0	0	0	-1	0	0	1	-41	17	16	0	138
08:25:00	30300	111	96	3	353	1	0	0	1	0	0	0	0	68	64	0	179	20	14	0	47	0	1	0	0	1	1	0	28	0	0	0	-1	0	0	3	-44	21	16	0	143
08:30:00	30600	98	99	0	352	1	1	0	1	0	0	0	0	53	61	0	171	21	13	0	55	2	0	0	2	4	2	0	30	0	0	0	-1	0	0	0	-44	17	22	0	138
08:35:00	30900	72	89	3	332	1	1	0	1	0	0	0	0	47	57	0	161	8	21	0	42	0	0	0	2	1	0	0	31	0	0	0	-1	0	0	3	-47	15	10	0	143
08:40:00	31200	83	79	1	335	0	0	0	1	0	0	0	0	44	49	0	156	24	16	0	50	0	0	0	2	4	1	0	34	0	0	0	-1	0	0	1	-48	11	13	0	141
08:45:00	31500	105	84	2	354	0	1	0	0	0	0	0	0	53	50	0	159	39	19	0	70	0	0	0	2	2	0	0	36	0	0	0	-1	0	0	2	-50	11	14	0	138
08:50:00	31800	81	91	2	342	0	0	0	0	0	0	0	0	50	57	0	152	13	18	0	65	0	1	0	1	2	0	0	38	0	0	0	-1	0	0	2	-52	16	15	0	139
08:55:00	32100	84	93	2	331	0	0	0	0	0	0	0	0	49	54	0	147	18	21	0	62	1	1	0	1	3	4	0	37	0	0	0	-1	0	0	2	-54	13	13	0	139
09:00:00	32400	95	88	2	336	0	0	0	0	0	0	0	0	61	56	0	152	4	15	0	51	1	0	0	2	5	0	0	42	0	0	0	-1	0	0	2	-56	24	17	0	146
09:05:00	32700	62	81	2	315	0	0	0	0	0	0	0	0	34	44	0	142	6	11	0	46	1	0	0	3	3	5	0	40	0	0	0	-1	0	0	2	-58	18	21	0	143
09:10:00	33000	62	84	1	292	0	0	0	0	0	0	0	0	38	49	0	131	3	13	0	36	1	1	0	3	1	0	0	41	0	0	0	-1	0	0	1	-59	19	21	0	141
09:15:00	33300	59	70	0	281	0	0	0	0	0	0	0	0	38	41	0	128	2	11	0	27	0	3	0	0	4	0	0	45	0	0	0	-1	0	0	0	-59	15	15	0	141
09:20:00	33600	45	71	2	253	1	0	0	1	0	0	0	0	29	46	0	111	2	9	0	20	0	0	0	0	5	1	0	49	0	0	0	-1	0	0	2	-61	8	15	0	134
09:25:00	33900	54	60	1	246	0	0	0	1	0	0	0	0	27	36	0	102	4	2	0	22	0	0	0	0	1	8	0	42	0	0	0	-1	0	0	1	-62	22	14	0	142
09:30:00	34200	44	63	1	226	0	1	0	0	0	0	0	0	26	35	0	93	1	7	0	16	1	1	0	0	0	2	0	40	0	0	0	-1	0	0	1	-63	16	17	0	141
09:35:00	34500	39	52	0	213	0	0	0	0	0	0	0	0	20	33	0	80	8	5	0	19	0	0	0	0	2	1	0	41	0	0	0	-1	0	0	0	-63	9	13	0	137
09:40:00	34800	42	53	1	201	0	0	0	0	0	0	0	0	22	29	0	73	2	5	0	16	0	0	0	0	0	2	0	39	0	0	0	-1	0	0	1	-64	18	17	0	138
09:45:00	35100	41	54	0	188	0	0	0	0	0	0	0	0	19	26	0	66	0	7	0	9	0	0	0	0	3	1	0	41	0	0	0	-1	0	0	0	-64	19	20	0	137
09:50:00	35400	41	48	0	181	0	0	0	0	0	0	0	0	25	17	0	74	0	5	0	4	1	1	0	0	3	1	0	43	0	0	0	-1	0	0	0	-64	12	24	0	125
09:55:00	35700	44	42	1	182	0	0	0	0	0	0	0	0	30	25	0	79	0	0	0	4	0	0	0	0	1	0	0	44	0	0	0	-1	0	0	1	-65	13	17	0	121
10:00:00	36000	72	63	2	189	0	0	0	0	0	0	0	0	32	31	0	80	0	3	0	1	0	0	0	0	1	6	0	39	0	0	0	-1	0	0	2	-67	39	23	0	137
10:05:00	36300	59	55	4	189	0	0	0	0	0	0	0	0	28	30	0	78	0	0	0	1	0	0	0	0	0	2	0	37	0	0	0	-1	0	0	4	-71	31	23	0	145
10:10:00	36600	76	71	1	193	0	0	0	0	0	0	0	0	37	34	0	81	0	1	0	0	1	1	0	0	1	5	0	33	0	0	0	-1	0	0	1	-72	37	30	0	152
10:15:00	36900	60	65	2	186	0	0	0	0	0	0	0	0	27	35	0	73	0	0	0	0	0	0	0	0	1	1	0	33	0	0	0	-1	0	0	2	-74	32	29	0	155
10:20:00	37200	65	68	3	180	0	0	0	0	0	0	0	0	34	31	0	76	0	0	0	0	0	0	0	0	0	1	0	32	0	0	0	-1	0	0	3	-77	31	36	0	150
10:25:00	37500	77	70	1	186	0	0	0	0	0	0	0	0	43	41	0	78	0	0	0	0	1	0	0	1	0	0	0	32	0	0	0	-1	0	0	1	-78	33	29	0	154
10:30:00	37800	60	70	2	174	0	0	0	0	0	0	0	0	21	31	0	68	0	0	0	0	0	1	0	0	0	0	0	32	0	0	0	-1	0	0	2	-80	39	38	0	155
10:35:00	38100	46	62	2	156	0	0	0	0	0	0	0	0	22	34	0	56	2	1	0	1	0	0	0	0	3	0	0	35	0	0	0	-1	0	0	2	-82	19	27	0	147
10:40:00	38400	54	56	0	154	0	0	0	0	0	0	0	0	23	22	0	57	1	1	0	1	0	0	0	0	1	0	0	36	0	0	0	-1	0	0	0	-82	29	33	0	143
10:45:00	38700	63	62	1	154	0	0	0	0	0	0	0	0	22	31	0	48	3	0	0	4	0	0	0	0	1	1	0	36	0	0	0	-1	0	0	1	-83	37	30	0	150
10:50:00	39000	47	55	1	145	0	0	0	0	0	0	0	0	16	18	0	46	0	3	0	1	1	1	0	0	1	0	0	37	0	0	0	-1	0	0	1	-84	29	33	0	146
10:55:00	39300	41	56	0	130	0	0	0	0	0	0	0	0	11	17	0	40	2	0	0	3	0	0	0	0	2	1	0	38	0	0	0	-1	0	0	0	-84	26	38	0	134
11:00:00	39600	48	43	0	135	0	0	0	0	0	0	0	0	17	17	0	40	4	1	0	6	0	0	0	0	0	1	0	37	0	0	0	-1	0	0	0	-84	27	24	0	137
11:05:00	39900	79	66	3	145	0	0	0	0	0	0	0	0	28	16	0	52	1	1	0	6	1	0	0	1	8	8	0	37	0	0	0	-1	0	0	3	-87	41	41	0	137
11:10:00	40200	75	48	5	167	0	0	0	0	0	0	0	0	36	21	0	67	2	1	0	7	0	0	0	1	0	1	0	36	0	0	0	-1	0	0	5	-92	37	25	0	149
11:15:00	40500	56	58	1	164	0	0	0	0	0	0	0	0	22	28	0	61	10	3	0	14	0	1	0	0	0	2	0	34	0	0	0	-1	0	0	1	-93	24	24	0	149
11:20:00	40800	61	59	0	166	0	0	0	0	0	0	0	0	25	21	0	65	2	2	0	14	1	0	0	1	3	1	0	36	0	0	0	-1	0	0	0	-93	30	35	0	144
11:25:00	41100	73	61	2	176	0	0	0	0	0	0	0	0	39	29	0	75	3	4	0	13	0	1	0	0	0	1	0	35	0	0	0	-1	0	0	2	-95	31	26	0	149
11:30:00	41400	71	68	0	179	0	0	0	0	0	0	0	0	41	30	0	86	1	4	0	10	0	0	0	0	3	1	0	37	0	0	0	-1	0	0	0	-95	26	33	0	142
11:35:00	41700	89	74	1	193	0	0	0	0	0	0	0	0	44	29	0	101	3	3	0	10	0	0	0	0	5	7	0	35	0	0	0	-1	0	0	1	-96	37	35	0	144
11:40:00	42000	74	67	0	200	0	0	0	0	0	0	0	0	40	32	0	109	0	4	0	6	1	0	0	1	1	6	0	30	0	0	0	-1	0	0	0	-96	32	25	0	151
11:45:00	42300	77	92	1	184	0	0	0	0	0	0	0	0	37	40	0	106	3	5	0	4	1	1	0	1	1	3	0	28	0	0	0	-1	0	0	1	-97	35	43	0	143
11:50:00	42600	84	70	2	196	0	0	0	0	0	0	0	0	44	35	0	115	5	1	0	8	0	0	0	1	1	1	0	28	0	0	1	-2	0	0	1	-98	34	33	0	144
11:55:00	42900	98	89	0	205	1	0	0	1	0	0	0	0	53	40	0	128	1	1	0	8	0	0	0	1	2	6	0	24	0	0	0	-2	0	0	0	-98	41	42	0	143
12:00:00	43200	74	91	3	185	0	1	0	0	0	0	0	0	54	58	0	124	2	3	0	7	0	0	0	1	0	0	0	24	0	0	0	-2	0	0	3	-101	18	29	0	132
12:05:00	43500	56	55	1	185	0	0	0	0	0	0	0	0	34	37	0	121	8	4	0	11	0	1	0	0	1	0	0	25	0	0	0	-2	0	0	1	-102	13	13	0	132
12:10:00	43800	69	65	0	189	0	0	0	0	0	0	0	0	44	41	0	124	2	0	0	13	1	1	0	0	5	0	0	30	0	0	0	-2	0	0	0	-102	17	23	0	126
12:15:00	44100	54	72	3	168	0	0	0	0	0	0	0	0	27	50	0	101	1	3	0	11	2	1	0	1	0	2	0	28	0	0	1	-3	0	0	2	-104	24	16	0	134
12:20:00	44400	51	56	4	159	1	0	0	1	0	0	0	0	32	34	0	99	0	4	0	7	5	0	0	6	1	0	0	29	0	0	0	-3	0	0	4	-108	12	18	0	128
12:25:00	44700	54	63	2	148	0	0	0	1	0	0	0	0	41	33	0	107	0	2	0	5	0	2	0	4	1	2	0	28	0	0	0	-3	0	0	2	-110	12	24	0	116
12:30:00	45000	41	52	2	135	0	0	0	1	0	0	0	0	30	34	0	103	0	1	0	4	1	1	0	4	1	1	0	28	0	0	0	-3	0	0	2	-112	9	15	0	110
12:35:00	45300	27	45	0	117	1	1	0	1	0	0	0	0	16	28	0	91	0	2	0	2	0	1	0	3	1	2	0	27	0	0	0	-3	0	0	0	-112	9	11	0	108
12:40:00	45600	34	43	1	107	0	0	0	1	0	0	0	0	28	26	0	93	0	1	0	1	0	2	0	1	1	0	0	28	0	0	0	-3	0	0	1	-113	5	14	0	99
12:45:00	45900	40	34	0	113	0	0	0	1	0	0	0	0	33	28	0	98	0	0	0	1	0	0	0	1	0	1	0	27	0	0	0	-3	0	0	0	-113	7	5	0	101
12:50:00	46200	30	42	1	100	0	1	0	0	0	0	0	0	20	32	0	86	0	1	0	0	1	1	0	1	0	0	0	27	0	0	0	-3	0	0	1	-114	9	7	0	103
12:55:00	46500	30	42	1	87	0	0	0	0	0	0	0	0	21	32	0	75	0	0	0	0	1	0	0	2	1	2	0	26	0	0	1	-4	0	0	0	-114	7	8	0	102
13:00:00	46800	6	32	1	60	0	0	0	0	0	0	0	0	2	23	0	54	0	0	0	0	0	0	0	2	1	0	0	27	0	0	0	-4	0	0	1	-115	3	9	0	96
13:05:00	47100	3	23	1	39	0	0	0	0	0	0	0	0	1	19	0	36	0	0	0	0	0	0	0	2	1	0	0	28	0	0	0	-4	0	0	1	-116	1	4	0	93
13:10:00	47400	3	15	0	27	0	0	0	0	0	0	0	0	0	10	0	26	0	0	0	0	0	0	0	2	2	0	0	30	0	0	0	-4	0	0	0	-116	1	5	0	89
13:15:00	47700	18	13	1	31	0	0	0	0	0	0	0	0	15	9	0	32	0	0	0	0	0	0	0	2	0	1	0	29	0	0	0	-4	0	0	1	-117	3	3	0	89
13:20:00	48000	13	18	0	26	0	0	0	0	0	0	0	0	10	15	0	27	0	0	0	0	0	0	0	2	0	0	0	29	0	0	0	-4	0	0	0	-117	3	3	0	89
13:25:00	48300	17	17	0	26	0	0	0	0	0	0	0	0	12	8	0	31	0	0	0	0	1	0	0	3	0	1	0	28	0	0	0	-4	0	0	0	-117	4	8	0	85
13:30:00	48600	59	25	3	57	0	0	0	0	0	0	0	0	45	14	0	62	1	0	0	1	0	0	0	3	4	1	0	31	0	0	0	-4	0	0	3	-120	9	10	0	84
13:35:00	48900	56	51	3	59	0	0	0	0	0	0	0	0	32	32	0	62	5	0	0	6	0	1	0	2	1	4	0	28	0	0	0	-4	0	0	3	-123	18	14	0	88
13:40:00	49200	51	48	2	60	1	0	0	1	0	0	0	0	26	30	0	58	5	2	0	9	0	0	0	2	0	3	0	25	0	0	0	-4	0	0	2	-125	19	13	0	94
13:45:00	49500	62	52	2	68	1	1	0	1	0	0	0	0	35	27	0	66	2	3	0	8	4	1	0	5	1	0	0	26	0	0	0	-4	0	0	2	-127	19	20	0	93
13:50:00	49800	90	46	1	111	1	0	0	2	0	0	0	0	55	27	0	94	15	6	0	17	0	1	0	4	1	0	0	27	0	0	0	-4	0	0	1	-128	18	12	0	99
13:55:00	50100	102	61	3	149	0	0	0	2	0	0	0	0	69	40	0	123	12	6	0	23	0	1	0	3	1	0	0	28	0	0	0	-4	0	0	3	-131	20	14	0	105
14:00:00	50400	84	79	2	152	0	2	0	0	0	0	0	0	56	51	0	128	3	11	0	15	2	1	0	4	2	0	0	30	0	0	1	-5	0	0	1	-132	21	14	0	112
14:05:00	50700	86	83	1	154	0	0	0	0	0	0	0	0	39	45	0	122	9	5	0	19	0	1	0	3	2	0	0	32	0	0	0	-5	0	0	1	-133	36	32	0	116
14:10:00	51000	80	72	3	159	0	0	0	0	0	0	0	0	45	45	0	122	14	11	0	22	3	1	0	5	2	0	0	34	0	0	0	-5	0	0	3	-136	16	15	0	117
14:15:00	51300	66	71	1	153	1	0	0	1	0	0	0	0	41	44	0	119	8	9	0	21	0	2	0	3	3	0	0	37	0	0	0	-5	0	0	1	-137	13	16	0	114
14:20:00	51600	81	61	0	173	0	0	0	1	0	0	0	0	45	33	0	131	14	7	0	28	0	3	0	0	0	4	0	33	0	0	0	-5	0	0	0	-137	22	14	0	122
14:25:00	51900	67	71	1	168	1	1	0	1	0	0	0	0	41	49	0	123	16	13	0	31	0	0	0	0	0	0	0	33	0	0	0	-5	0	0	1	-138	9	8	0	123
14:30:00	52200	50	56	0	162	0	1	0	0	0	0	0	0	22	28	0	117	12	11	0	32	0	0	0	0	1	3	0	31	0	0	0	-5	0	0	0	-138	15	13	0	125
14:35:00	52500	71	66	2	165	0	0	0	0	0	0	0	0	32	34	0	115	4	12	0	24	1	0	0	1	1	1	0	31	0	0	0	-5	0	0	2	-140	33	19	0	139
14:40:00	52800	62	89	4	134	0	0	0	0	0	0	0	0	27	45	0	97	8	10	0	22	1	1	0	1	1	2	0	30	0	0	0	-5	0	0	4	-144	25	31	0	133
14:45:00	53100	53	57	0	130	0	0	0	0	0	0	0	0	26	26	0	97	9	12	0	19	2	0	0	3	5	4	0	31	0	0	0	-5	0	0	0	-144	11	15	0	129
14:50:00	53400	52	64	3	115	0	0	0	0	0	0	0	0	21	34	0	84	3	4	0	18	0	1	0	2	1	0	0	32	0	0	0	-5	0	0	3	-147	27	25	0	131
14:55:00	53700	47	51	1	110	0	0	0	0	0	0	0	0	15	23	0	76	8	6	0	20	0	0	0	2	3	2	0	33	0	0	0	-5	0	0	1	-148	21	20	0	132
15:00:00	54000	39	59	1	89	0	0	0	0	0	0	0	0	17	29	0	64	4	10	0	14	0	0	0	2	1	1	0	33	0	0	0	-5	0	0	1	-149	17	19	0	130
15:05:00	54300	51	45	1	94	0	0	0	0	0	0	0	0	25	19	0	70	0	4	0	10	2	1	0	3	1	1	0	33	0	0	0	-5	0	0	1	-150	23	20	0	133
15:10:00	54600	50	61	2	81	0	0	0	0	0	0	0	0	23	28	0	65	0	4	0	6	2	2	0	3	1	0	0	34	0	0	0	-5	0	0	2	-152	24	27	0	130
15:15:00	54900	61	54	2	86	1	0	0	1	0	0	0	0	28	21	0	72	1	2	0	5	0	2	0	1	2	2	0	34	0	0	0	-5	0	0	2	-154	29	27	0	132
15:20:00	55200	51	47	3	87	0	0	0	1	0	0	0	0	28	24	0	76	1	1	0	5	0	0	0	1	0	0	0	34	0	0	0	-5	0	0	3	-157	22	22	0	132
15:25:00	55500	50	64	2	71	0	1	0	0	0	0	0	0	31	36	0	71	0	0	0	5	0	0	0	1	1	2	0	33	0	0	0	-5	0	0	2	-159	18	25	0	125
15:30:00	55800	78	54	4	91	0	0	0	0	0	0	0	0	39	30	0	80	0	1	0	4	1	0	0	2	1	0	0	34	0	0	0	-5	0	0	4	-163	37	23	0	139
15:35:00	56100	88	63	0	116	0	0	0	0	0	0	0	0	54	35	0	99	0	0	0	4	0	0	0	2	2	1	0	35	0	0	0	-5	0	0	0	-163	32	27	0	144
15:40:00	56400	100	90	6	120	0	0	0	0	0	0	0	0	49	43	0	105	0	1	0	3	0	0	0	2	1	0	0	36	0	0	0	-5	0	0	6	-169	50	46	0	148
15:45:00	56700	72	70	0	122	0	0	0	0	0	0	0	0	35	41	0	99	0	1	0	2	0	0	0	2	8	1	0	43	0	0	0	-5	0	0	0	-169	29	27	0	150
15:50:00	57000	76	87	1	110	1	1	0	0	1	0	0	1	36	47	0	88	0	0	0	2	0	1	0	1	0	0	0	43	0	0	0	-5	0	0	1	-170	38	38	0	150
15:55:00	57300	67	75	3	99	0	0	0	0	0	1	0	0	27	35	0	80	0	0	0	2	1	1	0	1	2	2	0	43	0	0	0	-5	0	0	3	-173	37	36	0	151
16:00:00	57600	89	75	2	111	0	0	0	0	0	0	0	0	27	37	0	70	21	1	0	22	0	0	0	1	2	4	0	41	0	0	1	-6	0	0	1	-174	39	33	0	157
16:05:00	57900	83	77	3	114	0	0	0	0	0	0	0	0	30	32	0	68	19	10	0	31	2	2	0	1	1	2	0	40	0	0	0	-6	0	0	3	-177	31	31	0	157
16:10:00	58200	71	82	1	102	0	0	0	0	0	0	0	0	18	30	0	56	18	13	0	36	0	0	0	1	0	0	0	40	0	0	0	-6	0	0	1	-178	35	39	0	153
16:15:00	58500	81	70	2	111	1	0	0	1	0	0	0	0	18	19	0	55	16	13	0	39	0	0	0	1	6	5	0	41	0	0	0	-6	0	0	2	-180	40	33	0	160
16:20:00	58800	95	76	2	128	0	1	0	0	0	0	0	0	44	20	0	79	17	12	0	44	0	1	0	0	3	1	0	43	0	0	0	-6	0	0	2	-182	31	41	0	150
16:25:00	59100	103	83	2	146	0	0	0	0	0	0	0	0	42	31	0	90	28	21	0	51	1	0	0	1	2	3	0	42	0	0	0	-6	0	0	2	-184	30	28	0	152
16:30:00	59400	111	82	3	172	0	0	0	0	0	0	0	0	34	33	0	91	30	14	0	67	1	0	0	2	5	2	0	45	0	0	0	-6	0	0	3	-187	41	33	0	160
16:35:00	59700	126	98	2	198	0	0	0	0	0	0	0	0	48	30	0	109	28	24	0	71	0	1	0	1	2	1	0	46	0	0	0	-6	0	0	2	-189	48	42	0	166
16:40:00	60000	132	127	5	198	1	0	0	1	1	0	0	1	62	52	0	119	19	22	0	68	1	0	0	2	5	4	0	47	0	0	0	-6	0	0	5	-194	43	49	0	160
16:45:00	60300	100	86	0	212	0	1	0	0	0	0	0	1	38	34	0	123	30	25	0	73	1	0	0	3	2	4	0	45	0	0	0	-6	0	0	0	-194	29	22	0	167
16:50:00	60600	151	121	1	241	0	0	0	0	0	1	0	0	59	51	0	131	45	26	0	92	0	0	0	3	3	4	0	44	0	0	0	-6	0	0	1	-195	44	39	0	172
16:55:00	60900	132	127	2	244	0	0	0	0	0	0	0	0	50	47	0	134	33	32	0	93	4	3	0	4	1	2	0	43	0	0	0	-6	0	0	2	-197	44	43	0	173
17:00:00	61200	163	128	3	276	0	0	0	0	0	0	0	0	90	51	0	173	19	26	0	86	1	2	0	3	3	6	0	40	0	0	0	-6	0	0	3	-200	50	43	0	180
17:05:00	61500	168	120	1	323	0	0	0	0	0	0	0	0	109	61	0	221	11	20	0	77	1	2	0	2	3	9	0	34	0	0	0	-6	0	0	1	-201	44	28	0	196
17:10:00	61800	143	155	2	309	0	0	0	0	0	0	0	0	72	83	0	210	18	25	0	70	0	1	0	1	2	2	0	34	0	0	0	-6	0	0	2	-203	51	44	0	203
17:15:00	62100	162	144	3	324	0	0	0	0	0	0	0	0	87	80	0	217	24	17	0	77	0	0	0	1	2	3	0	33	0	0	0	-6	0	0	3	-206	49	44	0	208
17:20:00	62400	170	150	2	342	0	0	0	0	0	0	0	0	101	77	0	241	15	26	0	66	3	0	0	4	3	1	0	35	0	0	0	-6	0	0	2	-208	48	46	0	210
17:25:00	62700	117	167	1	291	1	0	0	1	0	0	0	0	72	88	0	225	0	22	0	44	2	3	0	3	4	3	0	36	0	0	0	-6	0	0	1	-209	38	51	0	197
17:30:00	63000	93	118	4	262	0	1	0	0	0	0	0	0	68	75	0	218	1	13	0	32	0	1	0	2	1	4	0	33	0	0	0	-6	0	0	4	-213	23	24	0	196
17:35:00	63300	81	93	0	250	0	0	0	0	0	0	0	0	65	66	0	217	2	5	0	29	0	0	0	2	3	2	0	34	0	0	0	-6	0	0	0	-213	11	20	0	187
17:40:00	63600	61	83	1	227	0	0	0	0	0	0	0	0	45	60	0	202	2	6	0	25	0	0	0	2	5	2	0	37	0	0	0	-6	0	0	1	-214	9	15	0	181
17:45:00	63900	93	82	3	235	0	0	0	0	0	0	0	0	73	63	0	212	0	0	0	25	0	0	0	2	1	2	0	36	0	0	0	-6	0	0	3	-217	19	17	0	183
17:50:00	64200	83	93	1	224	0	0	0	0	0	0	0	0	72	67	0	217	1	7	0	19	0	0	0	2	1	1	0	36	0	0	0	-6	0	0	1	-218	9	18	0	174
17:55:00	64500	85	103	2	204	0	0	0	0	0	0	0	0	69	74	0	212	0	2	0	17	0	0	0	2	2	3	0	35	0	0	0	-6	0	0	2	-220	14	24	0	164
18:00:00	64800	68	111	3	158	0	0	0	0	0	0	0	0	45	78	0	179	1	3	0	15	0	0	0	2	4	6	0	33	0	0	0	-6	0	0	3	-223	18	24	0	158
18:05:00	65100	61	72	0	147	0	0	0	0	0	0	0	0	45	56	0	168	0	1	0	14	1	0	0	3	0	5	0	28	0	0	0	-6	0	0	0	-223	15	10	0	163
18:10:00	65400	39	76	0	110	0	0	0	0	0	0	0	0	31	59	0	140	1	1	0	14	0	0	0	3	2	2	0	28	0	0	0	-6	0	0	0	-223	5	14	0	154
18:15:00	65700	38	80	0	68	0	0	0	0	0	0	0	0	27	58	0	109	0	2	0	12	0	1	0	2	1	5	0	24	0	0	0	-6	0	0	0	-223	10	14	0	150
18:20:00	66000	52	50	1	69	0	0	0	0	0	0	0	0	41	35	0	115	0	2	0	10	0	0	0	2	1	1	0	24	0	0	0	-6	0	0	1	-224	10	12	0	148
18:25:00	66300	41	62	4	44	0	0	0	0	0	0	0	0	30	43	0	102	0	0	0	10	0	2	0	0	0	3	0	21	0	0	0	-6	0	0	4	-228	11	14	0	145
18:30:00	66600	34	50	2	26	0	0	0	0	0	0	0	0	23	34	0	91	0	1	0	9	0	0	0	0	0	6	0	15	0	0	0	-6	0	0	2	-230	11	9	0	147
18:35:00	66900	50	55	1	20	0	0	0	0	0	0	0	0	42	39	0	94	1	3	0	7	0	0	0	0	0	1	0	14	0	0	0	-6	0	0	1	-231	7	12	0	142
18:40:00	67200	26	44	2	0	0	0	0	0	0	0	0	0	20	33	0	81	0	2	0	5	0	0	0	0	1	1	0	14	0	0	0	-6	0	0	2	-233	5	8	0	139
18:45:00	67500	26	45	0	-19	0	0	0	0	0	0	0	0	22	34	0	69	0	1	0	4	0	0	0	0	0	0	0	14	0	0	0	-6	0	0	0	-233	4	10	0	133
18:50:00	67800	14	35	1	-41	0	0	0	0	0	0	0	0	7	25	0	51	0	0	0	4	1	0	0	1	0	3	0	11	0	0	0	-6	0	0	1	-234	6	7	0	132
18:55:00	68100	15	24	1	-51	0	0	0	0	0	0	0	0	10	16	0	45	0	0	0	4	0	0	0	1	0	2	0	9	0	0	0	-6	0	0	1	-235	5	6	0	131
19:00:00	68400	53	30	0	-28	0	0	0	0	0	0	0	0	47	19	0	73	0	0	0	4	0	0	0	1	0	3	0	6	0	0	0	-6	0	0	0	-235	6	8	0	129
19:05:00	68700	65	35	1	1	0	0	0	0	0	0	0	0	58	26	0	105	0	0	0	4	0	1	0	0	0	0	0	6	0	0	0	-6	0	0	1	-236	7	8	0	128
19:10:00	69000	61	59	2	1	0	0	0	0	0	0	0	0	51	46	0	110	0	1	0	3	0	0	0	0	0	0	0	6	0	0	0	-6	0	0	2	-238	10	12	0	126
19:15:00	69300	54	54	1	0	0	0	0	0	0	0	0	0	39	40	0	109	0	0	0	3	2	0	0	2	1	1	0	6	0	0	0	-6	0	0	1	-239	12	13	0	125
19:20:00	69600	49	60	3	-14	0	0	0	0	0	0	0	0	41	45	0	105	0	0	0	3	1	0	0	3	0	0	0	6	0	0	0	-6	0	0	3	-242	7	15	0	117
19:25:00	69900	82	60	0	8	0	0	0	0	0	0	0	0	68	44	0	129	0	0	0	3	0	1	0	2	0	1	0	5	0	0	0	-6	0	0	0	-242	14	14	0	117
19:30:00	70200	65	60	1	12	0	0	0	0	0	0	0	0	57	49	0	137	0	0	0	3	2	0	0	4	0	0	0	5	0	0	0	-6	0	0	1	-243	6	11	0	112
19:35:00	70500	48	67	0	-7	0	0	0	0	0	0	0	0	41	59	0	119	0	1	0	2	1	0	0	5	0	2	0	3	0	0	0	-6	0	0	0	-243	6	5	0	113
19:40:00	70800	43	61	1	-26	1	0	0	1	0	0	0	0	30	43	0	106	0	0	0	2	1	4	0	2	0	0	0	3	0	0	1	-7	0	0	0	-243	11	14	0	110
19:45:00	71100	59	50	1	-18	0	1	0	0	0	0	0	0	49	42	0	113	0	0	0	2	0	1	0	1	0	1	0	2	0	0	0	-7	0	0	1	-244	10	5	0	115
19:50:00	71400	38	48	1	-29	0	0	0	0	0	0	0	0	34	42	0	105	0	0	0	2	0	1	0	0	0	0	0	2	0	0	0	-7	0	0	1	-245	4	5	0	114
19:55:00	71700	38	50	1	-42	0	0	0	0	0	0	0	0	28	44	0	89	0	0	0	2	0	0	0	0	1	0	0	3	0	0	0	-7	0	0	1	-246	9	6	0	117
20:00:00	72000	5	35	0	-72	1	0	0	1	0	0	0	0	1	27	0	63	0	0	0	2	0	0	0	0	1	0	0	4	0	0	0	-7	0	0	0	-246	2	8	0	111
20:05:00	72300	2	25	0	-95	0	0	0	1	0	0	0	0	1	21	0	43	0	0	0	2	0	0	0	0	0	0	0	4	0	0	0	-7	0	0	0	-246	1	4	0	108
20:10:00	72600	5	19	1	-110	0	1	0	0	0	0	0	0	2	13	0	32	0	0	0	2	0	0	0	0	0	0	0	4	0	0	0	-7	0	0	1	-247	3	5	0	106
20:15:00	72900	5	20	0	-125	0	0	0	0	0	0	0	0	3	12	0	23	0	0	0	2	0	0	0	0	0	0	0	4	0	0	0	-7	0	0	0	-247	2	8	0	100
20:20:00	73200	8	17	0	-134	0	0	0	0	0	0	0	0	4	9	0	18	0	1	0	1	0	0	0	0	0	1	0	3	0	0	0	-7	0	0	0	-247	4	6	0	98
20:25:00	73500	7	9	1	-137	0	0	0	0	0	0	0	0	3	2	0	19	0	0	0	1	0	0	0	0	0	2	0	1	0	0	0	-7	0	0	1	-248	4	5	0	97
20:30:00	73800	3	9	1	-144	0	0	0	0	0	0	0	0	1	4	0	16	0	1	0	0	0	0	0	0	0	0	0	1	0	0	0	-7	0	0	1	-249	2	4	0	95
20:35:00	74100	6	6	0	-144	0	0	0	0	0	0	0	0	4	1	0	19	0	0	0	0	0	0	0	0	0	0	0	1	0	0	0	-7	0	0	0	-249	2	5	0	92
20:40:00	74400	5	10	0	-149	0	0	0	0	0	0	0	0	3	7	0	15	0	0	0	0	0	0	0	0	0	0	0	1	0	0	0	-7	0	0	0	-249	2	3	0	91
20:45:00	74700	5	8	0	-152	0	0	0	0	0	0	0	0	3	3	0	15	0	0	0	0	0	0	0	0	0	0	0	1	0	0	0	-7	0	0	0	-249	2	5	0	88
20:50:00	75000	7	9	1	-155	0	0	0	0	0	0	0	0	5	4	0	16	0	0	0	0	0	0	0	0	0	0	0	1	0	0	0	-7	0	0	1	-250	2	5	0	85
20:55:00	75300	2	3	0	-156	0	0	0	0	0	0	0	0	0	1	0	15	0	0	0	0	0	0	0	0	0	0	0	1	0	0	0	-7	0	0	0	-250	2	2	0	85
21:00:00	75600	9	11	0	-158	0	0	0	0	0	0	0	0	7	7	0	15	0	0	0	0	0	0	0	0	0	0	0	1	0	0	0	-7	0	0	0	-250	2	4	0	83
21:05:00	75900	3	9	1	-165	0	0	0	0	0	0	0	0	2	5	0	12	0	0	0	0	0	0	0	0	0	0	0	1	0	0	0	-7	0	0	1	-251	1	4	0	80
21:10:00	76200	2	6	1	-170	0	0	0	0	0	0	0	0	1	4	0	9	0	0	0	0	0	0	0	0	0	0	0	1	0	0	0	-7	0	0	1	-252	1	2	0	79
21:15:00	76500	1	3	0	-172	0	0	0	0	0	0	0	0	0	1	0	8	0	0	0	0	0	0	0	0	0	0	0	1	0	0	0	-7	0	0	0	-252	1	2	0	78
21:20:00	76800	0	1	0	-173	0	0	0	0	0	0	0	0	0	0	0	8	0	0	0	0	0	0	0	0	0	0	0	1	0	0	0	-7	0	0	0	-252	0	1	0	77
21:25:00	77100	2	2	1	-174	0	0	0	0	0	0	0	0	1	0	0	9	0	0	0	0	0	0	0	0	0	0	0	1	0	0	0	-7	0	0	1	-253	1	2	0	76
21:30:00	77400	2	5	0	-177	0	0	0	0	0	0	0	0	0	3	0	6	0	0	0	0	0	0	0	0	0	0	0	1	0	0	0	-7	0	0	0	-253	2	2	0	76
21:35:00	77700	0	3	0	-180	0	0	0	0	0	0	0	0	0	2	0	4	0	0	0	0	0	0	0	0	0	0	0	1	0	0	0	-7	0	0	0	-253	0	1	0	75
21:40:00	78000	1	2	1	-182	0	0	0	0	0	0	0	0	0	1	0	3	0	0	0	0	0	0	0	0	0	0	0	1	0	0	0	-7	0	0	1	-254	1	1	0	75
21:45:00	78300	0	1	0	-183	0	0	0	0	0	0	0	0	0	0	0	3	0	0	0	0	0	0	0	0	0	0	0	1	0	0	0	-7	0	0	0	-254	0	1	0	74
21:50:00	78600	0	0	0	-183	0	0	0	0	0	0	0	0	0	0	0	3	0	0	0	0	0	0	0	0	0	0	0	1	0	0	0	-7	0	0	0	-254	0	0	0	74
21:55:00	78900	3	5	0	-185	0	0	0	0	0	0	0	0	1	3	0	1	0	0	0	0	0	0	0	0	0	0	0	1	0	0	0	-7	0	0	0	-254	2	2	0	74
22:00:00	79200	0	0	0	-185	0	0	0	0	0	0	0	0	0	0	0	1	0	0	0	0	0	0	0	0	0	0	0	1	0	0	0	-7	0	0	0	-254	0	0	0	74
22:05:00	79500	0	0	0	-185	0	0	0	0	0	0	0	0	0	0	0	1	0	0	0	0	0	0	0	0	0	0	0	1	0	0	0	-7	0	0	0	-254	0	0	0	74
22:10:00	79800	0	0	0	-185	0	0	0	0	0	0	0	0	0	0	0	1	0	0	0	0	0	0	0	0	0	0	0	1	0	0	0	-7	0	0	0	-254	0	0	0	74
22:15:00	80100	0	0	0	-185	0	0	0	0	0	0	0	0	0	0	0	1	0	0	0	0	0	0	0	0	0	0	0	1	0	0	0	-7	0	0	0	-254	0	0	0	74
22:20:00	80400	2	2	0	-185	0	0	0	0	0	0	0	0	0	0	0	1	0	0	0	0	0	0	0	0	0	0	0	1	0	0	0	-7	0	0	0	-254	2	2	0	74
22:25:00	80700	1	1	0	-185	0	0	0	0	0	0	0	0	1	0	0	2	0	0	0	0	0	0	0	0	0	0	0	1	0	0	0	-7	0	0	0	-254	0	1	0	73
22:30:00	81000	2	3	1	-187	0	0	0	0	0	0	0	0	1	1	0	2	0	0	0	0	0	0	0	0	0	0	0	1	0	0	0	-7	0	0	1	-255	1	2	0	72
22:35:00	81300	2	2	0	-187	0	0	0	0	0	0	0	0	1	0	0	3	0	0	0	0	0	0	0	0	0	0	0	1	0	0	0	-7	0	0	0	-255	1	2	0	71
22:40:00	81600	3	4	0	-188	0	0	0	0	0	0	0	0	2	3	0	2	0	0	0	0	0	0	0	0	0	0	0	1	0	0	0	-7	0	0	0	-255	1	1	0	71
22:45:00	81900	0	0	0	-188	0	0	0	0	0	0	0	0	0	0	0	2	0	0	0	0	0	0	0	0	0	0	0	1	0	0	0	-7	0	0	0	-255	0	0	0	71
22:50:00	82200	1	5	0	-192	0	0	0	0	0	0	0	0	0	2	0	0	0	0	0	0	0	0	0	0	0	0	0	1	0	0	0	-7	0	0	0	-255	1	3	0	69
22:55:00	82500	2	3	2	-195	0	0	0	0	0	0	0	0	0	0	0	0	0	0	0	0	0	0	0	0	0	0	0	1	0	0	0	-7	0	0	2	-257	2	3	0	68
23:00:00	82800	0	2	0	-197	0	0	0	0	0	0	0	0	0	0	0	0	0	0	0	0	0	0	0	0	0	0	0	1	0	0	0	-7	0	0	0	-257	0	2	0	66
23:05:00	83100	1	2	1	-199	0	0	0	0	0	0	0	0	0	0	0	0	0	0	0	0	0	0	0	0	0	0	0	1	0	0	0	-7	0	0	1	-258	1	2	0	65
23:10:00	83400	1	2	1	-201	0	0	0	0	0	0	0	0	0	0	0	0	0	0	0	0	0	0	0	0	0	0	0	1	0	0	0	-7	0	0	1	-259	1	2	0	64
23:15:00	83700	5	1	0	-197	0	0	0	0	0	0	0	0	3	0	0	3	0	0	0	0	0	0	0	0	0	0	0	1	0	0	0	-7	0	0	0	-259	2	1	0	65
23:20:00	84000	6	4	1	-196	0	0	0	0	0	0	0	0	4	3	0	4	0	0	0	0	0	0	0	0	0	0	0	1	0	0	0	-7	0	0	1	-260	2	1	0	66
23:25:00	84300	6	4	0	-194	0	0	0	0	0	0	0	0	3	1	0	6	0	0	0	0	0	0	0	0	0	0	0	1	0	0	0	-7	0	0	0	-260	3	3	0	66
23:30:00	84600	2	9	1	-202	0	0	0	0	0	0	0	0	0	4	0	2	0	0	0	0	0	0	0	0	0	0	0	1	0	0	0	-7	0	0	1	-261	2	5	0	63
23:35:00	84900	5	3	0	-200	0	0	0	0	0	0	0	0	2	0	0	4	0	0	0	0	1	0	0	1	0	0	0	1	0	0	0	-7	0	0	0	-261	2	3	0	62
23:40:00	85200	4	3	0	-199	0	0	0	0	0	0	0	0	2	1	0	5	0	0	0	0	0	1	0	0	0	0	0	1	0	0	0	-7	0	0	0	-261	2	1	0	63
23:45:00	85500	4	5	0	-200	0	0	0	0	0	0	0	0	4	3	0	6	0	0	0	0	0	0	0	0	0	0	0	1	0	0	0	-7	0	0	0	-261	0	2	0	61
23:50:00	85800	2	3	0	-201	0	0	0	0	0	0	0	0	2	3	0	5	0	0	0	0	0	0	0	0	0	0	0	1	0	0	0	-7	0	0	0	-261	0	0	0	61
23:55:00	86100	2	1	0	-200	0	0	0	0	0	0	0	0	1	1	0	5	0	0	0	0	0	0	0	0	0	0	0	1	0	0	0	-7	0	0	0	-261	1	0	0	62
24:00:00	86400	4	2	0	-198	0	0	0	0	0	0	0	0	3	0	0	8	0	0	0	0	0	0	0	0	0	0	0	1	0	0	0	-7	0	0	0	-261	1	2	0	61
24:05:00	86700	3	6	0	-201	0	0	0	0	0	0	0	0	2	4	0	6	0	0	0	0	0	0	0	0	0	0	0	1	0	0	0	-7	0	0	0	-261	1	2	0	60
24:10:00	87000	1	3	0	-203	0	0	0	0	0	0	0	0	1	2	0	5	0	0	0	0	0	0	0	0	0	0	0	1	0	0	0	-7	0	0	0	-261	0	1	0	59
24:15:00	87300	0	3	0	-206	0	0	0	0	0	0	0	0	0	1	0	4	0	0	0	0	0	0	0	0	0	0	0	1	0	0	0	-7	0	0	0	-261	0	2	0	57
24:20:00	87600	5	7	1	-209	0	0	0	0	0	0	0	0	2	3	0	3	0	0	0	0	0	0	0	0	0	0	0	1	0	0	0	-7	0	0	1	-262	3	4	0	56
24:25:00	87900	4	4	1	-210	1	0	0	1	0	0	0	0	1	1	0	3	0	0	0	0	0	0	0	0	0	0	0	1	0	0	0	-7	0	0	1	-263	2	3	0	55
24:30:00	88200	2	4	0	-212	0	1	0	0	0	0	0	0	1	0	0	4	0	0	0	0	0	0	0	0	0	0	0	1	0	0	0	-7	0	0	0	-263	1	3	0	53
24:35:00	88500	2	5	1	-216	0	0	0	0	0	0	0	0	1	3	0	2	0	0	0	0	0	0	0	0	0	0	0	1	0	0	0	-7	0	0	1	-264	1	2	0	52
24:40:00	88800	0	1	0	-217	0	0	0	0	0	0	0	0	0	0	0	2	0	0	0	0	0	0	0	0	0	0	0	1	0	0	0	-7	0	0	0	-264	0	1	0	51
24:45:00	89100	0	0	0	-217	0	0	0	0	0	0	0	0	0	0	0	2	0	0	0	0	0	0	0	0	0	0	0	1	0	0	0	-7	0	0	0	-264	0	0	0	51
24:50:00	89400	0	2	0	-219	0	0	0	0	0	0	0	0	0	1	0	1	0	0	0	0	0	0	0	0	0	0	0	1	0	0	0	-7	0	0	0	-264	0	1	0	50
24:55:00	89700	0	0	0	-219	0	0	0	0	0	0	0	0	0	0	0	1	0	0	0	0	0	0	0	0	0	0	0	1	0	0	0	-7	0	0	0	-264	0	0	0	50
25:00:00	90000	0	0	0	-219	0	0	0	0	0	0	0	0	0	0	0	1	0	0	0	0	0	0	0	0	0	0	0	1	0	0	0	-7	0	0	0	-264	0	0	0	50
25:05:00	90300	0	0	0	-219	0	0	0	0	0	0	0	0	0	0	0	1	0	0	0	0	0	0	0	0	0	0	0	1	0	0	0	-7	0	0	0	-264	0	0	0	50
25:10:00	90600	1	2	0	-220	0	0	0	0	0	0	0	0	0	1	0	0	0	0	0	0	0	0	0	0	0	0	0	1	0	0	0	-7	0	0	0	-264	1	1	0	50
25:15:00	90900	1	2	0	-221	0	0	0	0	0	0	0	0	1	1	0	0	0	0	0	0	0	0	0	0	0	0	0	1	0	0	0	-7	0	0	0	-264	0	1	0	49
25:20:00	91200	1	1	0	-221	0	0	0	0	0	0	0	0	0	0	0	0	0	0	0	0	0	0	0	0	0	0	0	1	0	0	0	-7	0	0	0	-264	1	1	0	49
25:25:00	91500	0	0	0	-221	0	0	0	0	0	0	0	0	0	0	0	0	0	0	0	0	0	0	0	0	0	0	0	1	0	0	0	-7	0	0	0	-264	0	0	0	49
25:30:00	91800	0	0	0	-221	0	0	0	0	0	0	0	0	0	0	0	0	0	0	0	0	0	0	0	0	0	0	0	1	0	0	0	-7	0	0	0	-264	0	0	0	49
25:35:00	92100	1	3	0	-223	0	0	0	0	0	0	0	0	1	1	0	0	0	0	0	0	0	0	0	0	0	0	0	1	0	0	0	-7	0	0	0	-264	0	2	0	47
25:40:00	92400	0	0	0	-223	0	0	0	0	0	0	0	0	0	0	0	0	0	0	0	0	0	0	0	0	0	0	0	1	0	0	0	-7	0	0	0	-264	0	0	0	47
25:45:00	92700	1	1	0	-223	0	0	0	0	0	0	0	0	0	0	0	0	0	0	0	0	0	0	0	0	0	0	0	1	0	0	0	-7	0	0	0	-264	1	1	0	47
25:50:00	93000	0	1	0	-224	0	0	0	0	0	0	0	0	0	0	0	0	0	0	0	0	0	0	0	0	0	0	0	1	0	0	0	-7	0	0	0	-264	0	1	0	46
25:55:00	93300	0	1	0	-225	0	0	0	0	0	0	0	0	0	0	0	0	0	0	0	0	0	0	0	0	0	0	0	1	0	0	0	-7	0	0	0	-264	0	1	0	45
26:00:00	93600	1	2	1	-227	0	0	0	0	0	0	0	0	0	0	0	0	0	0	0	0	0	0	0	0	0	0	0	1	0	0	0	-7	0	0	1	-265	1	2	0	44
26:05:00	93900	2	2	1	-228	0	0	0	0	0	0	0	0	0	0	0	0	0	0	0	0	0	0	0	0	0	0	0	1	0	0	0	-7	0	0	1	-266	2	2	0	44
26:10:00	94200	1	1	0	-228	0	0	0	0	0	0	0	0	0	0	0	0	0	0	0	0	0	0	0	0	0	0	0	1	0	0	0	-7	0	0	0	-266	1	1	0	44
26:15:00	94500	0	2	0	-230	0	0	0	0	0	0	0	0	0	0	0	0	0	0	0	0	0	0	0	0	0	0	0	1	0	0	0	-7	0	0	0	-266	0	2	0	42
26:20:00	94800	1	1	1	-231	0	0	0	0	0	0	0	0	0	0	0	0	0	0	0	0	0	0	0	0	0	0	0	1	0	0	0	-7	0	0	1	-267	1	1	0	42
26:25:00	95100	0	0	0	-231	0	0	0	0	0	0	0	0	0	0	0	0	0	0	0	0	0	0	0	0	0	0	0	1	0	0	0	-7	0	0	0	-267	0	0	0	42
26:30:00	95400	1	1	0	-231	0	0	0	0	0	0	0	0	0	0	0	0	0	0	0	0	0	0	0	0	0	0	0	1	0	0	0	-7	0	0	0	-267	1	1	0	42
26:35:00	95700	0	0	0	-231	0	0	0	0	0	0	0	0	0	0	0	0	0	0	0	0	0	0	0	0	0	0	0	1	0	0	0	-7	0	0	0	-267	0	0	0	42
26:40:00	96000	0	0	0	-231	0	0	0	0	0	0	0	0	0	0	0	0	0	0	0	0	0	0	0	0	0	0	0	1	0	0	0	-7	0	0	0	-267	0	0	0	42
26:45:00	96300	0	0	0	-231	0	0	0	0	0	0	0	0	0	0	0	0	0	0	0	0	0	0	0	0	0	0	0	1	0	0	0	-7	0	0	0	-267	0	0	0	42
26:50:00	96600	0	2	0	-233	0	0	0	0	0	0	0	0	0	0	0	0	0	0	0	0	0	0	0	0	0	0	0	1	0	0	0	-7	0	0	0	-267	0	2	0	40
26:55:00	96900	2	2	1	-234	0	0	0	0	0	0	0	0	0	0	0	0	0	0	0	0	0	0	0	0	0	0	0	1	0	0	0	-7	0	0	1	-268	2	2	0	40
27:00:00	97200	0	0	0	-234	0	0	0	0	0	0	0	0	0	0	0	0	0	0	0	0	0	0	0	0	0	0	0	1	0	0	0	-7	0	0	0	-268	0	0	0	40
27:05:00	97500	1	2	0	-235	0	0	0	0	0	0	0	0	0	0	0	0	0	0	0	0	0	0	0	0	0	0	0	1	0	0	0	-7	0	0	0	-268	1	2	0	39
27:10:00	97800	0	1	0	-236	0	0	0	0	0	0	0	0	0	0	0	0	0	0	0	0	0	0	0	0	0	0	0	1	0	0	0	-7	0	0	0	-268	0	1	0	38
27:15:00	98100	1	1	1	-237	0	0	0	0	0	0	0	0	0	0	0	0	0	0	0	0	0	0	0	0	0	0	0	1	0	0	0	-7	0	0	1	-269	1	1	0	38
27:20:00	98400	0	0	0	-237	0	0	0	0	0	0	0	0	0	0	0	0	0	0	0	0	0	0	0	0	0	0	0	1	0	0	0	-7	0	0	0	-269	0	0	0	38
27:25:00	98700	0	0	0	-237	0	0	0	0	0	0	0	0	0	0	0	0	0	0	0	0	0	0	0	0	0	0	0	1	0	0	0	-7	0	0	0	-269	0	0	0	38
27:30:00	99000	0	0	0	-237	0	0	0	0	0	0	0	0	0	0	0	0	0	0	0	0	0	0	0	0	0	0	0	1	0	0	0	-7	0	0	0	-269	0	0	0	38
27:35:00	99300	0	0	0	-237	0	0	0	0	0	0	0	0	0	0	0	0	0	0	0	0	0	0	0	0	0	0	0	1	0	0	0	-7	0	0	0	-269	0	0	0	38
27:40:00	99600	1	2	0	-238	0	0	0	0	0	0	0	0	0	0	0	0	0	0	0	0	0	0	0	0	0	0	0	1	0	0	0	-7	0	0	0	-269	1	2	0	37
27:45:00	99900	1	1	0	-238	0	0	0	0	0	0	0	0	0	0	0	0	0	0	0	0	0	0	0	0	0	0	0	1	0	0	0	-7	0	0	0	-269	1	1	0	37
27:50:00	100200	0	0	0	-238	0	0	0	0	0	0	0	0	0	0	0	0	0	0	0	0	0	0	0	0	0	0	0	1	0	0	0	-7	0	0	0	-269	0	0	0	37
27:55:00	100500	0	0	0	-238	0	0	0	0	0	0	0	0	0	0	0	0	0	0	0	0	0	0	0	0	0	0	0	1	0	0	0	-7	0	0	0	-269	0	0	0	37
28:00:00	100800	0	0	0	-238	0	0	0	0	0	0	0	0	0	0	0	0	0	0	0	0	0	0	0	0	0	0	0	1	0	0	0	-7	0	0	0	-269	0	0	0	37
28:05:00	101100	0	1	0	-239	0	0	0	0	0	0	0	0	0	0	0	0	0	0	0	0	0	0	0	0	0	0	0	1	0	0	0	-7	0	0	0	-269	0	1	0	36
28:10:00	101400	1	1	1	-240	0	0	0	0	0	0	0	0	0	0	0	0	0	0	0	0	0	0	0	0	0	0	0	1	0	0	0	-7	0	0	1	-270	1	1	0	36
28:15:00	101700	0	0	0	-240	0	0	0	0	0	0	0	0	0	0	0	0	0	0	0	0	0	0	0	0	0	0	0	1	0	0	0	-7	0	0	0	-270	0	0	0	36
28:20:00	102000	0	1	0	-241	0	0	0	0	0	0	0	0	0	0	0	0	0	0	0	0	0	0	0	0	0	0	0	1	0	0	0	-7	0	0	0	-270	0	1	0	35
28:25:00	102300	1	2	1	-243	0	0	0	0	0	0	0	0	0	0	0	0	0	0	0	0	0	0	0	0	0	0	0	1	0	0	0	-7	0	0	1	-271	1	2	0	34
28:30:00	102600	1	1	1	-244	0	0	0	0	0	0	0	0	0	0	0	0	0	0	0	0	0	0	0	0	0	0	0	1	0	0	0	-7	0	0	1	-272	1	1	0	34
28:35:00	102900	0	0	0	-244	0	0	0	0	0	0	0	0	0	0	0	0	0	0	0	0	0	0	0	0	0	0	0	1	0	0	0	-7	0	0	0	-272	0	0	0	34
28:40:00	103200	1	1	0	-244	0	0	0	0	0	0	0	0	0	0	0	0	0	0	0	0	0	0	0	0	0	0	0	1	0	0	0	-7	0	0	0	-272	1	1	0	34
28:45:00	103500	0	0	0	-244	0	0	0	0	0	0	0	0	0	0	0	0	0	0	0	0	0	0	0	0	0	0	0	1	0	0	0	-7	0	0	0	-272	0	0	0	34
28:50:00	103800	0	1	0	-245	0	0	0	0	0	0	0	0	0	0	0	0	0	0	0	0	0	0	0	0	0	0	0	1	0	0	0	-7	0	0	0	-272	0	1	0	33
28:55:00	104100	1	1	1	-246	0	0	0	0	0	0	0	0	0	0	0	0	0	0	0	0	0	0	0	0	0	0	0	1	0	0	0	-7	0	0	1	-273	1	1	0	33
29:00:00	104400	0	1	0	-247	0	0	0	0	0	0	0	0	0	0	0	0	0	0	0	0	0	0	0	0	0	0	0	1	0	0	0	-7	0	0	0	-273	0	1	0	32
29:05:00	104700	0	1	0	-248	0	0	0	0	0	0	0	0	0	0	0	0	0	0	0	0	0	0	0	0	0	0	0	1	0	0	0	-7	0	0	0	-273	0	1	0	31
29:10:00	105000	1	1	1	-249	0	0	0	0	0	0	0	0	0	0	0	0	0	0	0	0	0	0	0	0	0	0	0	1	0	0	0	-7	0	0	1	-274	1	1	0	31
29:15:00	105300	0	0	0	-249	0	0	0	0	0	0	0	0	0	0	0	0	0	0	0	0	0	0	0	0	0	0	0	1	0	0	0	-7	0	0	0	-274	0	0	0	31
29:20:00	105600	0	0	0	-249	0	0	0	0	0	0	0	0	0	0	0	0	0	0	0	0	0	0	0	0	0	0	0	1	0	0	0	-7	0	0	0	-274	0	0	0	31
29:25:00	105900	0	0	0	-249	0	0	0	0	0	0	0	0	0	0	0	0	0	0	0	0	0	0	0	0	0	0	0	1	0	0	0	-7	0	0	0	-274	0	0	0	31
29:30:00	106200	0	1	0	-250	0	0	0	0	0	0	0	0	0	0	0	0	0	0	0	0	0	0	0	0	0	0	0	1	0	0	0	-7	0	0	0	-274	0	1	0	30
29:35:00	106500	0	2	0	-252	0	0	0	0	0	0	0	0	0	0	0	0	0	0	0	0	0	0	0	0	0	0	0	1	0	0	0	-7	0	0	0	-274	0	2	0	28
29:40:00	106800	2	2	2	-254	0	0	0	0	0	0	0	0	0	0	0	0	0	0	0	0	0	0	0	0	0	0	0	1	0	0	0	-7	0	0	2	-276	2	2	0	28
29:45:00	107100	0	0	0	-254	0	0	0	0	0	0	0	0	0	0	0	0	0	0	0	0	0	0	0	0	0	0	0	1	0	0	0	-7	0	0	0	-276	0	0	0	28
29:50:00	107400	0	1	0	-255	0	0	0	0	0	0	0	0	0	0	0	0	0	0	0	0	0	0	0	0	0	0	0	1	0	0	0	-7	0	0	0	-276	0	1	0	27
29:55:00	107700	1	1	1	-256	0	0	0	0	0	0	0	0	0	0	0	0	0	0	0	0	0	0	0	0	0	0	0	1	0	0	0	-7	0	0	1	-277	1	1	0	27
30:00:00	108000	0	0	28	-284	0	0	0	0	0	0	0	0	0	0	0	0	0	0	0	0	0	0	0	0	0	0	1	0	0	0	0	-7	0	0	0	-277	0	0	27	0
30:05:00	108300	0	0	0	-284	0	0	0	0	0	0	0	0	0	0	0	0	0	0	0	0	0	0	0	0	0	0	0	0	0	0	0	-7	0	0	0	-277	0	0	0	0
