time	time	departures_all	arrivals_all	stuck_all	en-route_all	departures_Shared-Bike	arrivals_Shared-Bike	stuck_Shared-Bike	en-route_Shared-Bike	departures_bike	arrivals_bike	stuck_bike	en-route_bike	departures_car	arrivals_car	stuck_car	en-route_car	departures_car_passenger	arrivals_car_passenger	stuck_car_passenger	en-route_car_passenger	departures_pt	arrivals_pt	stuck_pt	en-route_pt	departures_sharing:standardBikeShare	arrivals_sharing:standardBikeShare	stuck_sharing:standardBikeShare	en-route_sharing:standardBikeShare	departures_walk	arrivals_walk	stuck_walk	en-route_walk
00:00:00	0	0	0	0	0	0	0	0	0	0	0	0	0	0	0	0	0	0	0	0	0	0	0	0	0	0	0	0	0	0	0	0	0
00:05:00	300	0	0	0	0	0	0	0	0	0	0	0	0	0	0	0	0	0	0	0	0	0	0	0	0	0	0	0	0	0	0	0	0
00:10:00	600	0	0	0	0	0	0	0	0	0	0	0	0	0	0	0	0	0	0	0	0	0	0	0	0	0	0	0	0	0	0	0	0
00:15:00	900	0	0	0	0	0	0	0	0	0	0	0	0	0	0	0	0	0	0	0	0	0	0	0	0	0	0	0	0	0	0	0	0
00:20:00	1200	0	0	0	0	0	0	0	0	0	0	0	0	0	0	0	0	0	0	0	0	0	0	0	0	0	0	0	0	0	0	0	0
00:25:00	1500	0	0	0	0	0	0	0	0	0	0	0	0	0	0	0	0	0	0	0	0	0	0	0	0	0	0	0	0	0	0	0	0
00:30:00	1800	0	0	0	0	0	0	0	0	0	0	0	0	0	0	0	0	0	0	0	0	0	0	0	0	0	0	0	0	0	0	0	0
00:35:00	2100	0	0	0	0	0	0	0	0	0	0	0	0	0	0	0	0	0	0	0	0	0	0	0	0	0	0	0	0	0	0	0	0
00:40:00	2400	0	0	0	0	0	0	0	0	0	0	0	0	0	0	0	0	0	0	0	0	0	0	0	0	0	0	0	0	0	0	0	0
00:45:00	2700	0	0	0	0	0	0	0	0	0	0	0	0	0	0	0	0	0	0	0	0	0	0	0	0	0	0	0	0	0	0	0	0
00:50:00	3000	0	0	0	0	0	0	0	0	0	0	0	0	0	0	0	0	0	0	0	0	0	0	0	0	0	0	0	0	0	0	0	0
00:55:00	3300	0	0	0	0	0	0	0	0	0	0	0	0	0	0	0	0	0	0	0	0	0	0	0	0	0	0	0	0	0	0	0	0
01:00:00	3600	0	0	0	0	0	0	0	0	0	0	0	0	0	0	0	0	0	0	0	0	0	0	0	0	0	0	0	0	0	0	0	0
01:05:00	3900	0	0	0	0	0	0	0	0	0	0	0	0	0	0	0	0	0	0	0	0	0	0	0	0	0	0	0	0	0	0	0	0
01:10:00	4200	0	0	0	0	0	0	0	0	0	0	0	0	0	0	0	0	0	0	0	0	0	0	0	0	0	0	0	0	0	0	0	0
01:15:00	4500	0	0	0	0	0	0	0	0	0	0	0	0	0	0	0	0	0	0	0	0	0	0	0	0	0	0	0	0	0	0	0	0
01:20:00	4800	0	0	0	0	0	0	0	0	0	0	0	0	0	0	0	0	0	0	0	0	0	0	0	0	0	0	0	0	0	0	0	0
01:25:00	5100	0	0	0	0	0	0	0	0	0	0	0	0	0	0	0	0	0	0	0	0	0	0	0	0	0	0	0	0	0	0	0	0
01:30:00	5400	0	0	0	0	0	0	0	0	0	0	0	0	0	0	0	0	0	0	0	0	0	0	0	0	0	0	0	0	0	0	0	0
01:35:00	5700	0	0	0	0	0	0	0	0	0	0	0	0	0	0	0	0	0	0	0	0	0	0	0	0	0	0	0	0	0	0	0	0
01:40:00	6000	0	0	0	0	0	0	0	0	0	0	0	0	0	0	0	0	0	0	0	0	0	0	0	0	0	0	0	0	0	0	0	0
01:45:00	6300	0	0	0	0	0	0	0	0	0	0	0	0	0	0	0	0	0	0	0	0	0	0	0	0	0	0	0	0	0	0	0	0
01:50:00	6600	0	0	0	0	0	0	0	0	0	0	0	0	0	0	0	0	0	0	0	0	0	0	0	0	0	0	0	0	0	0	0	0
01:55:00	6900	0	0	0	0	0	0	0	0	0	0	0	0	0	0	0	0	0	0	0	0	0	0	0	0	0	0	0	0	0	0	0	0
02:00:00	7200	0	0	0	0	0	0	0	0	0	0	0	0	0	0	0	0	0	0	0	0	0	0	0	0	0	0	0	0	0	0	0	0
02:05:00	7500	0	0	0	0	0	0	0	0	0	0	0	0	0	0	0	0	0	0	0	0	0	0	0	0	0	0	0	0	0	0	0	0
02:10:00	7800	0	0	0	0	0	0	0	0	0	0	0	0	0	0	0	0	0	0	0	0	0	0	0	0	0	0	0	0	0	0	0	0
02:15:00	8100	0	0	0	0	0	0	0	0	0	0	0	0	0	0	0	0	0	0	0	0	0	0	0	0	0	0	0	0	0	0	0	0
02:20:00	8400	0	0	0	0	0	0	0	0	0	0	0	0	0	0	0	0	0	0	0	0	0	0	0	0	0	0	0	0	0	0	0	0
02:25:00	8700	0	0	0	0	0	0	0	0	0	0	0	0	0	0	0	0	0	0	0	0	0	0	0	0	0	0	0	0	0	0	0	0
02:30:00	9000	0	0	0	0	0	0	0	0	0	0	0	0	0	0	0	0	0	0	0	0	0	0	0	0	0	0	0	0	0	0	0	0
02:35:00	9300	0	0	0	0	0	0	0	0	0	0	0	0	0	0	0	0	0	0	0	0	0	0	0	0	0	0	0	0	0	0	0	0
02:40:00	9600	0	0	0	0	0	0	0	0	0	0	0	0	0	0	0	0	0	0	0	0	0	0	0	0	0	0	0	0	0	0	0	0
02:45:00	9900	0	0	0	0	0	0	0	0	0	0	0	0	0	0	0	0	0	0	0	0	0	0	0	0	0	0	0	0	0	0	0	0
02:50:00	10200	0	0	0	0	0	0	0	0	0	0	0	0	0	0	0	0	0	0	0	0	0	0	0	0	0	0	0	0	0	0	0	0
02:55:00	10500	0	0	0	0	0	0	0	0	0	0	0	0	0	0	0	0	0	0	0	0	0	0	0	0	0	0	0	0	0	0	0	0
03:00:00	10800	0	0	0	0	0	0	0	0	0	0	0	0	0	0	0	0	0	0	0	0	0	0	0	0	0	0	0	0	0	0	0	0
03:05:00	11100	0	0	0	0	0	0	0	0	0	0	0	0	0	0	0	0	0	0	0	0	0	0	0	0	0	0	0	0	0	0	0	0
03:10:00	11400	0	0	0	0	0	0	0	0	0	0	0	0	0	0	0	0	0	0	0	0	0	0	0	0	0	0	0	0	0	0	0	0
03:15:00	11700	0	0	0	0	0	0	0	0	0	0	0	0	0	0	0	0	0	0	0	0	0	0	0	0	0	0	0	0	0	0	0	0
03:20:00	12000	0	0	0	0	0	0	0	0	0	0	0	0	0	0	0	0	0	0	0	0	0	0	0	0	0	0	0	0	0	0	0	0
03:25:00	12300	0	0	0	0	0	0	0	0	0	0	0	0	0	0	0	0	0	0	0	0	0	0	0	0	0	0	0	0	0	0	0	0
03:30:00	12600	0	0	0	0	0	0	0	0	0	0	0	0	0	0	0	0	0	0	0	0	0	0	0	0	0	0	0	0	0	0	0	0
03:35:00	12900	0	0	0	0	0	0	0	0	0	0	0	0	0	0	0	0	0	0	0	0	0	0	0	0	0	0	0	0	0	0	0	0
03:40:00	13200	0	0	0	0	0	0	0	0	0	0	0	0	0	0	0	0	0	0	0	0	0	0	0	0	0	0	0	0	0	0	0	0
03:45:00	13500	0	0	0	0	0	0	0	0	0	0	0	0	0	0	0	0	0	0	0	0	0	0	0	0	0	0	0	0	0	0	0	0
03:50:00	13800	0	0	0	0	0	0	0	0	0	0	0	0	0	0	0	0	0	0	0	0	0	0	0	0	0	0	0	0	0	0	0	0
03:55:00	14100	0	0	0	0	0	0	0	0	0	0	0	0	0	0	0	0	0	0	0	0	0	0	0	0	0	0	0	0	0	0	0	0
04:00:00	14400	0	0	0	0	0	0	0	0	0	0	0	0	0	0	0	0	0	0	0	0	0	0	0	0	0	0	0	0	0	0	0	0
04:05:00	14700	0	0	0	0	0	0	0	0	0	0	0	0	0	0	0	0	0	0	0	0	0	0	0	0	0	0	0	0	0	0	0	0
04:10:00	15000	0	0	0	0	0	0	0	0	0	0	0	0	0	0	0	0	0	0	0	0	0	0	0	0	0	0	0	0	0	0	0	0
04:15:00	15300	0	0	0	0	0	0	0	0	0	0	0	0	0	0	0	0	0	0	0	0	0	0	0	0	0	0	0	0	0	0	0	0
04:20:00	15600	0	0	0	0	0	0	0	0	0	0	0	0	0	0	0	0	0	0	0	0	0	0	0	0	0	0	0	0	0	0	0	0
04:25:00	15900	0	0	0	0	0	0	0	0	0	0	0	0	0	0	0	0	0	0	0	0	0	0	0	0	0	0	0	0	0	0	0	0
04:30:00	16200	0	0	0	0	0	0	0	0	0	0	0	0	0	0	0	0	0	0	0	0	0	0	0	0	0	0	0	0	0	0	0	0
04:35:00	16500	0	0	0	0	0	0	0	0	0	0	0	0	0	0	0	0	0	0	0	0	0	0	0	0	0	0	0	0	0	0	0	0
04:40:00	16800	0	0	0	0	0	0	0	0	0	0	0	0	0	0	0	0	0	0	0	0	0	0	0	0	0	0	0	0	0	0	0	0
04:45:00	17100	0	0	0	0	0	0	0	0	0	0	0	0	0	0	0	0	0	0	0	0	0	0	0	0	0	0	0	0	0	0	0	0
04:50:00	17400	0	0	0	0	0	0	0	0	0	0	0	0	0	0	0	0	0	0	0	0	0	0	0	0	0	0	0	0	0	0	0	0
04:55:00	17700	0	0	0	0	0	0	0	0	0	0	0	0	0	0	0	0	0	0	0	0	0	0	0	0	0	0	0	0	0	0	0	0
05:00:00	18000	0	0	0	0	0	0	0	0	0	0	0	0	0	0	0	0	0	0	0	0	0	0	0	0	0	0	0	0	0	0	0	0
05:05:00	18300	0	0	0	0	0	0	0	0	0	0	0	0	0	0	0	0	0	0	0	0	0	0	0	0	0	0	0	0	0	0	0	0
05:10:00	18600	0	0	0	0	0	0	0	0	0	0	0	0	0	0	0	0	0	0	0	0	0	0	0	0	0	0	0	0	0	0	0	0
05:15:00	18900	0	0	0	0	0	0	0	0	0	0	0	0	0	0	0	0	0	0	0	0	0	0	0	0	0	0	0	0	0	0	0	0
05:20:00	19200	0	0	0	0	0	0	0	0	0	0	0	0	0	0	0	0	0	0	0	0	0	0	0	0	0	0	0	0	0	0	0	0
05:25:00	19500	0	0	0	0	0	0	0	0	0	0	0	0	0	0	0	0	0	0	0	0	0	0	0	0	0	0	0	0	0	0	0	0
05:30:00	19800	0	0	0	0	0	0	0	0	0	0	0	0	0	0	0	0	0	0	0	0	0	0	0	0	0	0	0	0	0	0	0	0
05:35:00	20100	0	0	0	0	0	0	0	0	0	0	0	0	0	0	0	0	0	0	0	0	0	0	0	0	0	0	0	0	0	0	0	0
05:40:00	20400	0	0	0	0	0	0	0	0	0	0	0	0	0	0	0	0	0	0	0	0	0	0	0	0	0	0	0	0	0	0	0	0
05:45:00	20700	0	0	0	0	0	0	0	0	0	0	0	0	0	0	0	0	0	0	0	0	0	0	0	0	0	0	0	0	0	0	0	0
05:50:00	21000	0	0	0	0	0	0	0	0	0	0	0	0	0	0	0	0	0	0	0	0	0	0	0	0	0	0	0	0	0	0	0	0
05:55:00	21300	0	0	0	0	0	0	0	0	0	0	0	0	0	0	0	0	0	0	0	0	0	0	0	0	0	0	0	0	0	0	0	0
06:00:00	21600	4	0	0	4	0	0	0	0	0	0	0	0	3	0	0	3	0	0	0	0	0	0	0	0	0	0	0	0	1	0	0	1
06:05:00	21900	4	0	0	8	0	0	0	0	0	0	0	0	2	0	0	5	0	0	0	0	0	0	0	0	0	0	0	0	2	0	0	3
06:10:00	22200	3	2	0	9	0	0	0	0	0	0	0	0	3	1	0	7	0	0	0	0	0	0	0	0	0	0	0	0	0	1	0	2
06:15:00	22500	1	2	0	8	0	0	0	0	0	0	0	0	1	2	0	6	0	0	0	0	0	0	0	0	0	0	0	0	0	0	0	2
06:20:00	22800	5	2	0	11	0	0	0	0	0	0	0	0	4	1	0	9	0	0	0	0	1	0	0	1	0	0	0	0	0	1	0	1
06:25:00	23100	5	3	0	13	0	0	0	0	0	0	0	0	4	3	0	10	0	0	0	0	0	0	0	1	0	0	0	0	1	0	0	2
06:30:00	23400	43	4	0	52	0	0	0	0	0	0	0	0	32	3	0	39	0	0	0	0	0	1	0	0	0	0	0	0	11	0	0	13
06:35:00	23700	38	18	0	72	0	0	0	0	0	0	0	0	28	15	0	52	0	0	0	0	0	0	0	0	0	0	0	0	10	3	0	20
06:40:00	24000	36	18	0	90	0	0	0	0	0	0	0	0	28	13	0	67	0	0	0	0	3	0	0	3	0	0	0	0	5	5	0	20
06:45:00	24300	39	40	0	89	1	0	0	1	0	0	0	0	24	28	0	63	0	0	0	0	5	0	0	8	0	0	0	0	9	12	0	17
06:50:00	24600	41	26	0	104	0	0	0	1	0	0	0	0	29	21	0	71	0	0	0	0	2	0	0	10	0	0	0	0	10	5	0	22
06:55:00	24900	81	41	1	143	0	0	0	1	0	0	0	0	55	29	0	97	0	0	0	0	4	0	0	14	0	0	1	-1	22	12	0	32
07:00:00	25200	70	49	0	164	2	1	0	2	0	0	0	0	47	35	0	109	0	0	0	0	4	0	0	18	0	0	0	-1	17	13	0	36
07:05:00	25500	64	47	1	180	1	1	0	2	1	0	0	1	41	31	0	119	0	0	0	0	1	0	0	19	0	0	1	-2	20	15	0	41
07:10:00	25800	76	62	0	194	1	2	0	1	0	0	0	1	47	38	0	128	0	0	0	0	4	8	0	15	0	0	0	-2	24	14	0	51
07:15:00	26100	88	57	0	225	0	1	0	0	0	0	0	1	73	44	0	157	0	0	0	0	2	0	0	17	0	0	0	-2	13	12	0	52
07:20:00	26400	86	74	0	237	1	0	0	1	0	0	0	1	59	52	0	164	0	0	0	0	8	2	0	23	0	0	0	-2	18	20	0	50
07:25:00	26700	116	84	0	269	2	0	0	3	0	1	0	0	85	61	0	188	0	0	0	0	8	0	0	31	0	0	0	-2	21	22	0	49
07:30:00	27000	85	95	0	259	0	1	0	2	0	0	0	0	61	74	0	175	0	0	0	0	6	5	0	32	0	0	0	-2	18	15	0	52
07:35:00	27300	93	91	0	261	0	1	0	1	0	0	0	0	61	68	0	168	0	0	0	0	4	4	0	32	0	0	0	-2	28	18	0	62
07:40:00	27600	97	79	0	279	0	1	0	0	0	0	0	0	66	56	0	178	0	0	0	0	5	1	0	36	0	0	0	-2	26	21	0	67
07:45:00	27900	97	87	0	289	0	0	0	0	0	0	0	0	77	63	0	192	0	0	0	0	5	2	0	39	0	0	0	-2	15	22	0	60
07:50:00	28200	117	87	0	319	2	1	0	1	1	0	0	1	77	64	0	205	0	0	0	0	7	5	0	41	0	0	0	-2	30	17	0	73
07:55:00	28500	124	106	0	337	0	0	0	1	0	0	0	1	85	78	0	212	12	1	0	11	7	4	0	44	0	0	0	-2	20	23	0	70
08:00:00	28800	139	122	0	354	2	0	0	3	0	0	0	1	75	84	0	203	24	8	0	27	12	3	0	53	0	0	0	-2	26	27	0	69
08:05:00	29100	118	107	0	365	1	4	0	0	0	0	0	1	63	63	0	203	17	9	0	35	8	7	0	54	0	0	0	-2	29	24	0	74
08:10:00	29400	136	128	0	373	0	0	0	0	0	0	0	1	77	83	0	197	26	16	0	45	5	7	0	52	0	0	0	-2	28	22	0	80
08:15:00	29700	100	111	0	362	0	0	0	0	0	0	0	1	61	70	0	188	14	15	0	44	7	2	0	57	0	0	0	-2	18	24	0	74
08:20:00	30000	110	101	0	371	0	0	0	0	0	0	0	1	72	62	0	198	16	18	0	42	5	2	0	60	0	0	0	-2	17	19	0	72
08:25:00	30300	111	96	1	385	0	0	0	0	0	0	0	1	68	68	0	198	20	12	0	50	4	3	0	61	0	0	1	-3	19	13	0	78
08:30:00	30600	103	112	0	376	0	0	0	0	1	1	0	1	49	62	0	185	21	16	0	55	11	6	0	66	0	0	0	-3	21	27	0	72
08:35:00	30900	81	98	0	359	0	0	0	0	0	0	0	1	57	60	0	182	8	19	0	44	7	4	0	69	0	0	0	-3	9	15	0	66
08:40:00	31200	85	83	0	361	0	0	0	0	0	0	0	1	40	50	0	172	24	18	0	50	7	2	0	74	0	0	0	-3	14	13	0	67
08:45:00	31500	102	74	0	389	0	0	0	0	0	0	0	1	47	51	0	168	39	14	0	75	2	1	0	75	0	0	0	-3	14	8	0	73
08:50:00	31800	90	101	1	377	0	0	0	0	0	0	0	1	57	59	0	166	13	22	0	66	7	1	0	81	0	0	1	-4	13	19	0	67
08:55:00	32100	89	93	0	373	0	0	0	0	1	0	0	2	42	54	0	154	18	19	0	65	6	8	0	79	0	0	0	-4	22	12	0	77
09:00:00	32400	96	91	0	378	0	0	0	0	0	1	0	1	70	55	0	169	4	16	0	53	7	2	0	84	0	0	0	-4	15	17	0	75
09:05:00	32700	76	91	0	363	0	0	0	0	0	0	0	1	46	47	0	168	6	12	0	47	3	9	0	78	0	0	0	-4	21	23	0	73
09:10:00	33000	64	89	0	338	0	0	0	0	0	0	0	1	44	53	0	159	3	12	0	38	5	0	0	83	0	0	0	-4	12	24	0	61
09:15:00	33300	56	71	0	323	0	0	0	0	0	0	0	1	40	48	0	151	2	11	0	29	6	1	0	88	0	0	0	-4	8	11	0	58
09:20:00	33600	59	90	0	292	1	0	0	1	1	0	0	2	33	52	0	132	2	10	0	21	6	3	0	91	0	0	0	-4	16	25	0	49
09:25:00	33900	64	75	0	281	0	1	0	0	0	1	0	1	31	40	0	123	4	3	0	22	1	17	0	75	0	0	0	-4	28	13	0	64
09:30:00	34200	49	65	0	265	0	0	0	0	0	0	0	1	32	36	0	119	1	7	0	16	1	4	0	72	0	0	0	-4	15	18	0	61
09:35:00	34500	53	65	0	253	1	0	0	1	0	0	0	1	26	39	0	106	8	5	0	19	5	2	0	75	0	0	0	-4	13	19	0	55
09:40:00	34800	40	62	0	231	0	1	0	0	0	0	0	1	22	35	0	93	2	5	0	16	1	2	0	74	0	0	0	-4	15	19	0	51
09:45:00	35100	46	68	0	209	0	0	0	0	0	1	0	0	23	40	0	76	0	6	0	10	6	3	0	77	0	0	0	-4	17	18	0	50
09:50:00	35400	38	40	0	207	0	0	0	0	0	0	0	0	23	17	0	82	0	4	0	6	4	0	0	81	0	0	0	-4	11	19	0	42
09:55:00	35700	47	45	0	209	0	0	0	0	0	0	0	0	33	26	0	89	0	2	0	4	2	0	0	83	0	0	0	-4	12	17	0	37
10:00:00	36000	79	67	0	221	0	0	0	0	0	0	0	0	44	33	0	100	0	2	0	2	3	12	0	74	0	0	0	-4	32	20	0	49
10:05:00	36300	60	62	0	219	0	0	0	0	0	0	0	0	37	41	0	96	0	1	0	1	0	5	0	69	0	0	0	-4	23	15	0	57
10:10:00	36600	81	83	0	217	0	0	0	0	0	0	0	0	54	41	0	109	0	1	0	0	1	5	0	65	0	0	0	-4	26	36	0	47
10:15:00	36900	63	65	0	215	0	0	0	0	0	0	0	0	34	39	0	104	0	0	0	0	2	2	0	65	0	0	0	-4	27	24	0	50
10:20:00	37200	69	76	0	208	0	0	0	0	0	0	0	0	40	43	0	101	0	0	0	0	4	2	0	67	0	0	0	-4	25	31	0	44
10:25:00	37500	79	78	0	209	1	0	0	1	0	0	0	0	52	51	0	102	0	0	0	0	2	2	0	67	0	0	0	-4	24	25	0	43
10:30:00	37800	60	71	0	198	0	1	0	0	0	0	0	0	32	37	0	97	0	0	0	0	1	0	0	68	0	0	0	-4	27	33	0	37
10:35:00	38100	45	68	0	175	0	0	0	0	0	0	0	0	23	43	0	77	2	1	0	1	2	2	0	68	0	0	0	-4	18	22	0	33
10:40:00	38400	54	59	0	170	0	0	0	0	0	0	0	0	27	35	0	69	1	1	0	1	0	0	0	68	0	0	0	-4	26	23	0	36
10:45:00	38700	68	71	0	167	0	0	0	0	0	0	0	0	33	36	0	66	3	0	0	4	3	8	0	63	0	0	0	-4	29	27	0	38
10:50:00	39000	45	56	0	156	0	0	0	0	0	0	0	0	26	26	0	66	0	2	0	2	2	2	0	63	0	0	0	-4	17	26	0	29
10:55:00	39300	38	51	0	143	0	0	0	0	0	0	0	0	17	26	0	57	2	1	0	3	1	1	0	63	0	0	0	-4	18	23	0	24
11:00:00	39600	48	43	0	148	0	0	0	0	0	0	0	0	23	21	0	59	4	1	0	6	0	0	0	63	0	0	0	-4	21	21	0	24
11:05:00	39900	90	68	0	170	1	1	0	0	0	0	0	0	36	17	0	78	1	1	0	6	12	12	0	63	0	0	0	-4	40	37	0	27
11:10:00	40200	80	53	0	197	0	0	0	0	0	0	0	0	45	26	0	97	2	1	0	7	4	1	0	66	0	0	0	-4	29	25	0	31
11:15:00	40500	62	58	0	201	1	0	0	1	0	0	0	0	33	35	0	95	10	3	0	14	2	2	0	66	0	0	0	-4	16	18	0	29
11:20:00	40800	64	61	0	204	0	0	0	1	0	0	0	0	38	38	0	95	2	1	0	15	2	3	0	65	0	0	0	-4	22	19	0	32
11:25:00	41100	73	73	0	204	0	1	0	0	0	0	0	0	40	42	0	93	3	4	0	14	2	1	0	66	0	0	0	-4	28	25	0	35
11:30:00	41400	85	63	0	226	1	0	0	1	0	0	0	0	52	31	0	114	1	5	0	10	3	2	0	67	0	0	0	-4	28	25	0	38
11:35:00	41700	101	93	0	234	2	1	0	2	0	0	0	0	54	48	0	120	3	3	0	10	8	10	0	65	0	0	0	-4	34	31	0	41
11:40:00	42000	87	85	0	236	0	2	0	0	0	0	0	0	48	39	0	129	0	3	0	7	3	14	0	54	0	0	0	-4	36	27	0	50
11:45:00	42300	88	93	0	231	0	0	0	0	0	0	0	0	50	50	0	129	3	4	0	6	8	6	0	56	0	0	0	-4	27	33	0	44
11:50:00	42600	85	71	0	245	1	0	0	1	0	0	0	0	48	37	0	140	5	3	0	8	0	1	0	55	0	0	0	-4	31	30	0	45
11:55:00	42900	101	86	0	260	1	2	0	0	0	0	0	0	59	47	0	152	1	1	0	8	1	5	0	51	0	0	0	-4	39	31	0	53
12:00:00	43200	84	93	1	250	0	0	0	0	0	0	0	0	62	61	0	153	2	1	0	9	6	0	0	57	0	0	1	-5	14	31	0	36
12:05:00	43500	60	81	0	229	0	0	0	0	0	0	0	0	36	51	0	138	8	6	0	11	4	0	0	61	0	0	0	-5	12	24	0	24
12:10:00	43800	66	51	0	244	1	0	0	1	0	0	0	0	46	39	0	145	2	0	0	13	2	1	0	62	0	0	0	-5	15	11	0	28
12:15:00	44100	55	69	0	230	1	0	0	2	0	0	0	0	37	51	0	131	1	3	0	11	4	3	0	63	0	0	0	-5	12	12	0	28
12:20:00	44400	49	70	1	208	0	1	0	1	0	0	0	0	34	48	0	117	0	3	0	8	4	2	0	65	0	0	1	-6	11	16	0	23
12:25:00	44700	59	53	0	214	0	1	0	0	0	0	0	0	43	32	0	128	0	3	0	5	5	4	0	66	0	0	0	-6	11	13	0	21
12:30:00	45000	40	47	0	207	1	0	0	1	0	0	0	0	33	38	0	123	0	1	0	4	0	3	0	63	0	0	0	-6	6	5	0	22
12:35:00	45300	27	51	0	183	0	1	0	0	0	0	0	0	11	37	0	97	0	2	0	2	3	3	0	63	0	0	0	-6	13	8	0	27
12:40:00	45600	34	36	0	181	1	0	0	1	0	0	0	0	24	27	0	94	0	1	0	1	2	2	0	63	0	0	0	-6	7	6	0	28
12:45:00	45900	47	42	0	186	0	0	0	1	0	0	0	0	30	32	0	92	0	0	0	1	4	1	0	66	0	0	0	-6	13	9	0	32
12:50:00	46200	33	41	0	178	2	1	0	2	0	0	0	0	22	29	0	85	0	1	0	0	5	0	0	71	0	0	0	-6	4	10	0	26
12:55:00	46500	38	42	0	174	0	1	0	1	0	0	0	0	26	28	0	83	0	0	0	0	4	4	0	71	0	0	0	-6	8	9	0	25
13:00:00	46800	5	34	0	145	0	0	0	1	0	0	0	0	0	23	0	60	0	0	0	0	3	1	0	73	0	0	0	-6	2	10	0	17
13:05:00	47100	4	32	0	117	0	1	0	0	0	0	0	0	3	25	0	38	0	0	0	0	0	0	0	73	0	0	0	-6	1	6	0	12
13:10:00	47400	2	15	0	104	0	0	0	0	0	0	0	0	0	10	0	28	0	0	0	0	1	1	0	73	0	0	0	-6	1	4	0	9
13:15:00	47700	22	7	0	119	0	0	0	0	0	0	0	0	14	6	0	36	0	0	0	0	0	1	0	72	0	0	0	-6	8	0	0	17
13:20:00	48000	18	22	0	115	0	0	0	0	0	0	0	0	9	9	0	36	0	0	0	0	1	3	0	70	0	0	0	-6	8	10	0	15
13:25:00	48300	20	19	0	116	0	0	0	0	0	0	0	0	12	9	0	39	0	0	0	0	2	4	0	68	0	0	0	-6	6	6	0	15
13:30:00	48600	55	25	0	146	0	0	0	0	0	0	0	0	43	18	0	64	1	0	0	1	1	3	0	66	0	0	0	-6	10	4	0	21
13:35:00	48900	62	43	0	165	0	0	0	0	0	0	0	0	37	30	0	71	5	0	0	6	1	8	0	59	0	0	0	-6	19	5	0	35
13:40:00	49200	49	44	0	170	1	0	0	1	0	0	0	0	31	28	0	74	5	2	0	9	2	3	0	58	0	0	0	-6	10	11	0	34
13:45:00	49500	60	44	0	186	0	1	0	0	0	0	0	0	40	28	0	86	2	3	0	8	2	2	0	58	0	0	0	-6	16	10	0	40
13:50:00	49800	98	52	0	232	1	0	0	1	0	0	0	0	54	27	0	113	15	7	0	16	3	2	0	59	0	0	0	-6	25	16	0	49
13:55:00	50100	114	71	0	275	1	1	0	1	0	0	0	0	73	47	0	139	12	5	0	23	2	2	0	59	0	0	0	-6	26	16	0	59
14:00:00	50400	95	89	0	281	0	0	0	1	0	0	0	0	63	53	0	149	3	9	0	17	5	0	0	64	0	0	0	-6	24	27	0	56
14:05:00	50700	94	94	0	281	1	2	0	0	0	0	0	0	40	47	0	142	9	6	0	20	6	1	0	69	0	0	0	-6	38	38	0	56
14:10:00	51000	87	73	0	295	2	0	0	2	0	0	0	0	53	42	0	153	14	12	0	22	6	0	0	75	0	0	0	-6	12	19	0	49
14:15:00	51300	72	78	0	289	0	2	0	0	0	0	0	0	39	51	0	141	8	7	0	23	8	0	0	83	0	0	0	-6	17	18	0	48
14:20:00	51600	93	88	0	294	1	0	0	1	0	0	0	0	42	44	0	139	14	9	0	28	9	7	0	85	0	0	0	-6	27	28	0	47
14:25:00	51900	75	77	0	292	0	0	0	1	0	0	0	0	44	51	0	132	16	10	0	34	4	1	0	88	0	0	0	-6	11	15	0	43
14:30:00	52200	61	77	0	276	0	1	0	0	0	0	0	0	27	36	0	123	12	14	0	32	7	3	0	92	0	0	0	-6	15	23	0	35
14:35:00	52500	77	74	0	279	2	0	0	2	0	0	0	0	40	38	0	125	4	12	0	24	3	3	0	92	0	0	0	-6	28	21	0	42
14:40:00	52800	63	84	0	258	0	1	0	1	0	0	0	0	36	49	0	112	8	7	0	25	2	4	0	90	0	0	0	-6	17	23	0	36
14:45:00	53100	62	78	0	242	0	0	0	1	0	0	0	0	23	32	0	103	9	13	0	21	9	14	0	85	0	0	0	-6	21	19	0	38
14:50:00	53400	57	71	0	228	0	1	0	0	0	0	0	0	25	34	0	94	3	6	0	18	3	3	0	85	0	0	0	-6	26	27	0	37
14:55:00	53700	50	65	0	213	1	0	0	1	0	0	0	0	17	28	0	83	8	7	0	19	4	8	0	81	0	0	0	-6	20	22	0	35
15:00:00	54000	47	58	0	202	0	1	0	0	0	0	0	0	28	29	0	82	3	8	0	14	0	7	0	74	0	0	0	-6	16	13	0	38
15:05:00	54300	51	50	0	203	0	0	0	0	0	0	0	0	27	34	0	75	1	4	0	11	3	0	0	77	0	0	0	-6	20	12	0	46
15:10:00	54600	51	56	0	198	1	0	0	1	0	0	0	0	26	29	0	72	0	5	0	6	3	0	0	80	0	0	0	-6	21	22	0	45
15:15:00	54900	60	56	0	202	0	0	0	1	0	0	0	0	39	27	0	84	1	2	0	5	5	2	0	83	0	0	0	-6	15	25	0	35
15:20:00	55200	55	52	0	205	0	1	0	0	0	0	0	0	33	27	0	90	1	1	0	5	3	1	0	85	0	0	0	-6	18	22	0	31
15:25:00	55500	55	59	0	201	0	0	0	0	0	0	0	0	37	41	0	86	0	0	0	5	3	2	0	86	0	0	0	-6	15	16	0	30
15:30:00	55800	81	55	0	227	0	0	0	0	0	0	0	0	48	30	0	104	0	1	0	4	3	3	0	86	0	0	0	-6	30	21	0	39
15:35:00	56100	113	80	0	260	2	0	0	2	0	0	0	0	68	44	0	128	0	0	0	4	6	8	0	84	0	0	0	-6	37	28	0	48
15:40:00	56400	108	94	0	274	1	0	0	3	0	0	0	0	70	58	0	140	0	1	0	3	3	4	0	83	0	0	0	-6	34	31	0	51
15:45:00	56700	78	91	0	261	1	2	0	2	0	0	0	0	50	58	0	132	0	0	0	3	4	3	0	84	0	0	0	-6	23	28	0	46
15:50:00	57000	86	84	1	262	1	2	0	1	0	0	0	0	58	52	0	138	0	1	0	2	1	0	0	85	0	0	1	-7	26	29	0	43
15:55:00	57300	68	87	1	242	0	1	0	0	0	0	0	0	35	48	0	125	0	0	0	2	2	7	0	80	0	0	1	-8	31	31	0	43
16:00:00	57600	92	86	0	248	0	0	0	0	0	0	0	0	38	45	0	118	21	0	0	23	4	7	0	77	0	0	0	-8	29	34	0	38
16:05:00	57900	85	78	0	255	0	0	0	0	0	0	0	0	41	48	0	111	19	7	0	35	3	3	0	77	0	0	0	-8	22	20	0	40
16:10:00	58200	72	89	0	238	2	1	0	1	0	0	0	0	27	42	0	96	18	15	0	38	3	0	0	80	0	0	0	-8	22	31	0	31
16:15:00	58500	86	84	0	240	0	0	0	1	0	0	0	0	32	36	0	92	16	14	0	40	4	13	0	71	0	0	0	-8	34	21	0	44
16:20:00	58800	96	71	0	265	0	0	0	1	0	0	0	0	48	29	0	111	17	11	0	46	1	2	0	70	0	0	0	-8	30	29	0	45
16:25:00	59100	104	79	0	290	0	1	0	0	0	0	0	0	46	35	0	122	27	20	0	53	1	5	0	66	0	0	0	-8	30	18	0	57
16:30:00	59400	121	95	0	316	0	0	0	0	0	0	0	0	52	45	0	129	31	15	0	69	5	5	0	66	0	0	0	-8	33	30	0	60
16:35:00	59700	137	97	0	356	1	0	0	1	0	0	0	0	70	38	0	161	28	21	0	76	5	3	0	68	0	0	0	-8	33	35	0	58
16:40:00	60000	139	133	0	362	0	1	0	0	0	0	0	0	87	67	0	181	19	27	0	68	5	5	0	68	0	0	0	-8	28	33	0	53
16:45:00	60300	106	97	0	371	0	0	0	0	0	0	0	0	55	54	0	182	28	18	0	78	4	4	0	68	0	0	0	-8	19	21	0	51
16:50:00	60600	158	146	0	383	1	1	0	0	0	0	0	0	76	79	0	179	47	32	0	93	2	3	0	67	0	0	0	-8	32	31	0	52
16:55:00	60900	132	121	1	393	1	0	0	1	0	0	0	0	71	65	0	185	31	26	0	98	1	1	0	67	0	0	1	-9	28	29	0	51
17:00:00	61200	186	132	0	447	0	1	0	0	2	1	0	1	108	61	0	232	20	31	0	87	8	10	0	65	0	0	0	-9	48	28	0	71
17:05:00	61500	185	140	1	491	1	0	0	1	0	1	0	0	123	81	0	274	12	20	0	79	5	10	0	60	0	0	1	-10	44	28	0	87
17:10:00	61800	168	155	0	504	0	0	0	1	0	0	0	0	102	88	0	288	15	20	0	74	12	4	0	68	0	0	0	-10	39	43	0	83
17:15:00	62100	183	172	0	515	1	1	0	1	0	0	0	0	107	104	0	291	25	22	0	77	6	7	0	67	0	0	0	-10	44	38	0	89
17:20:00	62400	185	161	0	539	0	0	0	1	0	0	0	0	121	91	0	321	14	22	0	69	8	3	0	72	0	0	0	-10	42	45	0	86
17:25:00	62700	129	177	0	491	0	1	0	0	0	0	0	0	83	106	0	298	3	27	0	45	7	6	0	73	0	0	0	-10	36	37	0	85
17:30:00	63000	108	135	0	464	1	0	0	1	0	0	0	0	78	92	0	284	1	10	0	36	5	6	0	72	0	0	0	-10	23	27	0	81
17:35:00	63300	103	112	0	455	0	1	0	0	0	0	0	0	70	76	0	278	0	4	0	32	11	3	0	80	0	0	0	-10	22	28	0	75
17:40:00	63600	81	112	0	424	1	0	0	1	0	0	0	0	45	69	0	254	3	10	0	25	13	7	0	86	0	0	0	-10	19	26	0	68
17:45:00	63900	116	102	0	438	0	0	0	1	0	0	0	0	80	71	0	263	1	1	0	25	5	8	0	83	0	0	0	-10	30	22	0	76
17:50:00	64200	96	101	0	433	1	1	0	1	0	0	0	0	75	74	0	264	0	4	0	21	9	1	0	91	0	0	0	-10	11	21	0	66
17:55:00	64500	110	118	0	425	0	1	0	0	0	0	0	0	80	78	0	266	1	5	0	17	8	7	0	92	0	0	0	-10	21	27	0	60
18:00:00	64800	76	110	0	391	0	0	0	0	0	0	0	0	50	84	0	232	1	2	0	16	3	6	0	89	0	0	0	-10	22	18	0	64
18:05:00	65100	78	101	0	368	1	1	0	0	2	0	0	2	42	63	0	211	0	2	0	14	8	15	0	82	0	0	0	-10	25	20	0	69
18:10:00	65400	51	79	0	340	0	0	0	0	0	1	0	1	32	51	0	192	0	0	0	14	6	5	0	83	0	0	0	-10	13	22	0	60
18:15:00	65700	42	84	0	298	1	1	0	0	0	1	0	0	26	59	0	159	1	2	0	13	1	5	0	79	0	0	0	-10	13	16	0	57
18:20:00	66000	67	70	0	295	0	0	0	0	0	0	0	0	41	37	0	163	0	1	0	12	0	17	0	62	0	0	0	-10	26	15	0	68
18:25:00	66300	45	70	0	270	0	0	0	0	0	0	0	0	28	39	0	152	0	1	0	11	0	9	0	53	0	0	0	-10	17	21	0	64
18:30:00	66600	42	60	0	252	1	0	0	1	0	0	0	0	28	39	0	141	0	0	0	11	0	5	0	48	0	0	0	-10	13	16	0	61
18:35:00	66900	64	81	0	235	0	1	0	0	0	0	0	0	39	47	0	133	1	3	0	9	1	9	0	40	0	0	0	-10	23	21	0	63
18:40:00	67200	35	55	0	215	0	0	0	0	0	0	0	0	27	33	0	127	0	2	0	7	3	2	0	41	0	0	0	-10	5	18	0	50
18:45:00	67500	32	52	0	195	0	0	0	0	0	0	0	0	22	35	0	114	0	3	0	4	2	4	0	39	0	0	0	-10	8	10	0	48
18:50:00	67800	18	42	0	171	0	0	0	0	0	0	0	0	8	23	0	99	0	0	0	4	0	7	0	32	0	0	0	-10	10	12	0	46
18:55:00	68100	26	41	0	156	0	0	0	0	0	0	0	0	15	22	0	92	0	0	0	4	1	7	0	26	0	0	0	-10	10	12	0	44
19:00:00	68400	69	41	0	184	0	0	0	0	0	0	0	0	56	25	0	123	0	0	0	4	0	7	0	19	0	0	0	-10	13	9	0	48
19:05:00	68700	80	43	0	221	0	0	0	0	0	0	0	0	65	30	0	158	0	0	0	4	2	0	0	21	0	0	0	-10	13	13	0	48
19:10:00	69000	61	61	0	221	0	0	0	0	1	0	0	1	54	49	0	163	0	0	0	4	1	1	0	21	0	0	0	-10	5	11	0	42
19:15:00	69300	58	66	0	213	0	0	0	0	0	1	0	0	40	50	0	153	0	1	0	3	3	4	0	20	0	0	0	-10	15	10	0	47
19:20:00	69600	56	56	0	213	1	0	0	1	0	0	0	0	47	47	0	153	0	0	0	3	0	0	0	20	0	0	0	-10	8	9	0	46
19:25:00	69900	88	61	0	240	0	0	0	1	0	0	0	0	75	48	0	180	0	0	0	3	2	1	0	21	0	0	0	-10	11	12	0	45
19:30:00	70200	66	62	0	244	0	0	0	1	0	0	0	0	53	48	0	185	0	0	0	3	0	4	0	17	0	0	0	-10	13	10	0	48
19:35:00	70500	52	87	0	209	0	1	0	0	0	0	0	0	38	68	0	155	0	0	0	3	1	4	0	14	0	0	0	-10	13	14	0	47
19:40:00	70800	38	53	0	194	0	0	0	0	0	0	0	0	33	43	0	145	0	0	0	3	1	0	0	15	0	0	0	-10	4	10	0	41
19:45:00	71100	67	60	0	201	0	0	0	0	0	0	0	0	49	41	0	153	0	1	0	2	3	4	0	14	0	0	0	-10	15	14	0	42
19:50:00	71400	48	59	0	190	1	0	0	1	0	0	0	0	41	46	0	148	0	0	0	2	1	0	0	15	0	0	0	-10	5	13	0	34
19:55:00	71700	54	65	0	179	1	0	0	2	0	0	0	0	39	54	0	133	0	0	0	2	3	1	0	17	0	0	0	-10	11	10	0	35
20:00:00	72000	10	43	0	146	0	1	0	1	0	0	0	0	4	33	0	104	0	0	0	2	0	2	0	15	0	0	0	-10	6	7	0	34
20:05:00	72300	6	43	0	109	0	0	0	1	0	0	0	0	4	31	0	77	0	0	0	2	2	0	0	17	0	0	0	-10	0	12	0	22
20:10:00	72600	7	20	0	96	0	1	0	0	0	0	0	0	4	15	0	66	0	0	0	2	0	0	0	17	0	0	0	-10	3	4	0	21
20:15:00	72900	7	21	0	82	0	0	0	0	0	0	0	0	3	14	0	55	0	0	0	2	0	3	0	14	0	0	0	-10	4	4	0	21
20:20:00	73200	11	22	0	71	0	0	0	0	0	0	0	0	6	14	0	47	0	1	0	1	1	2	0	13	0	0	0	-10	4	5	0	20
20:25:00	73500	12	13	0	70	0	0	0	0	0	0	0	0	5	4	0	48	0	0	0	1	0	5	0	8	0	0	0	-10	7	4	0	23
20:30:00	73800	9	21	0	58	0	0	0	0	0	0	0	0	3	12	0	39	0	1	0	0	0	4	0	4	0	0	0	-10	6	4	0	25
20:35:00	74100	4	8	0	54	0	0	0	0	0	0	0	0	3	4	0	38	0	0	0	0	0	1	0	3	0	0	0	-10	1	3	0	23
20:40:00	74400	4	11	0	47	0	0	0	0	0	0	0	0	4	6	0	36	0	0	0	0	0	0	0	3	0	0	0	-10	0	5	0	18
20:45:00	74700	5	9	0	43	0	0	0	0	0	0	0	0	3	3	0	36	0	0	0	0	0	0	0	3	0	0	0	-10	2	6	0	14
20:50:00	75000	10	14	0	39	0	0	0	0	0	0	0	0	7	8	0	35	0	0	0	0	0	0	0	3	0	0	0	-10	3	6	0	11
20:55:00	75300	5	8	0	36	0	0	0	0	0	0	0	0	5	6	0	34	0	0	0	0	0	0	0	3	0	0	0	-10	0	2	0	9
21:00:00	75600	11	12	0	35	0	0	0	0	0	0	0	0	9	10	0	33	0	0	0	0	0	0	0	3	0	0	0	-10	2	2	0	9
21:05:00	75900	6	9	0	32	0	0	0	0	0	0	0	0	5	6	0	32	0	0	0	0	0	0	0	3	0	0	0	-10	1	3	0	7
21:10:00	76200	3	5	0	30	0	0	0	0	0	0	0	0	3	3	0	32	0	0	0	0	0	0	0	3	0	0	0	-10	0	2	0	5
21:15:00	76500	1	5	0	26	0	0	0	0	0	0	0	0	1	5	0	28	0	0	0	0	0	0	0	3	0	0	0	-10	0	0	0	5
21:20:00	76800	2	3	0	25	0	0	0	0	0	0	0	0	2	3	0	27	0	0	0	0	0	0	0	3	0	0	0	-10	0	0	0	5
21:25:00	77100	1	3	0	23	0	0	0	0	0	0	0	0	1	3	0	25	0	0	0	0	0	0	0	3	0	0	0	-10	0	0	0	5
21:30:00	77400	0	3	0	20	0	0	0	0	0	0	0	0	0	3	0	22	0	0	0	0	0	0	0	3	0	0	0	-10	0	0	0	5
21:35:00	77700	0	4	0	16	0	0	0	0	0	0	0	0	0	4	0	18	0	0	0	0	0	0	0	3	0	0	0	-10	0	0	0	5
21:40:00	78000	2	4	0	14	0	0	0	0	0	0	0	0	2	4	0	16	0	0	0	0	0	0	0	3	0	0	0	-10	0	0	0	5
21:45:00	78300	2	4	0	12	0	0	0	0	0	0	0	0	2	2	0	16	0	0	0	0	0	0	0	3	0	0	0	-10	0	2	0	3
21:50:00	78600	3	5	0	10	0	0	0	0	0	0	0	0	3	5	0	14	0	0	0	0	0	0	0	3	0	0	0	-10	0	0	0	3
21:55:00	78900	1	1	0	10	0	0	0	0	0	0	0	0	1	1	0	14	0	0	0	0	0	0	0	3	0	0	0	-10	0	0	0	3
22:00:00	79200	1	2	0	9	0	0	0	0	0	0	0	0	0	2	0	12	0	0	0	0	0	0	0	3	0	0	0	-10	1	0	0	4
22:05:00	79500	0	2	0	7	0	0	0	0	0	0	0	0	0	0	0	12	0	0	0	0	0	0	0	3	0	0	0	-10	0	2	0	2
22:10:00	79800	1	2	0	6	0	0	0	0	0	0	0	0	1	2	0	11	0	0	0	0	0	0	0	3	0	0	0	-10	0	0	0	2
22:15:00	80100	3	5	0	4	0	0	0	0	0	0	0	0	2	4	0	9	0	0	0	0	0	0	0	3	0	0	0	-10	1	1	0	2
22:20:00	80400	0	3	0	1	0	0	0	0	0	0	0	0	0	1	0	8	0	0	0	0	0	0	0	3	0	0	0	-10	0	2	0	0
22:25:00	80700	0	2	0	-1	0	0	0	0	0	0	0	0	0	2	0	6	0	0	0	0	0	0	0	3	0	0	0	-10	0	0	0	0
22:30:00	81000	0	0	0	-1	0	0	0	0	0	0	0	0	0	0	0	6	0	0	0	0	0	0	0	3	0	0	0	-10	0	0	0	0
22:35:00	81300	0	0	0	-1	0	0	0	0	0	0	0	0	0	0	0	6	0	0	0	0	0	0	0	3	0	0	0	-10	0	0	0	0
22:40:00	81600	0	1	0	-2	0	0	0	0	0	0	0	0	0	1	0	5	0	0	0	0	0	0	0	3	0	0	0	-10	0	0	0	0
22:45:00	81900	2	2	0	-2	0	0	0	0	0	0	0	0	2	2	0	5	0	0	0	0	0	0	0	3	0	0	0	-10	0	0	0	0
22:50:00	82200	0	1	0	-3	0	0	0	0	0	0	0	0	0	1	0	4	0	0	0	0	0	0	0	3	0	0	0	-10	0	0	0	0
22:55:00	82500	0	0	0	-3	0	0	0	0	0	0	0	0	0	0	0	4	0	0	0	0	0	0	0	3	0	0	0	-10	0	0	0	0
23:00:00	82800	0	0	0	-3	0	0	0	0	0	0	0	0	0	0	0	4	0	0	0	0	0	0	0	3	0	0	0	-10	0	0	0	0
23:05:00	83100	0	0	0	-3	0	0	0	0	0	0	0	0	0	0	0	4	0	0	0	0	0	0	0	3	0	0	0	-10	0	0	0	0
23:10:00	83400	0	0	0	-3	0	0	0	0	0	0	0	0	0	0	0	4	0	0	0	0	0	0	0	3	0	0	0	-10	0	0	0	0
23:15:00	83700	6	2	0	1	0	0	0	0	0	0	0	0	6	2	0	8	0	0	0	0	0	0	0	3	0	0	0	-10	0	0	0	0
23:20:00	84000	5	4	0	2	0	0	0	0	0	0	0	0	4	4	0	8	0	0	0	0	0	0	0	3	0	0	0	-10	1	0	0	1
23:25:00	84300	5	1	0	6	0	0	0	0	0	0	0	0	3	0	0	11	0	0	0	0	0	0	0	3	0	0	0	-10	2	1	0	2
23:30:00	84600	2	7	0	1	0	0	0	0	0	0	0	0	2	5	0	8	0	0	0	0	0	0	0	3	0	0	0	-10	0	2	0	0
23:35:00	84900	2	0	0	3	0	0	0	0	0	0	0	0	2	0	0	10	0	0	0	0	0	0	0	3	0	0	0	-10	0	0	0	0
23:40:00	85200	3	3	0	3	0	0	0	0	0	0	0	0	2	3	0	9	0	0	0	0	0	0	0	3	0	0	0	-10	1	0	0	1
23:45:00	85500	4	2	0	5	0	0	0	0	0	0	0	0	2	1	0	10	0	0	0	0	0	0	0	3	0	0	0	-10	2	1	0	2
23:50:00	85800	4	6	0	3	0	0	0	0	0	0	0	0	4	4	0	10	0	0	0	0	0	0	0	3	0	0	0	-10	0	2	0	0
23:55:00	86100	2	2	0	3	0	0	0	0	0	0	0	0	0	2	0	8	0	0	0	0	0	0	0	3	0	0	0	-10	2	0	0	2
24:00:00	86400	4	1	0	6	0	0	0	0	0	0	0	0	3	0	0	11	0	0	0	0	0	0	0	3	0	0	0	-10	1	1	0	2
24:05:00	86700	2	3	0	5	0	0	0	0	0	0	0	0	2	2	0	11	0	0	0	0	0	0	0	3	0	0	0	-10	0	1	0	1
24:10:00	87000	3	4	0	4	0	0	0	0	0	0	0	0	2	3	0	10	0	0	0	0	0	0	0	3	0	0	0	-10	1	1	0	1
24:15:00	87300	0	2	0	2	0	0	0	0	0	0	0	0	0	2	0	8	0	0	0	0	0	0	0	3	0	0	0	-10	0	0	0	1
24:20:00	87600	0	2	0	0	0	0	0	0	0	0	0	0	0	2	0	6	0	0	0	0	0	0	0	3	0	0	0	-10	0	0	0	1
24:25:00	87900	0	2	0	-2	0	0	0	0	0	0	0	0	0	1	0	5	0	0	0	0	0	0	0	3	0	0	0	-10	0	1	0	0
24:30:00	88200	0	0	0	-2	0	0	0	0	0	0	0	0	0	0	0	5	0	0	0	0	0	0	0	3	0	0	0	-10	0	0	0	0
24:35:00	88500	0	2	0	-4	0	0	0	0	0	0	0	0	0	2	0	3	0	0	0	0	0	0	0	3	0	0	0	-10	0	0	0	0
24:40:00	88800	0	0	0	-4	0	0	0	0	0	0	0	0	0	0	0	3	0	0	0	0	0	0	0	3	0	0	0	-10	0	0	0	0
24:45:00	89100	0	0	0	-4	0	0	0	0	0	0	0	0	0	0	0	3	0	0	0	0	0	0	0	3	0	0	0	-10	0	0	0	0
24:50:00	89400	0	2	0	-6	0	0	0	0	0	0	0	0	0	2	0	1	0	0	0	0	0	0	0	3	0	0	0	-10	0	0	0	0
24:55:00	89700	0	0	0	-6	0	0	0	0	0	0	0	0	0	0	0	1	0	0	0	0	0	0	0	3	0	0	0	-10	0	0	0	0
25:00:00	90000	0	0	0	-6	0	0	0	0	0	0	0	0	0	0	0	1	0	0	0	0	0	0	0	3	0	0	0	-10	0	0	0	0
25:05:00	90300	0	0	0	-6	0	0	0	0	0	0	0	0	0	0	0	1	0	0	0	0	0	0	0	3	0	0	0	-10	0	0	0	0
25:10:00	90600	0	0	0	-6	0	0	0	0	0	0	0	0	0	0	0	1	0	0	0	0	0	0	0	3	0	0	0	-10	0	0	0	0
25:15:00	90900	0	0	0	-6	0	0	0	0	0	0	0	0	0	0	0	1	0	0	0	0	0	0	0	3	0	0	0	-10	0	0	0	0
25:20:00	91200	0	0	0	-6	0	0	0	0	0	0	0	0	0	0	0	1	0	0	0	0	0	0	0	3	0	0	0	-10	0	0	0	0
25:25:00	91500	0	0	0	-6	0	0	0	0	0	0	0	0	0	0	0	1	0	0	0	0	0	0	0	3	0	0	0	-10	0	0	0	0
25:30:00	91800	0	0	0	-6	0	0	0	0	0	0	0	0	0	0	0	1	0	0	0	0	0	0	0	3	0	0	0	-10	0	0	0	0
25:35:00	92100	0	0	0	-6	0	0	0	0	0	0	0	0	0	0	0	1	0	0	0	0	0	0	0	3	0	0	0	-10	0	0	0	0
25:40:00	92400	0	0	0	-6	0	0	0	0	0	0	0	0	0	0	0	1	0	0	0	0	0	0	0	3	0	0	0	-10	0	0	0	0
25:45:00	92700	0	0	0	-6	0	0	0	0	0	0	0	0	0	0	0	1	0	0	0	0	0	0	0	3	0	0	0	-10	0	0	0	0
25:50:00	93000	0	0	0	-6	0	0	0	0	0	0	0	0	0	0	0	1	0	0	0	0	0	0	0	3	0	0	0	-10	0	0	0	0
25:55:00	93300	0	0	0	-6	0	0	0	0	0	0	0	0	0	0	0	1	0	0	0	0	0	0	0	3	0	0	0	-10	0	0	0	0
26:00:00	93600	0	0	0	-6	0	0	0	0	0	0	0	0	0	0	0	1	0	0	0	0	0	0	0	3	0	0	0	-10	0	0	0	0
26:05:00	93900	2	2	0	-6	0	0	0	0	0	0	0	0	2	2	0	1	0	0	0	0	0	0	0	3	0	0	0	-10	0	0	0	0
26:10:00	94200	0	1	0	-7	0	0	0	0	0	0	0	0	0	1	0	0	0	0	0	0	0	0	0	3	0	0	0	-10	0	0	0	0
26:15:00	94500	0	0	0	-7	0	0	0	0	0	0	0	0	0	0	0	0	0	0	0	0	0	0	0	3	0	0	0	-10	0	0	0	0
26:20:00	94800	0	0	0	-7	0	0	0	0	0	0	0	0	0	0	0	0	0	0	0	0	0	0	0	3	0	0	0	-10	0	0	0	0
26:25:00	95100	0	0	0	-7	0	0	0	0	0	0	0	0	0	0	0	0	0	0	0	0	0	0	0	3	0	0	0	-10	0	0	0	0
26:30:00	95400	0	0	0	-7	0	0	0	0	0	0	0	0	0	0	0	0	0	0	0	0	0	0	0	3	0	0	0	-10	0	0	0	0
26:35:00	95700	0	0	0	-7	0	0	0	0	0	0	0	0	0	0	0	0	0	0	0	0	0	0	0	3	0	0	0	-10	0	0	0	0
26:40:00	96000	0	0	0	-7	0	0	0	0	0	0	0	0	0	0	0	0	0	0	0	0	0	0	0	3	0	0	0	-10	0	0	0	0
26:45:00	96300	0	0	0	-7	0	0	0	0	0	0	0	0	0	0	0	0	0	0	0	0	0	0	0	3	0	0	0	-10	0	0	0	0
26:50:00	96600	0	0	0	-7	0	0	0	0	0	0	0	0	0	0	0	0	0	0	0	0	0	0	0	3	0	0	0	-10	0	0	0	0
26:55:00	96900	0	0	0	-7	0	0	0	0	0	0	0	0	0	0	0	0	0	0	0	0	0	0	0	3	0	0	0	-10	0	0	0	0
27:00:00	97200	0	0	0	-7	0	0	0	0	0	0	0	0	0	0	0	0	0	0	0	0	0	0	0	3	0	0	0	-10	0	0	0	0
27:05:00	97500	0	0	0	-7	0	0	0	0	0	0	0	0	0	0	0	0	0	0	0	0	0	0	0	3	0	0	0	-10	0	0	0	0
27:10:00	97800	0	0	0	-7	0	0	0	0	0	0	0	0	0	0	0	0	0	0	0	0	0	0	0	3	0	0	0	-10	0	0	0	0
27:15:00	98100	0	0	0	-7	0	0	0	0	0	0	0	0	0	0	0	0	0	0	0	0	0	0	0	3	0	0	0	-10	0	0	0	0
27:20:00	98400	0	0	0	-7	0	0	0	0	0	0	0	0	0	0	0	0	0	0	0	0	0	0	0	3	0	0	0	-10	0	0	0	0
27:25:00	98700	0	0	0	-7	0	0	0	0	0	0	0	0	0	0	0	0	0	0	0	0	0	0	0	3	0	0	0	-10	0	0	0	0
27:30:00	99000	0	0	0	-7	0	0	0	0	0	0	0	0	0	0	0	0	0	0	0	0	0	0	0	3	0	0	0	-10	0	0	0	0
27:35:00	99300	0	0	0	-7	0	0	0	0	0	0	0	0	0	0	0	0	0	0	0	0	0	0	0	3	0	0	0	-10	0	0	0	0
27:40:00	99600	0	0	0	-7	0	0	0	0	0	0	0	0	0	0	0	0	0	0	0	0	0	0	0	3	0	0	0	-10	0	0	0	0
27:45:00	99900	0	0	0	-7	0	0	0	0	0	0	0	0	0	0	0	0	0	0	0	0	0	0	0	3	0	0	0	-10	0	0	0	0
27:50:00	100200	0	0	0	-7	0	0	0	0	0	0	0	0	0	0	0	0	0	0	0	0	0	0	0	3	0	0	0	-10	0	0	0	0
27:55:00	100500	0	0	0	-7	0	0	0	0	0	0	0	0	0	0	0	0	0	0	0	0	0	0	0	3	0	0	0	-10	0	0	0	0
28:00:00	100800	0	0	0	-7	0	0	0	0	0	0	0	0	0	0	0	0	0	0	0	0	0	0	0	3	0	0	0	-10	0	0	0	0
28:05:00	101100	0	0	0	-7	0	0	0	0	0	0	0	0	0	0	0	0	0	0	0	0	0	0	0	3	0	0	0	-10	0	0	0	0
28:10:00	101400	0	0	0	-7	0	0	0	0	0	0	0	0	0	0	0	0	0	0	0	0	0	0	0	3	0	0	0	-10	0	0	0	0
28:15:00	101700	0	0	0	-7	0	0	0	0	0	0	0	0	0	0	0	0	0	0	0	0	0	0	0	3	0	0	0	-10	0	0	0	0
28:20:00	102000	0	0	0	-7	0	0	0	0	0	0	0	0	0	0	0	0	0	0	0	0	0	0	0	3	0	0	0	-10	0	0	0	0
28:25:00	102300	0	0	0	-7	0	0	0	0	0	0	0	0	0	0	0	0	0	0	0	0	0	0	0	3	0	0	0	-10	0	0	0	0
28:30:00	102600	0	0	0	-7	0	0	0	0	0	0	0	0	0	0	0	0	0	0	0	0	0	0	0	3	0	0	0	-10	0	0	0	0
28:35:00	102900	0	0	0	-7	0	0	0	0	0	0	0	0	0	0	0	0	0	0	0	0	0	0	0	3	0	0	0	-10	0	0	0	0
28:40:00	103200	0	0	0	-7	0	0	0	0	0	0	0	0	0	0	0	0	0	0	0	0	0	0	0	3	0	0	0	-10	0	0	0	0
28:45:00	103500	0	0	0	-7	0	0	0	0	0	0	0	0	0	0	0	0	0	0	0	0	0	0	0	3	0	0	0	-10	0	0	0	0
28:50:00	103800	0	0	0	-7	0	0	0	0	0	0	0	0	0	0	0	0	0	0	0	0	0	0	0	3	0	0	0	-10	0	0	0	0
28:55:00	104100	0	0	0	-7	0	0	0	0	0	0	0	0	0	0	0	0	0	0	0	0	0	0	0	3	0	0	0	-10	0	0	0	0
29:00:00	104400	0	0	0	-7	0	0	0	0	0	0	0	0	0	0	0	0	0	0	0	0	0	0	0	3	0	0	0	-10	0	0	0	0
29:05:00	104700	0	0	0	-7	0	0	0	0	0	0	0	0	0	0	0	0	0	0	0	0	0	0	0	3	0	0	0	-10	0	0	0	0
29:10:00	105000	0	0	0	-7	0	0	0	0	0	0	0	0	0	0	0	0	0	0	0	0	0	0	0	3	0	0	0	-10	0	0	0	0
29:15:00	105300	0	0	0	-7	0	0	0	0	0	0	0	0	0	0	0	0	0	0	0	0	0	0	0	3	0	0	0	-10	0	0	0	0
29:20:00	105600	0	0	0	-7	0	0	0	0	0	0	0	0	0	0	0	0	0	0	0	0	0	0	0	3	0	0	0	-10	0	0	0	0
29:25:00	105900	0	0	0	-7	0	0	0	0	0	0	0	0	0	0	0	0	0	0	0	0	0	0	0	3	0	0	0	-10	0	0	0	0
29:30:00	106200	0	0	0	-7	0	0	0	0	0	0	0	0	0	0	0	0	0	0	0	0	0	0	0	3	0	0	0	-10	0	0	0	0
29:35:00	106500	0	0	0	-7	0	0	0	0	0	0	0	0	0	0	0	0	0	0	0	0	0	0	0	3	0	0	0	-10	0	0	0	0
29:40:00	106800	0	0	0	-7	0	0	0	0	0	0	0	0	0	0	0	0	0	0	0	0	0	0	0	3	0	0	0	-10	0	0	0	0
29:45:00	107100	0	0	0	-7	0	0	0	0	0	0	0	0	0	0	0	0	0	0	0	0	0	0	0	3	0	0	0	-10	0	0	0	0
29:50:00	107400	0	0	0	-7	0	0	0	0	0	0	0	0	0	0	0	0	0	0	0	0	0	0	0	3	0	0	0	-10	0	0	0	0
29:55:00	107700	0	0	0	-7	0	0	0	0	0	0	0	0	0	0	0	0	0	0	0	0	0	0	0	3	0	0	0	-10	0	0	0	0
30:00:00	108000	0	0	3	-10	0	0	0	0	0	0	0	0	0	0	0	0	0	0	0	0	0	0	3	0	0	0	0	-10	0	0	0	0
30:05:00	108300	0	0	0	-10	0	0	0	0	0	0	0	0	0	0	0	0	0	0	0	0	0	0	0	0	0	0	0	-10	0	0	0	0
