time	time	departures_all	arrivals_all	stuck_all	en-route_all	departures_Shared-Bike	arrivals_Shared-Bike	stuck_Shared-Bike	en-route_Shared-Bike	departures_bike	arrivals_bike	stuck_bike	en-route_bike	departures_car	arrivals_car	stuck_car	en-route_car	departures_car_passenger	arrivals_car_passenger	stuck_car_passenger	en-route_car_passenger	departures_pt	arrivals_pt	stuck_pt	en-route_pt	departures_sharing:standardBikeShare	arrivals_sharing:standardBikeShare	stuck_sharing:standardBikeShare	en-route_sharing:standardBikeShare	departures_walk	arrivals_walk	stuck_walk	en-route_walk
00:00:00	0	0	0	0	0	0	0	0	0	0	0	0	0	0	0	0	0	0	0	0	0	0	0	0	0	0	0	0	0	0	0	0	0
00:05:00	300	0	0	0	0	0	0	0	0	0	0	0	0	0	0	0	0	0	0	0	0	0	0	0	0	0	0	0	0	0	0	0	0
00:10:00	600	0	0	0	0	0	0	0	0	0	0	0	0	0	0	0	0	0	0	0	0	0	0	0	0	0	0	0	0	0	0	0	0
00:15:00	900	0	0	0	0	0	0	0	0	0	0	0	0	0	0	0	0	0	0	0	0	0	0	0	0	0	0	0	0	0	0	0	0
00:20:00	1200	0	0	0	0	0	0	0	0	0	0	0	0	0	0	0	0	0	0	0	0	0	0	0	0	0	0	0	0	0	0	0	0
00:25:00	1500	0	0	0	0	0	0	0	0	0	0	0	0	0	0	0	0	0	0	0	0	0	0	0	0	0	0	0	0	0	0	0	0
00:30:00	1800	0	0	0	0	0	0	0	0	0	0	0	0	0	0	0	0	0	0	0	0	0	0	0	0	0	0	0	0	0	0	0	0
00:35:00	2100	0	0	0	0	0	0	0	0	0	0	0	0	0	0	0	0	0	0	0	0	0	0	0	0	0	0	0	0	0	0	0	0
00:40:00	2400	0	0	0	0	0	0	0	0	0	0	0	0	0	0	0	0	0	0	0	0	0	0	0	0	0	0	0	0	0	0	0	0
00:45:00	2700	0	0	0	0	0	0	0	0	0	0	0	0	0	0	0	0	0	0	0	0	0	0	0	0	0	0	0	0	0	0	0	0
00:50:00	3000	0	0	0	0	0	0	0	0	0	0	0	0	0	0	0	0	0	0	0	0	0	0	0	0	0	0	0	0	0	0	0	0
00:55:00	3300	0	0	0	0	0	0	0	0	0	0	0	0	0	0	0	0	0	0	0	0	0	0	0	0	0	0	0	0	0	0	0	0
01:00:00	3600	0	0	0	0	0	0	0	0	0	0	0	0	0	0	0	0	0	0	0	0	0	0	0	0	0	0	0	0	0	0	0	0
01:05:00	3900	0	0	0	0	0	0	0	0	0	0	0	0	0	0	0	0	0	0	0	0	0	0	0	0	0	0	0	0	0	0	0	0
01:10:00	4200	0	0	0	0	0	0	0	0	0	0	0	0	0	0	0	0	0	0	0	0	0	0	0	0	0	0	0	0	0	0	0	0
01:15:00	4500	0	0	0	0	0	0	0	0	0	0	0	0	0	0	0	0	0	0	0	0	0	0	0	0	0	0	0	0	0	0	0	0
01:20:00	4800	0	0	0	0	0	0	0	0	0	0	0	0	0	0	0	0	0	0	0	0	0	0	0	0	0	0	0	0	0	0	0	0
01:25:00	5100	0	0	0	0	0	0	0	0	0	0	0	0	0	0	0	0	0	0	0	0	0	0	0	0	0	0	0	0	0	0	0	0
01:30:00	5400	0	0	0	0	0	0	0	0	0	0	0	0	0	0	0	0	0	0	0	0	0	0	0	0	0	0	0	0	0	0	0	0
01:35:00	5700	0	0	0	0	0	0	0	0	0	0	0	0	0	0	0	0	0	0	0	0	0	0	0	0	0	0	0	0	0	0	0	0
01:40:00	6000	0	0	0	0	0	0	0	0	0	0	0	0	0	0	0	0	0	0	0	0	0	0	0	0	0	0	0	0	0	0	0	0
01:45:00	6300	0	0	0	0	0	0	0	0	0	0	0	0	0	0	0	0	0	0	0	0	0	0	0	0	0	0	0	0	0	0	0	0
01:50:00	6600	0	0	0	0	0	0	0	0	0	0	0	0	0	0	0	0	0	0	0	0	0	0	0	0	0	0	0	0	0	0	0	0
01:55:00	6900	0	0	0	0	0	0	0	0	0	0	0	0	0	0	0	0	0	0	0	0	0	0	0	0	0	0	0	0	0	0	0	0
02:00:00	7200	0	0	0	0	0	0	0	0	0	0	0	0	0	0	0	0	0	0	0	0	0	0	0	0	0	0	0	0	0	0	0	0
02:05:00	7500	0	0	0	0	0	0	0	0	0	0	0	0	0	0	0	0	0	0	0	0	0	0	0	0	0	0	0	0	0	0	0	0
02:10:00	7800	0	0	0	0	0	0	0	0	0	0	0	0	0	0	0	0	0	0	0	0	0	0	0	0	0	0	0	0	0	0	0	0
02:15:00	8100	0	0	0	0	0	0	0	0	0	0	0	0	0	0	0	0	0	0	0	0	0	0	0	0	0	0	0	0	0	0	0	0
02:20:00	8400	0	0	0	0	0	0	0	0	0	0	0	0	0	0	0	0	0	0	0	0	0	0	0	0	0	0	0	0	0	0	0	0
02:25:00	8700	0	0	0	0	0	0	0	0	0	0	0	0	0	0	0	0	0	0	0	0	0	0	0	0	0	0	0	0	0	0	0	0
02:30:00	9000	0	0	0	0	0	0	0	0	0	0	0	0	0	0	0	0	0	0	0	0	0	0	0	0	0	0	0	0	0	0	0	0
02:35:00	9300	0	0	0	0	0	0	0	0	0	0	0	0	0	0	0	0	0	0	0	0	0	0	0	0	0	0	0	0	0	0	0	0
02:40:00	9600	0	0	0	0	0	0	0	0	0	0	0	0	0	0	0	0	0	0	0	0	0	0	0	0	0	0	0	0	0	0	0	0
02:45:00	9900	0	0	0	0	0	0	0	0	0	0	0	0	0	0	0	0	0	0	0	0	0	0	0	0	0	0	0	0	0	0	0	0
02:50:00	10200	0	0	0	0	0	0	0	0	0	0	0	0	0	0	0	0	0	0	0	0	0	0	0	0	0	0	0	0	0	0	0	0
02:55:00	10500	0	0	0	0	0	0	0	0	0	0	0	0	0	0	0	0	0	0	0	0	0	0	0	0	0	0	0	0	0	0	0	0
03:00:00	10800	0	0	0	0	0	0	0	0	0	0	0	0	0	0	0	0	0	0	0	0	0	0	0	0	0	0	0	0	0	0	0	0
03:05:00	11100	0	0	0	0	0	0	0	0	0	0	0	0	0	0	0	0	0	0	0	0	0	0	0	0	0	0	0	0	0	0	0	0
03:10:00	11400	0	0	0	0	0	0	0	0	0	0	0	0	0	0	0	0	0	0	0	0	0	0	0	0	0	0	0	0	0	0	0	0
03:15:00	11700	0	0	0	0	0	0	0	0	0	0	0	0	0	0	0	0	0	0	0	0	0	0	0	0	0	0	0	0	0	0	0	0
03:20:00	12000	0	0	0	0	0	0	0	0	0	0	0	0	0	0	0	0	0	0	0	0	0	0	0	0	0	0	0	0	0	0	0	0
03:25:00	12300	0	0	0	0	0	0	0	0	0	0	0	0	0	0	0	0	0	0	0	0	0	0	0	0	0	0	0	0	0	0	0	0
03:30:00	12600	0	0	0	0	0	0	0	0	0	0	0	0	0	0	0	0	0	0	0	0	0	0	0	0	0	0	0	0	0	0	0	0
03:35:00	12900	0	0	0	0	0	0	0	0	0	0	0	0	0	0	0	0	0	0	0	0	0	0	0	0	0	0	0	0	0	0	0	0
03:40:00	13200	0	0	0	0	0	0	0	0	0	0	0	0	0	0	0	0	0	0	0	0	0	0	0	0	0	0	0	0	0	0	0	0
03:45:00	13500	0	0	0	0	0	0	0	0	0	0	0	0	0	0	0	0	0	0	0	0	0	0	0	0	0	0	0	0	0	0	0	0
03:50:00	13800	0	0	0	0	0	0	0	0	0	0	0	0	0	0	0	0	0	0	0	0	0	0	0	0	0	0	0	0	0	0	0	0
03:55:00	14100	0	0	0	0	0	0	0	0	0	0	0	0	0	0	0	0	0	0	0	0	0	0	0	0	0	0	0	0	0	0	0	0
04:00:00	14400	0	0	0	0	0	0	0	0	0	0	0	0	0	0	0	0	0	0	0	0	0	0	0	0	0	0	0	0	0	0	0	0
04:05:00	14700	0	0	0	0	0	0	0	0	0	0	0	0	0	0	0	0	0	0	0	0	0	0	0	0	0	0	0	0	0	0	0	0
04:10:00	15000	0	0	0	0	0	0	0	0	0	0	0	0	0	0	0	0	0	0	0	0	0	0	0	0	0	0	0	0	0	0	0	0
04:15:00	15300	0	0	0	0	0	0	0	0	0	0	0	0	0	0	0	0	0	0	0	0	0	0	0	0	0	0	0	0	0	0	0	0
04:20:00	15600	0	0	0	0	0	0	0	0	0	0	0	0	0	0	0	0	0	0	0	0	0	0	0	0	0	0	0	0	0	0	0	0
04:25:00	15900	0	0	0	0	0	0	0	0	0	0	0	0	0	0	0	0	0	0	0	0	0	0	0	0	0	0	0	0	0	0	0	0
04:30:00	16200	0	0	0	0	0	0	0	0	0	0	0	0	0	0	0	0	0	0	0	0	0	0	0	0	0	0	0	0	0	0	0	0
04:35:00	16500	0	0	0	0	0	0	0	0	0	0	0	0	0	0	0	0	0	0	0	0	0	0	0	0	0	0	0	0	0	0	0	0
04:40:00	16800	0	0	0	0	0	0	0	0	0	0	0	0	0	0	0	0	0	0	0	0	0	0	0	0	0	0	0	0	0	0	0	0
04:45:00	17100	0	0	0	0	0	0	0	0	0	0	0	0	0	0	0	0	0	0	0	0	0	0	0	0	0	0	0	0	0	0	0	0
04:50:00	17400	0	0	0	0	0	0	0	0	0	0	0	0	0	0	0	0	0	0	0	0	0	0	0	0	0	0	0	0	0	0	0	0
04:55:00	17700	0	0	0	0	0	0	0	0	0	0	0	0	0	0	0	0	0	0	0	0	0	0	0	0	0	0	0	0	0	0	0	0
05:00:00	18000	0	0	0	0	0	0	0	0	0	0	0	0	0	0	0	0	0	0	0	0	0	0	0	0	0	0	0	0	0	0	0	0
05:05:00	18300	0	0	0	0	0	0	0	0	0	0	0	0	0	0	0	0	0	0	0	0	0	0	0	0	0	0	0	0	0	0	0	0
05:10:00	18600	0	0	0	0	0	0	0	0	0	0	0	0	0	0	0	0	0	0	0	0	0	0	0	0	0	0	0	0	0	0	0	0
05:15:00	18900	0	0	0	0	0	0	0	0	0	0	0	0	0	0	0	0	0	0	0	0	0	0	0	0	0	0	0	0	0	0	0	0
05:20:00	19200	0	0	0	0	0	0	0	0	0	0	0	0	0	0	0	0	0	0	0	0	0	0	0	0	0	0	0	0	0	0	0	0
05:25:00	19500	0	0	0	0	0	0	0	0	0	0	0	0	0	0	0	0	0	0	0	0	0	0	0	0	0	0	0	0	0	0	0	0
05:30:00	19800	0	0	0	0	0	0	0	0	0	0	0	0	0	0	0	0	0	0	0	0	0	0	0	0	0	0	0	0	0	0	0	0
05:35:00	20100	0	0	0	0	0	0	0	0	0	0	0	0	0	0	0	0	0	0	0	0	0	0	0	0	0	0	0	0	0	0	0	0
05:40:00	20400	0	0	0	0	0	0	0	0	0	0	0	0	0	0	0	0	0	0	0	0	0	0	0	0	0	0	0	0	0	0	0	0
05:45:00	20700	0	0	0	0	0	0	0	0	0	0	0	0	0	0	0	0	0	0	0	0	0	0	0	0	0	0	0	0	0	0	0	0
05:50:00	21000	0	0	0	0	0	0	0	0	0	0	0	0	0	0	0	0	0	0	0	0	0	0	0	0	0	0	0	0	0	0	0	0
05:55:00	21300	0	0	0	0	0	0	0	0	0	0	0	0	0	0	0	0	0	0	0	0	0	0	0	0	0	0	0	0	0	0	0	0
06:00:00	21600	4	0	0	4	0	0	0	0	0	0	0	0	4	0	0	4	0	0	0	0	0	0	0	0	0	0	0	0	0	0	0	0
06:05:00	21900	4	1	0	7	0	0	0	0	0	0	0	0	4	1	0	7	0	0	0	0	0	0	0	0	0	0	0	0	0	0	0	0
06:10:00	22200	3	1	0	9	0	0	0	0	0	0	0	0	3	1	0	9	0	0	0	0	0	0	0	0	0	0	0	0	0	0	0	0
06:15:00	22500	1	3	0	7	0	0	0	0	0	0	0	0	1	3	0	7	0	0	0	0	0	0	0	0	0	0	0	0	0	0	0	0
06:20:00	22800	4	1	0	10	0	0	0	0	0	0	0	0	4	1	0	10	0	0	0	0	0	0	0	0	0	0	0	0	0	0	0	0
06:25:00	23100	6	3	0	13	0	0	0	0	0	0	0	0	5	3	0	12	0	0	0	0	0	0	0	0	0	0	0	0	1	0	0	1
06:30:00	23400	42	3	0	52	0	0	0	0	0	0	0	0	34	3	0	43	0	0	0	0	0	0	0	0	0	0	0	0	8	0	0	9
06:35:00	23700	37	21	0	68	0	0	0	0	0	0	0	0	29	18	0	54	0	0	0	0	0	0	0	0	0	0	0	0	8	3	0	14
06:40:00	24000	36	18	0	86	0	0	0	0	0	0	0	0	32	14	0	72	0	0	0	0	3	0	0	3	0	0	0	0	1	4	0	11
06:45:00	24300	35	37	0	84	0	0	0	0	0	0	0	0	28	31	0	69	0	0	0	0	2	0	0	5	0	0	0	0	5	6	0	10
06:50:00	24600	44	32	0	96	1	0	0	1	0	0	0	0	27	24	0	72	0	0	0	0	2	0	0	7	0	0	0	0	14	8	0	16
06:55:00	24900	79	34	1	140	1	0	0	2	0	0	0	0	60	27	0	105	0	0	0	0	1	1	0	7	0	0	1	-1	17	6	0	27
07:00:00	25200	64	50	0	154	1	0	0	3	0	0	0	0	50	43	0	112	0	0	0	0	1	0	0	8	0	0	0	-1	12	7	0	32
07:05:00	25500	64	53	0	165	0	3	0	0	1	0	0	1	38	36	0	114	0	0	0	0	1	1	0	8	0	0	0	-1	24	13	0	43
07:10:00	25800	70	57	0	178	1	1	0	0	0	0	0	1	52	39	0	127	0	0	0	0	5	2	0	11	0	0	0	-1	12	15	0	40
07:15:00	26100	89	54	0	213	0	0	0	0	0	0	0	1	70	43	0	154	0	0	0	0	1	0	0	12	0	0	0	-1	18	11	0	47
07:20:00	26400	87	73	1	226	2	2	0	0	0	0	0	1	55	55	0	154	0	0	0	0	10	0	0	22	0	0	1	-2	20	16	0	51
07:25:00	26700	112	68	1	269	1	0	0	1	0	1	0	0	85	52	0	187	0	0	0	0	6	0	0	28	0	0	1	-3	20	15	0	56
07:30:00	27000	83	95	0	257	0	0	0	1	1	0	0	1	58	74	0	171	0	0	0	0	10	1	0	37	0	0	0	-3	14	20	0	50
07:35:00	27300	98	99	0	256	1	2	0	0	0	0	0	1	64	72	0	163	0	0	0	0	4	6	0	35	0	0	0	-3	29	19	0	60
07:40:00	27600	98	73	1	280	1	0	0	1	0	1	0	0	72	52	0	183	0	0	0	0	6	0	0	41	0	0	1	-4	19	20	0	59
07:45:00	27900	100	82	0	298	0	1	0	0	0	0	0	0	76	61	0	198	0	0	0	0	5	2	0	44	0	0	0	-4	19	18	0	60
07:50:00	28200	114	93	0	319	1	0	0	1	0	0	0	0	84	71	0	211	0	0	0	0	6	5	0	45	0	0	0	-4	23	17	0	66
07:55:00	28500	121	107	0	333	0	1	0	0	1	0	0	1	83	85	0	209	12	1	0	11	8	2	0	51	0	0	0	-4	17	18	0	65
08:00:00	28800	132	118	0	347	0	0	0	0	0	1	0	0	75	85	0	199	24	6	0	29	8	7	0	52	0	0	0	-4	25	19	0	71
08:05:00	29100	120	110	1	356	1	0	0	1	0	0	0	0	69	64	0	204	17	11	0	35	5	10	0	47	0	0	1	-5	28	25	0	74
08:10:00	29400	134	117	0	373	0	1	0	0	0	0	0	0	81	79	0	206	26	16	0	45	4	3	0	48	0	0	0	-5	23	18	0	79
08:15:00	29700	94	109	0	358	0	0	0	0	0	0	0	0	63	71	0	198	14	15	0	44	4	0	0	52	0	0	0	-5	13	23	0	69
08:20:00	30000	112	99	0	371	0	0	0	0	0	0	0	0	77	63	0	212	16	18	0	42	6	2	0	56	0	0	0	-5	13	16	0	66
08:25:00	30300	110	99	0	382	0	0	0	0	0	0	0	0	66	72	0	206	20	12	0	50	5	0	0	61	0	0	0	-5	19	15	0	70
08:30:00	30600	102	111	0	373	1	1	0	0	0	0	0	0	47	65	0	188	21	16	0	55	11	6	0	66	0	0	0	-5	22	23	0	69
08:35:00	30900	80	96	0	357	1	0	0	1	0	0	0	0	52	56	0	184	8	19	0	44	5	5	0	66	0	0	0	-5	14	16	0	67
08:40:00	31200	89	88	0	358	0	1	0	0	0	0	0	0	48	54	0	178	24	18	0	50	4	2	0	68	0	0	0	-5	13	13	0	67
08:45:00	31500	108	80	0	386	1	1	0	0	0	0	0	0	49	51	0	176	39	14	0	75	4	0	0	72	0	0	0	-5	15	14	0	68
08:50:00	31800	90	98	0	378	0	0	0	0	0	0	0	0	52	57	0	171	13	23	0	65	6	0	0	78	0	0	0	-5	19	18	0	69
08:55:00	32100	90	96	0	372	0	0	0	0	0	0	0	0	48	56	0	163	18	18	0	65	6	8	0	76	0	0	0	-5	18	14	0	73
09:00:00	32400	100	97	0	375	0	0	0	0	0	0	0	0	72	61	0	174	4	16	0	53	9	1	0	84	0	0	0	-5	15	19	0	69
09:05:00	32700	81	96	0	360	1	0	0	1	0	0	0	0	49	50	0	173	6	11	0	48	4	10	0	78	0	0	0	-5	21	25	0	65
09:10:00	33000	57	84	0	333	0	1	0	0	0	0	0	0	40	54	0	159	3	11	0	40	2	2	0	78	0	0	0	-5	12	16	0	61
09:15:00	33300	64	76	0	321	1	0	0	1	0	0	0	0	47	50	0	156	2	12	0	30	6	1	0	83	0	0	0	-5	8	13	0	56
09:20:00	33600	49	85	0	285	0	0	0	1	1	0	0	1	27	55	0	128	2	12	0	20	6	3	0	86	0	0	0	-5	13	15	0	54
09:25:00	33900	60	66	0	279	0	0	0	1	0	0	0	1	32	40	0	120	4	2	0	22	2	13	0	75	0	0	0	-5	22	11	0	65
09:30:00	34200	46	64	0	261	0	1	0	0	0	0	0	1	26	33	0	113	1	5	0	18	1	5	0	71	0	0	0	-5	18	20	0	63
09:35:00	34500	52	64	0	249	0	0	0	0	0	0	0	1	23	35	0	101	8	7	0	19	5	3	0	73	0	0	0	-5	16	19	0	60
09:40:00	34800	41	62	0	228	0	0	0	0	0	0	0	1	26	33	0	94	2	6	0	15	2	3	0	72	0	0	0	-5	11	20	0	51
09:45:00	35100	44	66	0	206	0	0	0	0	0	1	0	0	24	40	0	78	0	5	0	10	4	0	0	76	0	0	0	-5	16	20	0	47
09:50:00	35400	39	46	0	199	0	0	0	0	0	0	0	0	27	22	0	83	0	4	0	6	5	0	0	81	0	0	0	-5	7	20	0	34
09:55:00	35700	46	43	0	202	0	0	0	0	0	0	0	0	34	26	0	91	0	2	0	4	0	1	0	80	0	0	0	-5	12	14	0	32
10:00:00	36000	75	61	0	216	0	0	0	0	0	0	0	0	41	32	0	100	0	2	0	2	3	10	0	73	0	0	0	-5	31	17	0	46
10:05:00	36300	57	58	0	215	0	0	0	0	0	0	0	0	44	42	0	102	0	1	0	1	0	1	0	72	0	0	0	-5	13	14	0	45
10:10:00	36600	83	77	0	221	0	0	0	0	0	0	0	0	51	43	0	110	0	1	0	0	2	9	0	65	0	0	0	-5	30	24	0	51
10:15:00	36900	62	68	0	215	0	0	0	0	0	0	0	0	34	42	0	102	0	0	0	0	2	1	0	66	0	0	0	-5	26	25	0	52
10:20:00	37200	68	75	0	208	0	0	0	0	0	0	0	0	37	41	0	98	0	0	0	0	4	2	0	68	0	0	0	-5	27	32	0	47
10:25:00	37500	76	76	0	208	0	0	0	0	0	0	0	0	56	50	0	104	0	0	0	0	1	2	0	67	0	0	0	-5	19	24	0	42
10:30:00	37800	61	69	0	200	0	0	0	0	0	0	0	0	31	43	0	92	0	0	0	0	1	0	0	68	0	0	0	-5	29	26	0	45
10:35:00	38100	44	66	0	178	0	0	0	0	0	0	0	0	22	42	0	72	2	1	0	1	3	1	0	70	0	0	0	-5	17	22	0	40
10:40:00	38400	54	55	0	177	0	0	0	0	0	0	0	0	18	24	0	66	1	1	0	1	4	0	0	74	0	0	0	-5	31	30	0	41
10:45:00	38700	69	68	0	178	0	0	0	0	0	0	0	0	37	35	0	68	3	0	0	4	2	5	0	71	0	0	0	-5	27	28	0	40
10:50:00	39000	45	59	0	164	0	0	0	0	0	0	0	0	21	26	0	63	0	3	0	1	2	4	0	69	0	0	0	-5	22	26	0	36
10:55:00	39300	37	47	0	154	0	0	0	0	0	0	0	0	19	22	0	60	2	0	0	3	1	0	0	70	0	0	0	-5	15	25	0	26
11:00:00	39600	49	45	0	158	0	0	0	0	0	0	0	0	26	24	0	62	4	1	0	6	1	1	0	70	0	0	0	-5	18	19	0	25
11:05:00	39900	91	75	0	174	0	0	0	0	0	0	0	0	34	22	0	74	1	1	0	6	12	13	0	69	0	0	0	-5	44	39	0	30
11:10:00	40200	78	48	0	204	0	0	0	0	0	0	0	0	50	23	0	101	2	1	0	7	3	2	0	70	0	0	0	-5	23	22	0	31
11:15:00	40500	61	61	0	204	0	0	0	0	0	0	0	0	32	38	0	95	10	3	0	14	0	4	0	66	0	0	0	-5	19	16	0	34
11:20:00	40800	61	58	0	207	0	0	0	0	1	0	0	1	29	28	0	96	2	1	0	15	2	4	0	64	0	0	0	-5	27	25	0	36
11:25:00	41100	73	69	0	211	0	0	0	0	0	1	0	0	45	40	0	101	3	4	0	14	2	1	0	65	0	0	0	-5	23	23	0	36
11:30:00	41400	85	66	0	230	0	0	0	0	0	0	0	0	51	29	0	123	1	5	0	10	5	1	0	69	0	0	0	-5	28	31	0	33
11:35:00	41700	96	89	0	237	1	0	0	1	0	0	0	0	50	46	0	127	3	3	0	10	6	10	0	65	0	0	0	-5	36	30	0	39
11:40:00	42000	88	82	0	243	0	1	0	0	0	0	0	0	43	37	0	133	0	3	0	7	4	15	0	54	0	0	0	-5	41	26	0	54
11:45:00	42300	84	102	0	225	0	0	0	0	0	0	0	0	47	54	0	126	3	5	0	5	6	6	0	54	0	0	0	-5	28	37	0	45
11:50:00	42600	89	76	0	238	1	0	0	1	0	0	0	0	57	44	0	139	5	2	0	8	1	3	0	52	0	0	0	-5	25	27	0	43
11:55:00	42900	110	93	0	255	1	1	0	1	0	0	0	0	63	50	0	152	1	1	0	8	3	8	0	47	0	0	0	-5	42	33	0	52
12:00:00	43200	84	95	0	244	1	0	0	2	0	0	0	0	63	61	0	154	2	1	0	9	2	0	0	49	0	0	0	-5	16	33	0	35
12:05:00	43500	64	76	0	232	2	3	0	1	0	0	0	0	37	48	0	143	8	6	0	11	3	0	0	52	0	0	0	-5	14	19	0	30
12:10:00	43800	66	59	0	239	0	0	0	1	0	0	0	0	46	41	0	148	2	0	0	13	5	1	0	56	0	0	0	-5	13	17	0	26
12:15:00	44100	54	74	0	219	0	1	0	0	0	0	0	0	32	54	0	126	1	3	0	11	3	2	0	57	0	0	0	-5	18	14	0	30
12:20:00	44400	44	56	0	207	0	0	0	0	0	0	0	0	35	45	0	116	0	3	0	8	2	0	0	59	0	0	0	-5	7	8	0	29
12:25:00	44700	62	57	0	212	0	0	0	0	0	0	0	0	47	35	0	128	0	3	0	5	5	5	0	59	0	0	0	-5	10	14	0	25
12:30:00	45000	43	51	0	204	3	0	0	3	0	0	0	0	30	38	0	120	0	1	0	4	3	2	0	60	0	0	0	-5	7	10	0	22
12:35:00	45300	28	51	0	181	0	1	0	2	0	0	0	0	14	36	0	98	0	2	0	2	3	5	0	58	0	0	0	-5	11	7	0	26
12:40:00	45600	32	33	0	180	0	0	0	2	0	0	0	0	22	27	0	93	0	1	0	1	2	1	0	59	0	0	0	-5	8	4	0	30
12:45:00	45900	49	43	0	186	0	2	0	0	1	0	0	1	29	31	0	91	0	0	0	1	6	1	0	64	0	0	0	-5	13	9	0	34
12:50:00	46200	33	45	0	174	1	0	0	1	0	0	0	1	21	29	0	83	0	1	0	0	6	0	0	70	0	0	0	-5	5	15	0	24
12:55:00	46500	37	41	0	170	0	0	0	1	0	0	0	1	24	31	0	76	0	0	0	0	3	4	0	69	0	0	0	-5	10	6	0	28
13:00:00	46800	7	31	0	146	0	1	0	0	0	0	0	1	0	20	0	56	0	0	0	0	5	0	0	74	0	0	0	-5	2	10	0	20
13:05:00	47100	4	27	0	123	1	1	0	0	0	0	0	1	3	19	0	40	0	0	0	0	0	0	0	74	0	0	0	-5	0	7	0	13
13:10:00	47400	4	16	0	111	0	0	0	0	0	0	0	1	0	12	0	28	0	0	0	0	2	0	0	76	0	0	0	-5	2	4	0	11
13:15:00	47700	23	10	0	124	0	0	0	0	0	0	0	1	14	6	0	36	0	0	0	0	0	1	0	75	0	0	0	-5	9	3	0	17
13:20:00	48000	20	26	0	118	0	0	0	0	0	0	0	1	10	11	0	35	0	0	0	0	1	5	0	71	0	0	0	-5	9	10	0	16
13:25:00	48300	24	20	0	122	0	0	0	0	0	0	0	1	8	7	0	36	0	0	0	0	3	5	0	69	0	0	0	-5	13	8	0	21
13:30:00	48600	57	25	0	154	1	1	0	0	0	0	0	1	45	14	0	67	1	0	0	1	2	2	0	69	0	0	0	-5	8	8	0	21
13:35:00	48900	68	54	0	168	0	0	0	0	0	1	0	0	43	32	0	78	5	0	0	6	2	7	0	64	0	0	0	-5	18	14	0	25
13:40:00	49200	57	53	0	172	3	0	0	3	0	0	0	0	31	33	0	76	5	2	0	9	2	6	0	60	0	0	0	-5	16	12	0	29
13:45:00	49500	60	49	0	183	0	2	0	1	0	0	0	0	43	29	0	90	2	3	0	8	2	3	0	59	0	0	0	-5	13	12	0	30
13:50:00	49800	100	54	0	229	2	1	0	2	0	0	0	0	61	30	0	121	15	6	0	17	2	2	0	59	0	0	0	-5	20	15	0	35
13:55:00	50100	115	67	0	277	1	1	0	2	0	0	0	0	76	46	0	151	12	6	0	23	1	1	0	59	0	0	0	-5	25	13	0	47
14:00:00	50400	87	87	0	277	0	0	0	2	0	0	0	0	61	56	0	156	3	10	0	16	3	0	0	62	0	0	0	-5	20	21	0	46
14:05:00	50700	91	86	0	282	1	2	0	1	0	0	0	0	44	47	0	153	9	5	0	20	6	0	0	68	0	0	0	-5	31	32	0	45
14:10:00	51000	80	82	0	280	0	1	0	0	0	0	0	0	52	51	0	154	14	11	0	23	2	0	0	70	0	0	0	-5	12	19	0	38
14:15:00	51300	68	74	0	274	0	0	0	0	0	0	0	0	38	48	0	144	8	8	0	23	6	0	0	76	0	0	0	-5	16	18	0	36
14:20:00	51600	87	78	0	283	2	0	0	2	0	0	0	0	42	47	0	139	14	8	0	29	5	7	0	74	0	0	0	-5	24	16	0	44
14:25:00	51900	77	77	0	283	0	1	0	1	0	0	0	0	49	54	0	134	16	11	0	34	1	1	0	74	0	0	0	-5	11	10	0	45
14:30:00	52200	56	71	0	268	0	0	0	1	0	0	0	0	26	36	0	124	11	13	0	32	6	4	0	76	0	0	0	-5	13	18	0	40
14:35:00	52500	79	75	0	272	1	1	0	1	0	0	0	0	45	39	0	130	5	13	0	24	2	3	0	75	0	0	0	-5	26	19	0	47
14:40:00	52800	64	90	0	246	0	1	0	0	0	0	0	0	33	53	0	110	8	7	0	25	3	4	0	74	0	0	0	-5	20	25	0	42
14:45:00	53100	58	70	0	234	0	0	0	0	0	0	0	0	27	30	0	107	9	13	0	21	7	11	0	70	0	0	0	-5	15	16	0	41
14:50:00	53400	54	66	0	222	0	0	0	0	0	0	0	0	30	41	0	96	3	6	0	18	5	1	0	74	0	0	0	-5	16	18	0	39
14:55:00	53700	43	56	0	209	0	0	0	0	0	0	0	0	18	29	0	85	8	6	0	20	4	1	0	77	0	0	0	-5	13	20	0	32
15:00:00	54000	44	55	0	198	0	0	0	0	1	1	0	0	24	29	0	80	3	9	0	14	1	5	0	73	0	0	0	-5	15	11	0	36
15:05:00	54300	51	55	0	194	0	0	0	0	0	0	0	0	28	38	0	70	1	4	0	11	1	1	0	73	0	0	0	-5	21	12	0	45
15:10:00	54600	52	54	0	192	0	0	0	0	0	0	0	0	27	27	0	70	0	5	0	6	2	1	0	74	0	0	0	-5	23	21	0	47
15:15:00	54900	62	53	0	201	2	0	0	2	0	0	0	0	37	22	0	85	1	2	0	5	5	1	0	78	0	0	0	-5	17	28	0	36
15:20:00	55200	61	51	0	211	1	1	0	2	0	0	0	0	35	28	0	92	1	1	0	5	6	3	0	81	0	0	0	-5	18	18	0	36
15:25:00	55500	53	60	0	204	0	1	0	1	0	0	0	0	37	43	0	86	0	0	0	5	2	1	0	82	0	0	0	-5	14	15	0	35
15:30:00	55800	78	54	0	228	0	0	0	1	0	0	0	0	45	31	0	100	0	1	0	4	1	3	0	80	0	0	0	-5	32	19	0	48
15:35:00	56100	100	70	0	258	0	1	0	0	0	0	0	0	65	40	0	125	0	0	0	4	2	4	0	78	0	0	0	-5	33	25	0	56
15:40:00	56400	113	99	0	272	1	0	0	1	0	0	0	0	72	53	0	144	0	1	0	3	5	5	0	78	0	0	0	-5	35	40	0	51
15:45:00	56700	78	98	1	251	0	1	0	0	1	1	0	0	48	58	0	134	0	0	0	3	5	5	0	78	0	0	1	-6	24	33	0	42
15:50:00	57000	86	84	0	253	1	0	0	1	0	0	0	0	58	53	0	139	0	1	0	2	2	0	0	80	0	0	0	-6	25	30	0	37
15:55:00	57300	68	81	0	240	0	1	0	0	0	0	0	0	33	52	0	120	0	0	0	2	3	7	0	76	0	0	0	-6	32	21	0	48
16:00:00	57600	93	83	0	250	1	0	0	1	0	0	0	0	41	46	0	115	21	0	0	23	4	7	0	73	0	0	0	-6	26	30	0	44
16:05:00	57900	80	72	0	258	0	1	0	0	0	0	0	0	42	47	0	110	19	7	0	35	0	1	0	72	0	0	0	-6	19	16	0	47
16:10:00	58200	68	87	0	239	0	0	0	0	0	0	0	0	29	45	0	94	18	15	0	38	1	1	0	72	0	0	0	-6	20	26	0	41
16:15:00	58500	87	91	0	235	0	0	0	0	0	0	0	0	33	38	0	89	16	14	0	40	6	12	0	66	0	0	0	-6	32	27	0	46
16:20:00	58800	97	69	0	263	0	0	0	0	0	0	0	0	51	29	0	111	17	11	0	46	2	2	0	66	0	0	0	-6	27	27	0	46
16:25:00	59100	106	82	0	287	1	0	0	1	0	0	0	0	44	38	0	117	27	20	0	53	3	4	0	65	0	0	0	-6	31	20	0	57
16:30:00	59400	118	89	0	316	0	1	0	0	0	0	0	0	56	44	0	129	31	14	0	70	5	2	0	68	0	0	0	-6	26	28	0	55
16:35:00	59700	135	94	0	357	0	0	0	0	0	0	0	0	67	42	0	154	27	19	0	78	5	3	0	70	0	0	0	-6	36	30	0	61
16:40:00	60000	138	130	0	365	0	0	0	0	0	0	0	0	81	62	0	173	20	30	0	68	4	5	0	69	0	0	0	-6	33	33	0	61
16:45:00	60300	106	96	0	375	1	0	0	1	0	0	0	0	54	54	0	173	28	18	0	78	3	3	0	69	0	0	0	-6	20	21	0	60
16:50:00	60600	161	136	0	400	1	1	0	1	0	0	0	0	70	67	0	176	47	32	0	93	4	4	0	69	0	0	0	-6	39	32	0	67
16:55:00	60900	137	133	0	404	1	1	0	1	0	0	0	0	71	65	0	182	31	27	0	97	5	3	0	71	0	0	0	-6	29	37	0	59
17:00:00	61200	182	123	0	463	1	0	0	2	0	0	0	0	107	53	0	236	20	29	0	88	8	7	0	72	0	0	0	-6	46	34	0	71
17:05:00	61500	193	147	0	509	1	1	0	2	0	0	0	0	123	78	0	281	12	21	0	79	8	13	0	67	0	0	0	-6	49	34	0	86
17:10:00	61800	165	160	0	514	0	1	0	1	1	0	0	1	100	91	0	290	15	21	0	73	7	4	0	70	0	0	0	-6	42	43	0	85
17:15:00	62100	186	171	0	529	3	2	0	2	1	1	0	1	109	97	0	302	25	21	0	77	5	7	0	68	0	0	0	-6	43	43	0	85
17:20:00	62400	185	164	0	550	1	2	0	1	1	0	0	2	119	97	0	324	14	22	0	69	4	2	0	70	0	0	0	-6	46	41	0	90
17:25:00	62700	132	177	0	505	1	1	0	1	0	0	0	2	81	103	0	302	3	26	0	46	10	7	0	73	0	0	0	-6	37	40	0	87
17:30:00	63000	109	146	0	468	0	1	0	0	0	1	0	1	80	94	0	288	1	11	0	36	6	5	0	74	0	0	0	-6	22	34	0	75
17:35:00	63300	112	108	0	472	0	0	0	0	0	0	0	1	78	74	0	292	1	6	0	31	12	4	0	82	0	0	0	-6	21	24	0	72
17:40:00	63600	78	112	0	438	1	0	0	1	1	1	0	1	42	72	0	262	2	8	0	25	11	9	0	84	0	0	0	-6	21	22	0	71
17:45:00	63900	120	110	0	448	0	1	0	0	0	0	0	1	84	71	0	275	1	1	0	25	7	8	0	83	0	0	0	-6	28	29	0	70
17:50:00	64200	98	104	0	442	0	0	0	0	0	0	0	1	71	78	0	268	0	5	0	20	7	2	0	88	0	0	0	-6	20	19	0	71
17:55:00	64500	111	112	0	441	1	0	0	1	0	0	0	1	79	79	0	268	1	4	0	17	6	8	0	86	0	0	0	-6	24	21	0	74
18:00:00	64800	76	126	0	391	0	1	0	0	0	0	0	1	55	89	0	234	1	2	0	16	4	5	0	85	0	0	0	-6	16	29	0	61
18:05:00	65100	72	92	0	371	0	0	0	0	0	0	0	1	46	61	0	219	0	2	0	14	6	12	0	79	0	0	0	-6	20	17	0	64
18:10:00	65400	51	86	0	336	1	1	0	0	0	1	0	0	33	59	0	193	0	0	0	14	4	4	0	79	0	0	0	-6	13	21	0	56
18:15:00	65700	46	92	0	290	0	0	0	0	0	0	0	0	29	63	0	159	1	2	0	13	2	9	0	72	0	0	0	-6	14	18	0	52
18:20:00	66000	68	71	0	287	1	1	0	0	0	0	0	0	44	41	0	162	0	1	0	12	2	12	0	62	0	0	0	-6	21	16	0	57
18:25:00	66300	46	63	0	270	0	0	0	0	0	0	0	0	29	39	0	152	0	1	0	11	1	10	0	53	0	0	0	-6	16	13	0	60
18:30:00	66600	44	67	0	247	0	0	0	0	0	0	0	0	27	41	0	138	0	0	0	11	2	8	0	47	0	0	0	-6	15	18	0	57
18:35:00	66900	64	76	0	235	0	0	0	0	0	0	0	0	39	50	0	127	1	4	0	8	0	10	0	37	0	0	0	-6	24	12	0	69
18:40:00	67200	34	47	0	222	0	0	0	0	0	0	0	0	24	27	0	124	0	1	0	7	3	1	0	39	0	0	0	-6	7	18	0	58
18:45:00	67500	31	56	0	197	0	0	0	0	0	0	0	0	24	35	0	113	0	3	0	4	2	4	0	37	0	0	0	-6	5	14	0	49
18:50:00	67800	15	39	0	173	0	0	0	0	0	0	0	0	9	24	0	98	0	0	0	4	0	5	0	32	0	0	0	-6	6	10	0	45
18:55:00	68100	25	41	0	157	0	0	0	0	0	0	0	0	14	22	0	90	0	0	0	4	1	6	0	27	0	0	0	-6	10	13	0	42
19:00:00	68400	72	45	0	184	1	0	0	1	0	0	0	0	56	28	0	118	0	0	0	4	1	8	0	20	0	0	0	-6	14	9	0	47
19:05:00	68700	81	39	1	225	0	1	0	0	0	0	0	0	63	24	0	157	0	0	0	4	3	0	0	23	0	0	1	-7	15	14	0	48
19:10:00	69000	66	66	1	224	0	0	0	0	1	0	0	1	53	49	0	161	0	0	0	4	1	2	0	22	0	0	1	-8	11	15	0	44
19:15:00	69300	54	67	1	210	0	0	0	0	0	0	0	1	42	48	0	155	0	1	0	3	1	3	0	20	0	0	1	-9	11	15	0	40
19:20:00	69600	58	59	0	209	0	0	0	0	0	0	0	1	46	50	0	151	0	0	0	3	0	2	0	18	0	0	0	-9	12	7	0	45
19:25:00	69900	87	59	0	237	0	0	0	0	0	0	0	1	75	50	0	176	0	0	0	3	1	1	0	18	0	0	0	-9	11	8	0	48
19:30:00	70200	66	65	1	237	0	0	0	0	0	0	0	1	55	48	0	183	0	0	0	3	0	4	0	14	0	0	1	-10	11	13	0	46
19:35:00	70500	48	78	0	207	0	0	0	0	0	0	0	1	39	68	0	154	0	0	0	3	0	2	0	12	0	0	0	-10	9	8	0	47
19:40:00	70800	37	53	0	191	0	0	0	0	0	0	0	1	32	43	0	143	0	0	0	3	1	0	0	13	0	0	0	-10	4	10	0	41
19:45:00	71100	68	62	0	197	0	0	0	0	0	0	0	1	51	45	0	149	0	1	0	2	3	4	0	12	0	0	0	-10	14	12	0	43
19:50:00	71400	50	59	0	188	2	0	0	2	0	0	0	1	39	46	0	142	0	0	0	2	2	1	0	13	0	0	0	-10	7	12	0	38
19:55:00	71700	52	60	0	180	0	1	0	1	0	0	0	1	43	52	0	133	0	0	0	2	1	1	0	13	0	0	0	-10	8	6	0	40
20:00:00	72000	8	51	0	137	0	0	0	1	0	0	0	1	4	39	0	98	0	0	0	2	1	1	0	13	0	0	0	-10	3	11	0	32
20:05:00	72300	5	35	0	107	0	1	0	0	0	0	0	1	3	26	0	75	0	0	0	2	1	0	0	14	0	0	0	-10	1	8	0	25
20:10:00	72600	8	21	0	94	0	0	0	0	0	0	0	1	6	14	0	67	0	0	0	2	1	1	0	14	0	0	0	-10	1	6	0	20
20:15:00	72900	8	24	0	78	0	0	0	0	0	0	0	1	3	18	0	52	0	0	0	2	1	3	0	12	0	0	0	-10	4	3	0	21
20:20:00	73200	10	20	0	68	0	0	0	0	0	0	0	1	8	14	0	46	0	1	0	1	1	1	0	12	0	0	0	-10	1	4	0	18
20:25:00	73500	11	11	0	68	0	0	0	0	0	0	0	1	5	5	0	46	0	0	0	1	0	5	0	7	0	0	0	-10	6	1	0	23
20:30:00	73800	7	18	0	57	0	0	0	0	0	0	0	1	4	11	0	39	0	1	0	0	0	2	0	5	0	0	0	-10	3	4	0	22
20:35:00	74100	4	12	0	49	0	0	0	0	0	0	0	1	2	5	0	36	0	0	0	0	0	2	0	3	0	0	0	-10	2	5	0	19
20:40:00	74400	4	8	0	45	0	0	0	0	0	0	0	1	4	6	0	34	0	0	0	0	0	0	0	3	0	0	0	-10	0	2	0	17
20:45:00	74700	5	9	0	41	0	0	0	0	0	0	0	1	2	3	0	33	0	0	0	0	0	0	0	3	0	0	0	-10	3	6	0	14
20:50:00	75000	10	15	0	36	0	0	0	0	0	1	0	0	6	8	0	31	0	0	0	0	0	0	0	3	0	0	0	-10	4	6	0	12
20:55:00	75300	4	8	0	32	0	0	0	0	0	0	0	0	3	4	0	30	0	0	0	0	0	0	0	3	0	0	0	-10	1	4	0	9
21:00:00	75600	10	10	0	32	0	0	0	0	0	0	0	0	8	8	0	30	0	0	0	0	0	0	0	3	0	0	0	-10	2	2	0	9
21:05:00	75900	6	7	0	31	0	0	0	0	0	0	0	0	5	5	0	30	0	0	0	0	0	0	0	3	0	0	0	-10	1	2	0	8
21:10:00	76200	3	5	0	29	0	0	0	0	0	0	0	0	3	3	0	30	0	0	0	0	0	0	0	3	0	0	0	-10	0	2	0	6
21:15:00	76500	2	6	0	25	0	0	0	0	0	0	0	0	2	5	0	27	0	0	0	0	0	0	0	3	0	0	0	-10	0	1	0	5
21:20:00	76800	1	4	0	22	0	0	0	0	0	0	0	0	1	4	0	24	0	0	0	0	0	0	0	3	0	0	0	-10	0	0	0	5
21:25:00	77100	1	2	0	21	0	0	0	0	0	0	0	0	1	2	0	23	0	0	0	0	0	0	0	3	0	0	0	-10	0	0	0	5
21:30:00	77400	0	4	0	17	0	0	0	0	0	0	0	0	0	4	0	19	0	0	0	0	0	0	0	3	0	0	0	-10	0	0	0	5
21:35:00	77700	0	3	0	14	0	0	0	0	0	0	0	0	0	3	0	16	0	0	0	0	0	0	0	3	0	0	0	-10	0	0	0	5
21:40:00	78000	2	3	0	13	0	0	0	0	0	0	0	0	2	3	0	15	0	0	0	0	0	0	0	3	0	0	0	-10	0	0	0	5
21:45:00	78300	2	4	0	11	0	0	0	0	0	0	0	0	2	2	0	15	0	0	0	0	0	0	0	3	0	0	0	-10	0	2	0	3
21:50:00	78600	3	5	0	9	0	0	0	0	0	0	0	0	3	5	0	13	0	0	0	0	0	0	0	3	0	0	0	-10	0	0	0	3
21:55:00	78900	1	1	0	9	0	0	0	0	0	0	0	0	1	1	0	13	0	0	0	0	0	0	0	3	0	0	0	-10	0	0	0	3
22:00:00	79200	0	1	0	8	0	0	0	0	0	0	0	0	0	1	0	12	0	0	0	0	0	0	0	3	0	0	0	-10	0	0	0	3
22:05:00	79500	0	1	0	7	0	0	0	0	0	0	0	0	0	0	0	12	0	0	0	0	0	0	0	3	0	0	0	-10	0	1	0	2
22:10:00	79800	1	2	0	6	0	0	0	0	0	0	0	0	1	2	0	11	0	0	0	0	0	0	0	3	0	0	0	-10	0	0	0	2
22:15:00	80100	3	5	0	4	0	0	0	0	0	0	0	0	2	4	0	9	0	0	0	0	0	0	0	3	0	0	0	-10	1	1	0	2
22:20:00	80400	0	3	0	1	0	0	0	0	0	0	0	0	0	1	0	8	0	0	0	0	0	0	0	3	0	0	0	-10	0	2	0	0
22:25:00	80700	0	2	0	-1	0	0	0	0	0	0	0	0	0	2	0	6	0	0	0	0	0	0	0	3	0	0	0	-10	0	0	0	0
22:30:00	81000	0	0	0	-1	0	0	0	0	0	0	0	0	0	0	0	6	0	0	0	0	0	0	0	3	0	0	0	-10	0	0	0	0
22:35:00	81300	0	0	0	-1	0	0	0	0	0	0	0	0	0	0	0	6	0	0	0	0	0	0	0	3	0	0	0	-10	0	0	0	0
22:40:00	81600	1	2	0	-2	0	0	0	0	0	0	0	0	1	2	0	5	0	0	0	0	0	0	0	3	0	0	0	-10	0	0	0	0
22:45:00	81900	1	1	0	-2	0	0	0	0	0	0	0	0	1	1	0	5	0	0	0	0	0	0	0	3	0	0	0	-10	0	0	0	0
22:50:00	82200	0	1	0	-3	0	0	0	0	0	0	0	0	0	1	0	4	0	0	0	0	0	0	0	3	0	0	0	-10	0	0	0	0
22:55:00	82500	0	0	0	-3	0	0	0	0	0	0	0	0	0	0	0	4	0	0	0	0	0	0	0	3	0	0	0	-10	0	0	0	0
23:00:00	82800	0	0	0	-3	0	0	0	0	0	0	0	0	0	0	0	4	0	0	0	0	0	0	0	3	0	0	0	-10	0	0	0	0
23:05:00	83100	0	0	0	-3	0	0	0	0	0	0	0	0	0	0	0	4	0	0	0	0	0	0	0	3	0	0	0	-10	0	0	0	0
23:10:00	83400	0	0	0	-3	0	0	0	0	0	0	0	0	0	0	0	4	0	0	0	0	0	0	0	3	0	0	0	-10	0	0	0	0
23:15:00	83700	6	2	0	1	0	0	0	0	0	0	0	0	6	2	0	8	0	0	0	0	0	0	0	3	0	0	0	-10	0	0	0	0
23:20:00	84000	5	3	0	3	0	0	0	0	0	0	0	0	4	3	0	9	0	0	0	0	0	0	0	3	0	0	0	-10	1	0	0	1
23:25:00	84300	5	3	0	5	0	0	0	0	0	0	0	0	3	1	0	11	0	0	0	0	0	0	0	3	0	0	0	-10	2	2	0	1
23:30:00	84600	2	6	0	1	0	0	0	0	0	0	0	0	2	5	0	8	0	0	0	0	0	0	0	3	0	0	0	-10	0	1	0	0
23:35:00	84900	2	0	0	3	0	0	0	0	0	0	0	0	2	0	0	10	0	0	0	0	0	0	0	3	0	0	0	-10	0	0	0	0
23:40:00	85200	3	3	0	3	0	0	0	0	0	0	0	0	3	3	0	10	0	0	0	0	0	0	0	3	0	0	0	-10	0	0	0	0
23:45:00	85500	4	2	0	5	0	0	0	0	0	0	0	0	2	2	0	10	0	0	0	0	0	0	0	3	0	0	0	-10	2	0	0	2
23:50:00	85800	4	6	0	3	0	0	0	0	0	0	0	0	3	3	0	10	0	0	0	0	0	0	0	3	0	0	0	-10	1	3	0	0
23:55:00	86100	2	2	0	3	0	0	0	0	0	0	0	0	1	2	0	9	0	0	0	0	0	0	0	3	0	0	0	-10	1	0	0	1
24:00:00	86400	4	1	0	6	0	0	0	0	0	0	0	0	3	0	0	12	0	0	0	0	0	0	0	3	0	0	0	-10	1	1	0	1
24:05:00	86700	2	3	0	5	0	0	0	0	0	0	0	0	2	3	0	11	0	0	0	0	0	0	0	3	0	0	0	-10	0	0	0	1
24:10:00	87000	3	4	0	4	0	0	0	0	0	0	0	0	3	3	0	11	0	0	0	0	0	0	0	3	0	0	0	-10	0	1	0	0
24:15:00	87300	0	4	0	0	0	0	0	0	0	0	0	0	0	4	0	7	0	0	0	0	0	0	0	3	0	0	0	-10	0	0	0	0
24:20:00	87600	0	1	0	-1	0	0	0	0	0	0	0	0	0	1	0	6	0	0	0	0	0	0	0	3	0	0	0	-10	0	0	0	0
24:25:00	87900	0	1	0	-2	0	0	0	0	0	0	0	0	0	1	0	5	0	0	0	0	0	0	0	3	0	0	0	-10	0	0	0	0
24:30:00	88200	0	0	0	-2	0	0	0	0	0	0	0	0	0	0	0	5	0	0	0	0	0	0	0	3	0	0	0	-10	0	0	0	0
24:35:00	88500	0	2	0	-4	0	0	0	0	0	0	0	0	0	2	0	3	0	0	0	0	0	0	0	3	0	0	0	-10	0	0	0	0
24:40:00	88800	0	0	0	-4	0	0	0	0	0	0	0	0	0	0	0	3	0	0	0	0	0	0	0	3	0	0	0	-10	0	0	0	0
24:45:00	89100	0	0	0	-4	0	0	0	0	0	0	0	0	0	0	0	3	0	0	0	0	0	0	0	3	0	0	0	-10	0	0	0	0
24:50:00	89400	0	2	0	-6	0	0	0	0	0	0	0	0	0	2	0	1	0	0	0	0	0	0	0	3	0	0	0	-10	0	0	0	0
24:55:00	89700	0	0	0	-6	0	0	0	0	0	0	0	0	0	0	0	1	0	0	0	0	0	0	0	3	0	0	0	-10	0	0	0	0
25:00:00	90000	0	0	0	-6	0	0	0	0	0	0	0	0	0	0	0	1	0	0	0	0	0	0	0	3	0	0	0	-10	0	0	0	0
25:05:00	90300	0	0	0	-6	0	0	0	0	0	0	0	0	0	0	0	1	0	0	0	0	0	0	0	3	0	0	0	-10	0	0	0	0
25:10:00	90600	0	0	0	-6	0	0	0	0	0	0	0	0	0	0	0	1	0	0	0	0	0	0	0	3	0	0	0	-10	0	0	0	0
25:15:00	90900	0	0	0	-6	0	0	0	0	0	0	0	0	0	0	0	1	0	0	0	0	0	0	0	3	0	0	0	-10	0	0	0	0
25:20:00	91200	0	0	0	-6	0	0	0	0	0	0	0	0	0	0	0	1	0	0	0	0	0	0	0	3	0	0	0	-10	0	0	0	0
25:25:00	91500	0	0	0	-6	0	0	0	0	0	0	0	0	0	0	0	1	0	0	0	0	0	0	0	3	0	0	0	-10	0	0	0	0
25:30:00	91800	0	0	0	-6	0	0	0	0	0	0	0	0	0	0	0	1	0	0	0	0	0	0	0	3	0	0	0	-10	0	0	0	0
25:35:00	92100	0	0	0	-6	0	0	0	0	0	0	0	0	0	0	0	1	0	0	0	0	0	0	0	3	0	0	0	-10	0	0	0	0
25:40:00	92400	0	0	0	-6	0	0	0	0	0	0	0	0	0	0	0	1	0	0	0	0	0	0	0	3	0	0	0	-10	0	0	0	0
25:45:00	92700	0	0	0	-6	0	0	0	0	0	0	0	0	0	0	0	1	0	0	0	0	0	0	0	3	0	0	0	-10	0	0	0	0
25:50:00	93000	0	0	0	-6	0	0	0	0	0	0	0	0	0	0	0	1	0	0	0	0	0	0	0	3	0	0	0	-10	0	0	0	0
25:55:00	93300	0	0	0	-6	0	0	0	0	0	0	0	0	0	0	0	1	0	0	0	0	0	0	0	3	0	0	0	-10	0	0	0	0
26:00:00	93600	0	0	0	-6	0	0	0	0	0	0	0	0	0	0	0	1	0	0	0	0	0	0	0	3	0	0	0	-10	0	0	0	0
26:05:00	93900	2	2	0	-6	0	0	0	0	0	0	0	0	2	2	0	1	0	0	0	0	0	0	0	3	0	0	0	-10	0	0	0	0
26:10:00	94200	0	1	0	-7	0	0	0	0	0	0	0	0	0	1	0	0	0	0	0	0	0	0	0	3	0	0	0	-10	0	0	0	0
26:15:00	94500	0	0	0	-7	0	0	0	0	0	0	0	0	0	0	0	0	0	0	0	0	0	0	0	3	0	0	0	-10	0	0	0	0
26:20:00	94800	0	0	0	-7	0	0	0	0	0	0	0	0	0	0	0	0	0	0	0	0	0	0	0	3	0	0	0	-10	0	0	0	0
26:25:00	95100	0	0	0	-7	0	0	0	0	0	0	0	0	0	0	0	0	0	0	0	0	0	0	0	3	0	0	0	-10	0	0	0	0
26:30:00	95400	0	0	0	-7	0	0	0	0	0	0	0	0	0	0	0	0	0	0	0	0	0	0	0	3	0	0	0	-10	0	0	0	0
26:35:00	95700	0	0	0	-7	0	0	0	0	0	0	0	0	0	0	0	0	0	0	0	0	0	0	0	3	0	0	0	-10	0	0	0	0
26:40:00	96000	0	0	0	-7	0	0	0	0	0	0	0	0	0	0	0	0	0	0	0	0	0	0	0	3	0	0	0	-10	0	0	0	0
26:45:00	96300	0	0	0	-7	0	0	0	0	0	0	0	0	0	0	0	0	0	0	0	0	0	0	0	3	0	0	0	-10	0	0	0	0
26:50:00	96600	0	0	0	-7	0	0	0	0	0	0	0	0	0	0	0	0	0	0	0	0	0	0	0	3	0	0	0	-10	0	0	0	0
26:55:00	96900	0	0	0	-7	0	0	0	0	0	0	0	0	0	0	0	0	0	0	0	0	0	0	0	3	0	0	0	-10	0	0	0	0
27:00:00	97200	0	0	0	-7	0	0	0	0	0	0	0	0	0	0	0	0	0	0	0	0	0	0	0	3	0	0	0	-10	0	0	0	0
27:05:00	97500	0	0	0	-7	0	0	0	0	0	0	0	0	0	0	0	0	0	0	0	0	0	0	0	3	0	0	0	-10	0	0	0	0
27:10:00	97800	0	0	0	-7	0	0	0	0	0	0	0	0	0	0	0	0	0	0	0	0	0	0	0	3	0	0	0	-10	0	0	0	0
27:15:00	98100	0	0	0	-7	0	0	0	0	0	0	0	0	0	0	0	0	0	0	0	0	0	0	0	3	0	0	0	-10	0	0	0	0
27:20:00	98400	0	0	0	-7	0	0	0	0	0	0	0	0	0	0	0	0	0	0	0	0	0	0	0	3	0	0	0	-10	0	0	0	0
27:25:00	98700	0	0	0	-7	0	0	0	0	0	0	0	0	0	0	0	0	0	0	0	0	0	0	0	3	0	0	0	-10	0	0	0	0
27:30:00	99000	0	0	0	-7	0	0	0	0	0	0	0	0	0	0	0	0	0	0	0	0	0	0	0	3	0	0	0	-10	0	0	0	0
27:35:00	99300	0	0	0	-7	0	0	0	0	0	0	0	0	0	0	0	0	0	0	0	0	0	0	0	3	0	0	0	-10	0	0	0	0
27:40:00	99600	0	0	0	-7	0	0	0	0	0	0	0	0	0	0	0	0	0	0	0	0	0	0	0	3	0	0	0	-10	0	0	0	0
27:45:00	99900	0	0	0	-7	0	0	0	0	0	0	0	0	0	0	0	0	0	0	0	0	0	0	0	3	0	0	0	-10	0	0	0	0
27:50:00	100200	0	0	0	-7	0	0	0	0	0	0	0	0	0	0	0	0	0	0	0	0	0	0	0	3	0	0	0	-10	0	0	0	0
27:55:00	100500	0	0	0	-7	0	0	0	0	0	0	0	0	0	0	0	0	0	0	0	0	0	0	0	3	0	0	0	-10	0	0	0	0
28:00:00	100800	0	0	0	-7	0	0	0	0	0	0	0	0	0	0	0	0	0	0	0	0	0	0	0	3	0	0	0	-10	0	0	0	0
28:05:00	101100	0	0	0	-7	0	0	0	0	0	0	0	0	0	0	0	0	0	0	0	0	0	0	0	3	0	0	0	-10	0	0	0	0
28:10:00	101400	0	0	0	-7	0	0	0	0	0	0	0	0	0	0	0	0	0	0	0	0	0	0	0	3	0	0	0	-10	0	0	0	0
28:15:00	101700	0	0	0	-7	0	0	0	0	0	0	0	0	0	0	0	0	0	0	0	0	0	0	0	3	0	0	0	-10	0	0	0	0
28:20:00	102000	0	0	0	-7	0	0	0	0	0	0	0	0	0	0	0	0	0	0	0	0	0	0	0	3	0	0	0	-10	0	0	0	0
28:25:00	102300	0	0	0	-7	0	0	0	0	0	0	0	0	0	0	0	0	0	0	0	0	0	0	0	3	0	0	0	-10	0	0	0	0
28:30:00	102600	0	0	0	-7	0	0	0	0	0	0	0	0	0	0	0	0	0	0	0	0	0	0	0	3	0	0	0	-10	0	0	0	0
28:35:00	102900	0	0	0	-7	0	0	0	0	0	0	0	0	0	0	0	0	0	0	0	0	0	0	0	3	0	0	0	-10	0	0	0	0
28:40:00	103200	0	0	0	-7	0	0	0	0	0	0	0	0	0	0	0	0	0	0	0	0	0	0	0	3	0	0	0	-10	0	0	0	0
28:45:00	103500	0	0	0	-7	0	0	0	0	0	0	0	0	0	0	0	0	0	0	0	0	0	0	0	3	0	0	0	-10	0	0	0	0
28:50:00	103800	0	0	0	-7	0	0	0	0	0	0	0	0	0	0	0	0	0	0	0	0	0	0	0	3	0	0	0	-10	0	0	0	0
28:55:00	104100	0	0	0	-7	0	0	0	0	0	0	0	0	0	0	0	0	0	0	0	0	0	0	0	3	0	0	0	-10	0	0	0	0
29:00:00	104400	0	0	0	-7	0	0	0	0	0	0	0	0	0	0	0	0	0	0	0	0	0	0	0	3	0	0	0	-10	0	0	0	0
29:05:00	104700	0	0	0	-7	0	0	0	0	0	0	0	0	0	0	0	0	0	0	0	0	0	0	0	3	0	0	0	-10	0	0	0	0
29:10:00	105000	0	0	0	-7	0	0	0	0	0	0	0	0	0	0	0	0	0	0	0	0	0	0	0	3	0	0	0	-10	0	0	0	0
29:15:00	105300	0	0	0	-7	0	0	0	0	0	0	0	0	0	0	0	0	0	0	0	0	0	0	0	3	0	0	0	-10	0	0	0	0
29:20:00	105600	0	0	0	-7	0	0	0	0	0	0	0	0	0	0	0	0	0	0	0	0	0	0	0	3	0	0	0	-10	0	0	0	0
29:25:00	105900	0	0	0	-7	0	0	0	0	0	0	0	0	0	0	0	0	0	0	0	0	0	0	0	3	0	0	0	-10	0	0	0	0
29:30:00	106200	0	0	0	-7	0	0	0	0	0	0	0	0	0	0	0	0	0	0	0	0	0	0	0	3	0	0	0	-10	0	0	0	0
29:35:00	106500	0	0	0	-7	0	0	0	0	0	0	0	0	0	0	0	0	0	0	0	0	0	0	0	3	0	0	0	-10	0	0	0	0
29:40:00	106800	0	0	0	-7	0	0	0	0	0	0	0	0	0	0	0	0	0	0	0	0	0	0	0	3	0	0	0	-10	0	0	0	0
29:45:00	107100	0	0	0	-7	0	0	0	0	0	0	0	0	0	0	0	0	0	0	0	0	0	0	0	3	0	0	0	-10	0	0	0	0
29:50:00	107400	0	0	0	-7	0	0	0	0	0	0	0	0	0	0	0	0	0	0	0	0	0	0	0	3	0	0	0	-10	0	0	0	0
29:55:00	107700	0	0	0	-7	0	0	0	0	0	0	0	0	0	0	0	0	0	0	0	0	0	0	0	3	0	0	0	-10	0	0	0	0
30:00:00	108000	0	0	3	-10	0	0	0	0	0	0	0	0	0	0	0	0	0	0	0	0	0	0	3	0	0	0	0	-10	0	0	0	0
30:05:00	108300	0	0	0	-10	0	0	0	0	0	0	0	0	0	0	0	0	0	0	0	0	0	0	0	0	0	0	0	-10	0	0	0	0
