time	time	departures_all	arrivals_all	stuck_all	en-route_all	departures_Shared-Bike	arrivals_Shared-Bike	stuck_Shared-Bike	en-route_Shared-Bike	departures_bike	arrivals_bike	stuck_bike	en-route_bike	departures_car	arrivals_car	stuck_car	en-route_car	departures_car_passenger	arrivals_car_passenger	stuck_car_passenger	en-route_car_passenger	departures_pt	arrivals_pt	stuck_pt	en-route_pt	departures_sharing:standardBikeShare	arrivals_sharing:standardBikeShare	stuck_sharing:standardBikeShare	en-route_sharing:standardBikeShare	departures_walk	arrivals_walk	stuck_walk	en-route_walk
00:00:00	0	0	0	0	0	0	0	0	0	0	0	0	0	0	0	0	0	0	0	0	0	0	0	0	0	0	0	0	0	0	0	0	0
00:05:00	300	0	0	0	0	0	0	0	0	0	0	0	0	0	0	0	0	0	0	0	0	0	0	0	0	0	0	0	0	0	0	0	0
00:10:00	600	0	0	0	0	0	0	0	0	0	0	0	0	0	0	0	0	0	0	0	0	0	0	0	0	0	0	0	0	0	0	0	0
00:15:00	900	0	0	0	0	0	0	0	0	0	0	0	0	0	0	0	0	0	0	0	0	0	0	0	0	0	0	0	0	0	0	0	0
00:20:00	1200	0	0	0	0	0	0	0	0	0	0	0	0	0	0	0	0	0	0	0	0	0	0	0	0	0	0	0	0	0	0	0	0
00:25:00	1500	0	0	0	0	0	0	0	0	0	0	0	0	0	0	0	0	0	0	0	0	0	0	0	0	0	0	0	0	0	0	0	0
00:30:00	1800	0	0	0	0	0	0	0	0	0	0	0	0	0	0	0	0	0	0	0	0	0	0	0	0	0	0	0	0	0	0	0	0
00:35:00	2100	0	0	0	0	0	0	0	0	0	0	0	0	0	0	0	0	0	0	0	0	0	0	0	0	0	0	0	0	0	0	0	0
00:40:00	2400	0	0	0	0	0	0	0	0	0	0	0	0	0	0	0	0	0	0	0	0	0	0	0	0	0	0	0	0	0	0	0	0
00:45:00	2700	0	0	0	0	0	0	0	0	0	0	0	0	0	0	0	0	0	0	0	0	0	0	0	0	0	0	0	0	0	0	0	0
00:50:00	3000	0	0	0	0	0	0	0	0	0	0	0	0	0	0	0	0	0	0	0	0	0	0	0	0	0	0	0	0	0	0	0	0
00:55:00	3300	0	0	0	0	0	0	0	0	0	0	0	0	0	0	0	0	0	0	0	0	0	0	0	0	0	0	0	0	0	0	0	0
01:00:00	3600	0	0	0	0	0	0	0	0	0	0	0	0	0	0	0	0	0	0	0	0	0	0	0	0	0	0	0	0	0	0	0	0
01:05:00	3900	0	0	0	0	0	0	0	0	0	0	0	0	0	0	0	0	0	0	0	0	0	0	0	0	0	0	0	0	0	0	0	0
01:10:00	4200	0	0	0	0	0	0	0	0	0	0	0	0	0	0	0	0	0	0	0	0	0	0	0	0	0	0	0	0	0	0	0	0
01:15:00	4500	0	0	0	0	0	0	0	0	0	0	0	0	0	0	0	0	0	0	0	0	0	0	0	0	0	0	0	0	0	0	0	0
01:20:00	4800	0	0	0	0	0	0	0	0	0	0	0	0	0	0	0	0	0	0	0	0	0	0	0	0	0	0	0	0	0	0	0	0
01:25:00	5100	0	0	0	0	0	0	0	0	0	0	0	0	0	0	0	0	0	0	0	0	0	0	0	0	0	0	0	0	0	0	0	0
01:30:00	5400	0	0	0	0	0	0	0	0	0	0	0	0	0	0	0	0	0	0	0	0	0	0	0	0	0	0	0	0	0	0	0	0
01:35:00	5700	0	0	0	0	0	0	0	0	0	0	0	0	0	0	0	0	0	0	0	0	0	0	0	0	0	0	0	0	0	0	0	0
01:40:00	6000	0	0	0	0	0	0	0	0	0	0	0	0	0	0	0	0	0	0	0	0	0	0	0	0	0	0	0	0	0	0	0	0
01:45:00	6300	0	0	0	0	0	0	0	0	0	0	0	0	0	0	0	0	0	0	0	0	0	0	0	0	0	0	0	0	0	0	0	0
01:50:00	6600	0	0	0	0	0	0	0	0	0	0	0	0	0	0	0	0	0	0	0	0	0	0	0	0	0	0	0	0	0	0	0	0
01:55:00	6900	0	0	0	0	0	0	0	0	0	0	0	0	0	0	0	0	0	0	0	0	0	0	0	0	0	0	0	0	0	0	0	0
02:00:00	7200	0	0	0	0	0	0	0	0	0	0	0	0	0	0	0	0	0	0	0	0	0	0	0	0	0	0	0	0	0	0	0	0
02:05:00	7500	0	0	0	0	0	0	0	0	0	0	0	0	0	0	0	0	0	0	0	0	0	0	0	0	0	0	0	0	0	0	0	0
02:10:00	7800	0	0	0	0	0	0	0	0	0	0	0	0	0	0	0	0	0	0	0	0	0	0	0	0	0	0	0	0	0	0	0	0
02:15:00	8100	0	0	0	0	0	0	0	0	0	0	0	0	0	0	0	0	0	0	0	0	0	0	0	0	0	0	0	0	0	0	0	0
02:20:00	8400	0	0	0	0	0	0	0	0	0	0	0	0	0	0	0	0	0	0	0	0	0	0	0	0	0	0	0	0	0	0	0	0
02:25:00	8700	0	0	0	0	0	0	0	0	0	0	0	0	0	0	0	0	0	0	0	0	0	0	0	0	0	0	0	0	0	0	0	0
02:30:00	9000	0	0	0	0	0	0	0	0	0	0	0	0	0	0	0	0	0	0	0	0	0	0	0	0	0	0	0	0	0	0	0	0
02:35:00	9300	0	0	0	0	0	0	0	0	0	0	0	0	0	0	0	0	0	0	0	0	0	0	0	0	0	0	0	0	0	0	0	0
02:40:00	9600	0	0	0	0	0	0	0	0	0	0	0	0	0	0	0	0	0	0	0	0	0	0	0	0	0	0	0	0	0	0	0	0
02:45:00	9900	0	0	0	0	0	0	0	0	0	0	0	0	0	0	0	0	0	0	0	0	0	0	0	0	0	0	0	0	0	0	0	0
02:50:00	10200	0	0	0	0	0	0	0	0	0	0	0	0	0	0	0	0	0	0	0	0	0	0	0	0	0	0	0	0	0	0	0	0
02:55:00	10500	0	0	0	0	0	0	0	0	0	0	0	0	0	0	0	0	0	0	0	0	0	0	0	0	0	0	0	0	0	0	0	0
03:00:00	10800	0	0	0	0	0	0	0	0	0	0	0	0	0	0	0	0	0	0	0	0	0	0	0	0	0	0	0	0	0	0	0	0
03:05:00	11100	0	0	0	0	0	0	0	0	0	0	0	0	0	0	0	0	0	0	0	0	0	0	0	0	0	0	0	0	0	0	0	0
03:10:00	11400	0	0	0	0	0	0	0	0	0	0	0	0	0	0	0	0	0	0	0	0	0	0	0	0	0	0	0	0	0	0	0	0
03:15:00	11700	0	0	0	0	0	0	0	0	0	0	0	0	0	0	0	0	0	0	0	0	0	0	0	0	0	0	0	0	0	0	0	0
03:20:00	12000	0	0	0	0	0	0	0	0	0	0	0	0	0	0	0	0	0	0	0	0	0	0	0	0	0	0	0	0	0	0	0	0
03:25:00	12300	0	0	0	0	0	0	0	0	0	0	0	0	0	0	0	0	0	0	0	0	0	0	0	0	0	0	0	0	0	0	0	0
03:30:00	12600	0	0	0	0	0	0	0	0	0	0	0	0	0	0	0	0	0	0	0	0	0	0	0	0	0	0	0	0	0	0	0	0
03:35:00	12900	0	0	0	0	0	0	0	0	0	0	0	0	0	0	0	0	0	0	0	0	0	0	0	0	0	0	0	0	0	0	0	0
03:40:00	13200	0	0	0	0	0	0	0	0	0	0	0	0	0	0	0	0	0	0	0	0	0	0	0	0	0	0	0	0	0	0	0	0
03:45:00	13500	0	0	0	0	0	0	0	0	0	0	0	0	0	0	0	0	0	0	0	0	0	0	0	0	0	0	0	0	0	0	0	0
03:50:00	13800	0	0	0	0	0	0	0	0	0	0	0	0	0	0	0	0	0	0	0	0	0	0	0	0	0	0	0	0	0	0	0	0
03:55:00	14100	0	0	0	0	0	0	0	0	0	0	0	0	0	0	0	0	0	0	0	0	0	0	0	0	0	0	0	0	0	0	0	0
04:00:00	14400	0	0	0	0	0	0	0	0	0	0	0	0	0	0	0	0	0	0	0	0	0	0	0	0	0	0	0	0	0	0	0	0
04:05:00	14700	0	0	0	0	0	0	0	0	0	0	0	0	0	0	0	0	0	0	0	0	0	0	0	0	0	0	0	0	0	0	0	0
04:10:00	15000	0	0	0	0	0	0	0	0	0	0	0	0	0	0	0	0	0	0	0	0	0	0	0	0	0	0	0	0	0	0	0	0
04:15:00	15300	0	0	0	0	0	0	0	0	0	0	0	0	0	0	0	0	0	0	0	0	0	0	0	0	0	0	0	0	0	0	0	0
04:20:00	15600	0	0	0	0	0	0	0	0	0	0	0	0	0	0	0	0	0	0	0	0	0	0	0	0	0	0	0	0	0	0	0	0
04:25:00	15900	0	0	0	0	0	0	0	0	0	0	0	0	0	0	0	0	0	0	0	0	0	0	0	0	0	0	0	0	0	0	0	0
04:30:00	16200	0	0	0	0	0	0	0	0	0	0	0	0	0	0	0	0	0	0	0	0	0	0	0	0	0	0	0	0	0	0	0	0
04:35:00	16500	0	0	0	0	0	0	0	0	0	0	0	0	0	0	0	0	0	0	0	0	0	0	0	0	0	0	0	0	0	0	0	0
04:40:00	16800	0	0	0	0	0	0	0	0	0	0	0	0	0	0	0	0	0	0	0	0	0	0	0	0	0	0	0	0	0	0	0	0
04:45:00	17100	0	0	0	0	0	0	0	0	0	0	0	0	0	0	0	0	0	0	0	0	0	0	0	0	0	0	0	0	0	0	0	0
04:50:00	17400	0	0	0	0	0	0	0	0	0	0	0	0	0	0	0	0	0	0	0	0	0	0	0	0	0	0	0	0	0	0	0	0
04:55:00	17700	0	0	0	0	0	0	0	0	0	0	0	0	0	0	0	0	0	0	0	0	0	0	0	0	0	0	0	0	0	0	0	0
05:00:00	18000	0	0	0	0	0	0	0	0	0	0	0	0	0	0	0	0	0	0	0	0	0	0	0	0	0	0	0	0	0	0	0	0
05:05:00	18300	0	0	0	0	0	0	0	0	0	0	0	0	0	0	0	0	0	0	0	0	0	0	0	0	0	0	0	0	0	0	0	0
05:10:00	18600	0	0	0	0	0	0	0	0	0	0	0	0	0	0	0	0	0	0	0	0	0	0	0	0	0	0	0	0	0	0	0	0
05:15:00	18900	0	0	0	0	0	0	0	0	0	0	0	0	0	0	0	0	0	0	0	0	0	0	0	0	0	0	0	0	0	0	0	0
05:20:00	19200	0	0	0	0	0	0	0	0	0	0	0	0	0	0	0	0	0	0	0	0	0	0	0	0	0	0	0	0	0	0	0	0
05:25:00	19500	0	0	0	0	0	0	0	0	0	0	0	0	0	0	0	0	0	0	0	0	0	0	0	0	0	0	0	0	0	0	0	0
05:30:00	19800	0	0	0	0	0	0	0	0	0	0	0	0	0	0	0	0	0	0	0	0	0	0	0	0	0	0	0	0	0	0	0	0
05:35:00	20100	0	0	0	0	0	0	0	0	0	0	0	0	0	0	0	0	0	0	0	0	0	0	0	0	0	0	0	0	0	0	0	0
05:40:00	20400	0	0	0	0	0	0	0	0	0	0	0	0	0	0	0	0	0	0	0	0	0	0	0	0	0	0	0	0	0	0	0	0
05:45:00	20700	0	0	0	0	0	0	0	0	0	0	0	0	0	0	0	0	0	0	0	0	0	0	0	0	0	0	0	0	0	0	0	0
05:50:00	21000	0	0	0	0	0	0	0	0	0	0	0	0	0	0	0	0	0	0	0	0	0	0	0	0	0	0	0	0	0	0	0	0
05:55:00	21300	0	0	0	0	0	0	0	0	0	0	0	0	0	0	0	0	0	0	0	0	0	0	0	0	0	0	0	0	0	0	0	0
06:00:00	21600	4	0	0	4	0	0	0	0	0	0	0	0	2	0	0	2	0	0	0	0	0	0	0	0	0	0	0	0	2	0	0	2
06:05:00	21900	4	0	0	8	0	0	0	0	0	0	0	0	2	0	0	4	0	0	0	0	0	0	0	0	0	0	0	0	2	0	0	4
06:10:00	22200	3	2	0	9	0	0	0	0	0	0	0	0	3	1	0	6	0	0	0	0	0	0	0	0	0	0	0	0	0	1	0	3
06:15:00	22500	1	1	0	9	0	0	0	0	0	0	0	0	1	1	0	6	0	0	0	0	0	0	0	0	0	0	0	0	0	0	0	3
06:20:00	22800	5	3	0	11	0	0	0	0	0	0	0	0	3	1	0	8	0	0	0	0	2	0	0	2	0	0	0	0	0	2	0	1
06:25:00	23100	6	4	0	13	0	0	0	0	0	0	0	0	4	3	0	9	0	0	0	0	0	1	0	1	0	0	0	0	2	0	0	3
06:30:00	23400	43	4	0	52	0	0	0	0	0	0	0	0	34	3	0	40	0	0	0	0	0	1	0	0	0	0	0	0	9	0	0	12
06:35:00	23700	38	20	0	70	0	0	0	0	0	0	0	0	30	16	0	54	0	0	0	0	0	0	0	0	0	0	0	0	8	4	0	16
06:40:00	24000	37	18	0	89	0	0	0	0	0	0	0	0	30	14	0	70	0	0	0	0	4	0	0	4	0	0	0	0	3	4	0	15
06:45:00	24300	34	33	0	90	0	0	0	0	0	0	0	0	26	28	0	68	0	0	0	0	2	0	0	6	0	0	0	0	6	5	0	16
06:50:00	24600	41	30	0	101	0	0	0	0	0	0	0	0	25	24	0	69	0	0	0	0	1	0	0	7	0	0	0	0	15	6	0	25
06:55:00	24900	79	36	0	144	1	0	0	1	0	0	0	0	64	29	0	104	0	0	0	0	1	0	0	8	0	0	0	0	13	7	0	31
07:00:00	25200	67	51	0	160	1	0	0	2	0	0	0	0	46	39	0	111	0	0	0	0	3	0	0	11	0	0	0	0	17	12	0	36
07:05:00	25500	66	48	0	178	1	2	0	1	1	0	0	1	38	35	0	114	0	0	0	0	3	0	0	14	0	0	0	0	23	11	0	48
07:10:00	25800	73	61	0	190	1	1	0	1	1	0	0	2	47	40	0	121	0	0	0	0	6	3	0	17	0	0	0	0	18	17	0	49
07:15:00	26100	90	50	0	230	0	0	0	1	0	0	0	2	64	38	0	147	0	0	0	0	3	2	0	18	0	0	0	0	23	10	0	62
07:20:00	26400	94	81	0	243	1	1	0	1	0	0	0	2	58	53	0	152	0	0	0	0	14	2	0	30	0	0	0	0	21	25	0	58
07:25:00	26700	121	83	0	281	3	0	0	4	0	2	0	0	89	55	0	186	0	0	0	0	9	1	0	38	0	0	0	0	20	25	0	53
07:30:00	27000	81	94	0	268	0	1	0	3	0	0	0	0	59	73	0	172	0	0	0	0	6	4	0	40	0	0	0	0	16	16	0	53
07:35:00	27300	101	99	0	270	1	3	0	1	0	0	0	0	58	70	0	160	0	0	0	0	5	9	0	36	0	0	0	0	37	17	0	73
07:40:00	27600	98	75	0	293	1	1	0	1	0	0	0	0	71	48	0	183	0	0	0	0	7	1	0	42	0	0	0	0	19	25	0	67
07:45:00	27900	100	91	0	302	0	1	0	0	1	0	0	1	76	62	0	197	0	0	0	0	7	1	0	48	0	0	0	0	16	27	0	56
07:50:00	28200	113	86	0	329	0	0	0	0	1	0	0	2	76	60	0	213	0	0	0	0	5	8	0	45	0	0	0	0	31	18	0	69
07:55:00	28500	122	108	1	342	1	0	0	1	0	0	0	2	81	83	0	211	12	1	0	11	6	3	0	48	0	0	1	-1	22	21	0	70
08:00:00	28800	136	122	0	356	0	1	0	0	1	0	0	3	76	81	0	206	24	7	0	28	7	6	0	49	0	0	0	-1	28	27	0	71
08:05:00	29100	117	108	1	364	1	0	0	1	0	1	0	2	62	67	0	201	17	10	0	35	9	4	0	54	0	0	1	-2	28	26	0	73
08:10:00	29400	140	128	0	376	0	1	0	0	0	0	0	2	77	80	0	198	26	16	0	45	6	8	0	52	0	0	0	-2	31	23	0	81
08:15:00	29700	99	111	0	364	1	0	0	1	0	0	0	2	62	70	0	190	14	15	0	44	5	1	0	56	0	0	0	-2	17	25	0	73
08:20:00	30000	111	102	0	373	0	1	0	0	1	0	0	3	73	60	0	203	16	18	0	42	6	2	0	60	0	0	0	-2	15	21	0	67
08:25:00	30300	112	99	0	386	0	0	0	0	0	0	0	3	66	70	0	199	20	12	0	50	6	1	0	65	0	0	0	-2	20	16	0	71
08:30:00	30600	102	112	0	376	0	0	0	0	0	2	0	1	51	62	0	188	21	16	0	55	12	6	0	71	0	0	0	-2	18	26	0	63
08:35:00	30900	79	98	0	357	1	0	0	1	0	1	0	0	56	64	0	180	8	19	0	44	4	4	0	71	0	0	0	-2	10	10	0	63
08:40:00	31200	91	86	0	362	0	1	0	0	0	0	0	0	48	50	0	178	24	18	0	50	6	5	0	72	0	0	0	-2	13	12	0	64
08:45:00	31500	105	79	1	387	0	0	0	0	0	0	0	0	48	51	0	175	39	14	0	75	3	2	0	73	0	0	1	-3	15	12	0	67
08:50:00	31800	88	97	0	378	0	0	0	0	0	0	0	0	55	61	0	169	13	22	0	66	7	0	0	80	0	0	0	-3	13	14	0	66
08:55:00	32100	88	93	0	373	0	0	0	0	1	0	0	1	44	58	0	155	18	19	0	65	6	6	0	80	0	0	0	-3	19	10	0	75
09:00:00	32400	98	96	0	375	0	0	0	0	0	0	0	1	71	59	0	167	4	16	0	53	9	3	0	86	0	0	0	-3	14	18	0	71
09:05:00	32700	82	94	0	363	1	0	0	1	0	0	0	1	42	45	0	164	6	12	0	47	3	12	0	77	0	0	0	-3	30	25	0	76
09:10:00	33000	65	90	0	338	2	0	0	3	0	0	0	1	44	51	0	157	3	12	0	38	3	3	0	77	0	0	0	-3	13	24	0	65
09:15:00	33300	54	65	0	327	0	1	0	2	0	0	0	1	36	42	0	151	2	11	0	29	5	0	0	82	0	0	0	-3	11	11	0	65
09:20:00	33600	55	86	0	296	0	1	0	1	1	0	0	2	33	50	0	134	2	11	0	20	6	3	0	85	0	0	0	-3	13	21	0	57
09:25:00	33900	60	66	0	290	0	1	0	0	0	1	0	1	32	40	0	126	4	2	0	22	1	12	0	74	0	0	0	-3	23	10	0	70
09:30:00	34200	49	71	0	268	0	0	0	0	0	0	0	1	32	40	0	118	1	6	0	17	2	4	0	72	0	0	0	-3	14	21	0	63
09:35:00	34500	50	67	0	251	1	0	0	1	0	0	0	1	23	40	0	101	8	6	0	19	4	2	0	74	0	0	0	-3	14	19	0	58
09:40:00	34800	40	60	0	231	0	0	0	1	0	0	0	1	25	33	0	93	2	5	0	16	2	2	0	74	0	0	0	-3	11	20	0	49
09:45:00	35100	44	67	0	208	0	0	0	1	0	1	0	0	28	43	0	78	0	6	0	10	5	3	0	76	0	0	0	-3	11	14	0	46
09:50:00	35400	44	50	0	202	0	1	0	0	0	0	0	0	26	21	0	83	0	4	0	6	6	0	0	82	0	0	0	-3	12	24	0	34
09:55:00	35700	47	45	0	204	0	0	0	0	0	0	0	0	34	27	0	90	0	2	0	4	1	2	0	81	0	0	0	-3	12	14	0	32
10:00:00	36000	75	64	0	215	0	0	0	0	0	0	0	0	41	35	0	96	0	2	0	2	3	10	0	74	0	0	0	-3	31	17	0	46
10:05:00	36300	61	56	0	220	0	0	0	0	0	0	0	0	36	36	0	96	0	1	0	1	0	3	0	71	0	0	0	-3	25	16	0	55
10:10:00	36600	82	76	0	226	1	0	0	1	0	0	0	0	51	38	0	109	0	1	0	0	1	7	0	65	0	0	0	-3	29	30	0	54
10:15:00	36900	64	71	0	219	0	0	0	1	0	0	0	0	37	41	0	105	0	0	0	0	1	1	0	65	0	0	0	-3	26	29	0	51
10:20:00	37200	71	76	1	213	0	1	0	0	0	0	0	0	37	40	0	102	0	0	0	0	5	1	0	69	0	0	1	-4	29	34	0	46
10:25:00	37500	77	80	0	210	0	0	0	0	0	0	0	0	54	49	0	107	0	0	0	0	1	3	0	67	0	0	0	-4	22	28	0	40
10:30:00	37800	61	74	0	197	0	0	0	0	0	0	0	0	36	45	0	98	0	0	0	0	1	1	0	67	0	0	0	-4	24	28	0	36
10:35:00	38100	45	68	0	174	0	0	0	0	0	0	0	0	21	43	0	76	2	1	0	1	3	0	0	70	0	0	0	-4	19	24	0	31
10:40:00	38400	53	54	0	173	0	0	0	0	0	0	0	0	27	29	0	74	1	1	0	1	1	0	0	71	0	0	0	-4	24	24	0	31
10:45:00	38700	67	71	0	169	0	0	0	0	0	0	0	0	33	39	0	68	3	0	0	4	2	6	0	67	0	0	0	-4	29	26	0	34
10:50:00	39000	46	59	1	155	0	0	0	0	1	0	0	1	24	30	0	62	0	3	0	1	2	3	0	66	0	0	1	-5	19	23	0	30
10:55:00	39300	38	49	0	144	0	0	0	0	0	0	0	1	18	23	0	57	2	0	0	3	2	2	0	66	0	0	0	-5	16	24	0	22
11:00:00	39600	48	41	0	151	0	0	0	0	0	0	0	1	25	22	0	60	4	1	0	6	0	0	0	66	0	0	0	-5	19	18	0	23
11:05:00	39900	93	71	0	173	1	1	0	0	0	0	0	1	41	24	0	77	1	1	0	6	13	13	0	66	0	0	0	-5	37	32	0	28
11:10:00	40200	79	51	0	201	0	0	0	0	0	0	0	1	46	27	0	96	2	1	0	7	2	1	0	67	0	0	0	-5	29	22	0	35
11:15:00	40500	62	62	0	201	1	0	0	1	0	0	0	1	35	37	0	94	10	3	0	14	3	1	0	69	0	0	0	-5	13	21	0	27
11:20:00	40800	65	58	0	208	0	0	0	1	0	1	0	0	38	38	0	94	2	1	0	15	3	3	0	69	0	0	0	-5	22	15	0	34
11:25:00	41100	72	73	0	207	0	1	0	0	0	0	0	0	46	41	0	99	3	4	0	14	1	1	0	69	0	0	0	-5	22	26	0	30
11:30:00	41400	85	67	0	225	0	0	0	0	0	0	0	0	46	34	0	111	1	5	0	10	5	3	0	71	0	0	0	-5	33	25	0	38
11:35:00	41700	100	87	0	238	0	0	0	0	0	0	0	0	50	41	0	120	3	3	0	10	10	11	0	70	0	0	0	-5	37	32	0	43
11:40:00	42000	86	85	0	239	0	0	0	0	0	0	0	0	46	37	0	129	0	3	0	7	4	15	0	59	0	0	0	-5	36	30	0	49
11:45:00	42300	81	89	0	231	0	0	0	0	1	0	0	1	48	49	0	128	3	5	0	5	4	6	0	57	0	0	0	-5	25	29	0	45
11:50:00	42600	85	77	0	239	0	0	0	0	0	0	0	1	52	45	0	135	5	2	0	8	0	1	0	56	0	0	0	-5	28	29	0	44
11:55:00	42900	104	83	0	260	0	0	0	0	0	0	0	1	64	49	0	150	1	1	0	8	2	8	0	50	0	0	0	-5	37	25	0	56
12:00:00	43200	88	93	0	255	1	0	0	1	0	1	0	0	57	59	0	148	2	1	0	9	7	0	0	57	0	0	0	-5	21	32	0	45
12:05:00	43500	64	77	0	242	2	1	0	2	0	0	0	0	34	43	0	139	8	6	0	11	4	0	0	61	0	0	0	-5	16	27	0	34
12:10:00	43800	72	68	0	246	1	1	0	2	0	0	0	0	44	40	0	143	2	0	0	13	6	1	0	66	0	0	0	-5	19	26	0	27
12:15:00	44100	62	74	0	234	4	0	0	6	0	0	0	0	36	53	0	126	1	3	0	11	5	3	0	68	0	0	0	-5	16	15	0	28
12:20:00	44400	52	68	0	218	0	5	0	1	0	0	0	0	36	45	0	117	0	3	0	8	4	2	0	70	0	0	0	-5	12	13	0	27
12:25:00	44700	68	66	1	219	0	1	0	0	0	0	0	0	41	33	0	125	0	3	0	5	6	7	0	69	0	0	1	-6	21	22	0	26
12:30:00	45000	41	44	0	216	2	0	0	2	0	0	0	0	30	34	0	121	0	1	0	4	1	3	0	67	0	0	0	-6	8	6	0	28
12:35:00	45300	31	55	0	192	0	1	0	1	0	0	0	0	11	37	0	95	0	2	0	2	6	4	0	69	0	0	0	-6	14	11	0	31
12:40:00	45600	33	35	1	189	1	0	0	2	0	0	0	0	26	25	0	96	0	1	0	1	1	1	0	69	0	0	1	-7	5	8	0	28
12:45:00	45900	47	43	0	193	0	1	0	1	0	0	0	0	33	31	0	98	0	0	0	1	4	2	0	71	0	0	0	-7	10	9	0	29
12:50:00	46200	29	47	0	175	0	1	0	0	0	0	0	0	22	36	0	84	0	1	0	0	3	0	0	74	0	0	0	-7	4	9	0	24
12:55:00	46500	37	35	0	177	0	0	0	0	0	0	0	0	23	26	0	81	0	0	0	0	2	4	0	72	0	0	0	-7	12	5	0	31
13:00:00	46800	3	31	0	149	1	1	0	0	0	0	0	0	0	24	0	57	0	0	0	0	2	0	0	74	0	0	0	-7	0	6	0	25
13:05:00	47100	4	29	0	124	0	0	0	0	0	0	0	0	2	21	0	38	0	0	0	0	0	0	0	74	0	0	0	-7	2	8	0	19
13:10:00	47400	6	19	0	111	0	0	0	0	0	0	0	0	0	11	0	27	0	0	0	0	5	0	0	79	0	0	0	-7	1	8	0	12
13:15:00	47700	23	13	0	121	0	0	0	0	0	0	0	0	19	9	0	37	0	0	0	0	1	1	0	79	0	0	0	-7	3	3	0	12
13:20:00	48000	18	20	0	119	1	0	0	1	0	0	0	0	7	12	0	32	0	0	0	0	0	3	0	76	0	0	0	-7	10	5	0	17
13:25:00	48300	20	13	0	126	0	0	0	1	0	0	0	0	11	5	0	38	0	0	0	0	1	5	0	72	0	0	0	-7	8	3	0	22
13:30:00	48600	56	23	0	159	0	1	0	0	0	0	0	0	43	16	0	65	1	0	0	1	0	2	0	70	0	0	0	-7	12	4	0	30
13:35:00	48900	66	57	0	168	1	0	0	1	0	0	0	0	34	30	0	69	5	0	0	6	1	10	0	61	0	0	0	-7	25	17	0	38
13:40:00	49200	47	42	0	173	0	0	0	1	1	0	0	1	28	25	0	72	5	2	0	9	1	3	0	59	0	0	0	-7	12	12	0	38
13:45:00	49500	62	48	0	187	2	1	0	2	0	1	0	0	36	25	0	83	2	3	0	8	2	2	0	59	0	0	0	-7	20	16	0	42
13:50:00	49800	101	50	0	238	1	0	0	3	0	0	0	0	65	26	0	122	15	6	0	17	3	2	0	60	0	0	0	-7	17	16	0	43
13:55:00	50100	114	76	0	276	1	2	0	2	0	0	0	0	77	48	0	151	12	6	0	23	2	2	0	60	0	0	0	-7	22	18	0	47
14:00:00	50400	96	92	1	279	0	1	0	1	0	0	0	0	61	55	0	157	3	9	0	17	6	0	0	66	0	0	1	-8	26	27	0	46
14:05:00	50700	90	86	0	283	2	1	0	2	0	0	0	0	52	51	0	158	9	6	0	20	3	0	0	69	0	0	0	-8	24	28	0	42
14:10:00	51000	86	88	0	281	2	3	0	1	0	0	0	0	54	56	0	156	14	12	0	22	4	0	0	73	0	0	0	-8	12	17	0	37
14:15:00	51300	68	73	0	276	0	1	0	0	0	0	0	0	36	51	0	141	8	7	0	23	6	1	0	78	0	0	0	-8	18	13	0	42
14:20:00	51600	83	76	0	283	0	0	0	0	0	0	0	0	45	45	0	141	14	8	0	29	5	4	0	79	0	0	0	-8	19	19	0	42
14:25:00	51900	77	80	0	280	0	0	0	0	0	0	0	0	48	54	0	135	16	11	0	34	3	1	0	81	0	0	0	-8	10	14	0	38
14:30:00	52200	54	68	0	266	0	0	0	0	0	0	0	0	23	33	0	125	11	13	0	32	5	3	0	83	0	0	0	-8	15	19	0	34
14:35:00	52500	79	74	0	271	1	0	0	1	0	0	0	0	44	38	0	131	5	13	0	24	3	3	0	83	0	0	0	-8	26	20	0	40
14:40:00	52800	64	84	0	251	0	1	0	0	0	0	0	0	36	53	0	114	8	7	0	25	4	3	0	84	0	0	0	-8	16	20	0	36
14:45:00	53100	65	77	0	239	1	0	0	1	0	0	0	0	21	29	0	106	9	13	0	21	8	15	0	77	0	0	0	-8	26	20	0	42
14:50:00	53400	54	73	0	220	0	1	0	0	0	0	0	0	27	38	0	95	3	6	0	18	1	3	0	75	0	0	0	-8	23	25	0	40
14:55:00	53700	46	61	0	205	1	0	0	1	0	0	0	0	19	28	0	86	8	7	0	19	4	3	0	76	0	0	0	-8	14	23	0	31
15:00:00	54000	48	62	0	191	0	1	0	0	0	0	0	0	28	32	0	82	3	8	0	14	1	6	0	71	0	0	0	-8	16	15	0	32
15:05:00	54300	51	48	0	194	0	0	0	0	0	0	0	0	28	31	0	79	1	4	0	11	2	1	0	72	0	0	0	-8	20	12	0	40
15:10:00	54600	48	59	0	183	0	0	0	0	0	0	0	0	30	36	0	73	0	5	0	6	2	0	0	74	0	0	0	-8	16	18	0	38
15:15:00	54900	60	50	0	193	0	0	0	0	0	0	0	0	38	26	0	85	1	2	0	5	5	2	0	77	0	0	0	-8	16	20	0	34
15:20:00	55200	54	48	0	199	0	0	0	0	0	0	0	0	29	24	0	90	1	1	0	5	3	1	0	79	0	0	0	-8	21	22	0	33
15:25:00	55500	54	61	1	191	0	0	0	0	0	0	0	0	39	41	0	88	0	0	0	5	3	1	0	81	0	0	1	-9	12	19	0	26
15:30:00	55800	78	50	0	219	0	0	0	0	0	0	0	0	50	30	0	108	0	1	0	4	2	2	0	81	0	0	0	-9	26	17	0	35
15:35:00	56100	102	72	0	249	0	0	0	0	0	0	0	0	60	41	0	127	0	0	0	4	5	6	0	80	0	0	0	-9	37	25	0	47
15:40:00	56400	108	97	0	260	0	0	0	0	0	0	0	0	66	54	0	139	0	1	0	3	3	4	0	79	0	0	0	-9	39	38	0	48
15:45:00	56700	78	86	0	252	0	0	0	0	0	0	0	0	50	54	0	135	0	0	0	3	4	4	0	79	0	0	0	-9	24	28	0	44
15:50:00	57000	84	81	0	255	2	0	0	2	0	0	0	0	53	50	0	138	0	1	0	2	0	0	0	79	0	0	0	-9	29	30	0	43
15:55:00	57300	69	87	0	237	1	2	0	1	0	0	0	0	41	52	0	127	0	0	0	2	1	7	0	73	0	0	0	-9	26	26	0	43
16:00:00	57600	92	83	0	246	1	1	0	1	0	0	0	0	39	46	0	120	21	0	0	23	4	5	0	72	0	0	0	-9	27	31	0	39
16:05:00	57900	86	81	0	251	0	1	0	0	0	0	0	0	44	50	0	114	19	8	0	34	2	4	0	70	0	0	0	-9	21	18	0	42
16:10:00	58200	71	87	0	235	1	1	0	0	0	0	0	0	24	41	0	97	18	14	0	38	1	1	0	70	0	0	0	-9	27	30	0	39
16:15:00	58500	86	90	0	231	1	1	0	0	0	0	0	0	32	38	0	91	16	14	0	40	5	10	0	65	0	0	0	-9	32	27	0	44
16:20:00	58800	95	74	0	252	0	0	0	0	0	0	0	0	51	31	0	111	17	12	0	45	1	2	0	64	0	0	0	-9	26	29	0	41
16:25:00	59100	105	80	0	277	0	0	0	0	0	0	0	0	44	39	0	116	27	19	0	53	4	5	0	63	0	0	0	-9	30	17	0	54
16:30:00	59400	120	88	0	309	0	0	0	0	0	0	0	0	58	45	0	129	31	14	0	70	6	3	0	66	0	0	0	-9	25	26	0	53
16:35:00	59700	133	94	1	347	0	0	0	0	0	0	0	0	69	39	0	159	27	20	0	77	3	3	0	66	0	0	1	-10	34	32	0	55
16:40:00	60000	139	126	0	360	0	0	0	0	0	0	0	0	81	63	0	177	20	29	0	68	5	4	0	67	0	0	0	-10	33	30	0	58
16:45:00	60300	101	97	0	364	0	0	0	0	0	0	0	0	48	53	0	172	28	18	0	78	3	4	0	66	0	0	0	-10	22	22	0	58
16:50:00	60600	158	138	0	384	0	0	0	0	0	0	0	0	70	66	0	176	47	32	0	93	3	4	0	65	0	0	0	-10	38	36	0	60
16:55:00	60900	133	124	1	392	0	0	0	0	0	0	0	0	68	66	0	178	31	26	0	98	5	2	0	68	0	0	1	-11	29	30	0	59
17:00:00	61200	179	127	0	444	0	0	0	0	0	0	0	0	113	57	0	234	20	31	0	87	5	9	0	64	0	0	0	-11	41	30	0	70
17:05:00	61500	193	139	0	498	1	0	0	1	0	0	0	0	128	75	0	287	11	19	0	79	7	14	0	57	0	0	0	-11	46	31	0	85
17:10:00	61800	167	168	0	497	1	1	0	1	2	0	0	2	96	94	0	289	16	22	0	73	7	3	0	61	0	0	0	-11	45	48	0	82
17:15:00	62100	182	169	0	510	1	1	0	1	1	0	0	3	108	102	0	295	25	21	0	77	6	3	0	64	0	0	0	-11	41	42	0	81
17:20:00	62400	188	162	0	536	1	1	0	1	0	0	0	3	119	92	0	322	14	22	0	69	9	2	0	71	0	0	0	-11	45	45	0	81
17:25:00	62700	127	166	0	497	0	1	0	0	0	1	0	2	79	96	0	305	3	26	0	46	7	6	0	72	0	0	0	-11	38	36	0	83
17:30:00	63000	115	149	0	463	1	0	0	1	0	1	0	1	81	97	0	289	1	11	0	36	7	9	0	70	0	0	0	-11	25	31	0	77
17:35:00	63300	105	108	0	460	0	1	0	0	0	0	0	1	75	74	0	290	0	4	0	32	10	4	0	76	0	0	0	-11	20	25	0	72
17:40:00	63600	82	113	0	429	0	0	0	0	1	1	0	1	37	70	0	257	3	10	0	25	12	9	0	79	0	0	0	-11	29	23	0	78
17:45:00	63900	120	107	0	442	1	0	0	1	0	0	0	1	88	72	0	273	1	1	0	25	6	5	0	80	0	0	0	-11	24	29	0	73
17:50:00	64200	93	102	0	433	1	0	0	2	0	0	0	1	74	81	0	266	0	3	0	22	7	0	0	87	0	0	0	-11	11	18	0	66
17:55:00	64500	111	124	0	420	0	1	0	1	0	0	0	1	81	83	0	264	1	6	0	17	11	5	0	93	0	0	0	-11	18	29	0	55
18:00:00	64800	74	109	0	385	0	1	0	0	0	0	0	1	53	82	0	235	1	2	0	16	3	5	0	91	0	0	0	-11	17	19	0	53
18:05:00	65100	70	91	0	364	0	0	0	0	0	0	0	1	42	62	0	215	0	2	0	14	4	13	0	82	0	0	0	-11	24	14	0	63
18:10:00	65400	48	76	0	336	1	0	0	1	0	1	0	0	33	58	0	190	0	0	0	14	4	2	0	84	0	0	0	-11	10	15	0	58
18:15:00	65700	47	87	0	296	1	2	0	0	0	0	0	0	26	58	0	158	1	2	0	13	1	10	0	75	0	0	0	-11	18	15	0	61
18:20:00	66000	68	74	0	290	0	0	0	0	0	0	0	0	40	38	0	160	0	1	0	12	2	15	0	62	0	0	0	-11	26	20	0	67
18:25:00	66300	47	67	0	270	0	0	0	0	0	0	0	0	28	40	0	148	0	1	0	11	1	9	0	54	0	0	0	-11	18	17	0	68
18:30:00	66600	47	70	0	247	1	0	0	1	0	0	0	0	24	36	0	136	0	0	0	11	2	12	0	44	0	0	0	-11	20	22	0	66
18:35:00	66900	62	77	0	232	0	1	0	0	0	0	0	0	40	48	0	128	1	3	0	9	0	6	0	38	0	0	0	-11	21	19	0	68
18:40:00	67200	34	56	0	210	1	0	0	1	0	0	0	0	24	31	0	121	0	2	0	7	2	2	0	38	0	0	0	-11	7	21	0	54
18:45:00	67500	38	57	0	191	0	1	0	0	0	0	0	0	25	31	0	115	0	3	0	4	4	4	0	38	0	0	0	-11	9	18	0	45
18:50:00	67800	18	43	0	166	0	0	0	0	0	0	0	0	9	23	0	101	0	0	0	4	0	7	0	31	0	0	0	-11	9	13	0	41
18:55:00	68100	22	35	0	153	0	0	0	0	0	0	0	0	15	23	0	93	0	0	0	4	1	3	0	29	0	0	0	-11	6	9	0	38
19:00:00	68400	68	45	0	176	0	0	0	0	0	0	0	0	52	28	0	117	0	0	0	4	0	10	0	19	0	0	0	-11	16	7	0	47
19:05:00	68700	82	36	0	222	0	0	0	0	0	0	0	0	65	25	0	157	0	0	0	4	3	0	0	22	0	0	0	-11	14	11	0	50
19:10:00	69000	67	65	0	224	1	0	0	1	0	0	0	0	53	48	0	162	0	0	0	4	1	1	0	22	0	0	0	-11	12	16	0	46
19:15:00	69300	58	68	0	214	2	1	0	2	0	0	0	0	42	49	0	155	0	1	0	3	3	3	0	22	0	0	0	-11	11	14	0	43
19:20:00	69600	60	59	0	215	0	1	0	1	0	0	0	0	46	47	0	154	0	0	0	3	1	0	0	23	0	0	0	-11	13	11	0	45
19:25:00	69900	90	66	0	239	0	1	0	0	0	0	0	0	73	48	0	179	0	0	0	3	1	1	0	23	0	0	0	-11	16	16	0	45
19:30:00	70200	71	61	0	249	1	0	0	1	0	0	0	0	56	47	0	188	0	0	0	3	2	7	0	18	0	0	0	-11	12	7	0	50
19:35:00	70500	53	87	0	215	0	1	0	0	0	0	0	0	41	71	0	158	0	0	0	3	0	4	0	14	0	0	0	-11	12	11	0	51
19:40:00	70800	37	60	0	192	0	0	0	0	0	0	0	0	31	43	0	146	0	0	0	3	1	0	0	15	0	0	0	-11	5	17	0	39
19:45:00	71100	63	58	0	197	0	0	0	0	0	0	0	0	54	45	0	155	0	1	0	2	0	3	0	12	0	0	0	-11	9	9	0	39
19:50:00	71400	46	57	0	186	0	0	0	0	0	0	0	0	41	46	0	150	0	0	0	2	2	0	0	14	0	0	0	-11	3	11	0	31
19:55:00	71700	54	65	0	175	1	0	0	1	1	0	0	1	40	57	0	133	0	0	0	2	1	2	0	13	0	0	0	-11	11	6	0	36
20:00:00	72000	8	39	0	144	0	0	0	1	0	1	0	0	3	32	0	104	0	0	0	2	1	2	0	12	0	0	0	-11	4	4	0	36
20:05:00	72300	5	41	0	108	0	0	0	1	0	0	0	0	4	30	0	78	0	0	0	2	1	0	0	13	0	0	0	-11	0	11	0	25
20:10:00	72600	6	20	0	94	0	1	0	0	0	0	0	0	3	14	0	67	0	0	0	2	1	0	0	14	0	0	0	-11	2	5	0	22
20:15:00	72900	6	23	0	77	0	0	0	0	0	0	0	0	2	17	0	52	0	0	0	2	1	2	0	13	0	0	0	-11	3	4	0	21
20:20:00	73200	8	15	0	70	0	0	0	0	0	0	0	0	5	11	0	46	0	1	0	1	1	0	0	14	0	0	0	-11	2	3	0	20
20:25:00	73500	12	13	0	69	0	0	0	0	0	0	0	0	6	4	0	48	0	0	0	1	0	5	0	9	0	0	0	-11	6	4	0	22
20:30:00	73800	8	21	0	56	0	0	0	0	0	0	0	0	2	12	0	38	0	1	0	0	0	4	0	5	0	0	0	-11	6	4	0	24
20:35:00	74100	6	13	0	49	0	0	0	0	0	0	0	0	4	7	0	35	0	0	0	0	0	2	0	3	0	0	0	-11	2	4	0	22
20:40:00	74400	4	10	0	43	0	0	0	0	0	0	0	0	4	5	0	34	0	0	0	0	0	0	0	3	0	0	0	-11	0	5	0	17
20:45:00	74700	5	8	0	40	0	0	0	0	0	0	0	0	2	2	0	34	0	0	0	0	0	0	0	3	0	0	0	-11	3	6	0	14
20:50:00	75000	10	13	0	37	0	0	0	0	0	0	0	0	6	7	0	33	0	0	0	0	0	0	0	3	0	0	0	-11	4	6	0	12
20:55:00	75300	5	10	0	32	0	0	0	0	0	0	0	0	4	6	0	31	0	0	0	0	0	0	0	3	0	0	0	-11	1	4	0	9
21:00:00	75600	11	11	0	32	0	0	0	0	0	0	0	0	9	9	0	31	0	0	0	0	0	0	0	3	0	0	0	-11	2	2	0	9
21:05:00	75900	6	9	0	29	0	0	0	0	0	0	0	0	5	6	0	30	0	0	0	0	0	0	0	3	0	0	0	-11	1	3	0	7
21:10:00	76200	2	4	0	27	0	0	0	0	0	0	0	0	2	3	0	29	0	0	0	0	0	0	0	3	0	0	0	-11	0	1	0	6
21:15:00	76500	0	3	0	24	0	0	0	0	0	0	0	0	0	3	0	26	0	0	0	0	0	0	0	3	0	0	0	-11	0	0	0	6
21:20:00	76800	3	5	0	22	0	0	0	0	0	0	0	0	3	4	0	25	0	0	0	0	0	0	0	3	0	0	0	-11	0	1	0	5
21:25:00	77100	1	3	0	20	0	0	0	0	0	0	0	0	1	3	0	23	0	0	0	0	0	0	0	3	0	0	0	-11	0	0	0	5
21:30:00	77400	0	4	0	16	0	0	0	0	0	0	0	0	0	4	0	19	0	0	0	0	0	0	0	3	0	0	0	-11	0	0	0	5
21:35:00	77700	0	3	0	13	0	0	0	0	0	0	0	0	0	3	0	16	0	0	0	0	0	0	0	3	0	0	0	-11	0	0	0	5
21:40:00	78000	2	4	0	11	0	0	0	0	0	0	0	0	2	4	0	14	0	0	0	0	0	0	0	3	0	0	0	-11	0	0	0	5
21:45:00	78300	2	4	0	9	0	0	0	0	0	0	0	0	2	2	0	14	0	0	0	0	0	0	0	3	0	0	0	-11	0	2	0	3
21:50:00	78600	3	5	0	7	0	0	0	0	0	0	0	0	3	5	0	12	0	0	0	0	0	0	0	3	0	0	0	-11	0	0	0	3
21:55:00	78900	1	1	0	7	0	0	0	0	0	0	0	0	1	1	0	12	0	0	0	0	0	0	0	3	0	0	0	-11	0	0	0	3
22:00:00	79200	0	1	0	6	0	0	0	0	0	0	0	0	0	1	0	11	0	0	0	0	0	0	0	3	0	0	0	-11	0	0	0	3
22:05:00	79500	0	1	0	5	0	0	0	0	0	0	0	0	0	0	0	11	0	0	0	0	0	0	0	3	0	0	0	-11	0	1	0	2
22:10:00	79800	1	2	0	4	0	0	0	0	0	0	0	0	1	2	0	10	0	0	0	0	0	0	0	3	0	0	0	-11	0	0	0	2
22:15:00	80100	1	2	0	3	0	0	0	0	0	0	0	0	0	1	0	9	0	0	0	0	0	0	0	3	0	0	0	-11	1	1	0	2
22:20:00	80400	2	4	0	1	0	0	0	0	0	0	0	0	2	2	0	9	0	0	0	0	0	0	0	3	0	0	0	-11	0	2	0	0
22:25:00	80700	0	3	0	-2	0	0	0	0	0	0	0	0	0	3	0	6	0	0	0	0	0	0	0	3	0	0	0	-11	0	0	0	0
22:30:00	81000	0	0	0	-2	0	0	0	0	0	0	0	0	0	0	0	6	0	0	0	0	0	0	0	3	0	0	0	-11	0	0	0	0
22:35:00	81300	0	0	0	-2	0	0	0	0	0	0	0	0	0	0	0	6	0	0	0	0	0	0	0	3	0	0	0	-11	0	0	0	0
22:40:00	81600	0	1	0	-3	0	0	0	0	0	0	0	0	0	1	0	5	0	0	0	0	0	0	0	3	0	0	0	-11	0	0	0	0
22:45:00	81900	2	2	0	-3	0	0	0	0	0	0	0	0	2	2	0	5	0	0	0	0	0	0	0	3	0	0	0	-11	0	0	0	0
22:50:00	82200	0	1	0	-4	0	0	0	0	0	0	0	0	0	1	0	4	0	0	0	0	0	0	0	3	0	0	0	-11	0	0	0	0
22:55:00	82500	0	0	0	-4	0	0	0	0	0	0	0	0	0	0	0	4	0	0	0	0	0	0	0	3	0	0	0	-11	0	0	0	0
23:00:00	82800	0	0	0	-4	0	0	0	0	0	0	0	0	0	0	0	4	0	0	0	0	0	0	0	3	0	0	0	-11	0	0	0	0
23:05:00	83100	0	0	0	-4	0	0	0	0	0	0	0	0	0	0	0	4	0	0	0	0	0	0	0	3	0	0	0	-11	0	0	0	0
23:10:00	83400	0	0	0	-4	0	0	0	0	0	0	0	0	0	0	0	4	0	0	0	0	0	0	0	3	0	0	0	-11	0	0	0	0
23:15:00	83700	6	2	0	0	0	0	0	0	0	0	0	0	6	2	0	8	0	0	0	0	0	0	0	3	0	0	0	-11	0	0	0	0
23:20:00	84000	5	3	0	2	0	0	0	0	0	0	0	0	3	3	0	8	0	0	0	0	0	0	0	3	0	0	0	-11	2	0	0	2
23:25:00	84300	5	2	0	5	0	0	0	0	0	0	0	0	3	0	0	11	0	0	0	0	0	0	0	3	0	0	0	-11	2	2	0	2
23:30:00	84600	2	7	0	0	0	0	0	0	0	0	0	0	1	5	0	7	0	0	0	0	0	0	0	3	0	0	0	-11	1	2	0	1
23:35:00	84900	2	0	0	2	0	0	0	0	0	0	0	0	2	0	0	9	0	0	0	0	0	0	0	3	0	0	0	-11	0	0	0	1
23:40:00	85200	3	2	0	3	0	0	0	0	0	0	0	0	2	2	0	9	0	0	0	0	0	0	0	3	0	0	0	-11	1	0	0	2
23:45:00	85500	4	4	0	3	0	0	0	0	0	0	0	0	3	2	0	10	0	0	0	0	0	0	0	3	0	0	0	-11	1	2	0	1
23:50:00	85800	4	5	0	2	0	0	0	0	0	0	0	0	3	3	0	10	0	0	0	0	0	0	0	3	0	0	0	-11	1	2	0	0
23:55:00	86100	2	2	0	2	0	0	0	0	0	0	0	0	0	2	0	8	0	0	0	0	0	0	0	3	0	0	0	-11	2	0	0	2
24:00:00	86400	4	1	0	5	0	0	0	0	0	0	0	0	4	0	0	12	0	0	0	0	0	0	0	3	0	0	0	-11	0	1	0	1
24:05:00	86700	2	4	0	3	0	0	0	0	0	0	0	0	2	3	0	11	0	0	0	0	0	0	0	3	0	0	0	-11	0	1	0	0
24:10:00	87000	3	3	0	3	0	0	0	0	0	0	0	0	2	3	0	10	0	0	0	0	0	0	0	3	0	0	0	-11	1	0	0	1
24:15:00	87300	0	2	0	1	0	0	0	0	0	0	0	0	0	2	0	8	0	0	0	0	0	0	0	3	0	0	0	-11	0	0	0	1
24:20:00	87600	0	2	0	-1	0	0	0	0	0	0	0	0	0	2	0	6	0	0	0	0	0	0	0	3	0	0	0	-11	0	0	0	1
24:25:00	87900	0	2	0	-3	0	0	0	0	0	0	0	0	0	1	0	5	0	0	0	0	0	0	0	3	0	0	0	-11	0	1	0	0
24:30:00	88200	0	0	0	-3	0	0	0	0	0	0	0	0	0	0	0	5	0	0	0	0	0	0	0	3	0	0	0	-11	0	0	0	0
24:35:00	88500	0	2	0	-5	0	0	0	0	0	0	0	0	0	2	0	3	0	0	0	0	0	0	0	3	0	0	0	-11	0	0	0	0
24:40:00	88800	0	0	0	-5	0	0	0	0	0	0	0	0	0	0	0	3	0	0	0	0	0	0	0	3	0	0	0	-11	0	0	0	0
24:45:00	89100	0	0	0	-5	0	0	0	0	0	0	0	0	0	0	0	3	0	0	0	0	0	0	0	3	0	0	0	-11	0	0	0	0
24:50:00	89400	0	2	0	-7	0	0	0	0	0	0	0	0	0	2	0	1	0	0	0	0	0	0	0	3	0	0	0	-11	0	0	0	0
24:55:00	89700	0	0	0	-7	0	0	0	0	0	0	0	0	0	0	0	1	0	0	0	0	0	0	0	3	0	0	0	-11	0	0	0	0
25:00:00	90000	0	0	0	-7	0	0	0	0	0	0	0	0	0	0	0	1	0	0	0	0	0	0	0	3	0	0	0	-11	0	0	0	0
25:05:00	90300	0	0	0	-7	0	0	0	0	0	0	0	0	0	0	0	1	0	0	0	0	0	0	0	3	0	0	0	-11	0	0	0	0
25:10:00	90600	0	0	0	-7	0	0	0	0	0	0	0	0	0	0	0	1	0	0	0	0	0	0	0	3	0	0	0	-11	0	0	0	0
25:15:00	90900	0	0	0	-7	0	0	0	0	0	0	0	0	0	0	0	1	0	0	0	0	0	0	0	3	0	0	0	-11	0	0	0	0
25:20:00	91200	0	0	0	-7	0	0	0	0	0	0	0	0	0	0	0	1	0	0	0	0	0	0	0	3	0	0	0	-11	0	0	0	0
25:25:00	91500	0	0	0	-7	0	0	0	0	0	0	0	0	0	0	0	1	0	0	0	0	0	0	0	3	0	0	0	-11	0	0	0	0
25:30:00	91800	0	0	0	-7	0	0	0	0	0	0	0	0	0	0	0	1	0	0	0	0	0	0	0	3	0	0	0	-11	0	0	0	0
25:35:00	92100	0	0	0	-7	0	0	0	0	0	0	0	0	0	0	0	1	0	0	0	0	0	0	0	3	0	0	0	-11	0	0	0	0
25:40:00	92400	0	0	0	-7	0	0	0	0	0	0	0	0	0	0	0	1	0	0	0	0	0	0	0	3	0	0	0	-11	0	0	0	0
25:45:00	92700	0	0	0	-7	0	0	0	0	0	0	0	0	0	0	0	1	0	0	0	0	0	0	0	3	0	0	0	-11	0	0	0	0
25:50:00	93000	0	0	0	-7	0	0	0	0	0	0	0	0	0	0	0	1	0	0	0	0	0	0	0	3	0	0	0	-11	0	0	0	0
25:55:00	93300	0	0	0	-7	0	0	0	0	0	0	0	0	0	0	0	1	0	0	0	0	0	0	0	3	0	0	0	-11	0	0	0	0
26:00:00	93600	0	0	0	-7	0	0	0	0	0	0	0	0	0	0	0	1	0	0	0	0	0	0	0	3	0	0	0	-11	0	0	0	0
26:05:00	93900	2	2	0	-7	0	0	0	0	0	0	0	0	2	2	0	1	0	0	0	0	0	0	0	3	0	0	0	-11	0	0	0	0
26:10:00	94200	0	1	0	-8	0	0	0	0	0	0	0	0	0	1	0	0	0	0	0	0	0	0	0	3	0	0	0	-11	0	0	0	0
26:15:00	94500	0	0	0	-8	0	0	0	0	0	0	0	0	0	0	0	0	0	0	0	0	0	0	0	3	0	0	0	-11	0	0	0	0
26:20:00	94800	0	0	0	-8	0	0	0	0	0	0	0	0	0	0	0	0	0	0	0	0	0	0	0	3	0	0	0	-11	0	0	0	0
26:25:00	95100	0	0	0	-8	0	0	0	0	0	0	0	0	0	0	0	0	0	0	0	0	0	0	0	3	0	0	0	-11	0	0	0	0
26:30:00	95400	0	0	0	-8	0	0	0	0	0	0	0	0	0	0	0	0	0	0	0	0	0	0	0	3	0	0	0	-11	0	0	0	0
26:35:00	95700	0	0	0	-8	0	0	0	0	0	0	0	0	0	0	0	0	0	0	0	0	0	0	0	3	0	0	0	-11	0	0	0	0
26:40:00	96000	0	0	0	-8	0	0	0	0	0	0	0	0	0	0	0	0	0	0	0	0	0	0	0	3	0	0	0	-11	0	0	0	0
26:45:00	96300	0	0	0	-8	0	0	0	0	0	0	0	0	0	0	0	0	0	0	0	0	0	0	0	3	0	0	0	-11	0	0	0	0
26:50:00	96600	0	0	0	-8	0	0	0	0	0	0	0	0	0	0	0	0	0	0	0	0	0	0	0	3	0	0	0	-11	0	0	0	0
26:55:00	96900	0	0	0	-8	0	0	0	0	0	0	0	0	0	0	0	0	0	0	0	0	0	0	0	3	0	0	0	-11	0	0	0	0
27:00:00	97200	0	0	0	-8	0	0	0	0	0	0	0	0	0	0	0	0	0	0	0	0	0	0	0	3	0	0	0	-11	0	0	0	0
27:05:00	97500	0	0	0	-8	0	0	0	0	0	0	0	0	0	0	0	0	0	0	0	0	0	0	0	3	0	0	0	-11	0	0	0	0
27:10:00	97800	0	0	0	-8	0	0	0	0	0	0	0	0	0	0	0	0	0	0	0	0	0	0	0	3	0	0	0	-11	0	0	0	0
27:15:00	98100	0	0	0	-8	0	0	0	0	0	0	0	0	0	0	0	0	0	0	0	0	0	0	0	3	0	0	0	-11	0	0	0	0
27:20:00	98400	0	0	0	-8	0	0	0	0	0	0	0	0	0	0	0	0	0	0	0	0	0	0	0	3	0	0	0	-11	0	0	0	0
27:25:00	98700	0	0	0	-8	0	0	0	0	0	0	0	0	0	0	0	0	0	0	0	0	0	0	0	3	0	0	0	-11	0	0	0	0
27:30:00	99000	0	0	0	-8	0	0	0	0	0	0	0	0	0	0	0	0	0	0	0	0	0	0	0	3	0	0	0	-11	0	0	0	0
27:35:00	99300	0	0	0	-8	0	0	0	0	0	0	0	0	0	0	0	0	0	0	0	0	0	0	0	3	0	0	0	-11	0	0	0	0
27:40:00	99600	0	0	0	-8	0	0	0	0	0	0	0	0	0	0	0	0	0	0	0	0	0	0	0	3	0	0	0	-11	0	0	0	0
27:45:00	99900	0	0	0	-8	0	0	0	0	0	0	0	0	0	0	0	0	0	0	0	0	0	0	0	3	0	0	0	-11	0	0	0	0
27:50:00	100200	0	0	0	-8	0	0	0	0	0	0	0	0	0	0	0	0	0	0	0	0	0	0	0	3	0	0	0	-11	0	0	0	0
27:55:00	100500	0	0	0	-8	0	0	0	0	0	0	0	0	0	0	0	0	0	0	0	0	0	0	0	3	0	0	0	-11	0	0	0	0
28:00:00	100800	0	0	0	-8	0	0	0	0	0	0	0	0	0	0	0	0	0	0	0	0	0	0	0	3	0	0	0	-11	0	0	0	0
28:05:00	101100	0	0	0	-8	0	0	0	0	0	0	0	0	0	0	0	0	0	0	0	0	0	0	0	3	0	0	0	-11	0	0	0	0
28:10:00	101400	0	0	0	-8	0	0	0	0	0	0	0	0	0	0	0	0	0	0	0	0	0	0	0	3	0	0	0	-11	0	0	0	0
28:15:00	101700	0	0	0	-8	0	0	0	0	0	0	0	0	0	0	0	0	0	0	0	0	0	0	0	3	0	0	0	-11	0	0	0	0
28:20:00	102000	0	0	0	-8	0	0	0	0	0	0	0	0	0	0	0	0	0	0	0	0	0	0	0	3	0	0	0	-11	0	0	0	0
28:25:00	102300	0	0	0	-8	0	0	0	0	0	0	0	0	0	0	0	0	0	0	0	0	0	0	0	3	0	0	0	-11	0	0	0	0
28:30:00	102600	0	0	0	-8	0	0	0	0	0	0	0	0	0	0	0	0	0	0	0	0	0	0	0	3	0	0	0	-11	0	0	0	0
28:35:00	102900	0	0	0	-8	0	0	0	0	0	0	0	0	0	0	0	0	0	0	0	0	0	0	0	3	0	0	0	-11	0	0	0	0
28:40:00	103200	0	0	0	-8	0	0	0	0	0	0	0	0	0	0	0	0	0	0	0	0	0	0	0	3	0	0	0	-11	0	0	0	0
28:45:00	103500	0	0	0	-8	0	0	0	0	0	0	0	0	0	0	0	0	0	0	0	0	0	0	0	3	0	0	0	-11	0	0	0	0
28:50:00	103800	0	0	0	-8	0	0	0	0	0	0	0	0	0	0	0	0	0	0	0	0	0	0	0	3	0	0	0	-11	0	0	0	0
28:55:00	104100	0	0	0	-8	0	0	0	0	0	0	0	0	0	0	0	0	0	0	0	0	0	0	0	3	0	0	0	-11	0	0	0	0
29:00:00	104400	0	0	0	-8	0	0	0	0	0	0	0	0	0	0	0	0	0	0	0	0	0	0	0	3	0	0	0	-11	0	0	0	0
29:05:00	104700	0	0	0	-8	0	0	0	0	0	0	0	0	0	0	0	0	0	0	0	0	0	0	0	3	0	0	0	-11	0	0	0	0
29:10:00	105000	0	0	0	-8	0	0	0	0	0	0	0	0	0	0	0	0	0	0	0	0	0	0	0	3	0	0	0	-11	0	0	0	0
29:15:00	105300	0	0	0	-8	0	0	0	0	0	0	0	0	0	0	0	0	0	0	0	0	0	0	0	3	0	0	0	-11	0	0	0	0
29:20:00	105600	0	0	0	-8	0	0	0	0	0	0	0	0	0	0	0	0	0	0	0	0	0	0	0	3	0	0	0	-11	0	0	0	0
29:25:00	105900	0	0	0	-8	0	0	0	0	0	0	0	0	0	0	0	0	0	0	0	0	0	0	0	3	0	0	0	-11	0	0	0	0
29:30:00	106200	0	0	0	-8	0	0	0	0	0	0	0	0	0	0	0	0	0	0	0	0	0	0	0	3	0	0	0	-11	0	0	0	0
29:35:00	106500	0	0	0	-8	0	0	0	0	0	0	0	0	0	0	0	0	0	0	0	0	0	0	0	3	0	0	0	-11	0	0	0	0
29:40:00	106800	0	0	0	-8	0	0	0	0	0	0	0	0	0	0	0	0	0	0	0	0	0	0	0	3	0	0	0	-11	0	0	0	0
29:45:00	107100	0	0	0	-8	0	0	0	0	0	0	0	0	0	0	0	0	0	0	0	0	0	0	0	3	0	0	0	-11	0	0	0	0
29:50:00	107400	0	0	0	-8	0	0	0	0	0	0	0	0	0	0	0	0	0	0	0	0	0	0	0	3	0	0	0	-11	0	0	0	0
29:55:00	107700	0	0	0	-8	0	0	0	0	0	0	0	0	0	0	0	0	0	0	0	0	0	0	0	3	0	0	0	-11	0	0	0	0
30:00:00	108000	0	0	3	-11	0	0	0	0	0	0	0	0	0	0	0	0	0	0	0	0	0	0	3	0	0	0	0	-11	0	0	0	0
30:05:00	108300	0	0	0	-11	0	0	0	0	0	0	0	0	0	0	0	0	0	0	0	0	0	0	0	0	0	0	0	-11	0	0	0	0
