time	time	departures_all	arrivals_all	stuck_all	en-route_all	departures_Shared-Bike	arrivals_Shared-Bike	stuck_Shared-Bike	en-route_Shared-Bike	departures_bike	arrivals_bike	stuck_bike	en-route_bike	departures_car	arrivals_car	stuck_car	en-route_car	departures_car_passenger	arrivals_car_passenger	stuck_car_passenger	en-route_car_passenger	departures_pt	arrivals_pt	stuck_pt	en-route_pt	departures_sharing:standardBikeShare	arrivals_sharing:standardBikeShare	stuck_sharing:standardBikeShare	en-route_sharing:standardBikeShare	departures_walk	arrivals_walk	stuck_walk	en-route_walk
00:00:00	0	0	0	0	0	0	0	0	0	0	0	0	0	0	0	0	0	0	0	0	0	0	0	0	0	0	0	0	0	0	0	0	0
00:05:00	300	0	0	0	0	0	0	0	0	0	0	0	0	0	0	0	0	0	0	0	0	0	0	0	0	0	0	0	0	0	0	0	0
00:10:00	600	0	0	0	0	0	0	0	0	0	0	0	0	0	0	0	0	0	0	0	0	0	0	0	0	0	0	0	0	0	0	0	0
00:15:00	900	0	0	0	0	0	0	0	0	0	0	0	0	0	0	0	0	0	0	0	0	0	0	0	0	0	0	0	0	0	0	0	0
00:20:00	1200	0	0	0	0	0	0	0	0	0	0	0	0	0	0	0	0	0	0	0	0	0	0	0	0	0	0	0	0	0	0	0	0
00:25:00	1500	0	0	0	0	0	0	0	0	0	0	0	0	0	0	0	0	0	0	0	0	0	0	0	0	0	0	0	0	0	0	0	0
00:30:00	1800	0	0	0	0	0	0	0	0	0	0	0	0	0	0	0	0	0	0	0	0	0	0	0	0	0	0	0	0	0	0	0	0
00:35:00	2100	0	0	0	0	0	0	0	0	0	0	0	0	0	0	0	0	0	0	0	0	0	0	0	0	0	0	0	0	0	0	0	0
00:40:00	2400	0	0	0	0	0	0	0	0	0	0	0	0	0	0	0	0	0	0	0	0	0	0	0	0	0	0	0	0	0	0	0	0
00:45:00	2700	0	0	0	0	0	0	0	0	0	0	0	0	0	0	0	0	0	0	0	0	0	0	0	0	0	0	0	0	0	0	0	0
00:50:00	3000	0	0	0	0	0	0	0	0	0	0	0	0	0	0	0	0	0	0	0	0	0	0	0	0	0	0	0	0	0	0	0	0
00:55:00	3300	0	0	0	0	0	0	0	0	0	0	0	0	0	0	0	0	0	0	0	0	0	0	0	0	0	0	0	0	0	0	0	0
01:00:00	3600	0	0	0	0	0	0	0	0	0	0	0	0	0	0	0	0	0	0	0	0	0	0	0	0	0	0	0	0	0	0	0	0
01:05:00	3900	0	0	0	0	0	0	0	0	0	0	0	0	0	0	0	0	0	0	0	0	0	0	0	0	0	0	0	0	0	0	0	0
01:10:00	4200	0	0	0	0	0	0	0	0	0	0	0	0	0	0	0	0	0	0	0	0	0	0	0	0	0	0	0	0	0	0	0	0
01:15:00	4500	0	0	0	0	0	0	0	0	0	0	0	0	0	0	0	0	0	0	0	0	0	0	0	0	0	0	0	0	0	0	0	0
01:20:00	4800	0	0	0	0	0	0	0	0	0	0	0	0	0	0	0	0	0	0	0	0	0	0	0	0	0	0	0	0	0	0	0	0
01:25:00	5100	0	0	0	0	0	0	0	0	0	0	0	0	0	0	0	0	0	0	0	0	0	0	0	0	0	0	0	0	0	0	0	0
01:30:00	5400	0	0	0	0	0	0	0	0	0	0	0	0	0	0	0	0	0	0	0	0	0	0	0	0	0	0	0	0	0	0	0	0
01:35:00	5700	0	0	0	0	0	0	0	0	0	0	0	0	0	0	0	0	0	0	0	0	0	0	0	0	0	0	0	0	0	0	0	0
01:40:00	6000	0	0	0	0	0	0	0	0	0	0	0	0	0	0	0	0	0	0	0	0	0	0	0	0	0	0	0	0	0	0	0	0
01:45:00	6300	0	0	0	0	0	0	0	0	0	0	0	0	0	0	0	0	0	0	0	0	0	0	0	0	0	0	0	0	0	0	0	0
01:50:00	6600	0	0	0	0	0	0	0	0	0	0	0	0	0	0	0	0	0	0	0	0	0	0	0	0	0	0	0	0	0	0	0	0
01:55:00	6900	0	0	0	0	0	0	0	0	0	0	0	0	0	0	0	0	0	0	0	0	0	0	0	0	0	0	0	0	0	0	0	0
02:00:00	7200	0	0	0	0	0	0	0	0	0	0	0	0	0	0	0	0	0	0	0	0	0	0	0	0	0	0	0	0	0	0	0	0
02:05:00	7500	0	0	0	0	0	0	0	0	0	0	0	0	0	0	0	0	0	0	0	0	0	0	0	0	0	0	0	0	0	0	0	0
02:10:00	7800	0	0	0	0	0	0	0	0	0	0	0	0	0	0	0	0	0	0	0	0	0	0	0	0	0	0	0	0	0	0	0	0
02:15:00	8100	0	0	0	0	0	0	0	0	0	0	0	0	0	0	0	0	0	0	0	0	0	0	0	0	0	0	0	0	0	0	0	0
02:20:00	8400	0	0	0	0	0	0	0	0	0	0	0	0	0	0	0	0	0	0	0	0	0	0	0	0	0	0	0	0	0	0	0	0
02:25:00	8700	0	0	0	0	0	0	0	0	0	0	0	0	0	0	0	0	0	0	0	0	0	0	0	0	0	0	0	0	0	0	0	0
02:30:00	9000	0	0	0	0	0	0	0	0	0	0	0	0	0	0	0	0	0	0	0	0	0	0	0	0	0	0	0	0	0	0	0	0
02:35:00	9300	0	0	0	0	0	0	0	0	0	0	0	0	0	0	0	0	0	0	0	0	0	0	0	0	0	0	0	0	0	0	0	0
02:40:00	9600	0	0	0	0	0	0	0	0	0	0	0	0	0	0	0	0	0	0	0	0	0	0	0	0	0	0	0	0	0	0	0	0
02:45:00	9900	0	0	0	0	0	0	0	0	0	0	0	0	0	0	0	0	0	0	0	0	0	0	0	0	0	0	0	0	0	0	0	0
02:50:00	10200	0	0	0	0	0	0	0	0	0	0	0	0	0	0	0	0	0	0	0	0	0	0	0	0	0	0	0	0	0	0	0	0
02:55:00	10500	0	0	0	0	0	0	0	0	0	0	0	0	0	0	0	0	0	0	0	0	0	0	0	0	0	0	0	0	0	0	0	0
03:00:00	10800	0	0	0	0	0	0	0	0	0	0	0	0	0	0	0	0	0	0	0	0	0	0	0	0	0	0	0	0	0	0	0	0
03:05:00	11100	0	0	0	0	0	0	0	0	0	0	0	0	0	0	0	0	0	0	0	0	0	0	0	0	0	0	0	0	0	0	0	0
03:10:00	11400	0	0	0	0	0	0	0	0	0	0	0	0	0	0	0	0	0	0	0	0	0	0	0	0	0	0	0	0	0	0	0	0
03:15:00	11700	0	0	0	0	0	0	0	0	0	0	0	0	0	0	0	0	0	0	0	0	0	0	0	0	0	0	0	0	0	0	0	0
03:20:00	12000	0	0	0	0	0	0	0	0	0	0	0	0	0	0	0	0	0	0	0	0	0	0	0	0	0	0	0	0	0	0	0	0
03:25:00	12300	0	0	0	0	0	0	0	0	0	0	0	0	0	0	0	0	0	0	0	0	0	0	0	0	0	0	0	0	0	0	0	0
03:30:00	12600	0	0	0	0	0	0	0	0	0	0	0	0	0	0	0	0	0	0	0	0	0	0	0	0	0	0	0	0	0	0	0	0
03:35:00	12900	0	0	0	0	0	0	0	0	0	0	0	0	0	0	0	0	0	0	0	0	0	0	0	0	0	0	0	0	0	0	0	0
03:40:00	13200	0	0	0	0	0	0	0	0	0	0	0	0	0	0	0	0	0	0	0	0	0	0	0	0	0	0	0	0	0	0	0	0
03:45:00	13500	0	0	0	0	0	0	0	0	0	0	0	0	0	0	0	0	0	0	0	0	0	0	0	0	0	0	0	0	0	0	0	0
03:50:00	13800	0	0	0	0	0	0	0	0	0	0	0	0	0	0	0	0	0	0	0	0	0	0	0	0	0	0	0	0	0	0	0	0
03:55:00	14100	0	0	0	0	0	0	0	0	0	0	0	0	0	0	0	0	0	0	0	0	0	0	0	0	0	0	0	0	0	0	0	0
04:00:00	14400	0	0	0	0	0	0	0	0	0	0	0	0	0	0	0	0	0	0	0	0	0	0	0	0	0	0	0	0	0	0	0	0
04:05:00	14700	0	0	0	0	0	0	0	0	0	0	0	0	0	0	0	0	0	0	0	0	0	0	0	0	0	0	0	0	0	0	0	0
04:10:00	15000	0	0	0	0	0	0	0	0	0	0	0	0	0	0	0	0	0	0	0	0	0	0	0	0	0	0	0	0	0	0	0	0
04:15:00	15300	0	0	0	0	0	0	0	0	0	0	0	0	0	0	0	0	0	0	0	0	0	0	0	0	0	0	0	0	0	0	0	0
04:20:00	15600	0	0	0	0	0	0	0	0	0	0	0	0	0	0	0	0	0	0	0	0	0	0	0	0	0	0	0	0	0	0	0	0
04:25:00	15900	0	0	0	0	0	0	0	0	0	0	0	0	0	0	0	0	0	0	0	0	0	0	0	0	0	0	0	0	0	0	0	0
04:30:00	16200	0	0	0	0	0	0	0	0	0	0	0	0	0	0	0	0	0	0	0	0	0	0	0	0	0	0	0	0	0	0	0	0
04:35:00	16500	0	0	0	0	0	0	0	0	0	0	0	0	0	0	0	0	0	0	0	0	0	0	0	0	0	0	0	0	0	0	0	0
04:40:00	16800	0	0	0	0	0	0	0	0	0	0	0	0	0	0	0	0	0	0	0	0	0	0	0	0	0	0	0	0	0	0	0	0
04:45:00	17100	0	0	0	0	0	0	0	0	0	0	0	0	0	0	0	0	0	0	0	0	0	0	0	0	0	0	0	0	0	0	0	0
04:50:00	17400	0	0	0	0	0	0	0	0	0	0	0	0	0	0	0	0	0	0	0	0	0	0	0	0	0	0	0	0	0	0	0	0
04:55:00	17700	0	0	0	0	0	0	0	0	0	0	0	0	0	0	0	0	0	0	0	0	0	0	0	0	0	0	0	0	0	0	0	0
05:00:00	18000	0	0	0	0	0	0	0	0	0	0	0	0	0	0	0	0	0	0	0	0	0	0	0	0	0	0	0	0	0	0	0	0
05:05:00	18300	0	0	0	0	0	0	0	0	0	0	0	0	0	0	0	0	0	0	0	0	0	0	0	0	0	0	0	0	0	0	0	0
05:10:00	18600	0	0	0	0	0	0	0	0	0	0	0	0	0	0	0	0	0	0	0	0	0	0	0	0	0	0	0	0	0	0	0	0
05:15:00	18900	0	0	0	0	0	0	0	0	0	0	0	0	0	0	0	0	0	0	0	0	0	0	0	0	0	0	0	0	0	0	0	0
05:20:00	19200	0	0	0	0	0	0	0	0	0	0	0	0	0	0	0	0	0	0	0	0	0	0	0	0	0	0	0	0	0	0	0	0
05:25:00	19500	0	0	0	0	0	0	0	0	0	0	0	0	0	0	0	0	0	0	0	0	0	0	0	0	0	0	0	0	0	0	0	0
05:30:00	19800	0	0	0	0	0	0	0	0	0	0	0	0	0	0	0	0	0	0	0	0	0	0	0	0	0	0	0	0	0	0	0	0
05:35:00	20100	0	0	0	0	0	0	0	0	0	0	0	0	0	0	0	0	0	0	0	0	0	0	0	0	0	0	0	0	0	0	0	0
05:40:00	20400	0	0	0	0	0	0	0	0	0	0	0	0	0	0	0	0	0	0	0	0	0	0	0	0	0	0	0	0	0	0	0	0
05:45:00	20700	0	0	0	0	0	0	0	0	0	0	0	0	0	0	0	0	0	0	0	0	0	0	0	0	0	0	0	0	0	0	0	0
05:50:00	21000	0	0	0	0	0	0	0	0	0	0	0	0	0	0	0	0	0	0	0	0	0	0	0	0	0	0	0	0	0	0	0	0
05:55:00	21300	0	0	0	0	0	0	0	0	0	0	0	0	0	0	0	0	0	0	0	0	0	0	0	0	0	0	0	0	0	0	0	0
06:00:00	21600	4	0	0	4	0	0	0	0	0	0	0	0	3	0	0	3	0	0	0	0	0	0	0	0	0	0	0	0	1	0	0	1
06:05:00	21900	4	0	0	8	0	0	0	0	0	0	0	0	2	0	0	5	0	0	0	0	0	0	0	0	0	0	0	0	2	0	0	3
06:10:00	22200	3	2	0	9	0	0	0	0	0	0	0	0	3	1	0	7	0	0	0	0	0	0	0	0	0	0	0	0	0	1	0	2
06:15:00	22500	1	2	0	8	0	0	0	0	0	0	0	0	1	2	0	6	0	0	0	0	0	0	0	0	0	0	0	0	0	0	0	2
06:20:00	22800	5	2	0	11	0	0	0	0	0	0	0	0	4	1	0	9	0	0	0	0	1	0	0	1	0	0	0	0	0	1	0	1
06:25:00	23100	5	3	0	13	0	0	0	0	0	0	0	0	4	3	0	10	0	0	0	0	0	0	0	1	0	0	0	0	1	0	0	2
06:30:00	23400	43	5	0	51	0	0	0	0	0	0	0	0	33	4	0	39	0	0	0	0	0	1	0	0	0	0	0	0	10	0	0	12
06:35:00	23700	38	19	0	70	0	0	0	0	0	0	0	0	30	15	0	54	0	0	0	0	0	0	0	0	0	0	0	0	8	4	0	16
06:40:00	24000	36	19	0	87	0	0	0	0	0	0	0	0	27	15	0	66	0	0	0	0	3	0	0	3	0	0	0	0	6	4	0	18
06:45:00	24300	37	37	0	87	0	0	0	0	0	0	0	0	26	29	0	63	0	0	0	0	5	0	0	8	0	0	0	0	6	8	0	16
06:50:00	24600	41	27	0	101	0	0	0	0	0	0	0	0	30	23	0	70	0	0	0	0	2	0	0	10	0	0	0	0	9	4	0	21
06:55:00	24900	77	36	0	142	0	0	0	0	0	0	0	0	61	29	0	102	0	0	0	0	2	0	0	12	0	0	0	0	14	7	0	28
07:00:00	25200	69	54	0	157	1	0	0	1	0	0	0	0	46	41	0	107	0	0	0	0	4	0	0	16	0	0	0	0	18	13	0	33
07:05:00	25500	64	45	1	175	1	0	0	2	1	0	0	1	36	33	0	110	0	0	0	0	2	1	0	17	0	0	1	-1	24	11	0	46
07:10:00	25800	70	52	0	193	1	1	0	2	0	0	0	1	48	35	0	123	0	0	0	0	4	5	0	16	0	0	0	-1	17	11	0	52
07:15:00	26100	85	49	0	229	0	1	0	1	0	0	0	1	69	41	0	151	0	0	0	0	1	0	0	17	0	0	0	-1	15	7	0	60
07:20:00	26400	86	71	0	244	0	1	0	0	0	0	0	1	57	48	0	160	0	0	0	0	10	2	0	25	0	0	0	-1	19	20	0	59
07:25:00	26700	117	85	0	276	1	0	0	1	0	1	0	0	86	61	0	185	0	0	0	0	8	0	0	33	0	0	0	-1	22	23	0	58
07:30:00	27000	85	98	0	263	0	0	0	1	0	0	0	0	58	73	0	170	0	0	0	0	8	5	0	36	0	0	0	-1	19	20	0	57
07:35:00	27300	96	90	0	269	1	2	0	0	0	0	0	0	62	67	0	165	0	0	0	0	4	5	0	35	0	0	0	-1	29	16	0	70
07:40:00	27600	101	84	0	286	0	0	0	0	0	0	0	0	74	56	0	183	0	0	0	0	7	2	0	40	0	0	0	-1	20	26	0	64
07:45:00	27900	99	84	0	301	0	0	0	0	0	0	0	0	77	62	0	198	0	0	0	0	6	2	0	44	0	0	0	-1	16	20	0	60
07:50:00	28200	115	85	0	331	0	0	0	0	1	0	0	1	79	62	0	215	0	0	0	0	8	6	0	46	0	0	0	-1	27	17	0	70
07:55:00	28500	121	110	0	342	0	0	0	0	0	0	0	1	81	84	0	212	12	1	0	11	6	4	0	48	0	0	0	-1	22	21	0	71
08:00:00	28800	137	129	0	350	1	0	0	1	0	0	0	1	75	87	0	200	24	7	0	28	8	5	0	51	0	0	0	-1	29	30	0	70
08:05:00	29100	122	107	0	365	3	2	0	2	0	0	0	1	64	65	0	199	17	10	0	35	8	7	0	52	0	0	0	-1	30	23	0	77
08:10:00	29400	135	124	1	375	0	1	0	1	0	0	0	1	78	82	0	195	26	16	0	45	5	4	0	53	0	0	1	-2	26	21	0	82
08:15:00	29700	104	116	0	363	2	0	0	3	0	0	0	1	64	71	0	188	14	15	0	44	6	2	0	57	0	0	0	-2	18	28	0	72
08:20:00	30000	111	98	0	376	0	1	0	2	0	0	0	1	70	58	0	200	16	18	0	42	6	0	0	63	0	0	0	-2	19	21	0	70
08:25:00	30300	111	98	0	389	0	1	0	1	0	0	0	1	67	68	0	199	20	12	0	50	4	2	0	65	0	0	0	-2	20	15	0	75
08:30:00	30600	108	120	0	377	0	1	0	0	1	1	0	1	49	63	0	185	21	17	0	54	14	7	0	72	0	0	0	-2	23	31	0	67
08:35:00	30900	80	94	0	363	1	1	0	0	0	0	0	1	52	59	0	178	8	18	0	44	5	4	0	73	0	0	0	-2	14	12	0	69
08:40:00	31200	88	85	0	366	0	0	0	0	0	0	0	1	41	46	0	173	24	18	0	50	8	3	0	78	0	0	0	-2	15	18	0	66
08:45:00	31500	105	81	0	390	0	0	0	0	0	0	0	1	49	53	0	169	39	14	0	75	3	1	0	80	0	0	0	-2	14	13	0	67
08:50:00	31800	85	96	1	378	0	0	0	0	0	0	0	1	55	59	0	165	13	22	0	66	5	0	0	85	0	0	1	-3	12	15	0	64
08:55:00	32100	94	97	0	375	0	0	0	0	1	0	0	2	45	54	0	156	18	19	0	65	8	9	0	84	0	0	0	-3	22	15	0	71
09:00:00	32400	96	96	0	375	0	0	0	0	0	1	0	1	71	58	0	169	4	16	0	53	10	1	0	93	0	0	0	-3	11	20	0	62
09:05:00	32700	77	90	0	362	0	0	0	0	0	0	0	1	46	46	0	169	6	12	0	47	4	11	0	86	0	0	0	-3	21	21	0	62
09:10:00	33000	63	82	0	343	0	0	0	0	0	0	0	1	42	51	0	160	3	12	0	38	4	0	0	90	0	0	0	-3	14	19	0	57
09:15:00	33300	55	71	0	327	0	0	0	0	0	0	0	1	43	51	0	152	2	11	0	29	5	0	0	95	0	0	0	-3	5	9	0	53
09:20:00	33600	56	88	0	295	0	0	0	0	1	0	0	2	37	54	0	135	2	11	0	20	4	4	0	95	0	0	0	-3	12	19	0	46
09:25:00	33900	65	76	0	284	0	0	0	0	0	1	0	1	34	44	0	125	4	2	0	22	1	17	0	79	0	0	0	-3	26	12	0	60
09:30:00	34200	47	68	0	263	0	0	0	0	0	0	0	1	31	40	0	116	1	6	0	17	1	5	0	75	0	0	0	-3	14	17	0	57
09:35:00	34500	50	64	0	249	0	0	0	0	0	0	0	1	27	40	0	103	8	6	0	19	4	3	0	76	0	0	0	-3	11	15	0	53
09:40:00	34800	38	58	0	229	0	0	0	0	0	0	0	1	20	34	0	89	2	5	0	16	1	2	0	75	0	0	0	-3	15	17	0	51
09:45:00	35100	43	63	0	209	0	0	0	0	0	1	0	0	26	38	0	77	0	6	0	10	6	1	0	80	0	0	0	-3	11	17	0	45
09:50:00	35400	40	45	0	204	0	0	0	0	0	0	0	0	23	20	0	80	0	4	0	6	5	0	0	85	0	0	0	-3	12	21	0	36
09:55:00	35700	47	43	0	208	0	0	0	0	0	0	0	0	35	26	0	89	0	2	0	4	2	0	0	87	0	0	0	-3	10	15	0	31
10:00:00	36000	81	68	0	221	1	0	0	1	0	0	0	0	39	32	0	96	0	2	0	2	3	14	0	76	0	0	0	-3	38	20	0	49
10:05:00	36300	60	59	0	222	0	0	0	1	0	0	0	0	40	39	0	97	0	1	0	1	0	4	0	72	0	0	0	-3	20	15	0	54
10:10:00	36600	80	79	0	223	0	0	0	1	0	0	0	0	53	39	0	111	0	1	0	0	1	5	0	68	0	0	0	-3	26	34	0	46
10:15:00	36900	63	70	0	216	0	1	0	0	0	0	0	0	34	43	0	102	0	0	0	0	1	1	0	68	0	0	0	-3	28	25	0	49
10:20:00	37200	68	76	1	207	0	0	0	0	0	0	0	0	38	39	0	101	0	0	0	0	4	2	0	70	0	0	1	-4	26	35	0	40
10:25:00	37500	76	75	0	208	0	0	0	0	0	0	0	0	51	50	0	102	0	0	0	0	2	3	0	69	0	0	0	-4	23	22	0	41
10:30:00	37800	59	70	0	197	0	0	0	0	1	0	0	1	32	40	0	94	0	0	0	0	1	0	0	70	0	0	0	-4	25	30	0	36
10:35:00	38100	47	65	0	179	0	0	0	0	0	1	0	0	22	42	0	74	2	1	0	1	3	1	0	72	0	0	0	-4	20	20	0	36
10:40:00	38400	53	60	0	172	0	0	0	0	0	0	0	0	24	33	0	65	1	1	0	1	1	0	0	73	0	0	0	-4	27	26	0	37
10:45:00	38700	69	71	0	170	0	0	0	0	0	0	0	0	32	31	0	66	3	0	0	4	2	9	0	66	0	0	0	-4	32	31	0	38
10:50:00	39000	43	52	0	161	0	0	0	0	0	0	0	0	24	24	0	66	0	2	0	2	1	2	0	65	0	0	0	-4	18	24	0	32
10:55:00	39300	39	50	0	150	0	0	0	0	0	0	0	0	20	25	0	61	2	1	0	3	2	1	0	66	0	0	0	-4	15	23	0	24
11:00:00	39600	48	44	0	154	0	0	0	0	0	0	0	0	25	23	0	63	4	1	0	6	0	0	0	66	0	0	0	-4	19	20	0	23
11:05:00	39900	91	73	0	172	1	1	0	0	0	0	0	0	35	22	0	76	1	1	0	6	13	13	0	66	0	0	0	-4	41	36	0	28
11:10:00	40200	81	51	0	202	0	0	0	0	0	0	0	0	43	25	0	94	2	1	0	7	4	1	0	69	0	0	0	-4	32	24	0	36
11:15:00	40500	62	59	0	205	1	0	0	1	0	0	0	0	35	35	0	94	10	3	0	14	2	2	0	69	0	0	0	-4	14	19	0	31
11:20:00	40800	62	59	0	208	0	0	0	1	0	0	0	0	32	35	0	91	2	1	0	15	3	3	0	69	0	0	0	-4	25	20	0	36
11:25:00	41100	73	70	0	211	0	1	0	0	0	0	0	0	42	38	0	95	3	4	0	14	2	1	0	70	0	0	0	-4	26	26	0	36
11:30:00	41400	86	69	0	228	0	0	0	0	0	0	0	0	54	31	0	118	1	5	0	10	4	4	0	70	0	0	0	-4	27	29	0	34
11:35:00	41700	100	90	0	238	1	0	0	1	0	0	0	0	49	44	0	123	3	3	0	10	8	11	0	67	0	0	0	-4	39	32	0	41
11:40:00	42000	87	85	0	240	0	1	0	0	0	0	0	0	47	39	0	131	0	3	0	7	4	15	0	56	0	0	0	-4	36	27	0	50
11:45:00	42300	82	90	0	232	0	0	0	0	0	0	0	0	50	52	0	129	3	4	0	6	5	6	0	55	0	0	0	-4	24	28	0	46
11:50:00	42600	85	74	0	243	0	0	0	0	0	0	0	0	52	40	0	141	5	3	0	8	0	1	0	54	0	0	0	-4	28	30	0	44
11:55:00	42900	106	87	0	262	1	1	0	0	0	0	0	0	65	50	0	156	1	1	0	8	2	8	0	48	0	0	0	-4	37	27	0	54
12:00:00	43200	86	99	0	249	0	0	0	0	0	0	0	0	60	63	0	153	2	1	0	9	5	0	0	53	0	0	0	-4	19	35	0	38
12:05:00	43500	62	77	0	234	2	0	0	2	0	0	0	0	38	49	0	142	8	6	0	11	3	0	0	56	0	0	0	-4	11	22	0	27
12:10:00	43800	67	57	0	244	1	0	0	3	0	0	0	0	46	41	0	147	2	0	0	13	2	1	0	57	0	0	0	-4	16	15	0	28
12:15:00	44100	57	71	0	230	2	1	0	4	0	0	0	0	39	53	0	133	1	3	0	11	4	2	0	59	0	0	0	-4	11	12	0	27
12:20:00	44400	52	69	0	213	0	3	0	1	0	0	0	0	34	47	0	120	0	3	0	8	4	2	0	61	0	0	0	-4	14	14	0	27
12:25:00	44700	61	60	1	213	1	1	0	1	0	0	0	0	43	34	0	129	0	3	0	5	4	3	0	62	0	0	1	-5	13	19	0	21
12:30:00	45000	42	50	0	205	1	0	0	2	0	0	0	0	32	39	0	122	0	1	0	4	2	3	0	61	0	0	0	-5	7	7	0	21
12:35:00	45300	28	50	0	183	0	1	0	1	0	0	0	0	12	36	0	98	0	2	0	2	4	3	0	62	0	0	0	-5	12	8	0	25
12:40:00	45600	34	34	0	183	1	0	0	2	0	0	0	0	24	26	0	96	0	1	0	1	2	2	0	62	0	0	0	-5	7	5	0	27
12:45:00	45900	47	44	0	186	0	1	0	1	0	0	0	0	33	34	0	95	0	0	0	1	5	1	0	66	0	0	0	-5	9	8	0	28
12:50:00	46200	29	42	0	173	0	1	0	0	0	0	0	0	21	31	0	85	0	1	0	0	3	0	0	69	0	0	0	-5	5	9	0	24
12:55:00	46500	38	38	0	173	0	0	0	0	0	0	0	0	25	27	0	83	0	0	0	0	4	4	0	69	0	0	0	-5	9	7	0	26
13:00:00	46800	3	33	0	143	0	0	0	0	0	0	0	0	0	24	0	59	0	0	0	0	3	0	0	72	0	0	0	-5	0	9	0	17
13:05:00	47100	3	29	0	117	0	0	0	0	0	0	0	0	3	24	0	38	0	0	0	0	0	0	0	72	0	0	0	-5	0	5	0	12
13:10:00	47400	2	14	0	105	0	0	0	0	0	0	0	0	0	10	0	28	0	0	0	0	1	1	0	72	0	0	0	-5	1	3	0	10
13:15:00	47700	22	10	0	117	0	0	0	0	0	0	0	0	16	8	0	36	0	0	0	0	0	1	0	71	0	0	0	-5	6	1	0	15
13:20:00	48000	18	21	0	114	0	0	0	0	0	0	0	0	9	10	0	35	0	0	0	0	1	3	0	69	0	0	0	-5	8	8	0	15
13:25:00	48300	19	17	0	116	0	0	0	0	0	0	0	0	10	8	0	37	0	0	0	0	2	4	0	67	0	0	0	-5	7	5	0	17
13:30:00	48600	56	22	0	150	0	0	0	0	0	0	0	0	41	15	0	63	1	0	0	1	1	3	0	65	0	0	0	-5	13	4	0	26
13:35:00	48900	64	46	0	168	1	0	0	1	0	0	0	0	36	29	0	70	5	0	0	6	1	7	0	59	0	0	0	-5	21	10	0	37
13:40:00	49200	46	41	0	173	0	0	0	1	0	0	0	0	34	26	0	78	5	2	0	9	2	2	0	59	0	0	0	-5	5	11	0	31
13:45:00	49500	60	48	0	185	0	1	0	0	0	0	0	0	40	29	0	89	2	3	0	8	2	2	0	59	0	0	0	-5	16	13	0	34
13:50:00	49800	101	57	0	229	1	1	0	0	0	0	0	0	61	30	0	120	15	7	0	16	3	2	0	60	0	0	0	-5	21	17	0	38
13:55:00	50100	117	75	0	271	3	0	0	3	0	0	0	0	69	48	0	141	12	5	0	23	2	2	0	60	0	0	0	-5	31	20	0	49
14:00:00	50400	95	79	0	287	1	0	0	4	0	0	0	0	62	47	0	156	3	9	0	17	4	0	0	64	0	0	0	-5	25	23	0	51
14:05:00	50700	96	95	0	288	2	4	0	2	0	0	0	0	41	47	0	150	9	6	0	20	5	1	0	68	0	0	0	-5	39	37	0	53
14:10:00	51000	88	86	1	289	2	1	0	3	0	0	0	0	53	49	0	154	14	12	0	22	5	0	0	73	0	0	1	-6	14	24	0	43
14:15:00	51300	74	82	0	281	1	3	0	1	0	0	0	0	39	54	0	139	8	7	0	23	7	1	0	79	0	0	0	-6	19	17	0	45
14:20:00	51600	88	82	0	287	0	1	0	0	0	0	0	0	42	42	0	139	14	8	0	29	7	5	0	81	0	0	0	-6	25	26	0	44
14:25:00	51900	79	84	0	282	0	0	0	0	0	0	0	0	45	54	0	130	16	11	0	34	6	1	0	86	0	0	0	-6	12	18	0	38
14:30:00	52200	56	71	0	267	0	0	0	0	0	0	0	0	24	35	0	119	12	14	0	32	5	3	0	88	0	0	0	-6	15	19	0	34
14:35:00	52500	76	68	0	275	1	0	0	1	0	0	0	0	43	37	0	125	4	12	0	24	3	4	0	87	0	0	0	-6	25	15	0	44
14:40:00	52800	63	83	0	255	0	0	0	1	0	0	0	0	33	49	0	109	8	7	0	25	3	3	0	87	0	0	0	-6	19	24	0	39
14:45:00	53100	60	71	0	244	0	0	0	1	0	0	0	0	24	29	0	104	9	13	0	21	8	13	0	82	0	0	0	-6	19	16	0	42
14:50:00	53400	56	74	0	226	0	1	0	0	0	0	0	0	28	36	0	96	3	6	0	18	2	3	0	81	0	0	0	-6	23	28	0	37
14:55:00	53700	49	61	0	214	1	0	0	1	0	0	0	0	18	27	0	87	8	7	0	19	5	6	0	80	0	0	0	-6	17	21	0	33
15:00:00	54000	46	61	0	199	0	1	0	0	0	0	0	0	31	33	0	85	3	8	0	14	1	5	0	76	0	0	0	-6	11	14	0	30
15:05:00	54300	49	50	0	198	0	0	0	0	1	0	0	1	26	37	0	74	1	4	0	11	2	0	0	78	0	0	0	-6	19	9	0	40
15:10:00	54600	48	56	0	190	0	0	0	0	0	1	0	0	32	34	0	72	0	5	0	6	1	0	0	79	0	0	0	-6	15	16	0	39
15:15:00	54900	63	51	0	202	1	0	0	1	0	0	0	0	38	26	0	84	1	2	0	5	6	2	0	83	0	0	0	-6	17	21	0	35
15:20:00	55200	58	53	0	207	0	1	0	0	0	0	0	0	31	26	0	89	1	1	0	5	5	1	0	87	0	0	0	-6	21	24	0	32
15:25:00	55500	55	60	0	202	1	0	0	1	0	0	0	0	36	40	0	85	0	0	0	5	2	2	0	87	0	0	0	-6	16	18	0	30
15:30:00	55800	80	52	0	230	0	1	0	0	0	0	0	0	50	30	0	105	0	1	0	4	4	2	0	89	0	0	0	-6	26	18	0	38
15:35:00	56100	104	76	0	258	0	0	0	0	0	0	0	0	63	43	0	125	0	0	0	4	6	6	0	89	0	0	0	-6	35	27	0	46
15:40:00	56400	107	91	0	274	0	0	0	0	0	0	0	0	63	53	0	135	0	1	0	3	4	3	0	90	0	0	0	-6	40	34	0	52
15:45:00	56700	81	89	0	266	1	0	0	1	0	0	0	0	52	54	0	133	0	0	0	3	4	6	0	88	0	0	0	-6	24	29	0	47
15:50:00	57000	84	86	0	264	1	2	0	0	0	0	0	0	56	53	0	136	0	1	0	2	1	0	0	89	0	0	0	-6	26	30	0	43
15:55:00	57300	68	82	0	250	1	0	0	1	0	0	0	0	37	46	0	127	0	0	0	2	1	7	0	83	0	0	0	-6	29	29	0	43
16:00:00	57600	97	91	0	256	1	1	0	1	0	0	0	0	39	47	0	119	21	0	0	23	5	8	0	80	0	0	0	-6	31	35	0	39
16:05:00	57900	83	76	0	263	0	1	0	0	0	0	0	0	43	46	0	116	19	8	0	34	1	3	0	78	0	0	0	-6	20	18	0	41
16:10:00	58200	72	96	0	239	1	1	0	0	0	0	0	0	28	47	0	97	18	14	0	38	2	2	0	78	0	0	0	-6	23	32	0	32
16:15:00	58500	87	87	0	239	0	0	0	0	0	0	0	0	35	41	0	91	16	14	0	40	4	13	0	69	0	0	0	-6	32	19	0	45
16:20:00	58800	97	71	0	265	0	0	0	0	0	0	0	0	49	30	0	110	17	11	0	46	2	2	0	69	0	0	0	-6	29	28	0	46
16:25:00	59100	104	84	0	285	0	0	0	0	0	0	0	0	49	38	0	121	27	20	0	53	2	5	0	66	0	0	0	-6	26	21	0	51
16:30:00	59400	119	89	0	315	0	0	0	0	0	0	0	0	57	48	0	130	31	15	0	69	5	3	0	68	0	0	0	-6	26	23	0	54
16:35:00	59700	134	95	0	354	0	0	0	0	0	0	0	0	67	41	0	156	27	20	0	76	3	3	0	68	0	0	0	-6	37	31	0	60
16:40:00	60000	141	131	0	364	1	0	0	1	0	0	0	0	85	65	0	176	20	28	0	68	5	5	0	68	0	0	0	-6	30	33	0	57
16:45:00	60300	106	103	0	367	0	0	0	1	0	0	0	0	55	57	0	174	28	18	0	78	5	3	0	70	0	0	0	-6	18	25	0	50
16:50:00	60600	158	138	0	387	1	2	0	0	0	0	0	0	74	69	0	179	47	32	0	93	2	4	0	68	0	0	0	-6	34	31	0	53
16:55:00	60900	132	118	1	400	0	0	0	0	0	0	0	0	70	62	0	187	31	26	0	98	4	1	0	71	0	0	1	-7	27	29	0	51
17:00:00	61200	181	129	0	452	1	0	0	1	1	0	0	1	110	62	0	235	20	31	0	87	5	8	0	68	0	0	0	-7	44	28	0	67
17:05:00	61500	187	143	0	496	0	0	0	1	0	1	0	0	123	74	0	284	12	20	0	79	6	14	0	60	0	0	0	-7	46	34	0	79
17:10:00	61800	169	161	0	504	0	1	0	0	0	0	0	0	102	96	0	290	15	20	0	74	11	4	0	67	0	0	0	-7	41	40	0	80
17:15:00	62100	182	176	0	510	1	1	0	0	1	0	0	1	109	109	0	290	25	22	0	77	4	7	0	64	0	0	0	-7	42	37	0	85
17:20:00	62400	190	159	0	541	1	0	0	1	0	0	0	1	120	91	0	319	14	22	0	69	10	2	0	72	0	0	0	-7	45	44	0	86
17:25:00	62700	129	172	0	498	0	1	0	0	0	1	0	0	86	100	0	305	3	26	0	46	8	6	0	74	0	0	0	-7	32	38	0	80
17:30:00	63000	109	139	0	468	1	0	0	1	0	0	0	0	75	94	0	286	1	11	0	36	6	7	0	73	0	0	0	-7	26	27	0	79
17:35:00	63300	102	101	0	469	0	1	0	0	0	0	0	0	73	72	0	287	0	4	0	32	10	2	0	81	0	0	0	-7	19	22	0	76
17:40:00	63600	80	117	1	431	1	0	0	1	0	0	0	0	38	72	0	253	3	10	0	25	13	8	0	86	0	0	1	-8	25	27	0	74
17:45:00	63900	116	106	0	441	0	0	0	1	0	0	0	0	83	75	0	261	1	1	0	25	7	6	0	87	0	0	0	-8	25	24	0	75
17:50:00	64200	94	100	0	435	0	1	0	0	0	0	0	0	77	74	0	264	0	4	0	21	7	2	0	92	0	0	0	-8	10	19	0	66
17:55:00	64500	111	120	0	426	0	0	0	0	0	0	0	0	78	81	0	261	1	5	0	17	10	7	0	95	0	0	0	-8	22	27	0	61
18:00:00	64800	72	105	0	393	0	0	0	0	0	0	0	0	53	82	0	232	1	2	0	16	3	4	0	94	0	0	0	-8	15	17	0	59
18:05:00	65100	72	95	0	370	0	0	0	0	1	0	0	1	45	62	0	215	0	2	0	14	5	14	0	85	0	0	0	-8	21	17	0	63
18:10:00	65400	52	82	0	340	1	0	0	1	0	1	0	0	34	59	0	190	0	0	0	14	6	4	0	87	0	0	0	-8	11	18	0	56
18:15:00	65700	43	81	0	302	1	2	0	0	0	0	0	0	24	58	0	156	1	2	0	13	0	6	0	81	0	0	0	-8	17	13	0	60
18:20:00	66000	68	70	0	300	0	0	0	0	0	0	0	0	39	37	0	158	0	1	0	12	1	18	0	64	0	0	0	-8	28	14	0	74
18:25:00	66300	51	67	0	284	0	0	0	0	0	0	0	0	29	38	0	149	0	1	0	11	2	10	0	56	0	0	0	-8	20	18	0	76
18:30:00	66600	47	65	0	266	1	0	0	1	0	0	0	0	27	34	0	142	0	0	0	11	1	11	0	46	0	0	0	-8	18	20	0	74
18:35:00	66900	65	86	0	245	0	1	0	0	0	0	0	0	42	49	0	135	1	3	0	9	2	6	0	42	0	0	0	-8	20	27	0	67
18:40:00	67200	35	60	0	220	1	0	0	1	0	0	0	0	27	36	0	126	0	2	0	7	1	2	0	41	0	0	0	-8	6	20	0	53
18:45:00	67500	32	53	0	199	0	1	0	0	0	0	0	0	23	35	0	114	0	3	0	4	2	3	0	40	0	0	0	-8	7	11	0	49
18:50:00	67800	21	45	0	175	0	0	0	0	0	0	0	0	8	23	0	99	0	0	0	4	0	10	0	30	0	0	0	-8	13	12	0	50
18:55:00	68100	27	40	0	162	0	0	0	0	0	0	0	0	15	24	0	90	0	0	0	4	2	8	0	24	0	0	0	-8	10	8	0	52
19:00:00	68400	68	43	0	187	0	0	0	0	0	0	0	0	58	26	0	122	0	0	0	4	0	6	0	18	0	0	0	-8	10	11	0	51
19:05:00	68700	82	42	0	227	0	0	0	0	0	0	0	0	67	30	0	159	0	0	0	4	4	0	0	22	0	0	0	-8	11	12	0	50
19:10:00	69000	65	64	0	228	0	0	0	0	1	0	0	1	51	48	0	162	0	0	0	4	2	1	0	23	0	0	0	-8	11	15	0	46
19:15:00	69300	63	70	0	221	1	1	0	0	0	1	0	0	42	49	0	155	0	1	0	3	6	4	0	25	0	0	0	-8	14	14	0	46
19:20:00	69600	57	61	0	217	0	0	0	0	0	0	0	0	50	51	0	154	0	0	0	3	0	1	0	24	0	0	0	-8	7	9	0	44
19:25:00	69900	87	56	0	248	0	0	0	0	0	0	0	0	76	48	0	182	0	0	0	3	0	1	0	23	0	0	0	-8	11	7	0	48
19:30:00	70200	69	66	0	251	2	0	0	2	0	0	0	0	50	48	0	184	0	0	0	3	0	4	0	19	0	0	0	-8	17	14	0	51
19:35:00	70500	53	83	0	221	0	0	0	2	0	0	0	0	41	66	0	159	0	0	0	3	1	4	0	16	0	0	0	-8	11	13	0	49
19:40:00	70800	39	59	0	201	1	0	0	3	0	0	0	0	33	46	0	146	0	0	0	3	1	0	0	17	0	0	0	-8	4	13	0	40
19:45:00	71100	66	55	0	212	0	2	0	1	0	0	0	0	51	40	0	157	0	1	0	2	1	4	0	14	0	0	0	-8	14	8	0	46
19:50:00	71400	49	61	0	200	0	1	0	0	0	0	0	0	40	46	0	151	0	0	0	2	2	0	0	16	0	0	0	-8	7	14	0	39
19:55:00	71700	54	71	0	183	0	0	0	0	0	0	0	0	41	55	0	137	0	0	0	2	3	3	0	16	0	0	0	-8	10	13	0	36
20:00:00	72000	11	46	0	148	0	0	0	0	0	0	0	0	5	37	0	105	0	0	0	2	0	3	0	13	0	0	0	-8	6	6	0	36
20:05:00	72300	5	42	0	111	0	0	0	0	0	0	0	0	4	30	0	79	0	0	0	2	1	0	0	14	0	0	0	-8	0	12	0	24
20:10:00	72600	5	18	0	98	0	0	0	0	0	0	0	0	3	15	0	67	0	0	0	2	0	0	0	14	0	0	0	-8	2	3	0	23
20:15:00	72900	7	24	0	81	0	0	0	0	0	0	0	0	3	17	0	53	0	0	0	2	0	3	0	11	0	0	0	-8	4	4	0	23
20:20:00	73200	8	17	0	72	0	0	0	0	0	0	0	0	5	11	0	47	0	1	0	1	1	0	0	12	0	0	0	-8	2	5	0	20
20:25:00	73500	11	11	0	72	0	0	0	0	0	0	0	0	6	4	0	49	0	0	0	1	0	4	0	8	0	0	0	-8	5	3	0	22
20:30:00	73800	8	21	0	59	0	0	0	0	0	0	0	0	2	12	0	39	0	1	0	0	0	4	0	4	0	0	0	-8	6	4	0	24
20:35:00	74100	5	10	0	54	0	0	0	0	0	0	0	0	4	6	0	37	0	0	0	0	0	1	0	3	0	0	0	-8	1	3	0	22
20:40:00	74400	4	10	0	48	0	0	0	0	0	0	0	0	4	5	0	36	0	0	0	0	0	0	0	3	0	0	0	-8	0	5	0	17
20:45:00	74700	5	11	0	42	0	0	0	0	0	0	0	0	2	4	0	34	0	0	0	0	0	0	0	3	0	0	0	-8	3	7	0	13
20:50:00	75000	9	10	0	41	0	0	0	0	0	0	0	0	5	6	0	33	0	0	0	0	0	0	0	3	0	0	0	-8	4	4	0	13
20:55:00	75300	4	8	0	37	0	0	0	0	0	0	0	0	4	4	0	33	0	0	0	0	0	0	0	3	0	0	0	-8	0	4	0	9
21:00:00	75600	11	13	0	35	0	0	0	0	0	0	0	0	10	11	0	32	0	0	0	0	0	0	0	3	0	0	0	-8	1	2	0	8
21:05:00	75900	6	7	0	34	0	0	0	0	0	0	0	0	5	5	0	32	0	0	0	0	0	0	0	3	0	0	0	-8	1	2	0	7
21:10:00	76200	2	4	0	32	0	0	0	0	0	0	0	0	2	3	0	31	0	0	0	0	0	0	0	3	0	0	0	-8	0	1	0	6
21:15:00	76500	1	4	0	29	0	0	0	0	0	0	0	0	1	4	0	28	0	0	0	0	0	0	0	3	0	0	0	-8	0	0	0	6
21:20:00	76800	3	4	0	28	0	0	0	0	0	0	0	0	3	3	0	28	0	0	0	0	0	0	0	3	0	0	0	-8	0	1	0	5
21:25:00	77100	1	4	0	25	0	0	0	0	0	0	0	0	1	4	0	25	0	0	0	0	0	0	0	3	0	0	0	-8	0	0	0	5
21:30:00	77400	0	4	0	21	0	0	0	0	0	0	0	0	0	4	0	21	0	0	0	0	0	0	0	3	0	0	0	-8	0	0	0	5
21:35:00	77700	0	3	0	18	0	0	0	0	0	0	0	0	0	3	0	18	0	0	0	0	0	0	0	3	0	0	0	-8	0	0	0	5
21:40:00	78000	2	4	0	16	0	0	0	0	0	0	0	0	2	4	0	16	0	0	0	0	0	0	0	3	0	0	0	-8	0	0	0	5
21:45:00	78300	2	4	0	14	0	0	0	0	0	0	0	0	2	2	0	16	0	0	0	0	0	0	0	3	0	0	0	-8	0	2	0	3
21:50:00	78600	3	5	0	12	0	0	0	0	0	0	0	0	3	5	0	14	0	0	0	0	0	0	0	3	0	0	0	-8	0	0	0	3
21:55:00	78900	1	1	0	12	0	0	0	0	0	0	0	0	1	1	0	14	0	0	0	0	0	0	0	3	0	0	0	-8	0	0	0	3
22:00:00	79200	1	2	0	11	0	0	0	0	0	0	0	0	0	2	0	12	0	0	0	0	0	0	0	3	0	0	0	-8	1	0	0	4
22:05:00	79500	0	2	0	9	0	0	0	0	0	0	0	0	0	0	0	12	0	0	0	0	0	0	0	3	0	0	0	-8	0	2	0	2
22:10:00	79800	1	2	0	8	0	0	0	0	0	0	0	0	1	2	0	11	0	0	0	0	0	0	0	3	0	0	0	-8	0	0	0	2
22:15:00	80100	1	3	0	6	0	0	0	0	0	0	0	0	0	2	0	9	0	0	0	0	0	0	0	3	0	0	0	-8	1	1	0	2
22:20:00	80400	2	4	0	4	0	0	0	0	0	0	0	0	2	2	0	9	0	0	0	0	0	0	0	3	0	0	0	-8	0	2	0	0
22:25:00	80700	0	3	0	1	0	0	0	0	0	0	0	0	0	3	0	6	0	0	0	0	0	0	0	3	0	0	0	-8	0	0	0	0
22:30:00	81000	0	0	0	1	0	0	0	0	0	0	0	0	0	0	0	6	0	0	0	0	0	0	0	3	0	0	0	-8	0	0	0	0
22:35:00	81300	0	0	0	1	0	0	0	0	0	0	0	0	0	0	0	6	0	0	0	0	0	0	0	3	0	0	0	-8	0	0	0	0
22:40:00	81600	0	1	0	0	0	0	0	0	0	0	0	0	0	1	0	5	0	0	0	0	0	0	0	3	0	0	0	-8	0	0	0	0
22:45:00	81900	2	2	0	0	0	0	0	0	0	0	0	0	2	2	0	5	0	0	0	0	0	0	0	3	0	0	0	-8	0	0	0	0
22:50:00	82200	0	1	0	-1	0	0	0	0	0	0	0	0	0	1	0	4	0	0	0	0	0	0	0	3	0	0	0	-8	0	0	0	0
22:55:00	82500	0	0	0	-1	0	0	0	0	0	0	0	0	0	0	0	4	0	0	0	0	0	0	0	3	0	0	0	-8	0	0	0	0
23:00:00	82800	0	0	0	-1	0	0	0	0	0	0	0	0	0	0	0	4	0	0	0	0	0	0	0	3	0	0	0	-8	0	0	0	0
23:05:00	83100	0	0	0	-1	0	0	0	0	0	0	0	0	0	0	0	4	0	0	0	0	0	0	0	3	0	0	0	-8	0	0	0	0
23:10:00	83400	0	0	0	-1	0	0	0	0	0	0	0	0	0	0	0	4	0	0	0	0	0	0	0	3	0	0	0	-8	0	0	0	0
23:15:00	83700	6	2	0	3	0	0	0	0	0	0	0	0	6	2	0	8	0	0	0	0	0	0	0	3	0	0	0	-8	0	0	0	0
23:20:00	84000	5	4	0	4	0	0	0	0	0	0	0	0	4	4	0	8	0	0	0	0	0	0	0	3	0	0	0	-8	1	0	0	1
23:25:00	84300	5	1	0	8	0	0	0	0	0	0	0	0	3	0	0	11	0	0	0	0	0	0	0	3	0	0	0	-8	2	1	0	2
23:30:00	84600	2	7	0	3	0	0	0	0	0	0	0	0	2	5	0	8	0	0	0	0	0	0	0	3	0	0	0	-8	0	2	0	0
23:35:00	84900	2	0	0	5	0	0	0	0	0	0	0	0	2	0	0	10	0	0	0	0	0	0	0	3	0	0	0	-8	0	0	0	0
23:40:00	85200	3	3	0	5	0	0	0	0	0	0	0	0	3	3	0	10	0	0	0	0	0	0	0	3	0	0	0	-8	0	0	0	0
23:45:00	85500	4	3	0	6	0	0	0	0	0	0	0	0	3	3	0	10	0	0	0	0	0	0	0	3	0	0	0	-8	1	0	0	1
23:50:00	85800	4	5	0	5	0	0	0	0	0	0	0	0	3	3	0	10	0	0	0	0	0	0	0	3	0	0	0	-8	1	2	0	0
23:55:00	86100	2	2	0	5	0	0	0	0	0	0	0	0	0	2	0	8	0	0	0	0	0	0	0	3	0	0	0	-8	2	0	0	2
24:00:00	86400	4	1	0	8	0	0	0	0	0	0	0	0	4	0	0	12	0	0	0	0	0	0	0	3	0	0	0	-8	0	1	0	1
24:05:00	86700	2	4	0	6	0	0	0	0	0	0	0	0	2	3	0	11	0	0	0	0	0	0	0	3	0	0	0	-8	0	1	0	0
24:10:00	87000	3	3	0	6	0	0	0	0	0	0	0	0	2	3	0	10	0	0	0	0	0	0	0	3	0	0	0	-8	1	0	0	1
24:15:00	87300	0	2	0	4	0	0	0	0	0	0	0	0	0	2	0	8	0	0	0	0	0	0	0	3	0	0	0	-8	0	0	0	1
24:20:00	87600	0	2	0	2	0	0	0	0	0	0	0	0	0	2	0	6	0	0	0	0	0	0	0	3	0	0	0	-8	0	0	0	1
24:25:00	87900	0	2	0	0	0	0	0	0	0	0	0	0	0	1	0	5	0	0	0	0	0	0	0	3	0	0	0	-8	0	1	0	0
24:30:00	88200	0	0	0	0	0	0	0	0	0	0	0	0	0	0	0	5	0	0	0	0	0	0	0	3	0	0	0	-8	0	0	0	0
24:35:00	88500	0	2	0	-2	0	0	0	0	0	0	0	0	0	2	0	3	0	0	0	0	0	0	0	3	0	0	0	-8	0	0	0	0
24:40:00	88800	0	0	0	-2	0	0	0	0	0	0	0	0	0	0	0	3	0	0	0	0	0	0	0	3	0	0	0	-8	0	0	0	0
24:45:00	89100	0	0	0	-2	0	0	0	0	0	0	0	0	0	0	0	3	0	0	0	0	0	0	0	3	0	0	0	-8	0	0	0	0
24:50:00	89400	0	2	0	-4	0	0	0	0	0	0	0	0	0	2	0	1	0	0	0	0	0	0	0	3	0	0	0	-8	0	0	0	0
24:55:00	89700	0	0	0	-4	0	0	0	0	0	0	0	0	0	0	0	1	0	0	0	0	0	0	0	3	0	0	0	-8	0	0	0	0
25:00:00	90000	0	0	0	-4	0	0	0	0	0	0	0	0	0	0	0	1	0	0	0	0	0	0	0	3	0	0	0	-8	0	0	0	0
25:05:00	90300	0	0	0	-4	0	0	0	0	0	0	0	0	0	0	0	1	0	0	0	0	0	0	0	3	0	0	0	-8	0	0	0	0
25:10:00	90600	0	0	0	-4	0	0	0	0	0	0	0	0	0	0	0	1	0	0	0	0	0	0	0	3	0	0	0	-8	0	0	0	0
25:15:00	90900	0	0	0	-4	0	0	0	0	0	0	0	0	0	0	0	1	0	0	0	0	0	0	0	3	0	0	0	-8	0	0	0	0
25:20:00	91200	0	0	0	-4	0	0	0	0	0	0	0	0	0	0	0	1	0	0	0	0	0	0	0	3	0	0	0	-8	0	0	0	0
25:25:00	91500	0	0	0	-4	0	0	0	0	0	0	0	0	0	0	0	1	0	0	0	0	0	0	0	3	0	0	0	-8	0	0	0	0
25:30:00	91800	0	0	0	-4	0	0	0	0	0	0	0	0	0	0	0	1	0	0	0	0	0	0	0	3	0	0	0	-8	0	0	0	0
25:35:00	92100	0	0	0	-4	0	0	0	0	0	0	0	0	0	0	0	1	0	0	0	0	0	0	0	3	0	0	0	-8	0	0	0	0
25:40:00	92400	0	0	0	-4	0	0	0	0	0	0	0	0	0	0	0	1	0	0	0	0	0	0	0	3	0	0	0	-8	0	0	0	0
25:45:00	92700	0	0	0	-4	0	0	0	0	0	0	0	0	0	0	0	1	0	0	0	0	0	0	0	3	0	0	0	-8	0	0	0	0
25:50:00	93000	0	0	0	-4	0	0	0	0	0	0	0	0	0	0	0	1	0	0	0	0	0	0	0	3	0	0	0	-8	0	0	0	0
25:55:00	93300	0	0	0	-4	0	0	0	0	0	0	0	0	0	0	0	1	0	0	0	0	0	0	0	3	0	0	0	-8	0	0	0	0
26:00:00	93600	0	0	0	-4	0	0	0	0	0	0	0	0	0	0	0	1	0	0	0	0	0	0	0	3	0	0	0	-8	0	0	0	0
26:05:00	93900	2	2	0	-4	0	0	0	0	0	0	0	0	2	2	0	1	0	0	0	0	0	0	0	3	0	0	0	-8	0	0	0	0
26:10:00	94200	0	1	0	-5	0	0	0	0	0	0	0	0	0	1	0	0	0	0	0	0	0	0	0	3	0	0	0	-8	0	0	0	0
26:15:00	94500	0	0	0	-5	0	0	0	0	0	0	0	0	0	0	0	0	0	0	0	0	0	0	0	3	0	0	0	-8	0	0	0	0
26:20:00	94800	0	0	0	-5	0	0	0	0	0	0	0	0	0	0	0	0	0	0	0	0	0	0	0	3	0	0	0	-8	0	0	0	0
26:25:00	95100	0	0	0	-5	0	0	0	0	0	0	0	0	0	0	0	0	0	0	0	0	0	0	0	3	0	0	0	-8	0	0	0	0
26:30:00	95400	0	0	0	-5	0	0	0	0	0	0	0	0	0	0	0	0	0	0	0	0	0	0	0	3	0	0	0	-8	0	0	0	0
26:35:00	95700	0	0	0	-5	0	0	0	0	0	0	0	0	0	0	0	0	0	0	0	0	0	0	0	3	0	0	0	-8	0	0	0	0
26:40:00	96000	0	0	0	-5	0	0	0	0	0	0	0	0	0	0	0	0	0	0	0	0	0	0	0	3	0	0	0	-8	0	0	0	0
26:45:00	96300	0	0	0	-5	0	0	0	0	0	0	0	0	0	0	0	0	0	0	0	0	0	0	0	3	0	0	0	-8	0	0	0	0
26:50:00	96600	0	0	0	-5	0	0	0	0	0	0	0	0	0	0	0	0	0	0	0	0	0	0	0	3	0	0	0	-8	0	0	0	0
26:55:00	96900	0	0	0	-5	0	0	0	0	0	0	0	0	0	0	0	0	0	0	0	0	0	0	0	3	0	0	0	-8	0	0	0	0
27:00:00	97200	0	0	0	-5	0	0	0	0	0	0	0	0	0	0	0	0	0	0	0	0	0	0	0	3	0	0	0	-8	0	0	0	0
27:05:00	97500	0	0	0	-5	0	0	0	0	0	0	0	0	0	0	0	0	0	0	0	0	0	0	0	3	0	0	0	-8	0	0	0	0
27:10:00	97800	0	0	0	-5	0	0	0	0	0	0	0	0	0	0	0	0	0	0	0	0	0	0	0	3	0	0	0	-8	0	0	0	0
27:15:00	98100	0	0	0	-5	0	0	0	0	0	0	0	0	0	0	0	0	0	0	0	0	0	0	0	3	0	0	0	-8	0	0	0	0
27:20:00	98400	0	0	0	-5	0	0	0	0	0	0	0	0	0	0	0	0	0	0	0	0	0	0	0	3	0	0	0	-8	0	0	0	0
27:25:00	98700	0	0	0	-5	0	0	0	0	0	0	0	0	0	0	0	0	0	0	0	0	0	0	0	3	0	0	0	-8	0	0	0	0
27:30:00	99000	0	0	0	-5	0	0	0	0	0	0	0	0	0	0	0	0	0	0	0	0	0	0	0	3	0	0	0	-8	0	0	0	0
27:35:00	99300	0	0	0	-5	0	0	0	0	0	0	0	0	0	0	0	0	0	0	0	0	0	0	0	3	0	0	0	-8	0	0	0	0
27:40:00	99600	0	0	0	-5	0	0	0	0	0	0	0	0	0	0	0	0	0	0	0	0	0	0	0	3	0	0	0	-8	0	0	0	0
27:45:00	99900	0	0	0	-5	0	0	0	0	0	0	0	0	0	0	0	0	0	0	0	0	0	0	0	3	0	0	0	-8	0	0	0	0
27:50:00	100200	0	0	0	-5	0	0	0	0	0	0	0	0	0	0	0	0	0	0	0	0	0	0	0	3	0	0	0	-8	0	0	0	0
27:55:00	100500	0	0	0	-5	0	0	0	0	0	0	0	0	0	0	0	0	0	0	0	0	0	0	0	3	0	0	0	-8	0	0	0	0
28:00:00	100800	0	0	0	-5	0	0	0	0	0	0	0	0	0	0	0	0	0	0	0	0	0	0	0	3	0	0	0	-8	0	0	0	0
28:05:00	101100	0	0	0	-5	0	0	0	0	0	0	0	0	0	0	0	0	0	0	0	0	0	0	0	3	0	0	0	-8	0	0	0	0
28:10:00	101400	0	0	0	-5	0	0	0	0	0	0	0	0	0	0	0	0	0	0	0	0	0	0	0	3	0	0	0	-8	0	0	0	0
28:15:00	101700	0	0	0	-5	0	0	0	0	0	0	0	0	0	0	0	0	0	0	0	0	0	0	0	3	0	0	0	-8	0	0	0	0
28:20:00	102000	0	0	0	-5	0	0	0	0	0	0	0	0	0	0	0	0	0	0	0	0	0	0	0	3	0	0	0	-8	0	0	0	0
28:25:00	102300	0	0	0	-5	0	0	0	0	0	0	0	0	0	0	0	0	0	0	0	0	0	0	0	3	0	0	0	-8	0	0	0	0
28:30:00	102600	0	0	0	-5	0	0	0	0	0	0	0	0	0	0	0	0	0	0	0	0	0	0	0	3	0	0	0	-8	0	0	0	0
28:35:00	102900	0	0	0	-5	0	0	0	0	0	0	0	0	0	0	0	0	0	0	0	0	0	0	0	3	0	0	0	-8	0	0	0	0
28:40:00	103200	0	0	0	-5	0	0	0	0	0	0	0	0	0	0	0	0	0	0	0	0	0	0	0	3	0	0	0	-8	0	0	0	0
28:45:00	103500	0	0	0	-5	0	0	0	0	0	0	0	0	0	0	0	0	0	0	0	0	0	0	0	3	0	0	0	-8	0	0	0	0
28:50:00	103800	0	0	0	-5	0	0	0	0	0	0	0	0	0	0	0	0	0	0	0	0	0	0	0	3	0	0	0	-8	0	0	0	0
28:55:00	104100	0	0	0	-5	0	0	0	0	0	0	0	0	0	0	0	0	0	0	0	0	0	0	0	3	0	0	0	-8	0	0	0	0
29:00:00	104400	0	0	0	-5	0	0	0	0	0	0	0	0	0	0	0	0	0	0	0	0	0	0	0	3	0	0	0	-8	0	0	0	0
29:05:00	104700	0	0	0	-5	0	0	0	0	0	0	0	0	0	0	0	0	0	0	0	0	0	0	0	3	0	0	0	-8	0	0	0	0
29:10:00	105000	0	0	0	-5	0	0	0	0	0	0	0	0	0	0	0	0	0	0	0	0	0	0	0	3	0	0	0	-8	0	0	0	0
29:15:00	105300	0	0	0	-5	0	0	0	0	0	0	0	0	0	0	0	0	0	0	0	0	0	0	0	3	0	0	0	-8	0	0	0	0
29:20:00	105600	0	0	0	-5	0	0	0	0	0	0	0	0	0	0	0	0	0	0	0	0	0	0	0	3	0	0	0	-8	0	0	0	0
29:25:00	105900	0	0	0	-5	0	0	0	0	0	0	0	0	0	0	0	0	0	0	0	0	0	0	0	3	0	0	0	-8	0	0	0	0
29:30:00	106200	0	0	0	-5	0	0	0	0	0	0	0	0	0	0	0	0	0	0	0	0	0	0	0	3	0	0	0	-8	0	0	0	0
29:35:00	106500	0	0	0	-5	0	0	0	0	0	0	0	0	0	0	0	0	0	0	0	0	0	0	0	3	0	0	0	-8	0	0	0	0
29:40:00	106800	0	0	0	-5	0	0	0	0	0	0	0	0	0	0	0	0	0	0	0	0	0	0	0	3	0	0	0	-8	0	0	0	0
29:45:00	107100	0	0	0	-5	0	0	0	0	0	0	0	0	0	0	0	0	0	0	0	0	0	0	0	3	0	0	0	-8	0	0	0	0
29:50:00	107400	0	0	0	-5	0	0	0	0	0	0	0	0	0	0	0	0	0	0	0	0	0	0	0	3	0	0	0	-8	0	0	0	0
29:55:00	107700	0	0	0	-5	0	0	0	0	0	0	0	0	0	0	0	0	0	0	0	0	0	0	0	3	0	0	0	-8	0	0	0	0
30:00:00	108000	0	0	3	-8	0	0	0	0	0	0	0	0	0	0	0	0	0	0	0	0	0	0	3	0	0	0	0	-8	0	0	0	0
30:05:00	108300	0	0	0	-8	0	0	0	0	0	0	0	0	0	0	0	0	0	0	0	0	0	0	0	0	0	0	0	-8	0	0	0	0
