time	time	departures_all	arrivals_all	stuck_all	en-route_all	departures_Shared-Bike	arrivals_Shared-Bike	stuck_Shared-Bike	en-route_Shared-Bike	departures_bike	arrivals_bike	stuck_bike	en-route_bike	departures_car	arrivals_car	stuck_car	en-route_car	departures_car_passenger	arrivals_car_passenger	stuck_car_passenger	en-route_car_passenger	departures_eScooter	arrivals_eScooter	stuck_eScooter	en-route_eScooter	departures_pt	arrivals_pt	stuck_pt	en-route_pt	departures_sharing:standardBikeShare	arrivals_sharing:standardBikeShare	stuck_sharing:standardBikeShare	en-route_sharing:standardBikeShare	departures_sharing:standardeScooter	arrivals_sharing:standardeScooter	stuck_sharing:standardeScooter	en-route_sharing:standardeScooter	departures_walk	arrivals_walk	stuck_walk	en-route_walk
00:00:00	0	0	0	0	0	0	0	0	0	0	0	0	0	0	0	0	0	0	0	0	0	0	0	0	0	0	0	0	0	0	0	0	0	0	0	0	0	0	0	0	0
00:05:00	300	0	0	0	0	0	0	0	0	0	0	0	0	0	0	0	0	0	0	0	0	0	0	0	0	0	0	0	0	0	0	0	0	0	0	0	0	0	0	0	0
00:10:00	600	0	0	0	0	0	0	0	0	0	0	0	0	0	0	0	0	0	0	0	0	0	0	0	0	0	0	0	0	0	0	0	0	0	0	0	0	0	0	0	0
00:15:00	900	0	0	0	0	0	0	0	0	0	0	0	0	0	0	0	0	0	0	0	0	0	0	0	0	0	0	0	0	0	0	0	0	0	0	0	0	0	0	0	0
00:20:00	1200	0	0	0	0	0	0	0	0	0	0	0	0	0	0	0	0	0	0	0	0	0	0	0	0	0	0	0	0	0	0	0	0	0	0	0	0	0	0	0	0
00:25:00	1500	0	0	0	0	0	0	0	0	0	0	0	0	0	0	0	0	0	0	0	0	0	0	0	0	0	0	0	0	0	0	0	0	0	0	0	0	0	0	0	0
00:30:00	1800	0	0	0	0	0	0	0	0	0	0	0	0	0	0	0	0	0	0	0	0	0	0	0	0	0	0	0	0	0	0	0	0	0	0	0	0	0	0	0	0
00:35:00	2100	0	0	0	0	0	0	0	0	0	0	0	0	0	0	0	0	0	0	0	0	0	0	0	0	0	0	0	0	0	0	0	0	0	0	0	0	0	0	0	0
00:40:00	2400	0	0	0	0	0	0	0	0	0	0	0	0	0	0	0	0	0	0	0	0	0	0	0	0	0	0	0	0	0	0	0	0	0	0	0	0	0	0	0	0
00:45:00	2700	0	0	0	0	0	0	0	0	0	0	0	0	0	0	0	0	0	0	0	0	0	0	0	0	0	0	0	0	0	0	0	0	0	0	0	0	0	0	0	0
00:50:00	3000	0	0	0	0	0	0	0	0	0	0	0	0	0	0	0	0	0	0	0	0	0	0	0	0	0	0	0	0	0	0	0	0	0	0	0	0	0	0	0	0
00:55:00	3300	0	0	0	0	0	0	0	0	0	0	0	0	0	0	0	0	0	0	0	0	0	0	0	0	0	0	0	0	0	0	0	0	0	0	0	0	0	0	0	0
01:00:00	3600	0	0	0	0	0	0	0	0	0	0	0	0	0	0	0	0	0	0	0	0	0	0	0	0	0	0	0	0	0	0	0	0	0	0	0	0	0	0	0	0
01:05:00	3900	0	0	0	0	0	0	0	0	0	0	0	0	0	0	0	0	0	0	0	0	0	0	0	0	0	0	0	0	0	0	0	0	0	0	0	0	0	0	0	0
01:10:00	4200	0	0	0	0	0	0	0	0	0	0	0	0	0	0	0	0	0	0	0	0	0	0	0	0	0	0	0	0	0	0	0	0	0	0	0	0	0	0	0	0
01:15:00	4500	0	0	0	0	0	0	0	0	0	0	0	0	0	0	0	0	0	0	0	0	0	0	0	0	0	0	0	0	0	0	0	0	0	0	0	0	0	0	0	0
01:20:00	4800	0	0	0	0	0	0	0	0	0	0	0	0	0	0	0	0	0	0	0	0	0	0	0	0	0	0	0	0	0	0	0	0	0	0	0	0	0	0	0	0
01:25:00	5100	0	0	0	0	0	0	0	0	0	0	0	0	0	0	0	0	0	0	0	0	0	0	0	0	0	0	0	0	0	0	0	0	0	0	0	0	0	0	0	0
01:30:00	5400	0	0	0	0	0	0	0	0	0	0	0	0	0	0	0	0	0	0	0	0	0	0	0	0	0	0	0	0	0	0	0	0	0	0	0	0	0	0	0	0
01:35:00	5700	0	0	0	0	0	0	0	0	0	0	0	0	0	0	0	0	0	0	0	0	0	0	0	0	0	0	0	0	0	0	0	0	0	0	0	0	0	0	0	0
01:40:00	6000	0	0	0	0	0	0	0	0	0	0	0	0	0	0	0	0	0	0	0	0	0	0	0	0	0	0	0	0	0	0	0	0	0	0	0	0	0	0	0	0
01:45:00	6300	0	0	0	0	0	0	0	0	0	0	0	0	0	0	0	0	0	0	0	0	0	0	0	0	0	0	0	0	0	0	0	0	0	0	0	0	0	0	0	0
01:50:00	6600	0	0	0	0	0	0	0	0	0	0	0	0	0	0	0	0	0	0	0	0	0	0	0	0	0	0	0	0	0	0	0	0	0	0	0	0	0	0	0	0
01:55:00	6900	0	0	0	0	0	0	0	0	0	0	0	0	0	0	0	0	0	0	0	0	0	0	0	0	0	0	0	0	0	0	0	0	0	0	0	0	0	0	0	0
02:00:00	7200	0	0	0	0	0	0	0	0	0	0	0	0	0	0	0	0	0	0	0	0	0	0	0	0	0	0	0	0	0	0	0	0	0	0	0	0	0	0	0	0
02:05:00	7500	0	0	0	0	0	0	0	0	0	0	0	0	0	0	0	0	0	0	0	0	0	0	0	0	0	0	0	0	0	0	0	0	0	0	0	0	0	0	0	0
02:10:00	7800	0	0	0	0	0	0	0	0	0	0	0	0	0	0	0	0	0	0	0	0	0	0	0	0	0	0	0	0	0	0	0	0	0	0	0	0	0	0	0	0
02:15:00	8100	0	0	0	0	0	0	0	0	0	0	0	0	0	0	0	0	0	0	0	0	0	0	0	0	0	0	0	0	0	0	0	0	0	0	0	0	0	0	0	0
02:20:00	8400	0	0	0	0	0	0	0	0	0	0	0	0	0	0	0	0	0	0	0	0	0	0	0	0	0	0	0	0	0	0	0	0	0	0	0	0	0	0	0	0
02:25:00	8700	0	0	0	0	0	0	0	0	0	0	0	0	0	0	0	0	0	0	0	0	0	0	0	0	0	0	0	0	0	0	0	0	0	0	0	0	0	0	0	0
02:30:00	9000	0	0	0	0	0	0	0	0	0	0	0	0	0	0	0	0	0	0	0	0	0	0	0	0	0	0	0	0	0	0	0	0	0	0	0	0	0	0	0	0
02:35:00	9300	0	0	0	0	0	0	0	0	0	0	0	0	0	0	0	0	0	0	0	0	0	0	0	0	0	0	0	0	0	0	0	0	0	0	0	0	0	0	0	0
02:40:00	9600	0	0	0	0	0	0	0	0	0	0	0	0	0	0	0	0	0	0	0	0	0	0	0	0	0	0	0	0	0	0	0	0	0	0	0	0	0	0	0	0
02:45:00	9900	0	0	0	0	0	0	0	0	0	0	0	0	0	0	0	0	0	0	0	0	0	0	0	0	0	0	0	0	0	0	0	0	0	0	0	0	0	0	0	0
02:50:00	10200	0	0	0	0	0	0	0	0	0	0	0	0	0	0	0	0	0	0	0	0	0	0	0	0	0	0	0	0	0	0	0	0	0	0	0	0	0	0	0	0
02:55:00	10500	0	0	0	0	0	0	0	0	0	0	0	0	0	0	0	0	0	0	0	0	0	0	0	0	0	0	0	0	0	0	0	0	0	0	0	0	0	0	0	0
03:00:00	10800	0	0	0	0	0	0	0	0	0	0	0	0	0	0	0	0	0	0	0	0	0	0	0	0	0	0	0	0	0	0	0	0	0	0	0	0	0	0	0	0
03:05:00	11100	0	0	0	0	0	0	0	0	0	0	0	0	0	0	0	0	0	0	0	0	0	0	0	0	0	0	0	0	0	0	0	0	0	0	0	0	0	0	0	0
03:10:00	11400	0	0	0	0	0	0	0	0	0	0	0	0	0	0	0	0	0	0	0	0	0	0	0	0	0	0	0	0	0	0	0	0	0	0	0	0	0	0	0	0
03:15:00	11700	0	0	0	0	0	0	0	0	0	0	0	0	0	0	0	0	0	0	0	0	0	0	0	0	0	0	0	0	0	0	0	0	0	0	0	0	0	0	0	0
03:20:00	12000	0	0	0	0	0	0	0	0	0	0	0	0	0	0	0	0	0	0	0	0	0	0	0	0	0	0	0	0	0	0	0	0	0	0	0	0	0	0	0	0
03:25:00	12300	0	0	0	0	0	0	0	0	0	0	0	0	0	0	0	0	0	0	0	0	0	0	0	0	0	0	0	0	0	0	0	0	0	0	0	0	0	0	0	0
03:30:00	12600	0	0	0	0	0	0	0	0	0	0	0	0	0	0	0	0	0	0	0	0	0	0	0	0	0	0	0	0	0	0	0	0	0	0	0	0	0	0	0	0
03:35:00	12900	0	0	0	0	0	0	0	0	0	0	0	0	0	0	0	0	0	0	0	0	0	0	0	0	0	0	0	0	0	0	0	0	0	0	0	0	0	0	0	0
03:40:00	13200	0	0	0	0	0	0	0	0	0	0	0	0	0	0	0	0	0	0	0	0	0	0	0	0	0	0	0	0	0	0	0	0	0	0	0	0	0	0	0	0
03:45:00	13500	0	0	0	0	0	0	0	0	0	0	0	0	0	0	0	0	0	0	0	0	0	0	0	0	0	0	0	0	0	0	0	0	0	0	0	0	0	0	0	0
03:50:00	13800	0	0	0	0	0	0	0	0	0	0	0	0	0	0	0	0	0	0	0	0	0	0	0	0	0	0	0	0	0	0	0	0	0	0	0	0	0	0	0	0
03:55:00	14100	0	0	0	0	0	0	0	0	0	0	0	0	0	0	0	0	0	0	0	0	0	0	0	0	0	0	0	0	0	0	0	0	0	0	0	0	0	0	0	0
04:00:00	14400	0	0	0	0	0	0	0	0	0	0	0	0	0	0	0	0	0	0	0	0	0	0	0	0	0	0	0	0	0	0	0	0	0	0	0	0	0	0	0	0
04:05:00	14700	0	0	0	0	0	0	0	0	0	0	0	0	0	0	0	0	0	0	0	0	0	0	0	0	0	0	0	0	0	0	0	0	0	0	0	0	0	0	0	0
04:10:00	15000	0	0	0	0	0	0	0	0	0	0	0	0	0	0	0	0	0	0	0	0	0	0	0	0	0	0	0	0	0	0	0	0	0	0	0	0	0	0	0	0
04:15:00	15300	0	0	0	0	0	0	0	0	0	0	0	0	0	0	0	0	0	0	0	0	0	0	0	0	0	0	0	0	0	0	0	0	0	0	0	0	0	0	0	0
04:20:00	15600	0	0	0	0	0	0	0	0	0	0	0	0	0	0	0	0	0	0	0	0	0	0	0	0	0	0	0	0	0	0	0	0	0	0	0	0	0	0	0	0
04:25:00	15900	0	0	0	0	0	0	0	0	0	0	0	0	0	0	0	0	0	0	0	0	0	0	0	0	0	0	0	0	0	0	0	0	0	0	0	0	0	0	0	0
04:30:00	16200	0	0	0	0	0	0	0	0	0	0	0	0	0	0	0	0	0	0	0	0	0	0	0	0	0	0	0	0	0	0	0	0	0	0	0	0	0	0	0	0
04:35:00	16500	0	0	0	0	0	0	0	0	0	0	0	0	0	0	0	0	0	0	0	0	0	0	0	0	0	0	0	0	0	0	0	0	0	0	0	0	0	0	0	0
04:40:00	16800	0	0	0	0	0	0	0	0	0	0	0	0	0	0	0	0	0	0	0	0	0	0	0	0	0	0	0	0	0	0	0	0	0	0	0	0	0	0	0	0
04:45:00	17100	0	0	0	0	0	0	0	0	0	0	0	0	0	0	0	0	0	0	0	0	0	0	0	0	0	0	0	0	0	0	0	0	0	0	0	0	0	0	0	0
04:50:00	17400	0	0	0	0	0	0	0	0	0	0	0	0	0	0	0	0	0	0	0	0	0	0	0	0	0	0	0	0	0	0	0	0	0	0	0	0	0	0	0	0
04:55:00	17700	0	0	0	0	0	0	0	0	0	0	0	0	0	0	0	0	0	0	0	0	0	0	0	0	0	0	0	0	0	0	0	0	0	0	0	0	0	0	0	0
05:00:00	18000	0	0	0	0	0	0	0	0	0	0	0	0	0	0	0	0	0	0	0	0	0	0	0	0	0	0	0	0	0	0	0	0	0	0	0	0	0	0	0	0
05:05:00	18300	0	0	0	0	0	0	0	0	0	0	0	0	0	0	0	0	0	0	0	0	0	0	0	0	0	0	0	0	0	0	0	0	0	0	0	0	0	0	0	0
05:10:00	18600	0	0	0	0	0	0	0	0	0	0	0	0	0	0	0	0	0	0	0	0	0	0	0	0	0	0	0	0	0	0	0	0	0	0	0	0	0	0	0	0
05:15:00	18900	0	0	0	0	0	0	0	0	0	0	0	0	0	0	0	0	0	0	0	0	0	0	0	0	0	0	0	0	0	0	0	0	0	0	0	0	0	0	0	0
05:20:00	19200	0	0	0	0	0	0	0	0	0	0	0	0	0	0	0	0	0	0	0	0	0	0	0	0	0	0	0	0	0	0	0	0	0	0	0	0	0	0	0	0
05:25:00	19500	0	0	0	0	0	0	0	0	0	0	0	0	0	0	0	0	0	0	0	0	0	0	0	0	0	0	0	0	0	0	0	0	0	0	0	0	0	0	0	0
05:30:00	19800	0	0	0	0	0	0	0	0	0	0	0	0	0	0	0	0	0	0	0	0	0	0	0	0	0	0	0	0	0	0	0	0	0	0	0	0	0	0	0	0
05:35:00	20100	0	0	0	0	0	0	0	0	0	0	0	0	0	0	0	0	0	0	0	0	0	0	0	0	0	0	0	0	0	0	0	0	0	0	0	0	0	0	0	0
05:40:00	20400	0	0	0	0	0	0	0	0	0	0	0	0	0	0	0	0	0	0	0	0	0	0	0	0	0	0	0	0	0	0	0	0	0	0	0	0	0	0	0	0
05:45:00	20700	0	0	0	0	0	0	0	0	0	0	0	0	0	0	0	0	0	0	0	0	0	0	0	0	0	0	0	0	0	0	0	0	0	0	0	0	0	0	0	0
05:50:00	21000	0	0	0	0	0	0	0	0	0	0	0	0	0	0	0	0	0	0	0	0	0	0	0	0	0	0	0	0	0	0	0	0	0	0	0	0	0	0	0	0
05:55:00	21300	0	0	0	0	0	0	0	0	0	0	0	0	0	0	0	0	0	0	0	0	0	0	0	0	0	0	0	0	0	0	0	0	0	0	0	0	0	0	0	0
06:00:00	21600	4	0	0	4	0	0	0	0	0	0	0	0	3	0	0	3	0	0	0	0	0	0	0	0	0	0	0	0	0	0	0	0	0	0	0	0	1	0	0	1
06:05:00	21900	4	2	1	5	0	0	0	0	0	0	0	0	0	1	0	2	0	0	0	0	0	0	0	0	0	0	0	0	0	0	0	0	0	0	1	-1	4	1	0	4
06:10:00	22200	3	1	0	7	0	0	0	0	0	0	0	0	3	1	0	4	0	0	0	0	0	0	0	0	0	0	0	0	0	0	0	0	0	0	0	-1	0	0	0	4
06:15:00	22500	1	2	0	6	0	0	0	0	0	0	0	0	0	2	0	2	0	0	0	0	0	0	0	0	0	0	0	0	0	0	0	0	0	0	0	-1	1	0	0	5
06:20:00	22800	4	0	0	10	0	0	0	0	0	0	0	0	2	0	0	4	0	0	0	0	0	0	0	0	0	0	0	0	0	0	0	0	0	0	0	-1	2	0	0	7
06:25:00	23100	4	2	0	12	0	0	0	0	0	0	0	0	3	2	0	5	0	0	0	0	0	0	0	0	0	0	0	0	0	0	0	0	0	0	0	-1	1	0	0	8
06:30:00	23400	43	6	3	46	0	0	0	0	0	0	0	0	23	2	0	26	0	0	0	0	0	0	0	0	1	0	0	1	0	0	0	0	0	0	3	-4	19	4	0	23
06:35:00	23700	37	16	0	67	0	0	0	0	0	0	0	0	21	13	0	34	0	0	0	0	0	0	0	0	0	0	0	1	0	0	0	0	0	0	0	-4	16	3	0	36
06:40:00	24000	35	14	0	88	0	0	0	0	0	0	0	0	25	10	0	49	0	0	0	0	1	0	0	1	1	0	0	2	0	0	0	0	0	0	0	-4	8	4	0	40
06:45:00	24300	34	35	2	85	0	0	0	0	0	0	0	0	18	25	0	42	0	0	0	0	0	0	0	1	3	0	0	5	0	0	0	0	0	0	2	-6	13	10	0	43
06:50:00	24600	43	29	2	97	0	0	0	0	0	0	0	0	25	18	0	49	0	0	0	0	1	0	0	2	2	0	0	7	0	0	0	0	0	0	2	-8	15	11	0	47
06:55:00	24900	83	44	4	132	2	0	0	2	0	0	0	0	54	25	0	78	0	0	0	0	0	1	0	1	2	0	0	9	0	0	0	0	0	0	4	-12	25	18	0	54
07:00:00	25200	66	45	2	151	2	0	0	4	0	0	0	0	39	36	0	81	0	0	0	0	0	0	0	1	0	0	0	9	0	0	0	0	0	0	2	-14	25	9	0	70
07:05:00	25500	71	54	3	165	0	4	0	0	0	0	0	0	21	27	0	75	0	0	0	0	3	2	0	2	0	1	0	8	0	0	0	0	0	0	3	-17	47	20	0	97
07:10:00	25800	78	64	2	177	1	0	0	1	0	0	0	0	34	28	0	81	0	0	0	0	1	2	0	1	5	4	0	9	0	0	0	0	0	0	2	-19	37	30	0	104
07:15:00	26100	92	61	4	204	1	0	0	2	0	0	0	0	44	38	0	87	0	0	0	0	5	1	0	5	2	0	0	11	0	0	1	-1	0	0	3	-22	40	22	0	122
07:20:00	26400	88	62	4	226	0	1	0	1	0	0	0	0	48	36	0	99	0	0	0	0	2	0	0	7	9	1	0	19	0	0	0	-1	0	0	4	-26	29	24	0	127
07:25:00	26700	120	78	5	263	1	1	0	1	0	0	0	0	65	39	0	125	0	0	0	0	0	4	0	3	11	1	0	29	0	0	1	-2	0	0	4	-30	43	33	0	137
07:30:00	27000	78	91	6	244	0	0	0	1	0	0	0	0	39	54	0	110	0	0	0	0	1	2	0	2	6	1	0	34	0	0	0	-2	0	0	6	-36	32	34	0	135
07:35:00	27300	93	83	5	249	0	1	0	0	0	0	0	0	42	52	0	100	0	0	0	0	2	0	0	4	5	5	0	34	0	0	0	-2	0	0	5	-41	44	25	0	154
07:40:00	27600	102	77	6	268	0	0	0	0	0	0	0	0	47	37	0	110	0	0	0	0	2	2	0	4	10	2	0	42	0	0	0	-2	0	0	6	-47	43	36	0	161
07:45:00	27900	93	75	2	284	1	1	0	0	0	0	0	0	54	44	0	120	0	0	0	0	1	3	0	2	3	1	0	44	0	0	0	-2	0	0	2	-49	34	26	0	169
07:50:00	28200	120	87	3	314	2	1	0	1	0	0	0	0	67	47	0	140	0	0	0	0	3	0	0	5	8	7	0	45	0	0	0	-2	0	0	3	-52	40	32	0	177
07:55:00	28500	116	107	4	319	0	1	0	0	0	0	0	0	55	63	0	132	12	1	0	11	1	3	0	3	6	2	0	49	0	0	1	-3	0	0	3	-55	42	37	0	182
08:00:00	28800	136	118	5	332	0	0	0	0	0	0	0	0	53	68	0	117	24	7	0	28	0	2	0	1	7	9	0	47	0	0	0	-3	0	0	5	-60	52	32	0	202
08:05:00	29100	111	93	3	347	0	0	0	0	0	0	0	0	50	41	0	126	17	10	0	35	1	1	0	1	8	7	0	48	0	0	0	-3	0	0	3	-63	35	34	0	203
08:10:00	29400	138	117	6	362	0	0	0	0	0	0	0	0	60	61	0	125	26	16	0	45	2	0	0	3	6	6	0	48	0	0	0	-3	0	0	6	-69	44	34	0	213
08:15:00	29700	94	102	2	352	1	0	0	1	0	0	0	0	50	55	0	120	14	17	0	42	0	1	0	2	5	1	0	52	0	0	0	-3	0	0	2	-71	24	28	0	209
08:20:00	30000	115	109	5	353	0	0	0	1	0	0	0	0	57	56	0	121	16	16	0	42	0	0	0	2	6	3	0	55	0	0	0	-3	0	0	5	-76	36	34	0	211
08:25:00	30300	116	107	7	355	1	0	0	2	0	0	0	0	53	55	0	119	20	13	0	49	1	2	0	1	4	6	0	53	0	0	0	-3	0	0	7	-83	37	31	0	217
08:30:00	30600	106	101	9	351	1	1	0	2	0	0	0	0	35	51	0	103	21	15	0	55	2	0	0	3	7	5	0	55	0	0	0	-3	0	0	9	-92	40	29	0	228
08:35:00	30900	70	86	4	331	0	1	0	1	0	0	0	0	32	42	0	93	8	21	0	42	0	0	0	3	4	4	0	55	0	0	0	-3	0	0	4	-96	26	18	0	236
08:40:00	31200	88	78	1	340	0	0	0	1	0	0	0	0	29	38	0	84	24	17	0	49	0	1	0	2	9	2	0	62	0	0	0	-3	0	0	1	-97	26	20	0	242
08:45:00	31500	102	67	4	371	0	1	0	0	0	0	0	0	34	32	0	86	39	14	0	74	1	2	0	1	2	1	0	63	0	0	1	-4	0	0	3	-100	26	17	0	251
08:50:00	31800	75	90	1	355	0	0	0	0	0	0	0	0	34	39	0	81	13	22	0	65	1	1	0	1	5	0	0	68	0	0	0	-4	0	0	1	-101	22	28	0	245
08:55:00	32100	78	79	2	352	0	0	0	0	0	0	0	0	25	34	0	72	18	19	0	64	0	1	0	0	7	7	0	68	0	0	0	-4	0	0	2	-103	28	18	0	255
09:00:00	32400	87	79	1	359	2	0	0	2	0	0	0	0	45	35	0	82	4	17	0	51	0	0	0	0	7	2	0	73	0	0	0	-4	0	0	1	-104	29	25	0	259
09:05:00	32700	74	88	3	342	0	1	0	1	0	0	0	0	32	30	0	84	6	11	0	46	2	0	0	2	4	8	0	69	0	0	0	-4	0	0	3	-107	30	38	0	251
09:10:00	33000	62	85	3	316	0	0	0	1	0	0	0	0	28	39	0	73	3	12	0	37	0	1	0	1	3	2	0	70	0	0	0	-4	0	0	3	-110	28	31	0	248
09:15:00	33300	58	71	2	301	0	1	0	0	0	0	0	0	31	35	0	69	2	10	0	29	2	1	0	2	6	2	0	74	0	0	0	-4	0	0	2	-112	17	22	0	243
09:20:00	33600	47	77	5	266	1	0	0	1	0	0	0	0	21	32	0	58	2	11	0	20	0	1	0	1	7	2	0	79	0	0	0	-4	0	0	5	-117	16	31	0	228
09:25:00	33900	60	59	2	265	0	0	0	1	0	0	0	0	23	25	0	56	4	2	0	22	0	0	0	1	2	13	0	68	0	0	0	-4	0	0	2	-119	31	19	0	240
09:30:00	34200	43	55	1	252	0	1	0	0	0	0	0	0	20	21	0	55	1	8	0	15	1	0	0	2	1	5	0	64	0	0	0	-4	0	0	1	-120	20	20	0	240
09:35:00	34500	41	54	1	238	0	0	0	0	0	0	0	0	15	24	0	46	8	5	0	18	1	1	0	2	3	1	0	66	0	0	0	-4	0	0	1	-121	14	23	0	231
09:40:00	34800	41	56	3	220	0	0	0	0	1	0	0	1	15	17	0	44	2	5	0	15	0	2	0	0	2	1	0	67	0	0	0	-4	0	0	3	-124	21	31	0	221
09:45:00	35100	48	58	0	210	0	0	0	0	0	0	0	1	26	32	0	38	0	5	0	10	0	0	0	0	3	2	0	68	0	0	0	-4	0	0	0	-124	19	19	0	221
09:50:00	35400	38	42	1	205	0	0	0	0	0	0	0	1	17	15	0	40	0	4	0	6	1	1	0	0	3	1	0	70	0	0	0	-4	0	0	1	-125	17	21	0	217
09:55:00	35700	52	52	7	198	0	0	0	0	1	0	0	2	24	20	0	44	0	2	0	4	0	0	0	0	1	0	0	71	0	0	0	-4	0	0	7	-132	26	30	0	213
10:00:00	36000	83	76	3	202	0	0	0	0	0	1	0	1	33	27	0	50	0	2	0	2	0	0	0	0	3	15	0	59	0	0	0	-4	0	0	3	-135	47	31	0	229
10:05:00	36300	58	58	7	195	0	0	0	0	0	0	0	1	25	25	0	50	0	1	0	1	0	0	0	0	0	3	0	56	0	0	0	-4	0	0	7	-142	33	29	0	233
10:10:00	36600	93	90	5	193	0	0	0	0	0	1	0	0	44	35	0	59	0	1	0	0	1	0	0	1	3	5	0	54	0	0	0	-4	0	0	5	-147	45	48	0	230
10:15:00	36900	69	77	7	178	1	0	0	1	0	0	0	0	29	31	0	57	0	0	0	0	1	0	0	2	1	1	0	54	0	0	1	-5	0	0	6	-153	37	45	0	222
10:20:00	37200	68	69	5	172	0	0	0	1	0	0	0	0	28	28	0	57	0	0	0	0	0	0	0	2	2	1	0	55	0	0	0	-5	0	0	5	-158	38	40	0	220
10:25:00	37500	77	72	2	175	0	1	0	0	0	0	0	0	44	35	0	66	0	0	0	0	0	0	0	2	3	3	0	55	0	0	0	-5	0	0	2	-160	30	33	0	217
10:30:00	37800	64	71	5	163	0	0	0	0	0	0	0	0	20	25	0	61	0	0	0	0	2	2	0	2	1	2	0	54	0	0	0	-5	0	0	5	-165	41	42	0	216
10:35:00	38100	53	73	2	141	1	1	0	0	0	0	0	0	20	37	0	44	2	1	0	1	0	2	0	0	3	1	0	56	0	0	0	-5	0	0	2	-167	27	31	0	212
10:40:00	38400	60	72	5	124	0	0	0	0	0	0	0	0	20	23	0	41	1	1	0	1	1	0	0	1	1	1	0	56	0	0	0	-5	0	0	5	-172	37	47	0	202
10:45:00	38700	76	71	4	125	0	0	0	0	0	0	0	0	34	30	0	45	3	0	0	4	0	1	0	0	2	5	0	53	0	0	0	-5	0	0	4	-176	37	35	0	204
10:50:00	39000	49	67	3	104	0	0	0	0	0	0	0	0	20	23	0	42	0	3	0	1	1	0	0	1	2	1	0	54	0	0	0	-5	0	0	3	-179	26	40	0	190
10:55:00	39300	44	52	5	91	0	0	0	0	0	0	0	0	13	17	0	38	2	0	0	3	0	0	0	1	3	0	0	57	0	0	0	-5	0	0	5	-184	26	35	0	181
11:00:00	39600	52	54	1	88	0	0	0	0	0	0	0	0	25	24	0	39	4	1	0	6	0	0	0	1	0	1	0	56	0	0	0	-5	0	0	1	-185	23	28	0	176
11:05:00	39900	83	76	4	91	0	0	0	0	0	0	0	0	29	20	0	48	1	1	0	6	2	2	0	1	8	7	0	57	0	0	1	-6	0	0	3	-188	43	46	0	173
11:10:00	40200	77	55	3	110	0	0	0	0	0	0	0	0	41	22	0	67	2	1	0	7	0	0	0	1	2	2	0	57	0	0	0	-6	0	0	3	-191	32	30	0	175
11:15:00	40500	60	61	1	108	1	0	0	1	0	0	0	0	23	30	0	60	10	3	0	14	1	1	0	1	1	3	0	55	0	0	0	-6	0	0	1	-192	24	24	0	175
11:20:00	40800	63	56	1	114	0	0	0	1	0	0	0	0	34	28	0	66	2	2	0	14	0	0	0	1	2	3	0	54	0	0	0	-6	0	0	1	-193	25	23	0	177
11:25:00	41100	75	74	4	111	1	1	0	1	0	0	0	0	32	39	0	59	3	3	0	14	0	0	0	1	2	0	0	56	0	0	0	-6	0	0	4	-197	37	31	0	183
11:30:00	41400	76	70	3	114	1	1	0	1	0	0	0	0	33	23	0	69	1	5	0	10	3	0	0	4	2	1	0	57	0	0	1	-7	0	0	2	-199	36	40	0	179
11:35:00	41700	88	75	3	124	0	0	0	1	0	0	0	0	41	36	0	74	3	3	0	10	2	0	0	6	4	7	0	54	0	0	0	-7	0	0	3	-202	38	29	0	188
11:40:00	42000	74	79	3	116	1	1	0	1	0	0	0	0	26	27	0	73	0	4	0	6	0	2	0	4	2	14	0	42	0	0	0	-7	0	0	3	-205	45	31	0	202
11:45:00	42300	81	88	3	106	0	0	0	1	0	0	0	0	37	39	0	71	3	5	0	4	0	1	0	3	6	5	0	43	0	0	0	-7	0	0	3	-208	35	38	0	199
11:50:00	42600	90	78	3	115	1	2	0	0	0	0	0	0	44	32	0	83	5	1	0	8	0	0	0	3	3	2	0	44	0	0	0	-7	0	0	3	-211	37	41	0	195
11:55:00	42900	97	94	3	115	0	0	0	0	0	0	0	0	47	40	0	90	1	1	0	8	0	0	0	3	5	4	0	45	0	0	0	-7	0	0	3	-214	44	49	0	190
12:00:00	43200	76	83	2	106	0	0	0	0	0	0	0	0	42	42	0	90	2	2	0	8	2	1	0	4	4	0	0	49	0	0	0	-7	0	0	2	-216	26	38	0	178
12:05:00	43500	67	72	1	100	1	0	0	1	0	0	0	0	30	39	0	81	8	5	0	11	2	0	0	6	8	0	0	57	0	0	0	-7	0	0	1	-217	18	28	0	168
12:10:00	43800	68	59	0	109	0	1	0	0	0	0	0	0	33	32	0	82	2	0	0	13	1	3	0	4	4	1	0	60	0	0	0	-7	0	0	0	-217	28	22	0	174
12:15:00	44100	60	76	2	91	2	0	0	2	0	0	0	0	33	39	0	76	1	3	0	11	1	1	0	4	4	7	0	57	0	0	1	-8	0	0	1	-218	19	26	0	167
12:20:00	44400	52	69	3	71	1	2	0	1	0	0	0	0	24	39	0	61	0	3	0	8	0	2	0	2	1	3	0	55	0	0	0	-8	0	0	3	-221	26	20	0	173
12:25:00	44700	62	65	5	63	1	0	0	2	0	0	0	0	32	27	0	66	0	3	0	5	1	0	0	3	2	5	0	52	0	0	0	-8	0	0	5	-226	26	30	0	169
12:30:00	45000	45	57	5	46	0	0	0	2	0	0	0	0	24	25	0	65	0	1	0	4	4	1	0	6	1	2	0	51	0	0	1	-9	0	0	4	-230	16	28	0	157
12:35:00	45300	34	43	2	35	0	0	0	2	0	0	0	0	8	19	0	54	0	2	0	2	2	1	0	7	4	3	0	52	0	0	0	-9	0	0	2	-232	20	18	0	159
12:40:00	45600	35	35	3	32	0	1	0	1	0	0	0	0	14	18	0	50	0	1	0	1	1	0	0	8	1	2	0	51	0	0	0	-9	0	0	3	-235	19	13	0	165
12:45:00	45900	45	35	1	41	0	1	0	0	0	0	0	0	25	22	0	53	0	0	0	1	1	0	0	9	3	1	0	53	0	0	0	-9	0	0	1	-236	16	11	0	170
12:50:00	46200	32	43	1	29	0	0	0	0	0	0	0	0	17	22	0	48	0	1	0	0	0	4	0	5	4	0	0	57	0	0	0	-9	0	0	1	-237	11	16	0	165
12:55:00	46500	39	40	3	25	0	0	0	0	0	0	0	0	22	20	0	50	0	0	0	0	0	0	0	5	4	3	0	58	0	0	0	-9	0	0	3	-240	13	17	0	161
13:00:00	46800	8	34	3	-4	0	0	0	0	0	0	0	0	1	18	0	33	0	0	0	0	0	1	0	4	1	1	0	58	0	0	0	-9	0	0	3	-243	6	14	0	153
13:05:00	47100	1	28	0	-31	0	0	0	0	0	0	0	0	0	19	0	14	0	0	0	0	0	0	0	4	0	0	0	58	0	0	0	-9	0	0	0	-243	1	9	0	145
13:10:00	47400	5	17	0	-43	0	0	0	0	0	0	0	0	1	3	0	12	0	0	0	0	0	1	0	3	2	0	0	60	0	0	0	-9	0	0	0	-243	2	13	0	134
13:15:00	47700	21	17	1	-40	0	0	0	0	0	0	0	0	9	8	0	13	0	0	0	0	0	0	0	3	0	2	0	58	0	0	0	-9	0	0	1	-244	12	7	0	139
13:20:00	48000	20	20	0	-40	0	0	0	0	0	0	0	0	8	7	0	14	0	0	0	0	1	0	0	4	2	5	0	55	0	0	0	-9	0	0	0	-244	9	8	0	140
13:25:00	48300	16	22	0	-46	0	0	0	0	0	0	0	0	6	3	0	17	0	0	0	0	0	2	0	2	0	4	0	51	0	0	0	-9	0	0	0	-244	10	13	0	137
13:30:00	48600	53	24	3	-20	0	0	0	0	0	0	0	0	36	8	0	45	1	0	0	1	0	1	0	1	2	1	0	52	0	0	0	-9	0	0	3	-247	14	14	0	137
13:35:00	48900	59	50	3	-14	2	0	0	2	0	0	0	0	21	23	0	43	5	0	0	6	0	0	0	1	1	6	0	47	0	0	0	-9	0	0	3	-250	30	21	0	146
13:40:00	49200	49	45	5	-15	0	0	0	2	0	0	0	0	19	20	0	42	5	2	0	9	2	0	0	3	0	4	0	43	0	0	0	-9	0	0	5	-255	23	19	0	150
13:45:00	49500	57	54	2	-14	0	1	0	1	0	0	0	0	31	21	0	52	2	3	0	8	2	4	0	1	2	2	0	43	0	0	0	-9	0	0	2	-257	20	23	0	147
13:50:00	49800	90	56	5	15	1	1	0	1	0	0	0	0	42	22	0	72	15	7	0	16	1	0	0	2	4	2	0	45	0	0	2	-11	0	0	3	-260	27	24	0	150
13:55:00	50100	104	66	5	48	0	1	0	0	0	0	0	0	53	39	0	86	12	5	0	23	2	0	0	4	0	0	0	45	0	0	0	-11	0	0	5	-265	37	21	0	166
14:00:00	50400	78	76	1	49	0	0	0	0	0	0	0	0	39	38	0	87	3	9	0	17	1	2	0	3	3	0	0	48	0	0	0	-11	0	0	1	-266	32	27	0	171
14:05:00	50700	83	76	1	55	0	0	0	0	0	0	0	0	30	35	0	82	9	5	0	21	2	1	0	4	1	0	0	49	0	0	0	-11	0	0	1	-267	41	35	0	177
14:10:00	51000	75	69	4	57	1	0	0	1	0	0	0	0	40	32	0	90	14	13	0	22	0	1	0	3	4	0	0	53	0	0	0	-11	0	0	4	-271	16	23	0	170
14:15:00	51300	70	74	3	50	2	2	0	1	0	0	0	0	29	38	0	81	8	8	0	22	2	1	0	4	4	0	0	57	0	0	1	-12	0	0	2	-273	25	25	0	170
14:20:00	51600	83	74	1	58	0	1	0	0	0	0	0	0	32	30	0	83	14	8	0	28	0	2	0	2	6	5	0	58	0	0	0	-12	0	0	1	-274	31	28	0	173
14:25:00	51900	69	67	0	60	1	0	0	1	0	0	0	0	32	37	0	78	16	12	0	32	1	0	0	3	5	0	0	63	0	0	0	-12	0	0	0	-274	14	18	0	169
14:30:00	52200	62	69	2	51	2	0	0	3	0	0	0	0	17	24	0	71	12	12	0	32	2	1	0	4	4	3	0	64	0	0	0	-12	0	0	2	-276	25	29	0	165
14:35:00	52500	73	79	5	40	0	1	0	2	0	0	0	0	28	28	0	71	4	12	0	24	1	0	0	5	2	2	0	64	0	0	0	-12	0	0	5	-281	38	36	0	167
14:40:00	52800	74	95	3	16	0	1	0	1	0	0	0	0	26	40	0	57	8	8	0	24	3	4	0	4	3	8	0	59	0	0	0	-12	0	0	3	-284	34	34	0	167
14:45:00	53100	58	71	3	0	0	1	0	0	0	0	0	0	17	21	0	53	9	14	0	19	0	1	0	3	5	13	0	51	0	0	0	-12	0	0	3	-287	27	21	0	173
14:50:00	53400	55	72	4	-21	0	0	0	0	0	0	0	0	25	31	0	47	3	5	0	17	0	1	0	2	0	3	0	48	0	0	1	-13	0	0	3	-290	27	32	0	168
14:55:00	53700	46	56	5	-36	0	0	0	0	0	0	0	0	15	19	0	43	8	6	0	19	1	1	0	2	1	5	0	44	0	0	1	-14	0	0	4	-294	21	25	0	164
15:00:00	54000	42	57	5	-56	0	0	0	0	0	0	0	0	18	22	0	39	4	10	0	13	0	0	0	2	1	1	0	44	0	0	0	-14	0	0	5	-299	19	24	0	159
15:05:00	54300	51	44	3	-52	0	0	0	0	0	0	0	0	21	21	0	39	0	3	0	10	0	0	0	2	1	1	0	44	0	0	0	-14	0	0	3	-302	29	19	0	169
15:10:00	54600	49	57	6	-66	1	1	0	0	0	0	0	0	17	20	0	36	0	4	0	6	0	1	0	1	4	1	0	47	0	0	0	-14	0	0	6	-308	27	30	0	166
15:15:00	54900	58	50	0	-58	1	0	0	1	0	0	0	0	30	18	0	48	1	2	0	5	0	0	0	1	3	2	0	48	0	0	0	-14	0	0	0	-308	23	28	0	161
15:20:00	55200	55	50	3	-56	0	1	0	0	0	0	0	0	25	25	0	48	1	1	0	5	2	0	0	3	3	0	0	51	0	0	0	-14	0	0	3	-311	24	23	0	162
15:25:00	55500	48	58	3	-69	0	0	0	0	0	0	0	0	19	27	0	40	0	0	0	5	1	0	0	4	3	1	0	53	0	0	0	-14	0	0	3	-314	25	30	0	157
15:30:00	55800	84	53	5	-43	1	1	0	0	0	0	0	0	41	20	0	61	0	1	0	4	2	1	0	5	3	2	0	54	0	0	0	-14	0	0	5	-319	37	28	0	166
15:35:00	56100	92	62	2	-15	0	0	0	0	0	0	0	0	41	26	0	76	0	0	0	4	2	3	0	4	5	2	0	57	0	0	0	-14	0	0	2	-321	44	31	0	179
15:40:00	56400	98	91	5	-13	1	0	0	1	0	0	0	0	50	44	0	82	0	1	0	3	1	1	0	4	3	0	0	60	0	0	0	-14	0	0	5	-326	43	45	0	177
15:45:00	56700	80	80	8	-21	0	1	0	0	0	0	0	0	36	33	0	85	0	1	0	2	1	3	0	2	5	3	0	62	0	0	2	-16	0	0	6	-332	38	39	0	176
15:50:00	57000	77	76	2	-22	0	0	0	0	0	0	0	0	42	39	0	88	0	0	0	2	0	1	0	1	1	0	0	63	0	0	0	-16	0	0	2	-334	34	36	0	174
15:55:00	57300	63	74	5	-38	0	0	0	0	0	0	0	0	28	37	0	79	0	0	0	2	2	2	0	1	0	4	0	59	0	0	1	-17	0	0	4	-338	33	31	0	176
16:00:00	57600	87	80	4	-35	1	0	0	1	0	0	0	0	27	34	0	72	21	0	0	23	0	0	0	1	2	6	0	55	0	0	1	-18	0	0	3	-341	36	40	0	172
16:05:00	57900	80	74	3	-32	0	1	0	0	0	0	0	0	34	39	0	67	19	7	0	35	0	1	0	0	1	3	0	53	0	0	0	-18	0	0	3	-344	26	23	0	175
16:10:00	58200	71	91	3	-55	0	0	0	0	0	0	0	0	22	37	0	52	18	15	0	38	1	0	0	1	0	2	0	51	0	0	0	-18	0	0	3	-347	30	37	0	168
16:15:00	58500	82	86	1	-60	0	0	0	0	0	0	0	0	30	31	0	51	16	14	0	40	0	1	0	0	4	9	0	46	0	0	0	-18	0	0	1	-348	32	31	0	169
16:20:00	58800	93	73	1	-41	0	0	0	0	0	0	0	0	38	24	0	65	17	13	0	44	0	0	0	0	2	2	0	46	0	0	0	-18	0	0	1	-349	36	34	0	171
16:25:00	59100	107	90	4	-28	0	0	0	0	0	0	0	0	30	28	0	67	27	19	0	52	2	0	0	2	3	5	0	44	0	0	0	-18	0	0	4	-353	45	38	0	178
16:30:00	59400	110	82	2	-2	0	0	0	0	0	0	0	0	37	33	0	71	31	16	0	67	1	0	0	3	6	4	0	46	0	0	0	-18	0	0	2	-355	35	29	0	184
16:35:00	59700	118	82	2	32	0	0	0	0	0	0	0	0	44	30	0	85	27	21	0	73	0	0	0	3	3	1	0	48	0	0	0	-18	0	0	2	-357	44	30	0	198
16:40:00	60000	129	114	1	46	0	0	0	0	0	0	0	0	58	37	0	106	20	25	0	68	2	1	0	4	6	6	0	48	0	0	0	-18	0	0	1	-358	43	45	0	196
16:45:00	60300	104	109	4	37	1	0	0	1	0	0	0	0	25	39	0	92	29	21	0	76	1	1	0	4	6	7	0	47	0	0	0	-18	0	0	4	-362	42	41	0	197
16:50:00	60600	142	108	2	69	2	1	0	2	0	0	0	0	52	42	0	102	46	30	0	92	2	1	0	5	1	1	0	47	0	0	0	-18	0	0	2	-364	39	33	0	203
16:55:00	60900	119	122	3	63	0	2	0	0	0	0	0	0	46	54	0	94	32	28	0	96	1	2	0	4	6	1	0	52	0	0	0	-18	0	0	3	-367	34	35	0	202
17:00:00	61200	144	116	8	83	1	0	0	1	0	0	0	0	62	38	0	118	19	29	0	86	0	2	0	2	2	9	0	45	0	0	0	-18	0	0	8	-375	60	38	0	224
17:05:00	61500	162	138	5	102	1	0	0	2	0	0	0	0	85	56	0	147	12	21	0	77	0	1	0	1	4	9	0	40	0	0	0	-18	0	0	5	-380	60	51	0	233
17:10:00	61800	137	130	5	104	0	2	0	0	0	0	0	0	61	59	0	149	16	21	0	72	4	2	0	3	3	3	0	40	0	0	0	-18	0	0	5	-385	53	43	0	243
17:15:00	62100	146	136	6	108	0	0	0	0	0	0	0	0	62	56	0	155	27	22	0	77	2	1	0	4	4	6	0	38	0	0	0	-18	0	0	6	-391	51	51	0	243
17:20:00	62400	148	139	9	108	0	0	0	0	0	0	0	0	75	63	0	167	13	22	0	68	1	2	0	3	3	1	0	40	0	0	0	-18	0	0	9	-400	56	51	0	248
17:25:00	62700	99	149	3	55	0	0	0	0	0	0	0	0	42	71	0	138	1	25	0	44	0	0	0	3	8	5	0	43	0	0	0	-18	0	0	3	-403	48	48	0	248
17:30:00	63000	80	102	1	32	0	0	0	0	0	0	0	0	42	59	0	121	1	10	0	35	2	0	0	5	4	3	0	44	0	0	0	-18	0	0	1	-404	31	30	0	249
17:35:00	63300	70	87	5	10	0	0	0	0	0	0	0	0	41	43	0	119	1	7	0	29	0	2	0	3	3	3	0	44	0	0	0	-18	0	0	5	-409	25	32	0	242
17:40:00	63600	58	73	4	-9	0	0	0	0	0	0	0	0	26	40	0	105	2	6	0	25	1	1	0	3	5	2	0	47	0	0	0	-18	0	0	4	-413	24	24	0	242
17:45:00	63900	93	65	2	17	0	0	0	0	0	0	0	0	53	38	0	120	1	1	0	25	1	1	0	3	1	3	0	45	0	0	0	-18	0	0	2	-415	37	22	0	257
17:50:00	64200	86	87	5	11	0	0	0	0	0	0	0	0	51	44	0	127	1	7	0	19	2	1	0	4	7	4	0	48	0	0	0	-18	0	0	5	-420	25	31	0	251
17:55:00	64500	81	88	4	0	2	0	0	2	0	0	0	0	48	48	0	127	0	3	0	16	0	0	0	4	5	6	0	47	0	0	0	-18	0	0	4	-424	26	31	0	246
18:00:00	64800	61	89	2	-30	0	1	0	1	0	0	0	0	33	54	0	106	1	1	0	16	0	1	0	3	3	3	0	47	0	0	0	-18	0	0	2	-426	24	29	0	241
18:05:00	65100	58	70	1	-43	1	1	0	1	0	0	0	0	29	38	0	97	0	2	0	14	0	2	0	1	5	8	0	44	0	0	0	-18	0	0	1	-427	23	19	0	245
18:10:00	65400	50	71	0	-64	1	0	0	2	0	0	0	0	25	34	0	88	0	0	0	14	1	1	0	1	5	4	0	45	0	0	0	-18	0	0	0	-427	18	32	0	231
18:15:00	65700	37	64	2	-93	0	1	0	1	0	0	0	0	21	40	0	69	1	3	0	12	0	0	0	1	1	3	0	43	0	0	0	-18	0	0	2	-429	14	17	0	228
18:20:00	66000	55	50	1	-89	0	1	0	0	0	0	0	0	28	18	0	79	0	1	0	11	0	0	0	1	0	6	0	37	0	0	0	-18	0	0	1	-430	27	24	0	231
18:25:00	66300	40	56	3	-108	0	0	0	0	0	0	0	0	22	31	0	70	0	1	0	10	0	0	0	1	1	3	0	35	0	0	0	-18	0	0	3	-433	17	21	0	227
18:30:00	66600	35	49	3	-125	0	0	0	0	0	0	0	0	21	24	0	67	0	1	0	9	0	0	0	1	1	3	0	33	0	0	0	-18	0	0	3	-436	13	21	0	219
18:35:00	66900	56	60	4	-133	0	0	0	0	0	0	0	0	25	31	0	61	1	3	0	7	0	1	0	0	2	4	0	31	0	0	1	-19	0	0	3	-439	28	21	0	226
18:40:00	67200	24	38	0	-147	0	0	0	0	0	0	0	0	12	22	0	51	0	1	0	6	0	0	0	0	1	1	0	31	0	0	0	-19	0	0	0	-439	11	14	0	223
18:45:00	67500	26	40	1	-162	0	0	0	0	0	0	0	0	16	17	0	50	0	2	0	4	0	0	0	0	1	1	0	31	0	0	0	-19	0	0	1	-440	9	20	0	212
18:50:00	67800	21	42	2	-185	0	0	0	0	0	0	0	0	5	13	0	42	0	0	0	4	0	0	0	0	0	11	0	20	0	0	0	-19	0	0	2	-442	16	18	0	210
18:55:00	68100	28	40	1	-198	0	0	0	0	0	0	0	0	10	16	0	36	0	0	0	4	0	0	0	0	3	6	0	17	0	0	0	-19	0	0	1	-443	15	18	0	207
19:00:00	68400	54	33	2	-179	0	0	0	0	0	0	0	0	35	17	0	54	0	0	0	4	1	0	0	1	0	4	0	13	0	0	0	-19	0	0	2	-445	18	12	0	213
19:05:00	68700	67	39	3	-154	0	0	0	0	0	0	0	0	46	20	0	80	0	0	0	4	1	0	0	2	3	1	0	15	0	0	1	-20	0	0	2	-447	17	18	0	212
19:10:00	69000	48	49	5	-160	0	0	0	0	0	0	0	0	32	34	0	78	0	0	0	4	0	1	0	1	1	0	0	16	0	0	0	-20	0	0	5	-452	15	14	0	213
19:15:00	69300	40	55	2	-177	0	0	0	0	0	0	0	0	26	34	0	70	0	1	0	3	0	0	0	1	1	3	0	14	0	0	0	-20	0	0	2	-454	13	17	0	209
19:20:00	69600	49	48	3	-179	0	0	0	0	1	0	0	1	32	30	0	72	0	0	0	3	0	0	0	1	0	2	0	12	0	0	0	-20	0	0	3	-457	16	16	0	209
19:25:00	69900	78	60	5	-166	1	0	0	1	0	0	0	1	49	33	0	88	0	0	0	3	1	1	0	1	0	0	0	12	0	0	0	-20	0	0	5	-462	27	26	0	210
19:30:00	70200	53	45	1	-159	2	2	0	1	0	0	0	1	40	29	0	99	0	0	0	3	1	0	0	2	1	1	0	12	0	0	0	-20	0	0	1	-463	9	13	0	206
19:35:00	70500	36	69	2	-194	0	1	0	0	0	1	0	0	23	49	0	73	0	1	0	2	0	0	0	2	0	0	0	12	0	0	0	-20	0	0	2	-465	13	17	0	202
19:40:00	70800	35	45	1	-205	1	0	0	1	0	0	0	0	25	31	0	67	0	0	0	2	0	0	0	2	0	1	0	11	0	0	0	-20	0	0	1	-466	9	13	0	198
19:45:00	71100	59	45	1	-192	0	1	0	0	0	0	0	0	35	26	0	76	0	0	0	2	1	0	0	3	2	2	0	11	0	0	0	-20	0	0	1	-467	21	16	0	203
19:50:00	71400	37	47	1	-203	0	0	0	0	1	0	0	1	23	28	0	71	0	0	0	2	1	0	0	4	0	1	0	10	0	0	0	-20	0	0	1	-468	12	18	0	197
19:55:00	71700	41	46	0	-208	0	0	0	0	0	1	0	0	24	30	0	65	0	0	0	2	1	0	0	5	0	1	0	9	0	0	0	-20	0	0	0	-468	16	14	0	199
20:00:00	72000	11	49	2	-248	0	0	0	0	0	0	0	0	5	32	0	38	0	0	0	2	0	0	0	5	0	1	0	8	0	0	0	-20	0	0	2	-470	6	16	0	189
20:05:00	72300	9	32	0	-271	0	0	0	0	0	0	0	0	6	16	0	28	0	0	0	2	0	2	0	3	0	0	0	8	0	0	0	-20	0	0	0	-470	3	14	0	178
20:10:00	72600	4	22	1	-290	0	0	0	0	0	0	0	0	1	9	0	20	0	0	0	2	0	1	0	2	0	0	0	8	0	0	0	-20	0	0	1	-471	3	12	0	169
20:15:00	72900	7	17	2	-302	0	0	0	0	0	0	0	0	3	11	0	12	0	0	0	2	0	0	0	2	0	0	0	8	0	0	0	-20	0	0	2	-473	4	6	0	167
20:20:00	73200	3	9	0	-308	0	0	0	0	0	0	0	0	1	4	0	9	0	1	0	1	0	0	0	2	0	0	0	8	0	0	0	-20	0	0	0	-473	2	4	0	165
20:25:00	73500	8	14	1	-315	0	0	0	0	0	0	0	0	3	3	0	9	0	1	0	0	1	0	0	3	0	1	0	7	0	0	0	-20	0	0	1	-474	4	9	0	160
20:30:00	73800	11	19	2	-325	0	0	0	0	0	0	0	0	3	5	0	7	0	0	0	0	0	1	0	2	0	4	0	3	0	0	0	-20	0	0	2	-476	8	9	0	159
20:35:00	74100	4	5	1	-327	0	0	0	0	0	0	0	0	1	1	0	7	0	0	0	0	0	0	0	2	0	0	0	3	0	0	0	-20	0	0	1	-477	3	4	0	158
20:40:00	74400	6	9	0	-330	0	0	0	0	0	0	0	0	2	0	0	9	0	0	0	0	0	1	0	1	0	0	0	3	0	0	0	-20	0	0	0	-477	4	8	0	154
20:45:00	74700	4	7	1	-334	0	0	0	0	0	0	0	0	2	2	0	9	0	0	0	0	0	0	0	1	0	0	0	3	0	0	0	-20	0	0	1	-478	2	5	0	151
20:50:00	75000	6	12	0	-340	0	0	0	0	0	0	0	0	5	5	0	9	0	0	0	0	0	1	0	0	0	0	0	3	0	0	0	-20	0	0	0	-478	1	6	0	146
20:55:00	75300	2	8	0	-346	0	0	0	0	0	0	0	0	0	3	0	6	0	0	0	0	0	0	0	0	0	0	0	3	0	0	0	-20	0	0	0	-478	2	5	0	143
21:00:00	75600	7	9	2	-350	0	0	0	0	0	0	0	0	3	2	0	7	0	0	0	0	0	0	0	0	0	0	0	3	0	0	0	-20	0	0	2	-480	4	7	0	140
21:05:00	75900	4	5	1	-352	0	0	0	0	0	0	0	0	2	1	0	8	0	0	0	0	0	0	0	0	0	0	0	3	0	0	0	-20	0	0	1	-481	2	4	0	138
21:10:00	76200	0	5	0	-357	0	0	0	0	0	0	0	0	0	2	0	6	0	0	0	0	0	0	0	0	0	0	0	3	0	0	0	-20	0	0	0	-481	0	3	0	135
21:15:00	76500	3	6	0	-360	0	0	0	0	0	0	0	0	1	2	0	5	0	0	0	0	0	0	0	0	0	0	0	3	0	0	0	-20	0	0	0	-481	2	4	0	133
21:20:00	76800	1	5	0	-364	0	0	0	0	0	0	0	0	0	1	0	4	0	0	0	0	0	0	0	0	0	0	0	3	0	0	0	-20	0	0	0	-481	1	4	0	130
21:25:00	77100	1	4	1	-368	0	0	0	0	0	0	0	0	0	0	0	4	0	0	0	0	0	0	0	0	0	0	0	3	0	0	0	-20	0	0	1	-482	1	4	0	127
21:30:00	77400	2	3	1	-370	0	0	0	0	0	0	0	0	0	1	0	3	0	0	0	0	0	0	0	0	0	0	0	3	0	0	0	-20	0	0	1	-483	2	2	0	127
21:35:00	77700	2	6	1	-375	0	0	0	0	0	0	0	0	0	3	0	0	0	0	0	0	0	0	0	0	0	0	0	3	0	0	0	-20	0	0	1	-484	2	3	0	126
21:40:00	78000	1	3	1	-378	0	0	0	0	0	0	0	0	0	0	0	0	0	0	0	0	0	0	0	0	0	0	0	3	0	0	0	-20	0	0	1	-485	1	3	0	124
21:45:00	78300	2	5	1	-382	0	0	0	0	0	0	0	0	0	0	0	0	0	0	0	0	0	0	0	0	0	0	0	3	0	0	0	-20	0	0	1	-486	2	5	0	121
21:50:00	78600	3	4	0	-383	0	0	0	0	0	0	0	0	1	1	0	0	0	0	0	0	0	0	0	0	0	0	0	3	0	0	0	-20	0	0	0	-486	2	3	0	120
21:55:00	78900	1	1	0	-383	0	0	0	0	0	0	0	0	1	0	0	1	0	0	0	0	0	0	0	0	0	0	0	3	0	0	0	-20	0	0	0	-486	0	1	0	119
22:00:00	79200	0	3	0	-386	0	0	0	0	0	0	0	0	0	0	0	1	0	0	0	0	0	0	0	0	0	0	0	3	0	0	0	-20	0	0	0	-486	0	3	0	116
22:05:00	79500	1	1	1	-387	0	0	0	0	0	0	0	0	0	0	0	1	0	0	0	0	0	0	0	0	0	0	0	3	0	0	0	-20	0	0	1	-487	1	1	0	116
22:10:00	79800	0	0	0	-387	0	0	0	0	0	0	0	0	0	0	0	1	0	0	0	0	0	0	0	0	0	0	0	3	0	0	0	-20	0	0	0	-487	0	0	0	116
22:15:00	80100	3	6	0	-390	0	0	0	0	0	0	0	0	0	0	0	1	0	0	0	0	0	0	0	0	0	0	0	3	0	0	0	-20	0	0	0	-487	3	6	0	113
22:20:00	80400	2	4	0	-392	0	0	0	0	0	0	0	0	0	0	0	1	0	0	0	0	0	0	0	0	0	0	0	3	0	0	0	-20	0	0	0	-487	2	4	0	111
22:25:00	80700	1	2	1	-394	0	0	0	0	0	0	0	0	0	0	0	1	0	0	0	0	0	0	0	0	0	0	0	3	0	0	0	-20	0	0	1	-488	1	2	0	110
22:30:00	81000	0	2	0	-396	0	0	0	0	0	0	0	0	0	0	0	1	0	0	0	0	0	0	0	0	0	0	0	3	0	0	0	-20	0	0	0	-488	0	2	0	108
22:35:00	81300	2	3	1	-398	0	0	0	0	0	0	0	0	1	0	0	2	0	0	0	0	0	0	0	0	0	0	0	3	0	0	0	-20	0	0	1	-489	1	3	0	106
22:40:00	81600	1	2	0	-399	0	0	0	0	0	0	0	0	0	0	0	2	0	0	0	0	0	0	0	0	0	0	0	3	0	0	0	-20	0	0	0	-489	1	2	0	105
22:45:00	81900	0	1	0	-400	0	0	0	0	0	0	0	0	0	1	0	1	0	0	0	0	0	0	0	0	0	0	0	3	0	0	0	-20	0	0	0	-489	0	0	0	105
22:50:00	82200	1	3	0	-402	0	0	0	0	0	0	0	0	0	1	0	0	0	0	0	0	0	0	0	0	0	0	0	3	0	0	0	-20	0	0	0	-489	1	2	0	104
22:55:00	82500	1	1	1	-403	0	0	0	0	0	0	0	0	0	0	0	0	0	0	0	0	0	0	0	0	0	0	0	3	0	0	0	-20	0	0	1	-490	1	1	0	104
23:00:00	82800	0	0	0	-403	0	0	0	0	0	0	0	0	0	0	0	0	0	0	0	0	0	0	0	0	0	0	0	3	0	0	0	-20	0	0	0	-490	0	0	0	104
23:05:00	83100	2	3	0	-404	0	0	0	0	0	0	0	0	1	0	0	1	0	0	0	0	0	0	0	0	0	0	0	3	0	0	0	-20	0	0	0	-490	1	3	0	102
23:10:00	83400	2	3	2	-407	0	0	0	0	0	0	0	0	0	0	0	1	0	0	0	0	0	0	0	0	0	0	0	3	0	0	0	-20	0	0	2	-492	2	3	0	101
23:15:00	83700	3	2	0	-406	0	0	0	0	0	0	0	0	1	0	0	2	0	0	0	0	0	0	0	0	0	0	0	3	0	0	0	-20	0	0	0	-492	2	2	0	101
23:20:00	84000	5	5	1	-407	0	0	0	0	0	0	0	0	2	1	0	3	0	0	0	0	1	0	0	1	0	0	0	3	0	0	0	-20	0	0	1	-493	2	4	0	99
23:25:00	84300	5	5	0	-407	0	0	0	0	0	0	0	0	2	1	0	4	0	0	0	0	0	1	0	0	0	0	0	3	0	0	0	-20	0	0	0	-493	3	3	0	99
23:30:00	84600	3	5	0	-409	0	0	0	0	0	0	0	0	2	2	0	4	0	0	0	0	0	0	0	0	0	0	0	3	0	0	0	-20	0	0	0	-493	1	3	0	97
23:35:00	84900	2	0	0	-407	0	0	0	0	0	0	0	0	2	0	0	6	0	0	0	0	0	0	0	0	0	0	0	3	0	0	0	-20	0	0	0	-493	0	0	0	97
23:40:00	85200	2	1	0	-406	0	0	0	0	0	0	0	0	2	1	0	7	0	0	0	0	0	0	0	0	0	0	0	3	0	0	0	-20	0	0	0	-493	0	0	0	97
23:45:00	85500	2	2	0	-406	0	0	0	0	0	0	0	0	0	2	0	5	0	0	0	0	0	0	0	0	0	0	0	3	0	0	0	-20	0	0	0	-493	2	0	0	99
23:50:00	85800	1	3	0	-408	0	0	0	0	0	0	0	0	0	1	0	4	0	0	0	0	0	0	0	0	0	0	0	3	0	0	0	-20	0	0	0	-493	1	2	0	98
23:55:00	86100	2	2	0	-408	0	0	0	0	0	0	0	0	0	1	0	3	0	0	0	0	0	0	0	0	0	0	0	3	0	0	0	-20	0	0	0	-493	2	1	0	99
24:00:00	86400	5	4	0	-407	0	0	0	0	0	0	0	0	4	1	0	6	0	0	0	0	0	0	0	0	0	0	0	3	0	0	0	-20	0	0	0	-493	1	3	0	97
24:05:00	86700	5	7	0	-409	0	0	0	0	0	0	0	0	2	4	0	4	0	0	0	0	0	0	0	0	0	0	0	3	0	0	0	-20	0	0	0	-493	3	3	0	97
24:10:00	87000	3	4	1	-411	0	0	0	0	0	0	0	0	0	2	0	2	0	0	0	0	1	0	0	1	0	0	0	3	0	0	0	-20	0	0	1	-494	2	2	0	97
24:15:00	87300	2	4	1	-414	0	0	0	0	0	0	0	0	0	0	0	2	0	0	0	0	0	1	0	0	0	0	0	3	0	0	0	-20	0	0	1	-495	2	3	0	96
24:20:00	87600	1	5	0	-418	0	0	0	0	0	0	0	0	0	1	0	1	0	0	0	0	0	0	0	0	0	0	0	3	0	0	0	-20	0	0	0	-495	1	4	0	93
24:25:00	87900	2	2	1	-419	0	0	0	0	0	0	0	0	0	0	0	1	0	0	0	0	0	0	0	0	0	0	0	3	0	0	0	-20	0	0	1	-496	2	2	0	93
24:30:00	88200	1	3	0	-421	0	0	0	0	0	0	0	0	1	0	0	2	0	0	0	0	0	0	0	0	0	0	0	3	0	0	0	-20	0	0	0	-496	0	3	0	90
24:35:00	88500	1	3	0	-423	0	0	0	0	0	0	0	0	1	2	0	1	0	0	0	0	0	0	0	0	0	0	0	3	0	0	0	-20	0	0	0	-496	0	1	0	89
24:40:00	88800	0	1	0	-424	0	0	0	0	0	0	0	0	0	0	0	1	0	0	0	0	0	0	0	0	0	0	0	3	0	0	0	-20	0	0	0	-496	0	1	0	88
24:45:00	89100	1	1	0	-424	0	0	0	0	0	0	0	0	1	0	0	2	0	0	0	0	0	0	0	0	0	0	0	3	0	0	0	-20	0	0	0	-496	0	1	0	87
24:50:00	89400	1	3	0	-426	0	0	0	0	0	0	0	0	1	1	0	2	0	0	0	0	0	0	0	0	0	0	0	3	0	0	0	-20	0	0	0	-496	0	2	0	85
24:55:00	89700	2	2	1	-427	0	0	0	0	0	0	0	0	0	1	0	1	0	0	0	0	0	0	0	0	0	0	0	3	0	0	0	-20	0	0	1	-497	2	1	0	86
25:00:00	90000	0	1	0	-428	0	0	0	0	0	0	0	0	0	0	0	1	0	0	0	0	0	0	0	0	0	0	0	3	0	0	0	-20	0	0	0	-497	0	1	0	85
25:05:00	90300	0	0	0	-428	0	0	0	0	0	0	0	0	0	0	0	1	0	0	0	0	0	0	0	0	0	0	0	3	0	0	0	-20	0	0	0	-497	0	0	0	85
25:10:00	90600	1	2	0	-429	0	0	0	0	0	0	0	0	0	0	0	1	0	0	0	0	0	0	0	0	0	0	0	3	0	0	0	-20	0	0	0	-497	1	2	0	84
25:15:00	90900	1	1	1	-430	0	0	0	0	0	0	0	0	0	0	0	1	0	0	0	0	0	0	0	0	0	0	0	3	0	0	0	-20	0	0	1	-498	1	1	0	84
25:20:00	91200	0	1	0	-431	0	0	0	0	0	0	0	0	0	1	0	0	0	0	0	0	0	0	0	0	0	0	0	3	0	0	0	-20	0	0	0	-498	0	0	0	84
25:25:00	91500	0	0	0	-431	0	0	0	0	0	0	0	0	0	0	0	0	0	0	0	0	0	0	0	0	0	0	0	3	0	0	0	-20	0	0	0	-498	0	0	0	84
25:30:00	91800	0	0	0	-431	0	0	0	0	0	0	0	0	0	0	0	0	0	0	0	0	0	0	0	0	0	0	0	3	0	0	0	-20	0	0	0	-498	0	0	0	84
25:35:00	92100	2	3	0	-432	0	0	0	0	0	0	0	0	1	1	0	0	0	0	0	0	0	0	0	0	0	0	0	3	0	0	0	-20	0	0	0	-498	1	2	0	83
25:40:00	92400	0	0	0	-432	0	0	0	0	0	0	0	0	0	0	0	0	0	0	0	0	0	0	0	0	0	0	0	3	0	0	0	-20	0	0	0	-498	0	0	0	83
25:45:00	92700	0	0	0	-432	0	0	0	0	0	0	0	0	0	0	0	0	0	0	0	0	0	0	0	0	0	0	0	3	0	0	0	-20	0	0	0	-498	0	0	0	83
25:50:00	93000	1	2	0	-433	0	0	0	0	0	0	0	0	0	0	0	0	0	0	0	0	0	0	0	0	0	0	0	3	0	0	0	-20	0	0	0	-498	1	2	0	82
25:55:00	93300	1	3	1	-436	0	0	0	0	0	0	0	0	0	0	0	0	0	0	0	0	0	0	0	0	0	0	0	3	0	0	0	-20	0	0	1	-499	1	3	0	80
26:00:00	93600	0	3	0	-439	0	0	0	0	0	0	0	0	0	0	0	0	0	0	0	0	0	0	0	0	0	0	0	3	0	0	0	-20	0	0	0	-499	0	3	0	77
26:05:00	93900	4	4	3	-442	0	0	0	0	0	0	0	0	1	0	0	1	0	0	0	0	0	0	0	0	0	0	0	3	0	0	0	-20	0	0	3	-502	3	4	0	76
26:10:00	94200	1	2	0	-443	0	0	0	0	0	0	0	0	1	0	0	2	0	0	0	0	0	0	0	0	0	0	0	3	0	0	0	-20	0	0	0	-502	0	2	0	74
26:15:00	94500	2	2	1	-444	0	0	0	0	0	0	0	0	0	0	0	2	0	0	0	0	0	0	0	0	0	0	0	3	0	0	0	-20	0	0	1	-503	2	2	0	74
26:20:00	94800	0	1	0	-445	0	0	0	0	0	0	0	0	0	0	0	2	0	0	0	0	0	0	0	0	0	0	0	3	0	0	0	-20	0	0	0	-503	0	1	0	73
26:25:00	95100	0	1	0	-446	0	0	0	0	0	0	0	0	0	0	0	2	0	0	0	0	0	0	0	0	0	0	0	3	0	0	0	-20	0	0	0	-503	0	1	0	72
26:30:00	95400	1	1	1	-447	0	0	0	0	0	0	0	0	0	0	0	2	0	0	0	0	0	0	0	0	0	0	0	3	0	0	0	-20	0	0	1	-504	1	1	0	72
26:35:00	95700	0	2	0	-449	0	0	0	0	0	0	0	0	0	0	0	2	0	0	0	0	0	0	0	0	0	0	0	3	0	0	0	-20	0	0	0	-504	0	2	0	70
26:40:00	96000	1	1	1	-450	0	0	0	0	0	0	0	0	0	0	0	2	0	0	0	0	0	0	0	0	0	0	0	3	0	0	0	-20	0	0	1	-505	1	1	0	70
26:45:00	96300	1	2	0	-451	0	0	0	0	0	0	0	0	1	1	0	2	0	0	0	0	0	0	0	0	0	0	0	3	0	0	0	-20	0	0	0	-505	0	1	0	69
26:50:00	96600	0	2	0	-453	0	0	0	0	0	0	0	0	0	0	0	2	0	0	0	0	0	0	0	0	0	0	0	3	0	0	0	-20	0	0	0	-505	0	2	0	67
26:55:00	96900	3	4	1	-455	0	0	0	0	0	0	0	0	1	1	0	2	0	0	0	0	0	0	0	0	0	0	0	3	0	0	0	-20	0	0	1	-506	2	3	0	66
27:00:00	97200	1	2	1	-457	0	0	0	0	0	0	0	0	0	0	0	2	0	0	0	0	0	0	0	0	0	0	0	3	0	0	0	-20	0	0	1	-507	1	2	0	65
27:05:00	97500	0	0	0	-457	0	0	0	0	0	0	0	0	0	0	0	2	0	0	0	0	0	0	0	0	0	0	0	3	0	0	0	-20	0	0	0	-507	0	0	0	65
27:10:00	97800	2	3	0	-458	0	0	0	0	0	0	0	0	1	1	0	2	0	0	0	0	0	0	0	0	0	0	0	3	0	0	0	-20	0	0	0	-507	1	2	0	64
27:15:00	98100	0	0	0	-458	0	0	0	0	0	0	0	0	0	0	0	2	0	0	0	0	0	0	0	0	0	0	0	3	0	0	0	-20	0	0	0	-507	0	0	0	64
27:20:00	98400	0	1	0	-459	0	0	0	0	0	0	0	0	0	1	0	1	0	0	0	0	0	0	0	0	0	0	0	3	0	0	0	-20	0	0	0	-507	0	0	0	64
27:25:00	98700	0	1	0	-460	0	0	0	0	0	0	0	0	0	0	0	1	0	0	0	0	0	0	0	0	0	0	0	3	0	0	0	-20	0	0	0	-507	0	1	0	63
27:30:00	99000	1	2	1	-462	0	0	0	0	0	0	0	0	0	0	0	1	0	0	0	0	0	0	0	0	0	0	0	3	0	0	0	-20	0	0	1	-508	1	2	0	62
27:35:00	99300	1	1	0	-462	0	0	0	0	0	0	0	0	0	0	0	1	0	0	0	0	0	0	0	0	0	0	0	3	0	0	0	-20	0	0	0	-508	1	1	0	62
27:40:00	99600	7	7	0	-462	0	0	0	0	0	0	0	0	3	2	0	2	0	0	0	0	0	0	0	0	0	0	0	3	0	0	0	-20	0	0	0	-508	4	5	0	61
27:45:00	99900	1	3	0	-464	0	0	0	0	0	0	0	0	0	1	0	1	0	0	0	0	0	0	0	0	0	0	0	3	0	0	0	-20	0	0	0	-508	1	2	0	60
27:50:00	100200	1	1	1	-465	0	0	0	0	0	0	0	0	0	0	0	1	0	0	0	0	0	0	0	0	0	0	0	3	0	0	0	-20	0	0	1	-509	1	1	0	60
27:55:00	100500	0	0	0	-465	0	0	0	0	0	0	0	0	0	0	0	1	0	0	0	0	0	0	0	0	0	0	0	3	0	0	0	-20	0	0	0	-509	0	0	0	60
28:00:00	100800	1	1	0	-465	0	0	0	0	0	0	0	0	1	1	0	1	0	0	0	0	0	0	0	0	0	0	0	3	0	0	0	-20	0	0	0	-509	0	0	0	60
28:05:00	101100	0	1	0	-466	0	0	0	0	0	0	0	0	0	0	0	1	0	0	0	0	0	0	0	0	0	0	0	3	0	0	0	-20	0	0	0	-509	0	1	0	59
28:10:00	101400	0	1	0	-467	0	0	0	0	0	0	0	0	0	0	0	1	0	0	0	0	0	0	0	0	0	0	0	3	0	0	0	-20	0	0	0	-509	0	1	0	58
28:15:00	101700	0	1	0	-468	0	0	0	0	0	0	0	0	0	0	0	1	0	0	0	0	0	0	0	0	0	0	0	3	0	0	0	-20	0	0	0	-509	0	1	0	57
28:20:00	102000	0	0	0	-468	0	0	0	0	0	0	0	0	0	0	0	1	0	0	0	0	0	0	0	0	0	0	0	3	0	0	0	-20	0	0	0	-509	0	0	0	57
28:25:00	102300	1	2	0	-469	0	0	0	0	0	0	0	0	1	1	0	1	0	0	0	0	0	0	0	0	0	0	0	3	0	0	0	-20	0	0	0	-509	0	1	0	56
28:30:00	102600	0	0	0	-469	0	0	0	0	0	0	0	0	0	0	0	1	0	0	0	0	0	0	0	0	0	0	0	3	0	0	0	-20	0	0	0	-509	0	0	0	56
28:35:00	102900	1	1	0	-469	0	0	0	0	0	0	0	0	1	1	0	1	0	0	0	0	0	0	0	0	0	0	0	3	0	0	0	-20	0	0	0	-509	0	0	0	56
28:40:00	103200	1	1	0	-469	0	0	0	0	0	0	0	0	0	0	0	1	0	0	0	0	0	0	0	0	0	0	0	3	0	0	0	-20	0	0	0	-509	1	1	0	56
28:45:00	103500	1	1	0	-469	0	0	0	0	0	0	0	0	0	1	0	0	0	0	0	0	0	0	0	0	0	0	0	3	0	0	0	-20	0	0	0	-509	1	0	0	57
28:50:00	103800	0	0	0	-469	0	0	0	0	0	0	0	0	0	0	0	0	0	0	0	0	0	0	0	0	0	0	0	3	0	0	0	-20	0	0	0	-509	0	0	0	57
28:55:00	104100	0	1	0	-470	0	0	0	0	0	0	0	0	0	0	0	0	0	0	0	0	0	0	0	0	0	0	0	3	0	0	0	-20	0	0	0	-509	0	1	0	56
29:00:00	104400	3	3	1	-471	0	0	0	0	0	0	0	0	1	0	0	1	0	0	0	0	0	0	0	0	0	0	0	3	0	0	0	-20	0	0	1	-510	2	3	0	55
29:05:00	104700	0	1	0	-472	0	0	0	0	0	0	0	0	0	0	0	1	0	0	0	0	0	0	0	0	0	0	0	3	0	0	0	-20	0	0	0	-510	0	1	0	54
29:10:00	105000	1	3	1	-475	0	0	0	0	0	0	0	0	0	0	0	1	0	0	0	0	0	0	0	0	0	0	0	3	0	0	0	-20	0	0	1	-511	1	3	0	52
29:15:00	105300	1	1	1	-476	0	0	0	0	0	0	0	0	0	0	0	1	0	0	0	0	0	0	0	0	0	0	0	3	0	0	0	-20	0	0	1	-512	1	1	0	52
29:20:00	105600	0	0	0	-476	0	0	0	0	0	0	0	0	0	0	0	1	0	0	0	0	0	0	0	0	0	0	0	3	0	0	0	-20	0	0	0	-512	0	0	0	52
29:25:00	105900	0	0	0	-476	0	0	0	0	0	0	0	0	0	0	0	1	0	0	0	0	0	0	0	0	0	0	0	3	0	0	0	-20	0	0	0	-512	0	0	0	52
29:30:00	106200	1	1	0	-476	0	0	0	0	0	0	0	0	1	0	0	2	0	0	0	0	0	0	0	0	0	0	0	3	0	0	0	-20	0	0	0	-512	0	1	0	51
29:35:00	106500	0	2	0	-478	0	0	0	0	0	0	0	0	0	1	0	1	0	0	0	0	0	0	0	0	0	0	0	3	0	0	0	-20	0	0	0	-512	0	1	0	50
29:40:00	106800	2	3	1	-480	0	0	0	0	0	0	0	0	0	0	0	1	0	0	0	0	0	0	0	0	0	0	0	3	0	0	0	-20	0	0	1	-513	2	3	0	49
29:45:00	107100	1	1	1	-481	0	0	0	0	0	0	0	0	0	0	0	1	0	0	0	0	0	0	0	0	0	0	0	3	0	0	0	-20	0	0	1	-514	1	1	0	49
29:50:00	107400	0	1	0	-482	0	0	0	0	0	0	0	0	0	0	0	1	0	0	0	0	0	0	0	0	0	0	0	3	0	0	0	-20	0	0	0	-514	0	1	0	48
29:55:00	107700	2	3	1	-484	0	0	0	0	0	0	0	0	0	1	0	0	0	0	0	0	0	0	0	0	0	0	0	3	0	0	0	-20	0	0	1	-515	2	2	0	48
30:00:00	108000	0	0	51	-535	0	0	0	0	0	0	0	0	0	0	0	0	0	0	0	0	0	0	0	0	0	0	3	0	0	0	0	-20	0	0	0	-515	0	0	48	0
30:05:00	108300	0	0	0	-535	0	0	0	0	0	0	0	0	0	0	0	0	0	0	0	0	0	0	0	0	0	0	0	0	0	0	0	-20	0	0	0	-515	0	0	0	0
