time	time	departures_all	arrivals_all	stuck_all	en-route_all	departures_Shared-Bike	arrivals_Shared-Bike	stuck_Shared-Bike	en-route_Shared-Bike	departures_bike	arrivals_bike	stuck_bike	en-route_bike	departures_car	arrivals_car	stuck_car	en-route_car	departures_car_passenger	arrivals_car_passenger	stuck_car_passenger	en-route_car_passenger	departures_pt	arrivals_pt	stuck_pt	en-route_pt	departures_sharing:standardBikeShare	arrivals_sharing:standardBikeShare	stuck_sharing:standardBikeShare	en-route_sharing:standardBikeShare	departures_walk	arrivals_walk	stuck_walk	en-route_walk
00:00:00	0	0	0	0	0	0	0	0	0	0	0	0	0	0	0	0	0	0	0	0	0	0	0	0	0	0	0	0	0	0	0	0	0
00:05:00	300	0	0	0	0	0	0	0	0	0	0	0	0	0	0	0	0	0	0	0	0	0	0	0	0	0	0	0	0	0	0	0	0
00:10:00	600	0	0	0	0	0	0	0	0	0	0	0	0	0	0	0	0	0	0	0	0	0	0	0	0	0	0	0	0	0	0	0	0
00:15:00	900	0	0	0	0	0	0	0	0	0	0	0	0	0	0	0	0	0	0	0	0	0	0	0	0	0	0	0	0	0	0	0	0
00:20:00	1200	0	0	0	0	0	0	0	0	0	0	0	0	0	0	0	0	0	0	0	0	0	0	0	0	0	0	0	0	0	0	0	0
00:25:00	1500	0	0	0	0	0	0	0	0	0	0	0	0	0	0	0	0	0	0	0	0	0	0	0	0	0	0	0	0	0	0	0	0
00:30:00	1800	0	0	0	0	0	0	0	0	0	0	0	0	0	0	0	0	0	0	0	0	0	0	0	0	0	0	0	0	0	0	0	0
00:35:00	2100	0	0	0	0	0	0	0	0	0	0	0	0	0	0	0	0	0	0	0	0	0	0	0	0	0	0	0	0	0	0	0	0
00:40:00	2400	0	0	0	0	0	0	0	0	0	0	0	0	0	0	0	0	0	0	0	0	0	0	0	0	0	0	0	0	0	0	0	0
00:45:00	2700	0	0	0	0	0	0	0	0	0	0	0	0	0	0	0	0	0	0	0	0	0	0	0	0	0	0	0	0	0	0	0	0
00:50:00	3000	0	0	0	0	0	0	0	0	0	0	0	0	0	0	0	0	0	0	0	0	0	0	0	0	0	0	0	0	0	0	0	0
00:55:00	3300	0	0	0	0	0	0	0	0	0	0	0	0	0	0	0	0	0	0	0	0	0	0	0	0	0	0	0	0	0	0	0	0
01:00:00	3600	0	0	0	0	0	0	0	0	0	0	0	0	0	0	0	0	0	0	0	0	0	0	0	0	0	0	0	0	0	0	0	0
01:05:00	3900	0	0	0	0	0	0	0	0	0	0	0	0	0	0	0	0	0	0	0	0	0	0	0	0	0	0	0	0	0	0	0	0
01:10:00	4200	0	0	0	0	0	0	0	0	0	0	0	0	0	0	0	0	0	0	0	0	0	0	0	0	0	0	0	0	0	0	0	0
01:15:00	4500	0	0	0	0	0	0	0	0	0	0	0	0	0	0	0	0	0	0	0	0	0	0	0	0	0	0	0	0	0	0	0	0
01:20:00	4800	0	0	0	0	0	0	0	0	0	0	0	0	0	0	0	0	0	0	0	0	0	0	0	0	0	0	0	0	0	0	0	0
01:25:00	5100	0	0	0	0	0	0	0	0	0	0	0	0	0	0	0	0	0	0	0	0	0	0	0	0	0	0	0	0	0	0	0	0
01:30:00	5400	0	0	0	0	0	0	0	0	0	0	0	0	0	0	0	0	0	0	0	0	0	0	0	0	0	0	0	0	0	0	0	0
01:35:00	5700	0	0	0	0	0	0	0	0	0	0	0	0	0	0	0	0	0	0	0	0	0	0	0	0	0	0	0	0	0	0	0	0
01:40:00	6000	0	0	0	0	0	0	0	0	0	0	0	0	0	0	0	0	0	0	0	0	0	0	0	0	0	0	0	0	0	0	0	0
01:45:00	6300	0	0	0	0	0	0	0	0	0	0	0	0	0	0	0	0	0	0	0	0	0	0	0	0	0	0	0	0	0	0	0	0
01:50:00	6600	0	0	0	0	0	0	0	0	0	0	0	0	0	0	0	0	0	0	0	0	0	0	0	0	0	0	0	0	0	0	0	0
01:55:00	6900	0	0	0	0	0	0	0	0	0	0	0	0	0	0	0	0	0	0	0	0	0	0	0	0	0	0	0	0	0	0	0	0
02:00:00	7200	0	0	0	0	0	0	0	0	0	0	0	0	0	0	0	0	0	0	0	0	0	0	0	0	0	0	0	0	0	0	0	0
02:05:00	7500	0	0	0	0	0	0	0	0	0	0	0	0	0	0	0	0	0	0	0	0	0	0	0	0	0	0	0	0	0	0	0	0
02:10:00	7800	0	0	0	0	0	0	0	0	0	0	0	0	0	0	0	0	0	0	0	0	0	0	0	0	0	0	0	0	0	0	0	0
02:15:00	8100	0	0	0	0	0	0	0	0	0	0	0	0	0	0	0	0	0	0	0	0	0	0	0	0	0	0	0	0	0	0	0	0
02:20:00	8400	0	0	0	0	0	0	0	0	0	0	0	0	0	0	0	0	0	0	0	0	0	0	0	0	0	0	0	0	0	0	0	0
02:25:00	8700	0	0	0	0	0	0	0	0	0	0	0	0	0	0	0	0	0	0	0	0	0	0	0	0	0	0	0	0	0	0	0	0
02:30:00	9000	0	0	0	0	0	0	0	0	0	0	0	0	0	0	0	0	0	0	0	0	0	0	0	0	0	0	0	0	0	0	0	0
02:35:00	9300	0	0	0	0	0	0	0	0	0	0	0	0	0	0	0	0	0	0	0	0	0	0	0	0	0	0	0	0	0	0	0	0
02:40:00	9600	0	0	0	0	0	0	0	0	0	0	0	0	0	0	0	0	0	0	0	0	0	0	0	0	0	0	0	0	0	0	0	0
02:45:00	9900	0	0	0	0	0	0	0	0	0	0	0	0	0	0	0	0	0	0	0	0	0	0	0	0	0	0	0	0	0	0	0	0
02:50:00	10200	0	0	0	0	0	0	0	0	0	0	0	0	0	0	0	0	0	0	0	0	0	0	0	0	0	0	0	0	0	0	0	0
02:55:00	10500	0	0	0	0	0	0	0	0	0	0	0	0	0	0	0	0	0	0	0	0	0	0	0	0	0	0	0	0	0	0	0	0
03:00:00	10800	0	0	0	0	0	0	0	0	0	0	0	0	0	0	0	0	0	0	0	0	0	0	0	0	0	0	0	0	0	0	0	0
03:05:00	11100	0	0	0	0	0	0	0	0	0	0	0	0	0	0	0	0	0	0	0	0	0	0	0	0	0	0	0	0	0	0	0	0
03:10:00	11400	0	0	0	0	0	0	0	0	0	0	0	0	0	0	0	0	0	0	0	0	0	0	0	0	0	0	0	0	0	0	0	0
03:15:00	11700	0	0	0	0	0	0	0	0	0	0	0	0	0	0	0	0	0	0	0	0	0	0	0	0	0	0	0	0	0	0	0	0
03:20:00	12000	0	0	0	0	0	0	0	0	0	0	0	0	0	0	0	0	0	0	0	0	0	0	0	0	0	0	0	0	0	0	0	0
03:25:00	12300	0	0	0	0	0	0	0	0	0	0	0	0	0	0	0	0	0	0	0	0	0	0	0	0	0	0	0	0	0	0	0	0
03:30:00	12600	0	0	0	0	0	0	0	0	0	0	0	0	0	0	0	0	0	0	0	0	0	0	0	0	0	0	0	0	0	0	0	0
03:35:00	12900	0	0	0	0	0	0	0	0	0	0	0	0	0	0	0	0	0	0	0	0	0	0	0	0	0	0	0	0	0	0	0	0
03:40:00	13200	0	0	0	0	0	0	0	0	0	0	0	0	0	0	0	0	0	0	0	0	0	0	0	0	0	0	0	0	0	0	0	0
03:45:00	13500	0	0	0	0	0	0	0	0	0	0	0	0	0	0	0	0	0	0	0	0	0	0	0	0	0	0	0	0	0	0	0	0
03:50:00	13800	0	0	0	0	0	0	0	0	0	0	0	0	0	0	0	0	0	0	0	0	0	0	0	0	0	0	0	0	0	0	0	0
03:55:00	14100	0	0	0	0	0	0	0	0	0	0	0	0	0	0	0	0	0	0	0	0	0	0	0	0	0	0	0	0	0	0	0	0
04:00:00	14400	0	0	0	0	0	0	0	0	0	0	0	0	0	0	0	0	0	0	0	0	0	0	0	0	0	0	0	0	0	0	0	0
04:05:00	14700	0	0	0	0	0	0	0	0	0	0	0	0	0	0	0	0	0	0	0	0	0	0	0	0	0	0	0	0	0	0	0	0
04:10:00	15000	0	0	0	0	0	0	0	0	0	0	0	0	0	0	0	0	0	0	0	0	0	0	0	0	0	0	0	0	0	0	0	0
04:15:00	15300	0	0	0	0	0	0	0	0	0	0	0	0	0	0	0	0	0	0	0	0	0	0	0	0	0	0	0	0	0	0	0	0
04:20:00	15600	0	0	0	0	0	0	0	0	0	0	0	0	0	0	0	0	0	0	0	0	0	0	0	0	0	0	0	0	0	0	0	0
04:25:00	15900	0	0	0	0	0	0	0	0	0	0	0	0	0	0	0	0	0	0	0	0	0	0	0	0	0	0	0	0	0	0	0	0
04:30:00	16200	0	0	0	0	0	0	0	0	0	0	0	0	0	0	0	0	0	0	0	0	0	0	0	0	0	0	0	0	0	0	0	0
04:35:00	16500	0	0	0	0	0	0	0	0	0	0	0	0	0	0	0	0	0	0	0	0	0	0	0	0	0	0	0	0	0	0	0	0
04:40:00	16800	0	0	0	0	0	0	0	0	0	0	0	0	0	0	0	0	0	0	0	0	0	0	0	0	0	0	0	0	0	0	0	0
04:45:00	17100	0	0	0	0	0	0	0	0	0	0	0	0	0	0	0	0	0	0	0	0	0	0	0	0	0	0	0	0	0	0	0	0
04:50:00	17400	0	0	0	0	0	0	0	0	0	0	0	0	0	0	0	0	0	0	0	0	0	0	0	0	0	0	0	0	0	0	0	0
04:55:00	17700	0	0	0	0	0	0	0	0	0	0	0	0	0	0	0	0	0	0	0	0	0	0	0	0	0	0	0	0	0	0	0	0
05:00:00	18000	0	0	0	0	0	0	0	0	0	0	0	0	0	0	0	0	0	0	0	0	0	0	0	0	0	0	0	0	0	0	0	0
05:05:00	18300	0	0	0	0	0	0	0	0	0	0	0	0	0	0	0	0	0	0	0	0	0	0	0	0	0	0	0	0	0	0	0	0
05:10:00	18600	0	0	0	0	0	0	0	0	0	0	0	0	0	0	0	0	0	0	0	0	0	0	0	0	0	0	0	0	0	0	0	0
05:15:00	18900	0	0	0	0	0	0	0	0	0	0	0	0	0	0	0	0	0	0	0	0	0	0	0	0	0	0	0	0	0	0	0	0
05:20:00	19200	0	0	0	0	0	0	0	0	0	0	0	0	0	0	0	0	0	0	0	0	0	0	0	0	0	0	0	0	0	0	0	0
05:25:00	19500	0	0	0	0	0	0	0	0	0	0	0	0	0	0	0	0	0	0	0	0	0	0	0	0	0	0	0	0	0	0	0	0
05:30:00	19800	0	0	0	0	0	0	0	0	0	0	0	0	0	0	0	0	0	0	0	0	0	0	0	0	0	0	0	0	0	0	0	0
05:35:00	20100	0	0	0	0	0	0	0	0	0	0	0	0	0	0	0	0	0	0	0	0	0	0	0	0	0	0	0	0	0	0	0	0
05:40:00	20400	0	0	0	0	0	0	0	0	0	0	0	0	0	0	0	0	0	0	0	0	0	0	0	0	0	0	0	0	0	0	0	0
05:45:00	20700	0	0	0	0	0	0	0	0	0	0	0	0	0	0	0	0	0	0	0	0	0	0	0	0	0	0	0	0	0	0	0	0
05:50:00	21000	0	0	0	0	0	0	0	0	0	0	0	0	0	0	0	0	0	0	0	0	0	0	0	0	0	0	0	0	0	0	0	0
05:55:00	21300	0	0	0	0	0	0	0	0	0	0	0	0	0	0	0	0	0	0	0	0	0	0	0	0	0	0	0	0	0	0	0	0
06:00:00	21600	4	0	0	4	0	0	0	0	0	0	0	0	4	0	0	4	0	0	0	0	0	0	0	0	0	0	0	0	0	0	0	0
06:05:00	21900	4	1	0	7	0	0	0	0	0	0	0	0	4	1	0	7	0	0	0	0	0	0	0	0	0	0	0	0	0	0	0	0
06:10:00	22200	3	1	0	9	0	0	0	0	0	0	0	0	3	1	0	9	0	0	0	0	0	0	0	0	0	0	0	0	0	0	0	0
06:15:00	22500	1	3	0	7	0	0	0	0	0	0	0	0	1	3	0	7	0	0	0	0	0	0	0	0	0	0	0	0	0	0	0	0
06:20:00	22800	4	1	0	10	0	0	0	0	0	0	0	0	4	1	0	10	0	0	0	0	0	0	0	0	0	0	0	0	0	0	0	0
06:25:00	23100	6	3	0	13	0	0	0	0	0	0	0	0	5	3	0	12	0	0	0	0	0	0	0	0	0	0	0	0	1	0	0	1
06:30:00	23400	42	3	0	52	0	0	0	0	0	0	0	0	35	3	0	44	0	0	0	0	0	0	0	0	0	0	0	0	7	0	0	8
06:35:00	23700	37	21	0	68	0	0	0	0	0	0	0	0	30	18	0	56	0	0	0	0	0	0	0	0	0	0	0	0	7	3	0	12
06:40:00	24000	37	20	0	85	0	0	0	0	0	0	0	0	31	15	0	72	0	0	0	0	4	0	0	4	0	0	0	0	2	5	0	9
06:45:00	24300	34	36	0	83	0	0	0	0	0	0	0	0	27	31	0	68	0	0	0	0	1	0	0	5	0	0	0	0	6	5	0	10
06:50:00	24600	43	31	0	95	1	0	0	1	0	0	0	0	28	23	0	73	0	0	0	0	2	0	0	7	0	0	0	0	12	8	0	14
06:55:00	24900	82	36	0	141	2	0	0	3	0	0	0	0	60	29	0	104	0	0	0	0	0	1	0	6	0	0	0	0	20	6	0	28
07:00:00	25200	65	48	0	158	2	0	0	5	0	0	0	0	50	40	0	114	0	0	0	0	1	0	0	7	0	0	0	0	12	8	0	32
07:05:00	25500	65	51	0	172	0	4	0	1	1	0	0	1	36	34	0	116	0	0	0	0	1	1	0	7	0	0	0	0	27	12	0	47
07:10:00	25800	71	58	0	185	1	2	0	0	0	0	0	1	53	39	0	130	0	0	0	0	5	1	0	11	0	0	0	0	12	16	0	43
07:15:00	26100	88	59	1	213	0	0	0	0	0	0	0	1	73	47	0	156	0	0	0	0	0	0	0	11	0	0	1	-1	15	12	0	46
07:20:00	26400	81	67	1	226	0	0	0	0	0	0	0	1	55	53	0	158	0	0	0	0	8	0	0	19	0	0	1	-2	18	14	0	50
07:25:00	26700	113	71	1	267	1	0	0	1	0	1	0	0	85	55	0	188	0	0	0	0	7	0	0	26	0	0	1	-3	20	15	0	55
07:30:00	27000	80	92	0	255	0	0	0	1	0	0	0	0	61	73	0	176	0	0	0	0	7	2	0	31	0	0	0	-3	12	17	0	50
07:35:00	27300	98	101	0	252	1	2	0	0	0	0	0	0	64	75	0	165	0	0	0	0	4	5	0	30	0	0	0	-3	29	19	0	60
07:40:00	27600	99	76	1	274	1	0	0	1	0	0	0	0	72	54	0	183	0	0	0	0	5	0	0	35	0	0	1	-4	21	22	0	59
07:45:00	27900	98	79	0	293	1	1	0	1	0	0	0	0	76	61	0	198	0	0	0	0	5	0	0	40	0	0	0	-4	16	17	0	58
07:50:00	28200	114	91	0	316	2	0	0	3	1	0	0	1	83	68	0	213	0	0	0	0	5	6	0	39	0	0	0	-4	23	17	0	64
07:55:00	28500	120	108	0	328	0	1	0	2	1	0	0	2	75	83	0	205	12	1	0	11	8	1	0	46	0	0	0	-4	24	22	0	66
08:00:00	28800	134	113	0	349	1	2	0	1	0	1	0	1	81	79	0	207	24	6	0	29	8	4	0	50	0	0	0	-4	20	21	0	65
08:05:00	29100	120	114	1	354	0	1	0	0	0	0	0	1	66	70	0	203	17	11	0	35	6	8	0	48	0	0	1	-5	31	24	0	72
08:10:00	29400	133	113	0	374	0	0	0	0	0	0	0	1	78	76	0	205	26	16	0	45	3	4	0	47	0	0	0	-5	26	17	0	81
08:15:00	29700	99	110	0	363	0	0	0	0	0	0	0	1	58	71	0	192	14	15	0	44	6	0	0	53	0	0	0	-5	21	24	0	78
08:20:00	30000	112	103	0	372	0	0	0	0	0	0	0	1	72	61	0	203	16	18	0	42	7	1	0	59	0	0	0	-5	17	23	0	72
08:25:00	30300	110	98	0	384	0	0	0	0	0	0	0	1	63	66	0	200	20	12	0	50	6	2	0	63	0	0	0	-5	21	18	0	75
08:30:00	30600	101	111	0	374	1	1	0	0	0	1	0	0	46	61	0	185	21	16	0	55	11	6	0	68	0	0	0	-5	22	26	0	71
08:35:00	30900	79	96	0	357	1	0	0	1	0	0	0	0	53	55	0	183	8	19	0	44	5	4	0	69	0	0	0	-5	12	18	0	65
08:40:00	31200	91	95	0	353	0	1	0	0	0	0	0	0	46	57	0	172	24	18	0	50	6	4	0	71	0	0	0	-5	15	15	0	65
08:45:00	31500	110	80	0	383	1	1	0	0	0	0	0	0	50	51	0	171	39	14	0	75	4	1	0	74	0	0	0	-5	16	13	0	68
08:50:00	31800	86	96	0	373	1	1	0	0	0	0	0	0	47	55	0	163	13	23	0	65	6	0	0	80	0	0	0	-5	19	17	0	70
08:55:00	32100	91	94	0	370	0	0	0	0	0	0	0	0	52	54	0	161	18	18	0	65	5	7	0	78	0	0	0	-5	16	15	0	71
09:00:00	32400	102	97	0	375	0	0	0	0	0	0	0	0	73	59	0	175	4	16	0	53	9	2	0	85	0	0	0	-5	16	20	0	67
09:05:00	32700	80	96	0	359	0	0	0	0	0	0	0	0	45	50	0	170	6	11	0	48	4	11	0	78	0	0	0	-5	25	24	0	68
09:10:00	33000	62	87	0	334	2	0	0	2	0	0	0	0	38	53	0	155	3	11	0	40	4	2	0	80	0	0	0	-5	15	21	0	62
09:15:00	33300	64	79	0	319	1	2	0	1	0	0	0	0	45	48	0	152	2	12	0	30	6	3	0	83	0	0	0	-5	10	14	0	58
09:20:00	33600	48	82	0	285	0	0	0	1	1	0	0	1	28	51	0	129	2	12	0	20	4	4	0	83	0	0	0	-5	13	15	0	56
09:25:00	33900	62	66	0	281	0	0	0	1	0	0	0	1	32	39	0	122	4	2	0	22	3	12	0	74	0	0	0	-5	23	13	0	66
09:30:00	34200	48	67	0	262	0	1	0	0	0	0	0	1	31	34	0	119	1	5	0	18	1	5	0	70	0	0	0	-5	15	22	0	59
09:35:00	34500	54	68	0	248	0	0	0	0	0	0	0	1	25	37	0	107	8	7	0	19	6	3	0	73	0	0	0	-5	15	21	0	53
09:40:00	34800	41	62	0	227	0	0	0	0	0	0	0	1	27	38	0	96	2	6	0	15	1	3	0	71	0	0	0	-5	11	15	0	49
09:45:00	35100	42	65	0	204	0	0	0	0	0	1	0	0	25	41	0	80	0	5	0	10	3	0	0	74	0	0	0	-5	14	18	0	45
09:50:00	35400	38	45	0	197	0	0	0	0	0	0	0	0	26	24	0	82	0	4	0	6	5	0	0	79	0	0	0	-5	7	17	0	35
09:55:00	35700	47	43	0	201	0	0	0	0	0	0	0	0	34	25	0	91	0	2	0	4	0	1	0	78	0	0	0	-5	13	15	0	33
10:00:00	36000	75	63	0	213	0	0	0	0	0	0	0	0	47	36	0	102	0	2	0	2	3	10	0	71	0	0	0	-5	25	15	0	43
10:05:00	36300	57	57	0	213	0	0	0	0	0	0	0	0	42	43	0	101	0	1	0	1	0	1	0	70	0	0	0	-5	15	12	0	46
10:10:00	36600	84	79	0	218	0	0	0	0	0	0	0	0	53	44	0	110	0	1	0	0	2	10	0	62	0	0	0	-5	29	24	0	51
10:15:00	36900	63	74	0	207	0	0	0	0	0	0	0	0	35	44	0	101	0	0	0	0	2	1	0	63	0	0	0	-5	26	29	0	48
10:20:00	37200	65	66	0	206	0	0	0	0	0	0	0	0	38	38	0	101	0	0	0	0	4	0	0	67	0	0	0	-5	23	28	0	43
10:25:00	37500	74	75	0	205	0	0	0	0	0	0	0	0	53	49	0	105	0	0	0	0	1	2	0	66	0	0	0	-5	20	24	0	39
10:30:00	37800	62	72	0	195	0	0	0	0	0	0	0	0	36	43	0	98	0	0	0	0	1	0	0	67	0	0	0	-5	25	29	0	35
10:35:00	38100	47	69	0	173	1	0	0	1	0	0	0	0	19	44	0	73	2	1	0	1	3	1	0	69	0	0	0	-5	22	23	0	34
10:40:00	38400	57	61	0	169	0	1	0	0	0	0	0	0	23	26	0	70	1	1	0	1	2	0	0	71	0	0	0	-5	31	33	0	32
10:45:00	38700	65	63	0	171	0	0	0	0	0	0	0	0	34	34	0	70	3	0	0	4	1	4	0	68	0	0	0	-5	27	25	0	34
10:50:00	39000	45	57	0	159	0	0	0	0	1	0	0	1	16	23	0	63	0	3	0	1	2	4	0	66	0	0	0	-5	26	27	0	33
10:55:00	39300	36	50	0	145	0	0	0	0	0	0	0	1	20	23	0	60	2	0	0	3	1	0	0	67	0	0	0	-5	13	27	0	19
11:00:00	39600	49	38	0	156	0	0	0	0	0	0	0	1	31	27	0	64	4	1	0	6	0	1	0	66	0	0	0	-5	14	9	0	24
11:05:00	39900	89	75	0	170	0	0	0	0	0	0	0	1	36	25	0	75	1	1	0	6	11	12	0	65	0	0	0	-5	41	37	0	28
11:10:00	40200	77	47	0	200	0	0	0	0	0	0	0	1	51	25	0	101	2	1	0	7	3	2	0	66	0	0	0	-5	21	19	0	30
11:15:00	40500	61	60	0	201	0	0	0	0	0	0	0	1	31	37	0	95	10	3	0	14	0	3	0	63	0	0	0	-5	20	17	0	33
11:20:00	40800	59	56	0	204	0	0	0	0	1	1	0	1	26	28	0	93	2	1	0	15	2	2	0	63	0	0	0	-5	28	24	0	37
11:25:00	41100	73	68	0	209	0	0	0	0	1	1	0	1	43	38	0	98	3	4	0	14	2	1	0	64	0	0	0	-5	24	24	0	37
11:30:00	41400	84	65	0	228	0	0	0	0	0	0	0	1	46	28	0	116	1	5	0	10	6	2	0	68	0	0	0	-5	31	30	0	38
11:35:00	41700	96	92	1	231	0	0	0	0	0	0	0	1	48	47	0	117	3	3	0	10	8	9	0	67	0	0	1	-6	37	33	0	42
11:40:00	42000	86	79	0	238	0	0	0	0	0	1	0	0	42	34	0	125	0	3	0	7	4	15	0	56	0	0	0	-6	40	26	0	56
11:45:00	42300	85	98	0	225	0	0	0	0	0	0	0	0	45	49	0	121	3	5	0	5	6	6	0	56	0	0	0	-6	31	38	0	49
11:50:00	42600	89	75	0	239	1	0	0	1	0	0	0	0	54	42	0	133	5	2	0	8	1	3	0	54	0	0	0	-6	28	28	0	49
11:55:00	42900	111	93	0	257	1	0	0	2	0	0	0	0	65	47	0	151	1	1	0	8	4	10	0	48	0	0	0	-6	40	35	0	54
12:00:00	43200	85	92	0	250	2	0	0	4	0	0	0	0	63	59	0	155	2	1	0	9	3	0	0	51	0	0	0	-6	15	32	0	37
12:05:00	43500	65	80	0	235	1	3	0	2	0	0	0	0	37	47	0	145	8	6	0	11	4	0	0	55	0	0	0	-6	15	24	0	28
12:10:00	43800	69	60	0	244	1	1	0	2	0	0	0	0	45	39	0	151	2	0	0	13	5	1	0	59	0	0	0	-6	16	19	0	25
12:15:00	44100	52	74	0	222	0	1	0	1	0	0	0	0	35	58	0	128	1	3	0	11	1	2	0	58	0	0	0	-6	15	10	0	30
12:20:00	44400	48	60	0	210	1	0	0	2	0	0	0	0	35	46	0	117	0	3	0	8	2	1	0	59	0	0	0	-6	10	10	0	30
12:25:00	44700	61	59	0	212	0	1	0	1	0	0	0	0	47	35	0	129	0	3	0	5	5	4	0	60	0	0	0	-6	9	16	0	23
12:30:00	45000	41	50	0	203	2	0	0	3	0	0	0	0	29	41	0	117	0	1	0	4	3	1	0	62	0	0	0	-6	7	7	0	23
12:35:00	45300	28	49	0	182	0	2	0	1	0	0	0	0	13	34	0	96	0	2	0	2	2	5	0	59	0	0	0	-6	13	6	0	30
12:40:00	45600	33	36	0	179	0	0	0	1	0	0	0	0	22	26	0	92	0	1	0	1	3	1	0	61	0	0	0	-6	8	8	0	30
12:45:00	45900	50	43	0	186	0	1	0	0	1	0	0	1	32	31	0	93	0	0	0	1	7	1	0	67	0	0	0	-6	10	10	0	30
12:50:00	46200	32	47	0	171	1	0	0	1	0	0	0	1	21	31	0	83	0	1	0	0	6	0	0	73	0	0	0	-6	4	15	0	19
12:55:00	46500	36	37	0	170	0	0	0	1	0	0	0	1	27	30	0	80	0	0	0	0	2	4	0	71	0	0	0	-6	7	3	0	23
13:00:00	46800	6	32	0	144	0	1	0	0	0	0	0	1	0	23	0	57	0	0	0	0	5	0	0	76	0	0	0	-6	1	8	0	16
13:05:00	47100	3	27	0	120	0	0	0	0	0	0	0	1	3	21	0	39	0	0	0	0	0	0	0	76	0	0	0	-6	0	6	0	10
13:10:00	47400	2	14	0	108	0	0	0	0	0	0	0	1	0	11	0	28	0	0	0	0	2	0	0	78	0	0	0	-6	0	3	0	7
13:15:00	47700	23	8	0	123	0	0	0	0	0	0	0	1	13	6	0	35	0	0	0	0	0	2	0	76	0	0	0	-6	10	0	0	17
13:20:00	48000	19	24	0	118	0	0	0	0	0	0	0	1	10	11	0	34	0	0	0	0	1	4	0	73	0	0	0	-6	8	9	0	16
13:25:00	48300	22	19	0	121	0	0	0	0	0	0	0	1	8	6	0	36	0	0	0	0	2	7	0	68	0	0	0	-6	12	6	0	22
13:30:00	48600	55	22	0	154	0	0	0	0	0	0	0	1	45	14	0	67	1	0	0	1	1	1	0	68	0	0	0	-6	8	7	0	23
13:35:00	48900	68	56	0	166	1	0	0	1	0	1	0	0	41	33	0	75	5	0	0	6	2	7	0	63	0	0	0	-6	19	15	0	27
13:40:00	49200	51	48	0	169	1	1	0	1	0	0	0	0	30	28	0	77	5	2	0	9	1	6	0	58	0	0	0	-6	14	11	0	30
13:45:00	49500	58	48	0	179	0	0	0	1	0	0	0	0	44	30	0	91	2	3	0	8	2	3	0	57	0	0	0	-6	10	12	0	28
13:50:00	49800	101	55	0	225	2	1	0	2	0	0	0	0	62	29	0	124	15	7	0	16	2	2	0	57	0	0	0	-6	20	16	0	32
13:55:00	50100	117	67	0	275	2	1	0	3	0	0	0	0	77	47	0	154	12	5	0	23	1	1	0	57	0	0	0	-6	25	13	0	44
14:00:00	50400	86	86	0	275	0	1	0	2	0	0	0	0	62	56	0	160	3	9	0	17	3	0	0	60	0	0	0	-6	18	20	0	42
14:05:00	50700	90	87	0	278	0	2	0	0	0	0	0	0	46	51	0	155	9	6	0	20	4	0	0	64	0	0	0	-6	31	28	0	45
14:10:00	51000	80	81	0	277	0	0	0	0	0	0	0	0	53	51	0	157	14	11	0	23	3	0	0	67	0	0	0	-6	10	19	0	36
14:15:00	51300	67	72	0	272	1	0	0	1	0	0	0	0	38	49	0	146	8	8	0	23	5	0	0	72	0	0	0	-6	15	15	0	36
14:20:00	51600	85	79	0	278	1	1	0	1	0	0	0	0	40	47	0	139	14	8	0	29	5	6	0	71	0	0	0	-6	25	17	0	44
14:25:00	51900	82	84	0	276	0	1	0	0	1	0	0	1	48	56	0	131	16	11	0	34	4	1	0	74	0	0	0	-6	13	15	0	42
14:30:00	52200	57	69	0	264	0	0	0	0	0	0	0	1	24	33	0	122	12	14	0	32	7	4	0	77	0	0	0	-6	14	18	0	38
14:35:00	52500	76	71	1	268	1	0	0	1	0	0	0	1	41	36	0	127	4	12	0	24	2	2	0	77	0	0	1	-7	28	21	0	45
14:40:00	52800	64	89	0	243	0	1	0	0	0	0	0	1	34	52	0	109	8	7	0	25	3	4	0	76	0	0	0	-7	19	25	0	39
14:45:00	53100	58	66	0	235	0	0	0	0	0	0	0	1	24	27	0	106	9	13	0	21	6	11	0	71	0	0	0	-7	19	15	0	43
14:50:00	53400	53	71	0	217	0	0	0	0	0	0	0	1	30	42	0	94	3	6	0	18	4	1	0	74	0	0	0	-7	16	22	0	37
14:55:00	53700	46	57	0	206	0	0	0	0	0	0	0	1	17	27	0	84	8	6	0	20	4	4	0	74	0	0	0	-7	17	20	0	34
15:00:00	54000	44	52	0	198	0	0	0	0	1	1	0	1	23	27	0	80	3	9	0	14	1	4	0	71	0	0	0	-7	16	11	0	39
15:05:00	54300	53	60	0	191	1	0	0	1	0	1	0	0	27	39	0	68	1	4	0	11	2	1	0	72	0	0	0	-7	22	15	0	46
15:10:00	54600	52	51	0	192	0	1	0	0	0	0	0	0	28	24	0	72	0	5	0	6	2	1	0	73	0	0	0	-7	22	20	0	48
15:15:00	54900	61	50	0	203	1	0	0	1	0	0	0	0	35	22	0	85	1	2	0	5	5	1	0	77	0	0	0	-7	19	25	0	42
15:20:00	55200	59	53	0	209	1	1	0	1	0	0	0	0	31	27	0	89	1	1	0	5	5	2	0	80	0	0	0	-7	21	22	0	41
15:25:00	55500	52	63	0	198	0	0	0	1	0	0	0	0	36	42	0	83	0	0	0	5	3	1	0	82	0	0	0	-7	13	20	0	34
15:30:00	55800	78	53	0	223	0	0	0	1	0	0	0	0	47	31	0	99	0	1	0	4	1	2	0	81	0	0	0	-7	30	19	0	45
15:35:00	56100	103	72	0	254	1	1	0	1	0	0	0	0	68	39	0	128	0	0	0	4	4	5	0	80	0	0	0	-7	30	27	0	48
15:40:00	56400	112	100	0	266	0	1	0	0	0	0	0	0	71	54	0	145	0	1	0	3	4	5	0	79	0	0	0	-7	37	39	0	46
15:45:00	56700	76	90	1	251	0	0	0	0	1	1	0	0	47	56	0	136	0	0	0	3	4	4	0	79	0	0	1	-8	24	29	0	41
15:50:00	57000	86	84	0	253	1	0	0	1	0	0	0	0	51	52	0	135	0	1	0	2	2	0	0	81	0	0	0	-8	32	31	0	42
15:55:00	57300	70	82	0	241	1	2	0	0	0	0	0	0	31	47	0	119	0	0	0	2	3	7	0	77	0	0	0	-8	35	26	0	51
16:00:00	57600	91	84	0	248	0	0	0	0	0	0	0	0	44	49	0	114	21	0	0	23	4	6	0	75	0	0	0	-8	22	29	0	44
16:05:00	57900	82	73	0	257	1	0	0	1	0	0	0	0	42	44	0	112	19	7	0	35	0	3	0	72	0	0	0	-8	20	19	0	45
16:10:00	58200	69	88	0	238	0	0	0	1	0	0	0	0	30	43	0	99	18	15	0	38	2	1	0	73	0	0	0	-8	19	29	0	35
16:15:00	58500	87	89	0	236	0	0	0	1	0	0	0	0	32	39	0	92	16	14	0	40	6	12	0	67	0	0	0	-8	33	24	0	44
16:20:00	58800	98	73	0	261	0	1	0	0	0	0	0	0	54	32	0	114	17	11	0	46	2	2	0	67	0	0	0	-8	25	27	0	42
16:25:00	59100	104	84	0	281	0	0	0	0	0	0	0	0	46	39	0	121	27	20	0	53	3	4	0	66	0	0	0	-8	28	21	0	49
16:30:00	59400	117	88	0	310	0	0	0	0	0	0	0	0	56	47	0	130	31	14	0	70	5	2	0	69	0	0	0	-8	25	25	0	49
16:35:00	59700	136	92	0	354	0	0	0	0	0	0	0	0	71	42	0	159	27	19	0	78	5	3	0	71	0	0	0	-8	33	28	0	54
16:40:00	60000	139	131	0	362	0	0	0	0	0	0	0	0	87	65	0	181	20	30	0	68	4	5	0	70	0	0	0	-8	28	31	0	51
16:45:00	60300	104	96	0	370	1	0	0	1	0	0	0	0	51	55	0	177	28	19	0	77	3	3	0	70	0	0	0	-8	21	19	0	53
16:50:00	60600	158	130	0	398	0	1	0	0	0	0	0	0	69	66	0	180	47	31	0	93	4	4	0	70	0	0	0	-8	38	28	0	63
16:55:00	60900	137	135	0	400	1	0	0	1	0	0	0	0	69	66	0	183	31	27	0	97	4	5	0	69	0	0	0	-8	32	37	0	58
17:00:00	61200	185	130	1	454	1	1	0	1	0	0	0	0	110	58	0	235	20	29	0	88	7	7	0	69	0	0	1	-9	47	35	0	70
17:05:00	61500	190	144	0	500	1	1	0	1	0	0	0	0	125	77	0	283	12	21	0	79	5	13	0	61	0	0	0	-9	47	32	0	85
17:10:00	61800	160	160	0	500	0	0	0	1	1	0	0	1	102	97	0	288	15	21	0	73	5	3	0	63	0	0	0	-9	37	39	0	83
17:15:00	62100	185	168	0	517	1	1	0	1	0	0	0	1	105	99	0	294	25	21	0	77	7	7	0	63	0	0	0	-9	47	40	0	90
17:20:00	62400	184	159	0	542	2	2	0	1	1	0	0	2	123	91	0	326	14	22	0	69	4	3	0	64	0	0	0	-9	40	41	0	89
17:25:00	62700	128	173	0	497	0	1	0	0	0	0	0	2	82	103	0	305	3	25	0	47	9	6	0	67	0	0	0	-9	34	38	0	85
17:30:00	63000	108	146	0	459	0	0	0	0	0	1	0	1	79	94	0	290	1	12	0	36	5	5	0	67	0	0	0	-9	23	34	0	74
17:35:00	63300	106	99	0	466	0	0	0	0	0	0	0	1	76	71	0	295	1	6	0	31	11	3	0	75	0	0	0	-9	18	19	0	73
17:40:00	63600	79	114	0	431	0	0	0	0	1	1	0	1	45	72	0	268	2	8	0	25	11	9	0	77	0	0	0	-9	20	24	0	69
17:45:00	63900	114	107	0	438	0	0	0	0	0	0	0	1	85	74	0	279	1	1	0	25	6	7	0	76	0	0	0	-9	22	25	0	66
17:50:00	64200	93	102	0	429	0	0	0	0	0	0	0	1	70	80	0	269	0	6	0	19	6	1	0	81	0	0	0	-9	17	15	0	68
17:55:00	64500	107	111	0	425	1	0	0	1	0	0	0	1	79	82	0	266	1	3	0	17	5	5	0	81	0	0	0	-9	21	21	0	68
18:00:00	64800	74	121	0	378	0	1	0	0	0	0	0	1	56	87	0	235	1	2	0	16	4	4	0	81	0	0	0	-9	13	27	0	54
18:05:00	65100	72	88	1	361	0	0	0	0	0	0	0	1	43	60	0	218	0	2	0	14	8	11	0	78	0	0	1	-10	21	15	0	60
18:10:00	65400	51	88	0	324	0	0	0	0	0	1	0	0	36	62	0	192	0	0	0	14	3	5	0	76	0	0	0	-10	12	20	0	52
18:15:00	65700	46	91	0	279	0	0	0	0	0	0	0	0	29	63	0	158	1	2	0	13	2	9	0	69	0	0	0	-10	14	17	0	49
18:20:00	66000	60	63	0	276	1	1	0	0	0	0	0	0	43	39	0	162	0	1	0	12	2	8	0	63	0	0	0	-10	14	14	0	49
18:25:00	66300	45	62	0	259	0	0	0	0	0	0	0	0	31	42	0	151	0	1	0	11	0	9	0	54	0	0	0	-10	14	10	0	53
18:30:00	66600	41	59	0	241	0	0	0	0	0	0	0	0	26	40	0	137	0	0	0	11	0	8	0	46	0	0	0	-10	15	11	0	57
18:35:00	66900	60	70	0	231	0	0	0	0	0	0	0	0	38	46	0	129	1	4	0	8	0	8	0	38	0	0	0	-10	21	12	0	66
18:40:00	67200	36	50	0	217	0	0	0	0	0	0	0	0	24	27	0	126	0	1	0	7	3	2	0	39	0	0	0	-10	9	20	0	55
18:45:00	67500	35	58	0	194	0	0	0	0	0	0	0	0	26	33	0	119	0	3	0	4	2	5	0	36	0	0	0	-10	7	17	0	45
18:50:00	67800	17	45	0	166	0	0	0	0	0	0	0	0	8	24	0	103	0	0	0	4	0	7	0	29	0	0	0	-10	9	14	0	40
18:55:00	68100	24	41	0	149	0	0	0	0	0	0	0	0	16	24	0	95	0	0	0	4	0	5	0	24	0	0	0	-10	8	12	0	36
19:00:00	68400	67	41	0	175	0	0	0	0	0	0	0	0	56	27	0	124	0	0	0	4	1	7	0	18	0	0	0	-10	10	7	0	39
19:05:00	68700	82	41	0	216	0	0	0	0	0	0	0	0	66	29	0	161	0	0	0	4	3	0	0	21	0	0	0	-10	13	12	0	40
19:10:00	69000	65	61	0	220	0	0	0	0	0	0	0	0	55	50	0	166	0	0	0	4	2	1	0	22	0	0	0	-10	8	10	0	38
19:15:00	69300	54	71	0	203	0	0	0	0	0	0	0	0	43	53	0	156	0	1	0	3	1	4	0	19	0	0	0	-10	10	13	0	35
19:20:00	69600	60	62	0	201	0	0	0	0	0	0	0	0	52	52	0	156	0	0	0	3	0	2	0	17	0	0	0	-10	8	8	0	35
19:25:00	69900	87	62	0	226	0	0	0	0	0	0	0	0	74	51	0	179	0	0	0	3	1	1	0	17	0	0	0	-10	12	10	0	37
19:30:00	70200	67	60	0	233	0	0	0	0	0	0	0	0	53	48	0	184	0	0	0	3	0	3	0	14	0	0	0	-10	14	9	0	42
19:35:00	70500	51	81	0	203	1	0	0	1	0	0	0	0	40	68	0	156	0	0	0	3	0	3	0	11	0	0	0	-10	10	10	0	42
19:40:00	70800	38	57	0	184	0	1	0	0	0	0	0	0	32	44	0	144	0	0	0	3	0	0	0	11	0	0	0	-10	6	12	0	36
19:45:00	71100	69	59	0	194	0	0	0	0	0	0	0	0	54	43	0	155	0	1	0	2	3	4	0	10	0	0	0	-10	12	11	0	37
19:50:00	71400	48	57	0	185	2	0	0	2	0	0	0	0	38	47	0	146	0	0	0	2	2	1	0	11	0	0	0	-10	6	9	0	34
19:55:00	71700	49	60	0	174	0	1	0	1	0	0	0	0	39	53	0	132	0	0	0	2	0	1	0	10	0	0	0	-10	10	5	0	39
20:00:00	72000	7	46	0	135	0	0	0	1	0	0	0	0	3	34	0	101	0	0	0	2	1	1	0	10	0	0	0	-10	3	11	0	31
20:05:00	72300	7	43	0	99	0	1	0	0	0	0	0	0	4	31	0	74	0	0	0	2	2	0	0	12	0	0	0	-10	1	11	0	21
20:10:00	72600	6	18	0	87	0	0	0	0	0	0	0	0	6	14	0	66	0	0	0	2	0	0	0	12	0	0	0	-10	0	4	0	17
20:15:00	72900	8	20	0	75	0	0	0	0	0	0	0	0	3	15	0	54	0	0	0	2	1	3	0	10	0	0	0	-10	4	2	0	19
20:20:00	73200	10	21	0	64	0	0	0	0	0	0	0	0	7	15	0	46	0	1	0	1	1	2	0	9	0	0	0	-10	2	3	0	18
20:25:00	73500	9	11	0	62	0	0	0	0	0	0	0	0	5	6	0	45	0	0	0	1	0	3	0	6	0	0	0	-10	4	2	0	20
20:30:00	73800	6	18	0	50	0	0	0	0	0	0	0	0	4	12	0	37	0	1	0	0	0	2	0	4	0	0	0	-10	2	3	0	19
20:35:00	74100	3	9	0	44	0	0	0	0	0	0	0	0	2	5	0	34	0	0	0	0	0	1	0	3	0	0	0	-10	1	3	0	17
20:40:00	74400	4	8	0	40	0	0	0	0	0	0	0	0	4	6	0	32	0	0	0	0	0	0	0	3	0	0	0	-10	0	2	0	15
20:45:00	74700	5	7	0	38	0	0	0	0	0	0	0	0	3	3	0	32	0	0	0	0	0	0	0	3	0	0	0	-10	2	4	0	13
20:50:00	75000	10	15	0	33	0	0	0	0	0	0	0	0	6	9	0	29	0	0	0	0	0	0	0	3	0	0	0	-10	4	6	0	11
20:55:00	75300	4	7	0	30	0	0	0	0	0	0	0	0	3	4	0	28	0	0	0	0	0	0	0	3	0	0	0	-10	1	3	0	9
21:00:00	75600	9	9	0	30	0	0	0	0	0	0	0	0	7	7	0	28	0	0	0	0	0	0	0	3	0	0	0	-10	2	2	0	9
21:05:00	75900	6	7	0	29	0	0	0	0	0	0	0	0	5	5	0	28	0	0	0	0	0	0	0	3	0	0	0	-10	1	2	0	8
21:10:00	76200	3	5	0	27	0	0	0	0	0	0	0	0	3	3	0	28	0	0	0	0	0	0	0	3	0	0	0	-10	0	2	0	6
21:15:00	76500	2	5	0	24	0	0	0	0	0	0	0	0	2	4	0	26	0	0	0	0	0	0	0	3	0	0	0	-10	0	1	0	5
21:20:00	76800	1	4	0	21	0	0	0	0	0	0	0	0	1	4	0	23	0	0	0	0	0	0	0	3	0	0	0	-10	0	0	0	5
21:25:00	77100	1	2	0	20	0	0	0	0	0	0	0	0	1	2	0	22	0	0	0	0	0	0	0	3	0	0	0	-10	0	0	0	5
21:30:00	77400	0	4	0	16	0	0	0	0	0	0	0	0	0	4	0	18	0	0	0	0	0	0	0	3	0	0	0	-10	0	0	0	5
21:35:00	77700	0	3	0	13	0	0	0	0	0	0	0	0	0	3	0	15	0	0	0	0	0	0	0	3	0	0	0	-10	0	0	0	5
21:40:00	78000	2	3	0	12	0	0	0	0	0	0	0	0	2	3	0	14	0	0	0	0	0	0	0	3	0	0	0	-10	0	0	0	5
21:45:00	78300	1	3	0	10	0	0	0	0	0	0	0	0	1	1	0	14	0	0	0	0	0	0	0	3	0	0	0	-10	0	2	0	3
21:50:00	78600	3	5	0	8	0	0	0	0	0	0	0	0	3	5	0	12	0	0	0	0	0	0	0	3	0	0	0	-10	0	0	0	3
21:55:00	78900	0	0	0	8	0	0	0	0	0	0	0	0	0	0	0	12	0	0	0	0	0	0	0	3	0	0	0	-10	0	0	0	3
22:00:00	79200	0	1	0	7	0	0	0	0	0	0	0	0	0	1	0	11	0	0	0	0	0	0	0	3	0	0	0	-10	0	0	0	3
22:05:00	79500	0	1	0	6	0	0	0	0	0	0	0	0	0	0	0	11	0	0	0	0	0	0	0	3	0	0	0	-10	0	1	0	2
22:10:00	79800	1	1	0	6	0	0	0	0	0	0	0	0	1	1	0	11	0	0	0	0	0	0	0	3	0	0	0	-10	0	0	0	2
22:15:00	80100	3	5	0	4	0	0	0	0	0	0	0	0	2	4	0	9	0	0	0	0	0	0	0	3	0	0	0	-10	1	1	0	2
22:20:00	80400	0	3	0	1	0	0	0	0	0	0	0	0	0	1	0	8	0	0	0	0	0	0	0	3	0	0	0	-10	0	2	0	0
22:25:00	80700	0	2	0	-1	0	0	0	0	0	0	0	0	0	2	0	6	0	0	0	0	0	0	0	3	0	0	0	-10	0	0	0	0
22:30:00	81000	0	0	0	-1	0	0	0	0	0	0	0	0	0	0	0	6	0	0	0	0	0	0	0	3	0	0	0	-10	0	0	0	0
22:35:00	81300	0	0	0	-1	0	0	0	0	0	0	0	0	0	0	0	6	0	0	0	0	0	0	0	3	0	0	0	-10	0	0	0	0
22:40:00	81600	0	1	0	-2	0	0	0	0	0	0	0	0	0	1	0	5	0	0	0	0	0	0	0	3	0	0	0	-10	0	0	0	0
22:45:00	81900	2	2	0	-2	0	0	0	0	0	0	0	0	2	2	0	5	0	0	0	0	0	0	0	3	0	0	0	-10	0	0	0	0
22:50:00	82200	0	1	0	-3	0	0	0	0	0	0	0	0	0	1	0	4	0	0	0	0	0	0	0	3	0	0	0	-10	0	0	0	0
22:55:00	82500	0	0	0	-3	0	0	0	0	0	0	0	0	0	0	0	4	0	0	0	0	0	0	0	3	0	0	0	-10	0	0	0	0
23:00:00	82800	0	0	0	-3	0	0	0	0	0	0	0	0	0	0	0	4	0	0	0	0	0	0	0	3	0	0	0	-10	0	0	0	0
23:05:00	83100	0	0	0	-3	0	0	0	0	0	0	0	0	0	0	0	4	0	0	0	0	0	0	0	3	0	0	0	-10	0	0	0	0
23:10:00	83400	0	0	0	-3	0	0	0	0	0	0	0	0	0	0	0	4	0	0	0	0	0	0	0	3	0	0	0	-10	0	0	0	0
23:15:00	83700	6	2	0	1	0	0	0	0	0	0	0	0	6	2	0	8	0	0	0	0	0	0	0	3	0	0	0	-10	0	0	0	0
23:20:00	84000	5	4	0	2	0	0	0	0	0	0	0	0	5	4	0	9	0	0	0	0	0	0	0	3	0	0	0	-10	0	0	0	0
23:25:00	84300	5	2	0	5	0	0	0	0	0	0	0	0	3	1	0	11	0	0	0	0	0	0	0	3	0	0	0	-10	2	1	0	1
23:30:00	84600	2	6	0	1	0	0	0	0	0	0	0	0	2	5	0	8	0	0	0	0	0	0	0	3	0	0	0	-10	0	1	0	0
23:35:00	84900	2	0	0	3	0	0	0	0	0	0	0	0	2	0	0	10	0	0	0	0	0	0	0	3	0	0	0	-10	0	0	0	0
23:40:00	85200	3	3	0	3	0	0	0	0	0	0	0	0	3	3	0	10	0	0	0	0	0	0	0	3	0	0	0	-10	0	0	0	0
23:45:00	85500	4	2	0	5	0	0	0	0	0	0	0	0	2	2	0	10	0	0	0	0	0	0	0	3	0	0	0	-10	2	0	0	2
23:50:00	85800	4	6	0	3	0	0	0	0	0	0	0	0	3	3	0	10	0	0	0	0	0	0	0	3	0	0	0	-10	1	3	0	0
23:55:00	86100	2	3	0	2	0	0	0	0	0	0	0	0	1	3	0	8	0	0	0	0	0	0	0	3	0	0	0	-10	1	0	0	1
24:00:00	86400	4	0	0	6	0	0	0	0	0	0	0	0	4	0	0	12	0	0	0	0	0	0	0	3	0	0	0	-10	0	0	0	1
24:05:00	86700	2	4	0	4	0	0	0	0	0	0	0	0	2	3	0	11	0	0	0	0	0	0	0	3	0	0	0	-10	0	1	0	0
24:10:00	87000	3	3	0	4	0	0	0	0	0	0	0	0	3	3	0	11	0	0	0	0	0	0	0	3	0	0	0	-10	0	0	0	0
24:15:00	87300	0	3	0	1	0	0	0	0	0	0	0	0	0	3	0	8	0	0	0	0	0	0	0	3	0	0	0	-10	0	0	0	0
24:20:00	87600	0	2	0	-1	0	0	0	0	0	0	0	0	0	2	0	6	0	0	0	0	0	0	0	3	0	0	0	-10	0	0	0	0
24:25:00	87900	0	1	0	-2	0	0	0	0	0	0	0	0	0	1	0	5	0	0	0	0	0	0	0	3	0	0	0	-10	0	0	0	0
24:30:00	88200	0	0	0	-2	0	0	0	0	0	0	0	0	0	0	0	5	0	0	0	0	0	0	0	3	0	0	0	-10	0	0	0	0
24:35:00	88500	0	2	0	-4	0	0	0	0	0	0	0	0	0	2	0	3	0	0	0	0	0	0	0	3	0	0	0	-10	0	0	0	0
24:40:00	88800	0	0	0	-4	0	0	0	0	0	0	0	0	0	0	0	3	0	0	0	0	0	0	0	3	0	0	0	-10	0	0	0	0
24:45:00	89100	0	0	0	-4	0	0	0	0	0	0	0	0	0	0	0	3	0	0	0	0	0	0	0	3	0	0	0	-10	0	0	0	0
24:50:00	89400	0	2	0	-6	0	0	0	0	0	0	0	0	0	2	0	1	0	0	0	0	0	0	0	3	0	0	0	-10	0	0	0	0
24:55:00	89700	0	0	0	-6	0	0	0	0	0	0	0	0	0	0	0	1	0	0	0	0	0	0	0	3	0	0	0	-10	0	0	0	0
25:00:00	90000	0	0	0	-6	0	0	0	0	0	0	0	0	0	0	0	1	0	0	0	0	0	0	0	3	0	0	0	-10	0	0	0	0
25:05:00	90300	0	0	0	-6	0	0	0	0	0	0	0	0	0	0	0	1	0	0	0	0	0	0	0	3	0	0	0	-10	0	0	0	0
25:10:00	90600	0	0	0	-6	0	0	0	0	0	0	0	0	0	0	0	1	0	0	0	0	0	0	0	3	0	0	0	-10	0	0	0	0
25:15:00	90900	0	0	0	-6	0	0	0	0	0	0	0	0	0	0	0	1	0	0	0	0	0	0	0	3	0	0	0	-10	0	0	0	0
25:20:00	91200	0	0	0	-6	0	0	0	0	0	0	0	0	0	0	0	1	0	0	0	0	0	0	0	3	0	0	0	-10	0	0	0	0
25:25:00	91500	0	0	0	-6	0	0	0	0	0	0	0	0	0	0	0	1	0	0	0	0	0	0	0	3	0	0	0	-10	0	0	0	0
25:30:00	91800	0	0	0	-6	0	0	0	0	0	0	0	0	0	0	0	1	0	0	0	0	0	0	0	3	0	0	0	-10	0	0	0	0
25:35:00	92100	0	0	0	-6	0	0	0	0	0	0	0	0	0	0	0	1	0	0	0	0	0	0	0	3	0	0	0	-10	0	0	0	0
25:40:00	92400	0	0	0	-6	0	0	0	0	0	0	0	0	0	0	0	1	0	0	0	0	0	0	0	3	0	0	0	-10	0	0	0	0
25:45:00	92700	0	0	0	-6	0	0	0	0	0	0	0	0	0	0	0	1	0	0	0	0	0	0	0	3	0	0	0	-10	0	0	0	0
25:50:00	93000	0	0	0	-6	0	0	0	0	0	0	0	0	0	0	0	1	0	0	0	0	0	0	0	3	0	0	0	-10	0	0	0	0
25:55:00	93300	0	0	0	-6	0	0	0	0	0	0	0	0	0	0	0	1	0	0	0	0	0	0	0	3	0	0	0	-10	0	0	0	0
26:00:00	93600	0	0	0	-6	0	0	0	0	0	0	0	0	0	0	0	1	0	0	0	0	0	0	0	3	0	0	0	-10	0	0	0	0
26:05:00	93900	2	2	0	-6	0	0	0	0	0	0	0	0	2	2	0	1	0	0	0	0	0	0	0	3	0	0	0	-10	0	0	0	0
26:10:00	94200	0	1	0	-7	0	0	0	0	0	0	0	0	0	1	0	0	0	0	0	0	0	0	0	3	0	0	0	-10	0	0	0	0
26:15:00	94500	0	0	0	-7	0	0	0	0	0	0	0	0	0	0	0	0	0	0	0	0	0	0	0	3	0	0	0	-10	0	0	0	0
26:20:00	94800	0	0	0	-7	0	0	0	0	0	0	0	0	0	0	0	0	0	0	0	0	0	0	0	3	0	0	0	-10	0	0	0	0
26:25:00	95100	0	0	0	-7	0	0	0	0	0	0	0	0	0	0	0	0	0	0	0	0	0	0	0	3	0	0	0	-10	0	0	0	0
26:30:00	95400	0	0	0	-7	0	0	0	0	0	0	0	0	0	0	0	0	0	0	0	0	0	0	0	3	0	0	0	-10	0	0	0	0
26:35:00	95700	0	0	0	-7	0	0	0	0	0	0	0	0	0	0	0	0	0	0	0	0	0	0	0	3	0	0	0	-10	0	0	0	0
26:40:00	96000	0	0	0	-7	0	0	0	0	0	0	0	0	0	0	0	0	0	0	0	0	0	0	0	3	0	0	0	-10	0	0	0	0
26:45:00	96300	0	0	0	-7	0	0	0	0	0	0	0	0	0	0	0	0	0	0	0	0	0	0	0	3	0	0	0	-10	0	0	0	0
26:50:00	96600	0	0	0	-7	0	0	0	0	0	0	0	0	0	0	0	0	0	0	0	0	0	0	0	3	0	0	0	-10	0	0	0	0
26:55:00	96900	0	0	0	-7	0	0	0	0	0	0	0	0	0	0	0	0	0	0	0	0	0	0	0	3	0	0	0	-10	0	0	0	0
27:00:00	97200	0	0	0	-7	0	0	0	0	0	0	0	0	0	0	0	0	0	0	0	0	0	0	0	3	0	0	0	-10	0	0	0	0
27:05:00	97500	0	0	0	-7	0	0	0	0	0	0	0	0	0	0	0	0	0	0	0	0	0	0	0	3	0	0	0	-10	0	0	0	0
27:10:00	97800	0	0	0	-7	0	0	0	0	0	0	0	0	0	0	0	0	0	0	0	0	0	0	0	3	0	0	0	-10	0	0	0	0
27:15:00	98100	0	0	0	-7	0	0	0	0	0	0	0	0	0	0	0	0	0	0	0	0	0	0	0	3	0	0	0	-10	0	0	0	0
27:20:00	98400	0	0	0	-7	0	0	0	0	0	0	0	0	0	0	0	0	0	0	0	0	0	0	0	3	0	0	0	-10	0	0	0	0
27:25:00	98700	0	0	0	-7	0	0	0	0	0	0	0	0	0	0	0	0	0	0	0	0	0	0	0	3	0	0	0	-10	0	0	0	0
27:30:00	99000	0	0	0	-7	0	0	0	0	0	0	0	0	0	0	0	0	0	0	0	0	0	0	0	3	0	0	0	-10	0	0	0	0
27:35:00	99300	0	0	0	-7	0	0	0	0	0	0	0	0	0	0	0	0	0	0	0	0	0	0	0	3	0	0	0	-10	0	0	0	0
27:40:00	99600	0	0	0	-7	0	0	0	0	0	0	0	0	0	0	0	0	0	0	0	0	0	0	0	3	0	0	0	-10	0	0	0	0
27:45:00	99900	0	0	0	-7	0	0	0	0	0	0	0	0	0	0	0	0	0	0	0	0	0	0	0	3	0	0	0	-10	0	0	0	0
27:50:00	100200	0	0	0	-7	0	0	0	0	0	0	0	0	0	0	0	0	0	0	0	0	0	0	0	3	0	0	0	-10	0	0	0	0
27:55:00	100500	0	0	0	-7	0	0	0	0	0	0	0	0	0	0	0	0	0	0	0	0	0	0	0	3	0	0	0	-10	0	0	0	0
28:00:00	100800	0	0	0	-7	0	0	0	0	0	0	0	0	0	0	0	0	0	0	0	0	0	0	0	3	0	0	0	-10	0	0	0	0
28:05:00	101100	0	0	0	-7	0	0	0	0	0	0	0	0	0	0	0	0	0	0	0	0	0	0	0	3	0	0	0	-10	0	0	0	0
28:10:00	101400	0	0	0	-7	0	0	0	0	0	0	0	0	0	0	0	0	0	0	0	0	0	0	0	3	0	0	0	-10	0	0	0	0
28:15:00	101700	0	0	0	-7	0	0	0	0	0	0	0	0	0	0	0	0	0	0	0	0	0	0	0	3	0	0	0	-10	0	0	0	0
28:20:00	102000	0	0	0	-7	0	0	0	0	0	0	0	0	0	0	0	0	0	0	0	0	0	0	0	3	0	0	0	-10	0	0	0	0
28:25:00	102300	0	0	0	-7	0	0	0	0	0	0	0	0	0	0	0	0	0	0	0	0	0	0	0	3	0	0	0	-10	0	0	0	0
28:30:00	102600	0	0	0	-7	0	0	0	0	0	0	0	0	0	0	0	0	0	0	0	0	0	0	0	3	0	0	0	-10	0	0	0	0
28:35:00	102900	0	0	0	-7	0	0	0	0	0	0	0	0	0	0	0	0	0	0	0	0	0	0	0	3	0	0	0	-10	0	0	0	0
28:40:00	103200	0	0	0	-7	0	0	0	0	0	0	0	0	0	0	0	0	0	0	0	0	0	0	0	3	0	0	0	-10	0	0	0	0
28:45:00	103500	0	0	0	-7	0	0	0	0	0	0	0	0	0	0	0	0	0	0	0	0	0	0	0	3	0	0	0	-10	0	0	0	0
28:50:00	103800	0	0	0	-7	0	0	0	0	0	0	0	0	0	0	0	0	0	0	0	0	0	0	0	3	0	0	0	-10	0	0	0	0
28:55:00	104100	0	0	0	-7	0	0	0	0	0	0	0	0	0	0	0	0	0	0	0	0	0	0	0	3	0	0	0	-10	0	0	0	0
29:00:00	104400	0	0	0	-7	0	0	0	0	0	0	0	0	0	0	0	0	0	0	0	0	0	0	0	3	0	0	0	-10	0	0	0	0
29:05:00	104700	0	0	0	-7	0	0	0	0	0	0	0	0	0	0	0	0	0	0	0	0	0	0	0	3	0	0	0	-10	0	0	0	0
29:10:00	105000	0	0	0	-7	0	0	0	0	0	0	0	0	0	0	0	0	0	0	0	0	0	0	0	3	0	0	0	-10	0	0	0	0
29:15:00	105300	0	0	0	-7	0	0	0	0	0	0	0	0	0	0	0	0	0	0	0	0	0	0	0	3	0	0	0	-10	0	0	0	0
29:20:00	105600	0	0	0	-7	0	0	0	0	0	0	0	0	0	0	0	0	0	0	0	0	0	0	0	3	0	0	0	-10	0	0	0	0
29:25:00	105900	0	0	0	-7	0	0	0	0	0	0	0	0	0	0	0	0	0	0	0	0	0	0	0	3	0	0	0	-10	0	0	0	0
29:30:00	106200	0	0	0	-7	0	0	0	0	0	0	0	0	0	0	0	0	0	0	0	0	0	0	0	3	0	0	0	-10	0	0	0	0
29:35:00	106500	0	0	0	-7	0	0	0	0	0	0	0	0	0	0	0	0	0	0	0	0	0	0	0	3	0	0	0	-10	0	0	0	0
29:40:00	106800	0	0	0	-7	0	0	0	0	0	0	0	0	0	0	0	0	0	0	0	0	0	0	0	3	0	0	0	-10	0	0	0	0
29:45:00	107100	0	0	0	-7	0	0	0	0	0	0	0	0	0	0	0	0	0	0	0	0	0	0	0	3	0	0	0	-10	0	0	0	0
29:50:00	107400	0	0	0	-7	0	0	0	0	0	0	0	0	0	0	0	0	0	0	0	0	0	0	0	3	0	0	0	-10	0	0	0	0
29:55:00	107700	0	0	0	-7	0	0	0	0	0	0	0	0	0	0	0	0	0	0	0	0	0	0	0	3	0	0	0	-10	0	0	0	0
30:00:00	108000	0	0	3	-10	0	0	0	0	0	0	0	0	0	0	0	0	0	0	0	0	0	0	3	0	0	0	0	-10	0	0	0	0
30:05:00	108300	0	0	0	-10	0	0	0	0	0	0	0	0	0	0	0	0	0	0	0	0	0	0	0	0	0	0	0	-10	0	0	0	0
