time	time	departures_all	arrivals_all	stuck_all	en-route_all	departures_Shared-Bike	arrivals_Shared-Bike	stuck_Shared-Bike	en-route_Shared-Bike	departures_bike	arrivals_bike	stuck_bike	en-route_bike	departures_car	arrivals_car	stuck_car	en-route_car	departures_car_passenger	arrivals_car_passenger	stuck_car_passenger	en-route_car_passenger	departures_eScooter	arrivals_eScooter	stuck_eScooter	en-route_eScooter	departures_pt	arrivals_pt	stuck_pt	en-route_pt	departures_sharing:standardBikeShare	arrivals_sharing:standardBikeShare	stuck_sharing:standardBikeShare	en-route_sharing:standardBikeShare	departures_sharing:standardeScooter	arrivals_sharing:standardeScooter	stuck_sharing:standardeScooter	en-route_sharing:standardeScooter	departures_walk	arrivals_walk	stuck_walk	en-route_walk
00:00:00	0	0	0	0	0	0	0	0	0	0	0	0	0	0	0	0	0	0	0	0	0	0	0	0	0	0	0	0	0	0	0	0	0	0	0	0	0	0	0	0	0
00:05:00	300	0	0	0	0	0	0	0	0	0	0	0	0	0	0	0	0	0	0	0	0	0	0	0	0	0	0	0	0	0	0	0	0	0	0	0	0	0	0	0	0
00:10:00	600	0	0	0	0	0	0	0	0	0	0	0	0	0	0	0	0	0	0	0	0	0	0	0	0	0	0	0	0	0	0	0	0	0	0	0	0	0	0	0	0
00:15:00	900	0	0	0	0	0	0	0	0	0	0	0	0	0	0	0	0	0	0	0	0	0	0	0	0	0	0	0	0	0	0	0	0	0	0	0	0	0	0	0	0
00:20:00	1200	0	0	0	0	0	0	0	0	0	0	0	0	0	0	0	0	0	0	0	0	0	0	0	0	0	0	0	0	0	0	0	0	0	0	0	0	0	0	0	0
00:25:00	1500	0	0	0	0	0	0	0	0	0	0	0	0	0	0	0	0	0	0	0	0	0	0	0	0	0	0	0	0	0	0	0	0	0	0	0	0	0	0	0	0
00:30:00	1800	0	0	0	0	0	0	0	0	0	0	0	0	0	0	0	0	0	0	0	0	0	0	0	0	0	0	0	0	0	0	0	0	0	0	0	0	0	0	0	0
00:35:00	2100	0	0	0	0	0	0	0	0	0	0	0	0	0	0	0	0	0	0	0	0	0	0	0	0	0	0	0	0	0	0	0	0	0	0	0	0	0	0	0	0
00:40:00	2400	0	0	0	0	0	0	0	0	0	0	0	0	0	0	0	0	0	0	0	0	0	0	0	0	0	0	0	0	0	0	0	0	0	0	0	0	0	0	0	0
00:45:00	2700	0	0	0	0	0	0	0	0	0	0	0	0	0	0	0	0	0	0	0	0	0	0	0	0	0	0	0	0	0	0	0	0	0	0	0	0	0	0	0	0
00:50:00	3000	0	0	0	0	0	0	0	0	0	0	0	0	0	0	0	0	0	0	0	0	0	0	0	0	0	0	0	0	0	0	0	0	0	0	0	0	0	0	0	0
00:55:00	3300	0	0	0	0	0	0	0	0	0	0	0	0	0	0	0	0	0	0	0	0	0	0	0	0	0	0	0	0	0	0	0	0	0	0	0	0	0	0	0	0
01:00:00	3600	0	0	0	0	0	0	0	0	0	0	0	0	0	0	0	0	0	0	0	0	0	0	0	0	0	0	0	0	0	0	0	0	0	0	0	0	0	0	0	0
01:05:00	3900	0	0	0	0	0	0	0	0	0	0	0	0	0	0	0	0	0	0	0	0	0	0	0	0	0	0	0	0	0	0	0	0	0	0	0	0	0	0	0	0
01:10:00	4200	0	0	0	0	0	0	0	0	0	0	0	0	0	0	0	0	0	0	0	0	0	0	0	0	0	0	0	0	0	0	0	0	0	0	0	0	0	0	0	0
01:15:00	4500	0	0	0	0	0	0	0	0	0	0	0	0	0	0	0	0	0	0	0	0	0	0	0	0	0	0	0	0	0	0	0	0	0	0	0	0	0	0	0	0
01:20:00	4800	0	0	0	0	0	0	0	0	0	0	0	0	0	0	0	0	0	0	0	0	0	0	0	0	0	0	0	0	0	0	0	0	0	0	0	0	0	0	0	0
01:25:00	5100	0	0	0	0	0	0	0	0	0	0	0	0	0	0	0	0	0	0	0	0	0	0	0	0	0	0	0	0	0	0	0	0	0	0	0	0	0	0	0	0
01:30:00	5400	0	0	0	0	0	0	0	0	0	0	0	0	0	0	0	0	0	0	0	0	0	0	0	0	0	0	0	0	0	0	0	0	0	0	0	0	0	0	0	0
01:35:00	5700	0	0	0	0	0	0	0	0	0	0	0	0	0	0	0	0	0	0	0	0	0	0	0	0	0	0	0	0	0	0	0	0	0	0	0	0	0	0	0	0
01:40:00	6000	0	0	0	0	0	0	0	0	0	0	0	0	0	0	0	0	0	0	0	0	0	0	0	0	0	0	0	0	0	0	0	0	0	0	0	0	0	0	0	0
01:45:00	6300	0	0	0	0	0	0	0	0	0	0	0	0	0	0	0	0	0	0	0	0	0	0	0	0	0	0	0	0	0	0	0	0	0	0	0	0	0	0	0	0
01:50:00	6600	0	0	0	0	0	0	0	0	0	0	0	0	0	0	0	0	0	0	0	0	0	0	0	0	0	0	0	0	0	0	0	0	0	0	0	0	0	0	0	0
01:55:00	6900	0	0	0	0	0	0	0	0	0	0	0	0	0	0	0	0	0	0	0	0	0	0	0	0	0	0	0	0	0	0	0	0	0	0	0	0	0	0	0	0
02:00:00	7200	0	0	0	0	0	0	0	0	0	0	0	0	0	0	0	0	0	0	0	0	0	0	0	0	0	0	0	0	0	0	0	0	0	0	0	0	0	0	0	0
02:05:00	7500	0	0	0	0	0	0	0	0	0	0	0	0	0	0	0	0	0	0	0	0	0	0	0	0	0	0	0	0	0	0	0	0	0	0	0	0	0	0	0	0
02:10:00	7800	0	0	0	0	0	0	0	0	0	0	0	0	0	0	0	0	0	0	0	0	0	0	0	0	0	0	0	0	0	0	0	0	0	0	0	0	0	0	0	0
02:15:00	8100	0	0	0	0	0	0	0	0	0	0	0	0	0	0	0	0	0	0	0	0	0	0	0	0	0	0	0	0	0	0	0	0	0	0	0	0	0	0	0	0
02:20:00	8400	0	0	0	0	0	0	0	0	0	0	0	0	0	0	0	0	0	0	0	0	0	0	0	0	0	0	0	0	0	0	0	0	0	0	0	0	0	0	0	0
02:25:00	8700	0	0	0	0	0	0	0	0	0	0	0	0	0	0	0	0	0	0	0	0	0	0	0	0	0	0	0	0	0	0	0	0	0	0	0	0	0	0	0	0
02:30:00	9000	0	0	0	0	0	0	0	0	0	0	0	0	0	0	0	0	0	0	0	0	0	0	0	0	0	0	0	0	0	0	0	0	0	0	0	0	0	0	0	0
02:35:00	9300	0	0	0	0	0	0	0	0	0	0	0	0	0	0	0	0	0	0	0	0	0	0	0	0	0	0	0	0	0	0	0	0	0	0	0	0	0	0	0	0
02:40:00	9600	0	0	0	0	0	0	0	0	0	0	0	0	0	0	0	0	0	0	0	0	0	0	0	0	0	0	0	0	0	0	0	0	0	0	0	0	0	0	0	0
02:45:00	9900	0	0	0	0	0	0	0	0	0	0	0	0	0	0	0	0	0	0	0	0	0	0	0	0	0	0	0	0	0	0	0	0	0	0	0	0	0	0	0	0
02:50:00	10200	0	0	0	0	0	0	0	0	0	0	0	0	0	0	0	0	0	0	0	0	0	0	0	0	0	0	0	0	0	0	0	0	0	0	0	0	0	0	0	0
02:55:00	10500	0	0	0	0	0	0	0	0	0	0	0	0	0	0	0	0	0	0	0	0	0	0	0	0	0	0	0	0	0	0	0	0	0	0	0	0	0	0	0	0
03:00:00	10800	0	0	0	0	0	0	0	0	0	0	0	0	0	0	0	0	0	0	0	0	0	0	0	0	0	0	0	0	0	0	0	0	0	0	0	0	0	0	0	0
03:05:00	11100	0	0	0	0	0	0	0	0	0	0	0	0	0	0	0	0	0	0	0	0	0	0	0	0	0	0	0	0	0	0	0	0	0	0	0	0	0	0	0	0
03:10:00	11400	0	0	0	0	0	0	0	0	0	0	0	0	0	0	0	0	0	0	0	0	0	0	0	0	0	0	0	0	0	0	0	0	0	0	0	0	0	0	0	0
03:15:00	11700	0	0	0	0	0	0	0	0	0	0	0	0	0	0	0	0	0	0	0	0	0	0	0	0	0	0	0	0	0	0	0	0	0	0	0	0	0	0	0	0
03:20:00	12000	0	0	0	0	0	0	0	0	0	0	0	0	0	0	0	0	0	0	0	0	0	0	0	0	0	0	0	0	0	0	0	0	0	0	0	0	0	0	0	0
03:25:00	12300	0	0	0	0	0	0	0	0	0	0	0	0	0	0	0	0	0	0	0	0	0	0	0	0	0	0	0	0	0	0	0	0	0	0	0	0	0	0	0	0
03:30:00	12600	0	0	0	0	0	0	0	0	0	0	0	0	0	0	0	0	0	0	0	0	0	0	0	0	0	0	0	0	0	0	0	0	0	0	0	0	0	0	0	0
03:35:00	12900	0	0	0	0	0	0	0	0	0	0	0	0	0	0	0	0	0	0	0	0	0	0	0	0	0	0	0	0	0	0	0	0	0	0	0	0	0	0	0	0
03:40:00	13200	0	0	0	0	0	0	0	0	0	0	0	0	0	0	0	0	0	0	0	0	0	0	0	0	0	0	0	0	0	0	0	0	0	0	0	0	0	0	0	0
03:45:00	13500	0	0	0	0	0	0	0	0	0	0	0	0	0	0	0	0	0	0	0	0	0	0	0	0	0	0	0	0	0	0	0	0	0	0	0	0	0	0	0	0
03:50:00	13800	0	0	0	0	0	0	0	0	0	0	0	0	0	0	0	0	0	0	0	0	0	0	0	0	0	0	0	0	0	0	0	0	0	0	0	0	0	0	0	0
03:55:00	14100	0	0	0	0	0	0	0	0	0	0	0	0	0	0	0	0	0	0	0	0	0	0	0	0	0	0	0	0	0	0	0	0	0	0	0	0	0	0	0	0
04:00:00	14400	0	0	0	0	0	0	0	0	0	0	0	0	0	0	0	0	0	0	0	0	0	0	0	0	0	0	0	0	0	0	0	0	0	0	0	0	0	0	0	0
04:05:00	14700	0	0	0	0	0	0	0	0	0	0	0	0	0	0	0	0	0	0	0	0	0	0	0	0	0	0	0	0	0	0	0	0	0	0	0	0	0	0	0	0
04:10:00	15000	0	0	0	0	0	0	0	0	0	0	0	0	0	0	0	0	0	0	0	0	0	0	0	0	0	0	0	0	0	0	0	0	0	0	0	0	0	0	0	0
04:15:00	15300	0	0	0	0	0	0	0	0	0	0	0	0	0	0	0	0	0	0	0	0	0	0	0	0	0	0	0	0	0	0	0	0	0	0	0	0	0	0	0	0
04:20:00	15600	0	0	0	0	0	0	0	0	0	0	0	0	0	0	0	0	0	0	0	0	0	0	0	0	0	0	0	0	0	0	0	0	0	0	0	0	0	0	0	0
04:25:00	15900	0	0	0	0	0	0	0	0	0	0	0	0	0	0	0	0	0	0	0	0	0	0	0	0	0	0	0	0	0	0	0	0	0	0	0	0	0	0	0	0
04:30:00	16200	0	0	0	0	0	0	0	0	0	0	0	0	0	0	0	0	0	0	0	0	0	0	0	0	0	0	0	0	0	0	0	0	0	0	0	0	0	0	0	0
04:35:00	16500	0	0	0	0	0	0	0	0	0	0	0	0	0	0	0	0	0	0	0	0	0	0	0	0	0	0	0	0	0	0	0	0	0	0	0	0	0	0	0	0
04:40:00	16800	0	0	0	0	0	0	0	0	0	0	0	0	0	0	0	0	0	0	0	0	0	0	0	0	0	0	0	0	0	0	0	0	0	0	0	0	0	0	0	0
04:45:00	17100	0	0	0	0	0	0	0	0	0	0	0	0	0	0	0	0	0	0	0	0	0	0	0	0	0	0	0	0	0	0	0	0	0	0	0	0	0	0	0	0
04:50:00	17400	0	0	0	0	0	0	0	0	0	0	0	0	0	0	0	0	0	0	0	0	0	0	0	0	0	0	0	0	0	0	0	0	0	0	0	0	0	0	0	0
04:55:00	17700	0	0	0	0	0	0	0	0	0	0	0	0	0	0	0	0	0	0	0	0	0	0	0	0	0	0	0	0	0	0	0	0	0	0	0	0	0	0	0	0
05:00:00	18000	0	0	0	0	0	0	0	0	0	0	0	0	0	0	0	0	0	0	0	0	0	0	0	0	0	0	0	0	0	0	0	0	0	0	0	0	0	0	0	0
05:05:00	18300	0	0	0	0	0	0	0	0	0	0	0	0	0	0	0	0	0	0	0	0	0	0	0	0	0	0	0	0	0	0	0	0	0	0	0	0	0	0	0	0
05:10:00	18600	0	0	0	0	0	0	0	0	0	0	0	0	0	0	0	0	0	0	0	0	0	0	0	0	0	0	0	0	0	0	0	0	0	0	0	0	0	0	0	0
05:15:00	18900	0	0	0	0	0	0	0	0	0	0	0	0	0	0	0	0	0	0	0	0	0	0	0	0	0	0	0	0	0	0	0	0	0	0	0	0	0	0	0	0
05:20:00	19200	0	0	0	0	0	0	0	0	0	0	0	0	0	0	0	0	0	0	0	0	0	0	0	0	0	0	0	0	0	0	0	0	0	0	0	0	0	0	0	0
05:25:00	19500	0	0	0	0	0	0	0	0	0	0	0	0	0	0	0	0	0	0	0	0	0	0	0	0	0	0	0	0	0	0	0	0	0	0	0	0	0	0	0	0
05:30:00	19800	0	0	0	0	0	0	0	0	0	0	0	0	0	0	0	0	0	0	0	0	0	0	0	0	0	0	0	0	0	0	0	0	0	0	0	0	0	0	0	0
05:35:00	20100	0	0	0	0	0	0	0	0	0	0	0	0	0	0	0	0	0	0	0	0	0	0	0	0	0	0	0	0	0	0	0	0	0	0	0	0	0	0	0	0
05:40:00	20400	0	0	0	0	0	0	0	0	0	0	0	0	0	0	0	0	0	0	0	0	0	0	0	0	0	0	0	0	0	0	0	0	0	0	0	0	0	0	0	0
05:45:00	20700	0	0	0	0	0	0	0	0	0	0	0	0	0	0	0	0	0	0	0	0	0	0	0	0	0	0	0	0	0	0	0	0	0	0	0	0	0	0	0	0
05:50:00	21000	0	0	0	0	0	0	0	0	0	0	0	0	0	0	0	0	0	0	0	0	0	0	0	0	0	0	0	0	0	0	0	0	0	0	0	0	0	0	0	0
05:55:00	21300	0	0	0	0	0	0	0	0	0	0	0	0	0	0	0	0	0	0	0	0	0	0	0	0	0	0	0	0	0	0	0	0	0	0	0	0	0	0	0	0
06:00:00	21600	4	1	1	2	0	0	0	0	0	0	0	0	2	0	0	2	0	0	0	0	0	0	0	0	0	0	0	0	0	0	0	0	0	0	1	-1	2	1	0	1
06:05:00	21900	4	2	0	4	0	0	0	0	0	0	0	0	1	1	0	2	0	0	0	0	0	0	0	0	0	0	0	0	0	0	0	0	0	0	0	-1	3	1	0	3
06:10:00	22200	5	2	0	7	0	0	0	0	0	0	0	0	2	1	0	3	0	0	0	0	1	0	0	1	0	0	0	0	0	0	0	0	0	0	0	-1	2	1	0	4
06:15:00	22500	1	2	1	5	0	0	0	0	0	0	0	0	0	1	0	2	0	0	0	0	0	0	0	1	0	0	0	0	0	0	0	0	0	0	1	-2	1	1	0	4
06:20:00	22800	3	0	0	8	0	0	0	0	0	0	0	0	2	0	0	4	0	0	0	0	0	0	0	1	0	0	0	0	0	0	0	0	0	0	0	-2	1	0	0	5
06:25:00	23100	4	3	2	7	0	0	0	0	0	0	0	0	1	1	0	4	0	0	0	0	0	0	0	1	0	0	0	0	0	0	0	0	0	0	2	-4	3	2	0	6
06:30:00	23400	42	3	1	45	0	0	0	0	0	0	0	0	28	2	0	30	0	0	0	0	0	0	0	1	0	0	0	0	0	0	0	0	0	0	1	-5	14	1	0	19
06:35:00	23700	39	21	0	63	0	0	0	0	0	0	0	0	24	16	0	38	0	0	0	0	0	1	0	0	0	0	0	0	0	0	0	0	0	0	0	-5	15	4	0	30
06:40:00	24000	36	19	1	79	0	0	0	0	0	0	0	0	23	14	0	47	0	0	0	0	0	0	0	0	2	0	0	2	0	0	0	0	0	0	1	-6	11	5	0	36
06:45:00	24300	38	33	1	83	0	0	0	0	1	0	0	1	17	24	0	40	0	0	0	0	2	0	0	2	4	0	0	6	0	0	0	0	0	0	1	-7	14	9	0	41
06:50:00	24600	41	27	3	94	1	0	0	1	0	0	0	1	23	18	0	45	0	0	0	0	0	1	0	1	0	0	0	6	0	0	0	0	0	0	3	-10	17	8	0	50
06:55:00	24900	80	38	1	135	1	0	0	2	0	0	0	1	44	21	0	68	0	0	0	0	1	1	0	1	1	0	0	7	0	0	0	0	0	0	1	-11	33	16	0	67
07:00:00	25200	69	47	1	156	2	0	0	4	0	0	0	1	38	34	0	72	0	0	0	0	1	0	0	2	0	0	0	7	0	0	0	0	0	0	1	-12	28	13	0	82
07:05:00	25500	71	58	3	166	1	3	0	2	0	1	0	0	32	29	0	75	0	0	0	0	2	0	0	4	3	0	0	10	0	0	0	0	0	0	3	-15	33	25	0	90
07:10:00	25800	74	69	3	168	0	1	0	1	0	0	0	0	39	31	0	83	0	0	0	0	2	2	0	4	5	6	0	9	0	0	0	0	0	0	3	-18	28	29	0	89
07:15:00	26100	90	49	6	203	1	1	0	1	0	0	0	0	42	32	0	93	0	0	0	0	1	0	0	5	0	1	0	8	0	0	0	0	0	0	6	-24	46	15	0	120
07:20:00	26400	81	62	6	216	0	0	0	1	0	0	0	0	46	40	0	99	0	0	0	0	2	2	0	5	4	1	0	11	0	0	0	0	0	0	6	-30	29	19	0	130
07:25:00	26700	120	78	2	256	1	1	0	1	0	0	0	0	71	45	0	125	0	0	0	0	0	3	0	2	10	0	0	21	0	0	1	-1	0	0	1	-31	38	29	0	139
07:30:00	27000	74	77	4	249	1	0	0	2	0	0	0	0	46	54	0	117	0	0	0	0	1	1	0	2	5	1	0	25	0	0	0	-1	0	0	4	-35	21	21	0	139
07:35:00	27300	91	94	3	243	1	1	0	2	0	0	0	0	42	60	0	99	0	0	0	0	0	1	0	1	3	9	0	19	0	0	0	-1	0	0	3	-38	45	23	0	161
07:40:00	27600	90	56	2	275	1	1	0	2	0	0	0	0	50	30	0	119	0	0	0	0	1	0	0	2	5	0	0	24	0	0	0	-1	0	0	2	-40	33	25	0	169
07:45:00	27900	107	95	7	280	0	2	0	0	0	0	0	0	51	49	0	121	0	0	0	0	2	2	0	2	8	1	0	31	0	0	0	-1	0	0	7	-47	46	41	0	174
07:50:00	28200	112	77	2	313	1	1	0	0	0	0	0	0	59	45	0	135	0	0	0	0	0	1	0	1	5	6	0	30	0	0	0	-1	0	0	2	-49	47	24	0	197
07:55:00	28500	115	97	4	327	0	0	0	0	0	0	0	0	57	64	0	128	12	1	0	11	2	0	0	3	7	1	0	36	0	0	0	-1	0	0	4	-53	37	31	0	203
08:00:00	28800	126	111	4	338	2	1	0	1	0	0	0	0	64	63	0	129	24	7	0	28	0	2	0	1	5	2	0	39	0	0	0	-1	0	0	4	-57	31	36	0	198
08:05:00	29100	110	98	5	345	0	1	0	0	0	0	0	0	56	53	0	132	17	10	0	35	0	0	0	1	7	2	0	44	0	0	0	-1	0	0	5	-62	30	32	0	196
08:10:00	29400	131	108	2	366	0	0	0	0	0	0	0	0	64	65	0	131	26	16	0	45	0	0	0	1	7	6	0	45	0	0	0	-1	0	0	2	-64	34	21	0	209
08:15:00	29700	102	113	5	350	1	0	0	1	0	0	0	0	40	56	0	115	14	17	0	42	0	1	0	0	4	2	0	47	0	0	0	-1	0	0	5	-69	43	37	0	215
08:20:00	30000	115	98	2	365	0	1	0	0	0	0	0	0	63	53	0	125	16	16	0	42	2	0	0	2	6	3	0	50	0	0	0	-1	0	0	2	-71	28	25	0	218
08:25:00	30300	111	98	2	376	1	0	0	1	0	0	0	0	49	57	0	117	20	13	0	49	1	2	0	1	1	5	0	46	0	0	0	-1	0	0	2	-73	39	21	0	236
08:30:00	30600	93	101	5	363	1	1	0	1	0	0	0	0	38	49	0	106	21	15	0	55	0	1	0	0	5	3	0	48	0	0	0	-1	0	0	5	-78	28	32	0	232
08:35:00	30900	85	92	1	355	1	2	0	0	0	0	0	0	39	47	0	98	8	21	0	42	0	0	0	0	5	2	0	51	0	0	0	-1	0	0	1	-79	32	20	0	244
08:40:00	31200	89	80	2	362	0	0	0	0	0	0	0	0	31	37	0	92	24	17	0	49	2	0	0	2	3	4	0	50	0	0	0	-1	0	0	2	-81	29	22	0	251
08:45:00	31500	112	84	4	386	1	0	0	1	0	0	0	0	40	39	0	93	39	13	0	75	1	1	0	2	6	1	0	55	0	0	0	-1	0	0	4	-85	25	30	0	246
08:50:00	31800	73	80	3	376	1	1	0	1	0	0	0	0	27	35	0	85	13	23	0	65	0	0	0	2	7	0	0	62	0	0	0	-1	0	0	3	-88	25	21	0	250
08:55:00	32100	84	83	2	375	0	1	0	0	0	0	0	0	33	33	0	85	18	19	0	64	0	1	0	1	7	6	0	63	0	0	0	-1	0	0	2	-90	26	23	0	253
09:00:00	32400	90	87	3	375	0	0	0	0	0	0	0	0	43	39	0	89	4	16	0	52	1	0	0	2	8	2	0	69	0	0	0	-1	0	0	3	-93	34	30	0	257
09:05:00	32700	69	85	4	355	0	0	0	0	0	0	0	0	31	39	0	81	6	12	0	46	1	0	0	3	3	7	0	65	0	0	0	-1	0	0	4	-97	28	27	0	258
09:10:00	33000	51	73	3	330	0	0	0	0	0	0	0	0	24	28	0	77	3	12	0	37	0	1	0	2	3	2	0	66	0	0	0	-1	0	0	3	-100	21	30	0	249
09:15:00	33300	55	67	2	316	0	0	0	0	0	0	0	0	30	35	0	72	2	12	0	27	0	1	0	1	7	1	0	72	0	0	0	-1	0	0	2	-102	16	18	0	247
09:20:00	33600	50	72	3	291	1	0	0	1	0	0	0	0	18	34	0	56	2	9	0	20	0	1	0	0	9	3	0	78	0	0	0	-1	0	0	3	-105	20	25	0	242
09:25:00	33900	58	66	1	282	0	0	0	1	0	0	0	0	20	22	0	54	4	3	0	21	0	0	0	0	1	18	0	61	0	0	0	-1	0	0	1	-106	33	23	0	252
09:30:00	34200	49	64	4	263	0	0	0	1	0	0	0	0	24	20	0	58	1	7	0	15	0	0	0	0	1	2	0	60	0	0	0	-1	0	0	4	-110	23	35	0	240
09:35:00	34500	47	63	4	243	1	1	0	1	0	0	0	0	17	27	0	48	8	5	0	18	1	1	0	0	4	1	0	63	0	0	0	-1	0	0	4	-114	16	28	0	228
09:40:00	34800	37	51	2	227	0	1	0	0	0	0	0	0	16	21	0	43	2	5	0	15	0	0	0	0	1	4	0	60	0	0	0	-1	0	0	2	-116	18	20	0	226
09:45:00	35100	40	61	2	204	0	0	0	0	1	1	0	0	19	28	0	34	0	5	0	10	0	0	0	0	3	2	0	61	0	0	0	-1	0	0	2	-118	17	25	0	218
09:50:00	35400	39	43	5	195	0	0	0	0	0	0	0	0	12	13	0	33	0	4	0	6	0	0	0	0	3	1	0	63	0	0	0	-1	0	0	5	-123	24	25	0	217
09:55:00	35700	44	43	5	191	0	0	0	0	0	0	0	0	27	19	0	41	0	2	0	4	0	0	0	0	0	1	0	62	0	0	0	-1	0	0	5	-128	17	21	0	213
10:00:00	36000	75	61	3	202	0	0	0	0	0	0	0	0	27	20	0	48	0	3	0	1	0	0	0	0	1	12	0	51	0	0	0	-1	0	0	3	-131	47	26	0	234
10:05:00	36300	59	63	8	190	0	0	0	0	0	0	0	0	28	28	0	48	0	0	0	1	0	0	0	0	0	1	0	50	0	0	0	-1	0	0	8	-139	31	34	0	231
10:10:00	36600	83	83	6	184	0	0	0	0	0	0	0	0	42	32	0	58	0	1	0	0	0	0	0	0	3	6	0	47	0	0	2	-3	0	0	4	-143	38	44	0	225
10:15:00	36900	60	57	4	183	0	0	0	0	0	0	0	0	24	22	0	60	0	0	0	0	0	0	0	0	2	1	0	48	0	0	0	-3	0	0	4	-147	34	34	0	225
10:20:00	37200	71	83	5	166	0	0	0	0	0	0	0	0	39	38	0	61	0	0	0	0	0	0	0	0	3	2	0	49	0	0	0	-3	0	0	5	-152	29	43	0	211
10:25:00	37500	72	63	3	172	1	0	0	1	0	0	0	0	36	31	0	66	0	0	0	0	0	0	0	0	2	2	0	49	0	0	0	-3	0	0	3	-155	33	30	0	214
10:30:00	37800	63	71	5	159	0	0	0	1	0	0	0	0	35	29	0	72	0	0	0	0	0	0	0	0	1	2	0	48	0	0	0	-3	0	0	5	-160	27	40	0	201
10:35:00	38100	48	73	2	132	0	0	0	1	0	0	0	0	23	44	0	51	2	1	0	1	0	0	0	0	2	1	0	49	0	0	0	-3	0	0	2	-162	21	27	0	195
10:40:00	38400	56	55	0	133	0	0	0	1	0	0	0	0	21	26	0	46	1	1	0	1	2	0	0	2	0	0	0	49	0	0	0	-3	0	0	0	-162	32	28	0	199
10:45:00	38700	72	73	0	132	0	1	0	0	0	0	0	0	29	30	0	45	3	0	0	4	0	1	0	1	3	6	0	46	0	0	0	-3	0	0	0	-162	37	35	0	201
10:50:00	39000	47	60	4	115	0	0	0	0	0	0	0	0	20	23	0	42	0	3	0	1	0	0	0	1	2	1	0	47	0	0	0	-3	0	0	4	-166	25	33	0	193
10:55:00	39300	47	66	5	91	0	0	0	0	0	0	0	0	17	25	0	34	2	0	0	3	0	1	0	0	2	2	0	47	0	0	0	-3	0	0	5	-171	26	38	0	181
11:00:00	39600	54	54	3	88	0	0	0	0	0	0	0	0	20	21	0	33	4	1	0	6	0	0	0	0	1	0	0	48	0	0	1	-4	0	0	2	-173	29	32	0	178
11:05:00	39900	69	63	2	92	0	0	0	0	0	0	0	0	23	13	0	43	1	1	0	6	0	0	0	0	8	8	0	48	0	0	1	-5	0	0	1	-174	37	41	0	174
11:10:00	40200	76	50	3	115	1	0	0	1	0	0	0	0	40	22	0	61	2	1	0	7	1	0	0	1	2	1	0	49	0	0	1	-6	0	0	2	-176	30	26	0	178
11:15:00	40500	61	60	1	115	0	1	0	0	0	0	0	0	31	32	0	60	10	3	0	14	0	0	0	1	3	0	0	52	0	0	0	-6	0	0	1	-177	17	24	0	171
11:20:00	40800	66	56	1	124	0	0	0	0	0	0	0	0	25	27	0	58	2	2	0	14	2	1	0	2	3	2	0	53	0	0	0	-6	0	0	1	-178	34	24	0	181
11:25:00	41100	74	73	5	120	0	0	0	0	0	0	0	0	31	33	0	56	3	3	0	14	1	1	0	2	0	1	0	52	0	0	0	-6	0	0	5	-183	39	35	0	185
11:30:00	41400	85	83	4	118	0	0	0	0	0	0	0	0	41	31	0	66	1	5	0	10	3	1	0	4	4	3	0	53	0	0	1	-7	0	0	3	-186	36	43	0	178
11:35:00	41700	88	87	5	114	0	0	0	0	0	0	0	0	34	36	0	64	3	3	0	10	1	1	0	4	4	7	0	50	0	0	0	-7	0	0	5	-191	46	40	0	184
11:40:00	42000	80	80	1	113	0	0	0	0	0	0	0	0	29	27	0	66	0	4	0	6	2	3	0	3	3	15	0	38	0	0	0	-7	0	0	1	-192	46	31	0	199
11:45:00	42300	83	84	3	109	0	0	0	0	0	0	0	0	36	34	0	68	3	4	0	5	1	2	0	2	7	4	0	41	0	0	0	-7	0	0	3	-195	36	40	0	195
11:50:00	42600	86	74	4	117	0	0	0	0	0	0	0	0	46	29	0	85	5	2	0	8	0	0	0	2	1	0	0	42	0	0	0	-7	0	0	4	-199	34	43	0	186
11:55:00	42900	93	91	5	114	0	0	0	0	0	0	0	0	51	42	0	94	1	1	0	8	0	0	0	2	2	4	0	40	0	0	0	-7	0	0	5	-204	39	44	0	181
12:00:00	43200	78	91	8	93	1	0	0	1	0	0	0	0	40	51	0	83	2	2	0	8	2	1	0	3	1	0	0	41	0	0	0	-7	0	0	8	-212	32	37	0	176
12:05:00	43500	63	74	3	79	0	0	0	1	0	0	0	0	27	39	0	71	8	5	0	11	3	1	0	5	3	0	0	44	0	0	0	-7	0	0	3	-215	22	29	0	169
12:10:00	43800	57	46	3	87	0	0	0	1	0	0	0	0	37	27	0	81	2	0	0	13	0	2	0	3	1	1	0	44	0	0	0	-7	0	0	3	-218	17	16	0	170
12:15:00	44100	46	66	2	65	1	1	0	1	0	0	0	0	24	38	0	67	1	3	0	11	0	2	0	1	1	2	0	43	0	0	0	-7	0	0	2	-220	19	20	0	169
12:20:00	44400	42	55	3	49	0	1	0	0	0	0	0	0	23	34	0	56	0	3	0	8	1	0	0	2	0	2	0	41	0	0	1	-8	0	0	2	-222	18	15	0	172
12:25:00	44700	51	48	2	50	0	0	0	0	0	0	0	0	35	24	0	67	0	3	0	5	1	0	0	3	2	1	0	42	0	0	0	-8	0	0	2	-224	13	20	0	165
12:30:00	45000	38	35	1	52	0	0	0	0	0	0	0	0	18	22	0	63	0	1	0	4	1	0	0	4	1	1	0	42	0	0	0	-8	0	0	1	-225	18	11	0	172
12:35:00	45300	31	46	0	37	0	0	0	0	0	0	0	0	11	25	0	49	0	2	0	2	2	2	0	4	4	2	0	44	0	0	0	-8	0	0	0	-225	14	15	0	171
12:40:00	45600	30	30	0	37	0	0	0	0	0	0	0	0	18	18	0	49	0	1	0	1	1	1	0	4	2	1	0	45	0	0	0	-8	0	0	0	-225	9	9	0	171
12:45:00	45900	44	31	1	49	0	0	0	0	0	0	0	0	29	20	0	58	0	0	0	1	0	0	0	4	2	1	0	46	0	0	0	-8	0	0	1	-226	13	10	0	174
12:50:00	46200	27	37	1	38	0	0	0	0	0	0	0	0	19	23	0	54	0	1	0	0	0	1	0	3	3	0	0	49	0	0	0	-8	0	0	1	-227	5	12	0	167
12:55:00	46500	35	45	4	24	0	0	0	0	0	0	0	0	14	26	0	42	0	0	0	0	0	1	0	2	2	2	0	49	0	0	1	-9	0	0	3	-230	19	16	0	170
13:00:00	46800	4	25	2	1	0	0	0	0	0	0	0	0	0	16	0	26	0	0	0	0	0	0	0	2	0	1	0	48	0	0	0	-9	0	0	2	-232	4	8	0	166
13:05:00	47100	6	24	1	-18	1	0	0	1	0	0	0	0	0	15	0	11	0	0	0	0	0	0	0	2	2	0	0	50	0	0	0	-9	0	0	1	-233	3	9	0	160
13:10:00	47400	3	13	0	-28	0	0	0	1	0	0	0	0	1	3	0	9	0	0	0	0	0	0	0	2	1	0	0	51	0	0	0	-9	0	0	0	-233	1	10	0	151
13:15:00	47700	17	12	1	-24	0	0	0	1	0	0	0	0	4	2	0	11	0	0	0	0	0	0	0	2	2	0	0	53	0	0	0	-9	0	0	1	-234	11	10	0	152
13:20:00	48000	22	23	0	-25	0	1	0	0	0	0	0	0	6	5	0	12	0	0	0	0	1	1	0	2	2	3	0	52	0	0	0	-9	0	0	0	-234	13	13	0	152
13:25:00	48300	18	24	1	-32	0	0	0	0	0	0	0	0	6	4	0	14	0	0	0	0	1	2	0	1	1	4	0	49	0	0	0	-9	0	0	1	-235	10	14	0	148
13:30:00	48600	47	19	3	-7	0	0	0	0	0	0	0	0	33	8	0	39	1	0	0	1	0	0	0	1	0	2	0	47	0	0	0	-9	0	0	3	-238	13	9	0	152
13:35:00	48900	58	47	0	4	0	0	0	0	0	0	0	0	29	28	0	40	5	0	0	6	0	0	0	1	1	7	0	41	0	0	0	-9	0	0	0	-238	23	12	0	163
13:40:00	49200	49	47	5	1	1	0	0	1	0	0	0	0	20	22	0	38	5	2	0	9	0	0	0	1	0	4	0	37	0	0	0	-9	0	0	5	-243	23	19	0	167
13:45:00	49500	46	41	2	4	0	0	0	1	0	0	0	0	28	22	0	44	2	3	0	8	0	0	0	1	1	1	0	37	0	0	0	-9	0	0	2	-245	15	15	0	167
13:50:00	49800	83	45	2	40	0	0	0	1	0	0	0	0	39	17	0	66	15	7	0	16	1	1	0	1	4	2	0	39	0	0	0	-9	0	0	2	-247	24	18	0	173
13:55:00	50100	94	59	4	71	0	0	0	1	0	0	0	0	48	36	0	78	12	5	0	23	0	0	0	1	2	0	0	41	0	0	1	-10	0	0	3	-250	32	18	0	187
14:00:00	50400	75	69	1	76	1	2	0	0	0	0	0	0	40	37	0	81	3	9	0	17	0	0	0	1	0	0	0	41	0	0	0	-10	0	0	1	-251	31	21	0	197
14:05:00	50700	86	75	0	87	2	0	0	2	0	0	0	0	35	32	0	84	9	6	0	20	1	1	0	1	4	0	0	45	0	0	0	-10	0	0	0	-251	35	36	0	196
14:10:00	51000	68	71	1	83	1	0	0	3	0	0	0	0	32	36	0	80	14	11	0	23	0	1	0	0	4	0	0	49	0	0	0	-10	0	0	1	-252	17	23	0	190
14:15:00	51300	70	74	6	73	0	1	0	2	0	0	0	0	31	36	0	75	8	9	0	22	1	0	0	1	6	1	0	54	0	0	0	-10	0	0	6	-258	24	27	0	187
14:20:00	51600	81	77	3	74	0	2	0	0	0	0	0	0	30	30	0	75	14	8	0	28	0	0	0	1	7	3	0	58	0	0	0	-10	0	0	3	-261	30	34	0	183
14:25:00	51900	70	64	0	80	0	0	0	0	0	0	0	0	33	37	0	71	16	11	0	33	0	0	0	1	5	1	0	62	0	0	0	-10	0	0	0	-261	16	15	0	184
14:30:00	52200	53	66	5	62	0	0	0	0	0	0	0	0	18	27	0	62	12	13	0	32	0	0	0	1	2	3	0	61	0	0	0	-10	0	0	5	-266	21	23	0	182
14:35:00	52500	71	66	4	63	0	0	0	0	0	0	0	0	35	27	0	70	4	12	0	24	0	1	0	0	2	2	0	61	0	0	0	-10	0	0	4	-270	30	24	0	188
14:40:00	52800	58	77	3	41	0	0	0	0	0	0	0	0	25	42	0	53	8	7	0	25	1	1	0	0	2	4	0	59	0	0	1	-11	0	0	2	-272	22	23	0	187
14:45:00	53100	50	63	2	26	0	0	0	0	0	0	0	0	16	19	0	50	9	14	0	20	0	0	0	0	4	10	0	53	0	0	1	-12	0	0	1	-273	21	20	0	188
14:50:00	53400	56	69	4	9	0	0	0	0	0	0	0	0	25	29	0	46	3	6	0	17	0	0	0	0	3	3	0	53	0	0	0	-12	0	0	4	-277	25	31	0	182
14:55:00	53700	52	55	3	3	0	0	0	0	0	0	0	0	17	20	0	43	8	5	0	20	0	0	0	0	2	7	0	48	0	0	0	-12	0	0	3	-280	25	23	0	184
15:00:00	54000	49	57	1	-6	0	0	0	0	0	0	0	0	18	23	0	38	3	10	0	13	3	1	0	2	0	7	0	41	0	0	0	-12	0	0	1	-281	25	16	0	193
15:05:00	54300	51	52	1	-8	0	0	0	0	0	0	0	0	22	25	0	35	1	4	0	10	2	0	0	4	1	1	0	41	0	0	0	-12	0	0	1	-282	25	22	0	196
15:10:00	54600	49	54	1	-14	0	0	0	0	1	1	0	0	25	20	0	40	0	4	0	6	0	2	0	2	3	0	0	44	0	0	1	-13	0	0	0	-282	20	27	0	189
15:15:00	54900	58	42	2	0	0	0	0	0	0	0	0	0	31	16	0	55	1	2	0	5	0	0	0	2	2	1	0	45	0	0	0	-13	0	0	2	-284	24	23	0	190
15:20:00	55200	49	46	3	0	0	0	0	0	0	0	0	0	25	20	0	60	1	1	0	5	1	1	0	2	1	0	0	46	0	0	0	-13	0	0	3	-287	21	24	0	187
15:25:00	55500	46	56	2	-12	0	0	0	0	0	0	0	0	21	31	0	50	0	0	0	5	1	0	0	3	3	0	0	49	0	0	0	-13	0	0	2	-289	21	25	0	183
15:30:00	55800	80	55	3	10	0	0	0	0	0	0	0	0	38	25	0	63	0	1	0	4	0	1	0	2	4	2	0	51	0	0	0	-13	0	0	3	-292	38	26	0	195
15:35:00	56100	94	68	4	32	1	0	0	1	0	0	0	0	46	29	0	80	0	0	0	4	0	1	0	1	3	3	0	51	0	0	0	-13	0	0	4	-296	44	35	0	204
15:40:00	56400	96	91	7	30	0	0	0	1	0	0	0	0	48	44	0	84	0	1	0	3	1	0	0	2	2	1	0	52	0	0	0	-13	0	0	7	-303	45	45	0	204
15:45:00	56700	78	83	5	20	1	0	0	2	0	0	0	0	43	38	0	89	0	1	0	2	0	0	0	2	5	5	0	52	0	0	0	-13	0	0	5	-308	29	39	0	194
15:50:00	57000	81	72	3	26	0	1	0	1	0	0	0	0	44	41	0	92	0	0	0	2	3	0	0	5	1	0	0	53	0	0	0	-13	0	0	3	-311	33	30	0	197
15:55:00	57300	63	91	6	-8	0	0	0	1	0	0	0	0	23	43	0	72	0	0	0	2	1	1	0	5	4	5	0	52	0	0	1	-14	0	0	5	-316	35	42	0	190
16:00:00	57600	91	78	5	0	0	1	0	0	0	0	0	0	28	29	0	71	21	0	0	23	2	2	0	5	0	4	0	48	0	0	0	-14	0	0	5	-321	40	42	0	188
16:05:00	57900	83	76	6	1	0	0	0	0	0	0	0	0	30	33	0	68	19	7	0	35	1	3	0	3	0	3	0	45	0	0	0	-14	0	0	6	-327	33	30	0	191
16:10:00	58200	67	86	2	-20	0	0	0	0	0	0	0	0	23	33	0	58	18	15	0	38	0	1	0	2	1	0	0	46	0	0	0	-14	0	0	2	-329	25	37	0	179
16:15:00	58500	81	84	6	-29	0	0	0	0	0	0	0	0	23	30	0	51	16	14	0	40	0	0	0	2	4	6	0	44	0	0	0	-14	0	0	6	-335	38	34	0	183
16:20:00	58800	87	68	3	-13	0	0	0	0	0	0	0	0	36	20	0	67	17	11	0	46	0	0	0	2	1	0	0	45	0	0	0	-14	0	0	3	-338	33	37	0	179
16:25:00	59100	101	87	6	-5	1	0	0	1	0	0	0	0	41	33	0	75	27	21	0	52	1	0	0	3	2	2	0	45	0	0	0	-14	0	0	6	-344	29	31	0	177
16:30:00	59400	115	93	4	13	0	1	0	0	0	0	0	0	31	32	0	74	31	14	0	69	1	1	0	3	6	4	0	47	0	0	0	-14	0	0	4	-348	46	41	0	182
16:35:00	59700	121	88	4	42	0	0	0	0	0	0	0	0	42	28	0	88	27	21	0	75	2	1	0	4	3	0	0	50	0	0	0	-14	0	0	4	-352	47	38	0	191
16:40:00	60000	116	111	1	46	0	0	0	0	0	0	0	0	52	39	0	101	20	27	0	68	0	1	0	3	4	5	0	49	0	0	0	-14	0	0	1	-353	40	39	0	192
16:45:00	60300	97	99	5	39	0	0	0	0	0	0	0	0	28	38	0	91	29	20	0	77	1	1	0	3	4	6	0	47	0	0	0	-14	0	0	5	-358	35	34	0	193
16:50:00	60600	136	105	4	66	0	0	0	0	0	0	0	0	50	44	0	97	46	31	0	92	0	0	0	3	1	2	0	46	0	0	0	-14	0	0	4	-362	39	28	0	204
16:55:00	60900	118	108	2	74	0	0	0	0	0	0	0	0	47	45	0	99	32	29	0	95	3	0	0	6	4	0	0	50	0	0	0	-14	0	0	2	-364	32	34	0	202
17:00:00	61200	154	127	0	101	0	0	0	0	0	0	0	0	74	47	0	126	19	28	0	86	1	2	0	5	5	12	0	43	0	0	0	-14	0	0	0	-364	55	38	0	219
17:05:00	61500	163	116	6	142	2	0	0	2	0	0	0	0	86	51	0	161	12	22	0	76	0	1	0	4	5	7	0	41	0	0	0	-14	0	0	6	-370	58	35	0	242
17:10:00	61800	142	149	4	131	1	1	0	2	0	0	0	0	70	72	0	159	16	20	0	72	3	4	0	3	4	3	0	42	0	0	1	-15	0	0	3	-373	48	49	0	241
17:15:00	62100	149	156	9	115	0	2	0	0	0	0	0	0	67	75	0	151	26	21	0	77	1	1	0	3	5	5	0	42	0	0	0	-15	0	0	9	-382	50	52	0	239
17:20:00	62400	156	128	7	136	0	0	0	0	0	0	0	0	84	59	0	176	14	23	0	68	1	0	0	4	3	1	0	44	0	0	0	-15	0	0	7	-389	54	45	0	248
17:25:00	62700	97	140	6	87	1	0	0	1	0	0	0	0	45	67	0	154	1	25	0	44	0	0	0	4	7	1	0	50	0	0	0	-15	0	0	6	-395	43	47	0	244
17:30:00	63000	81	111	2	55	1	1	0	1	0	0	0	0	48	63	0	139	1	12	0	33	2	2	0	4	4	3	0	51	0	0	0	-15	0	0	2	-397	25	30	0	239
17:35:00	63300	79	81	4	49	0	0	0	1	0	0	0	0	38	47	0	130	2	6	0	29	0	0	0	4	6	3	0	54	0	0	0	-15	0	0	4	-401	33	25	0	247
17:40:00	63600	59	80	1	27	0	1	0	0	0	0	0	0	23	46	0	107	1	5	0	25	1	0	0	5	7	7	0	54	0	0	0	-15	0	0	1	-402	27	21	0	253
17:45:00	63900	94	80	0	41	0	0	0	0	1	0	0	1	65	46	0	126	1	2	0	24	0	2	0	3	2	3	0	53	0	0	0	-15	0	0	0	-402	25	27	0	251
17:50:00	64200	82	91	7	25	3	0	0	3	0	0	0	1	39	48	0	117	1	7	0	18	0	2	0	1	4	2	0	55	0	0	0	-15	0	0	7	-409	35	32	0	254
17:55:00	64500	88	83	2	28	0	2	0	1	0	1	0	0	45	38	0	124	0	2	0	16	1	0	0	2	7	8	0	54	0	0	0	-15	0	0	2	-411	35	32	0	257
18:00:00	64800	64	89	5	-2	0	1	0	0	0	0	0	0	38	53	0	109	1	1	0	16	0	1	0	1	1	3	0	52	0	0	0	-15	0	0	5	-416	24	30	0	251
18:05:00	65100	67	81	2	-18	0	0	0	0	0	0	0	0	33	38	0	104	0	2	0	14	1	0	0	2	4	11	0	45	0	0	0	-15	0	0	2	-418	29	30	0	250
18:10:00	65400	40	82	3	-63	0	0	0	0	0	0	0	0	24	48	0	80	0	0	0	14	0	0	0	2	4	4	0	45	0	0	0	-15	0	0	3	-421	12	30	0	232
18:15:00	65700	31	54	2	-88	0	0	0	0	0	0	0	0	15	31	0	64	1	2	0	13	0	0	0	2	2	4	0	43	0	0	0	-15	0	0	2	-423	13	17	0	228
18:20:00	66000	58	65	1	-96	0	0	0	0	0	0	0	0	34	22	0	76	0	2	0	11	0	1	0	1	1	10	0	34	0	0	0	-15	0	0	1	-424	23	30	0	221
18:25:00	66300	39	53	7	-117	0	0	0	0	0	0	0	0	18	27	0	67	0	1	0	10	0	0	0	1	0	6	0	28	0	0	0	-15	0	0	7	-431	21	19	0	223
18:30:00	66600	40	55	5	-137	0	0	0	0	0	0	0	0	19	26	0	60	1	2	0	9	0	0	0	1	0	2	0	26	0	0	0	-15	0	0	5	-436	20	25	0	218
18:35:00	66900	53	53	2	-139	0	0	0	0	0	0	0	0	28	28	0	60	0	2	0	7	0	0	0	1	0	3	0	23	0	0	0	-15	0	0	2	-438	25	20	0	223
18:40:00	67200	28	47	1	-159	0	0	0	0	0	0	0	0	9	22	0	47	0	1	0	6	1	0	0	2	1	4	0	20	0	0	0	-15	0	0	1	-439	17	20	0	220
18:45:00	67500	35	50	3	-177	0	0	0	0	0	0	0	0	17	20	0	44	0	2	0	4	1	1	0	2	3	2	0	21	0	0	0	-15	0	0	3	-442	14	25	0	209
18:50:00	67800	17	38	2	-200	0	0	0	0	0	0	0	0	2	16	0	30	0	0	0	4	0	1	0	1	0	6	0	15	0	0	0	-15	0	0	2	-444	15	15	0	209
18:55:00	68100	28	30	0	-202	0	0	0	0	0	0	0	0	16	9	0	37	0	0	0	4	0	0	0	1	1	1	0	15	0	0	0	-15	0	0	0	-444	11	20	0	200
19:00:00	68400	50	30	0	-182	0	0	0	0	0	0	0	0	33	14	0	56	0	0	0	4	0	0	0	1	1	4	0	12	0	0	0	-15	0	0	0	-444	16	12	0	204
19:05:00	68700	68	40	0	-154	0	0	0	0	0	0	0	0	45	21	0	80	0	0	0	4	1	1	0	1	3	0	0	15	0	0	0	-15	0	0	0	-444	19	18	0	205
19:10:00	69000	53	57	2	-160	0	0	0	0	0	0	0	0	36	36	0	80	0	0	0	4	1	0	0	2	1	1	0	15	0	0	0	-15	0	0	2	-446	15	20	0	200
19:15:00	69300	50	63	5	-178	2	1	0	1	0	0	0	0	28	39	0	69	0	1	0	3	0	1	0	1	1	3	0	13	0	0	0	-15	0	0	5	-451	19	18	0	201
19:20:00	69600	47	51	2	-184	0	1	0	0	0	0	0	0	29	31	0	67	0	0	0	3	0	0	0	1	1	0	0	14	0	0	0	-15	0	0	2	-453	17	19	0	199
19:25:00	69900	65	48	5	-172	0	0	0	0	0	0	0	0	38	28	0	77	0	0	0	3	1	0	0	2	0	2	0	12	0	0	0	-15	0	0	5	-458	26	18	0	207
19:30:00	70200	58	51	4	-169	1	1	0	0	0	0	0	0	30	28	0	79	0	0	0	3	0	0	0	2	3	3	0	12	0	0	0	-15	0	0	4	-462	24	19	0	212
19:35:00	70500	36	50	4	-187	0	0	0	0	0	0	0	0	20	37	0	62	0	0	0	3	2	0	0	4	1	1	0	12	0	0	0	-15	0	0	4	-466	13	12	0	213
19:40:00	70800	35	45	1	-198	0	0	0	0	0	0	0	0	21	29	0	54	0	1	0	2	0	0	0	4	2	1	0	13	0	0	0	-15	0	0	1	-467	12	14	0	211
19:45:00	71100	60	52	4	-194	0	0	0	0	0	0	0	0	30	23	0	61	0	0	0	2	1	2	0	3	3	4	0	12	0	0	0	-15	0	0	4	-471	26	23	0	214
19:50:00	71400	33	48	0	-209	1	0	0	1	0	0	0	0	26	25	0	62	0	0	0	2	0	0	0	3	0	0	0	12	0	0	0	-15	0	0	0	-471	6	23	0	197
19:55:00	71700	41	51	4	-223	0	0	0	1	0	0	0	0	26	30	0	58	0	0	0	2	0	1	0	2	1	1	0	12	0	0	1	-16	0	0	3	-474	14	19	0	192
20:00:00	72000	9	43	2	-259	0	1	0	0	0	0	0	0	1	25	0	34	0	0	0	2	0	1	0	1	0	4	0	8	0	0	0	-16	0	0	2	-476	8	12	0	188
20:05:00	72300	4	28	1	-284	0	0	0	0	0	0	0	0	1	15	0	20	0	0	0	2	0	0	0	1	1	0	0	9	0	0	0	-16	0	0	1	-477	2	13	0	177
20:10:00	72600	5	19	0	-298	0	0	0	0	0	0	0	0	1	6	0	15	0	0	0	2	0	0	0	1	1	0	0	10	0	0	0	-16	0	0	0	-477	3	13	0	167
20:15:00	72900	8	19	2	-311	0	0	0	0	0	0	0	0	3	9	0	9	0	0	0	2	0	0	0	1	1	1	0	10	0	0	0	-16	0	0	2	-479	4	9	0	162
20:20:00	73200	5	17	2	-325	0	0	0	0	0	0	0	0	1	4	0	6	0	1	0	1	0	0	0	1	0	1	0	9	0	0	0	-16	0	0	2	-481	4	11	0	155
20:25:00	73500	11	20	4	-338	0	0	0	0	0	0	0	0	3	1	0	8	0	1	0	0	0	0	0	1	0	3	0	6	0	0	0	-16	0	0	4	-485	8	15	0	148
20:30:00	73800	5	13	1	-347	0	0	0	0	0	0	0	0	0	4	0	4	0	0	0	0	0	0	0	1	0	3	0	3	0	0	0	-16	0	0	1	-486	5	6	0	147
20:35:00	74100	6	10	1	-352	0	0	0	0	0	0	0	0	1	0	0	5	0	0	0	0	0	1	0	0	0	2	0	1	0	0	0	-16	0	0	1	-487	5	7	0	145
20:40:00	74400	5	8	1	-356	0	0	0	0	0	0	0	0	2	0	0	7	0	0	0	0	0	0	0	0	0	0	0	1	0	0	0	-16	0	0	1	-488	3	8	0	140
20:45:00	74700	8	8	2	-358	0	0	0	0	0	0	0	0	1	1	0	7	0	0	0	0	0	0	0	0	0	0	0	1	0	0	0	-16	0	0	2	-490	7	7	0	140
20:50:00	75000	10	15	2	-365	1	1	0	0	0	0	0	0	4	3	0	8	0	0	0	0	0	0	0	0	0	0	0	1	0	0	0	-16	0	0	2	-492	5	11	0	134
20:55:00	75300	5	9	2	-371	0	0	0	0	0	0	0	0	1	0	0	9	0	0	0	0	0	0	0	0	0	0	0	1	0	0	0	-16	0	0	2	-494	4	9	0	129
21:00:00	75600	7	8	1	-373	0	0	0	0	0	0	0	0	4	1	0	12	0	0	0	0	0	0	0	0	0	0	0	1	0	0	0	-16	0	0	1	-495	3	7	0	125
21:05:00	75900	3	6	1	-377	0	0	0	0	0	0	0	0	2	4	0	10	0	0	0	0	0	0	0	0	0	0	0	1	0	0	0	-16	0	0	1	-496	1	2	0	124
21:10:00	76200	1	4	0	-380	0	0	0	0	0	0	0	0	1	2	0	9	0	0	0	0	0	0	0	0	0	0	0	1	0	0	0	-16	0	0	0	-496	0	2	0	122
21:15:00	76500	1	3	0	-382	0	0	0	0	0	0	0	0	0	0	0	9	0	0	0	0	0	0	0	0	0	0	0	1	0	0	0	-16	0	0	0	-496	1	3	0	120
21:20:00	76800	0	2	0	-384	0	0	0	0	0	0	0	0	0	0	0	9	0	0	0	0	0	0	0	0	0	0	0	1	0	0	0	-16	0	0	0	-496	0	2	0	118
21:25:00	77100	4	5	2	-387	0	0	0	0	0	0	0	0	1	2	0	8	0	0	0	0	0	0	0	0	0	0	0	1	0	0	0	-16	0	0	2	-498	3	3	0	118
21:30:00	77400	1	3	0	-389	0	0	0	0	0	0	0	0	0	1	0	7	0	0	0	0	0	0	0	0	0	0	0	1	0	0	0	-16	0	0	0	-498	1	2	0	117
21:35:00	77700	0	6	0	-395	0	0	0	0	0	0	0	0	0	3	0	4	0	0	0	0	0	0	0	0	0	0	0	1	0	0	0	-16	0	0	0	-498	0	3	0	114
21:40:00	78000	0	3	0	-398	0	0	0	0	0	0	0	0	0	1	0	3	0	0	0	0	0	0	0	0	0	0	0	1	0	0	0	-16	0	0	0	-498	0	2	0	112
21:45:00	78300	2	5	0	-401	0	0	0	0	0	0	0	0	0	0	0	3	0	0	0	0	0	0	0	0	0	0	0	1	0	0	0	-16	0	0	0	-498	2	5	0	109
21:50:00	78600	3	4	0	-402	0	0	0	0	0	0	0	0	0	0	0	3	0	0	0	0	0	0	0	0	0	0	0	1	0	0	0	-16	0	0	0	-498	3	4	0	108
21:55:00	78900	1	2	0	-403	0	0	0	0	0	0	0	0	0	0	0	3	0	0	0	0	0	0	0	0	0	0	0	1	0	0	0	-16	0	0	0	-498	1	2	0	107
22:00:00	79200	0	1	0	-404	0	0	0	0	0	0	0	0	0	0	0	3	0	0	0	0	0	0	0	0	0	0	0	1	0	0	0	-16	0	0	0	-498	0	1	0	106
22:05:00	79500	3	4	0	-405	0	0	0	0	0	0	0	0	1	2	0	2	0	0	0	0	0	0	0	0	0	0	0	1	0	0	0	-16	0	0	0	-498	2	2	0	106
22:10:00	79800	0	2	0	-407	0	0	0	0	0	0	0	0	0	0	0	2	0	0	0	0	0	0	0	0	0	0	0	1	0	0	0	-16	0	0	0	-498	0	2	0	104
22:15:00	80100	3	5	2	-411	0	0	0	0	0	0	0	0	0	0	0	2	0	0	0	0	0	0	0	0	0	0	0	1	0	0	0	-16	0	0	2	-500	3	5	0	102
22:20:00	80400	4	5	1	-413	0	0	0	0	0	0	0	0	2	0	0	4	0	0	0	0	0	0	0	0	0	0	0	1	0	0	0	-16	0	0	1	-501	2	5	0	99
22:25:00	80700	1	3	0	-415	0	0	0	0	0	0	0	0	1	0	0	5	0	0	0	0	0	0	0	0	0	0	0	1	0	0	0	-16	0	0	0	-501	0	3	0	96
22:30:00	81000	2	4	0	-417	0	0	0	0	0	0	0	0	2	3	0	4	0	0	0	0	0	0	0	0	0	0	0	1	0	0	0	-16	0	0	0	-501	0	1	0	95
22:35:00	81300	4	6	1	-420	0	0	0	0	0	0	0	0	2	2	0	4	0	0	0	0	0	0	0	0	0	0	0	1	0	0	0	-16	0	0	1	-502	2	4	0	93
22:40:00	81600	3	5	1	-423	0	0	0	0	0	0	0	0	2	3	0	3	0	0	0	0	0	0	0	0	0	0	0	1	0	0	0	-16	0	0	1	-503	1	2	0	92
22:45:00	81900	1	3	0	-425	0	0	0	0	0	0	0	0	1	2	0	2	0	0	0	0	0	0	0	0	0	0	0	1	0	0	0	-16	0	0	0	-503	0	1	0	91
22:50:00	82200	0	2	0	-427	0	0	0	0	0	0	0	0	0	1	0	1	0	0	0	0	0	0	0	0	0	0	0	1	0	0	0	-16	0	0	0	-503	0	1	0	90
22:55:00	82500	0	0	0	-427	0	0	0	0	0	0	0	0	0	0	0	1	0	0	0	0	0	0	0	0	0	0	0	1	0	0	0	-16	0	0	0	-503	0	0	0	90
23:00:00	82800	0	1	0	-428	0	0	0	0	0	0	0	0	0	0	0	1	0	0	0	0	0	0	0	0	0	0	0	1	0	0	0	-16	0	0	0	-503	0	1	0	89
23:05:00	83100	2	2	1	-429	0	0	0	0	0	0	0	0	1	0	0	2	0	0	0	0	0	0	0	0	0	0	0	1	0	0	0	-16	0	0	1	-504	1	2	0	88
23:10:00	83400	1	1	0	-429	0	0	0	0	0	0	0	0	0	0	0	2	0	0	0	0	0	0	0	0	0	0	0	1	0	0	0	-16	0	0	0	-504	1	1	0	88
23:15:00	83700	1	0	0	-428	0	0	0	0	0	0	0	0	1	0	0	3	0	0	0	0	0	0	0	0	0	0	0	1	0	0	0	-16	0	0	0	-504	0	0	0	88
23:20:00	84000	1	2	0	-429	0	0	0	0	0	0	0	0	1	1	0	3	0	0	0	0	0	0	0	0	0	0	0	1	0	0	0	-16	0	0	0	-504	0	1	0	87
23:25:00	84300	4	3	0	-428	0	0	0	0	0	0	0	0	1	0	0	4	0	0	0	0	0	0	0	0	0	0	0	1	0	0	0	-16	0	0	0	-504	3	3	0	87
23:30:00	84600	1	3	0	-430	0	0	0	0	0	0	0	0	1	2	0	3	0	0	0	0	0	0	0	0	0	0	0	1	0	0	0	-16	0	0	0	-504	0	1	0	86
23:35:00	84900	2	1	0	-429	0	0	0	0	0	0	0	0	2	1	0	4	0	0	0	0	0	0	0	0	0	0	0	1	0	0	0	-16	0	0	0	-504	0	0	0	86
23:40:00	85200	2	1	0	-428	0	0	0	0	0	0	0	0	2	1	0	5	0	0	0	0	0	0	0	0	0	0	0	1	0	0	0	-16	0	0	0	-504	0	0	0	86
23:45:00	85500	4	4	0	-428	0	0	0	0	0	0	0	0	2	1	0	6	0	0	0	0	0	0	0	0	0	0	0	1	0	0	0	-16	0	0	0	-504	2	3	0	85
23:50:00	85800	4	5	0	-429	0	0	0	0	0	0	0	0	2	2	0	6	0	0	0	0	0	0	0	0	0	0	0	1	0	0	0	-16	0	0	0	-504	2	3	0	84
23:55:00	86100	2	3	0	-430	0	0	0	0	0	0	0	0	0	1	0	5	0	0	0	0	0	0	0	0	0	0	0	1	0	0	0	-16	0	0	0	-504	2	2	0	84
24:00:00	86400	3	1	0	-428	0	0	0	0	0	0	0	0	1	0	0	6	0	0	0	0	0	0	0	0	0	0	0	1	0	0	0	-16	0	0	0	-504	2	1	0	85
24:05:00	86700	3	3	0	-428	0	0	0	0	0	0	0	0	1	1	0	6	0	0	0	0	0	0	0	0	0	0	0	1	0	0	0	-16	0	0	0	-504	2	2	0	85
24:10:00	87000	2	8	0	-434	0	0	0	0	0	0	0	0	1	4	0	3	0	0	0	0	0	0	0	0	0	0	0	1	0	0	0	-16	0	0	0	-504	1	4	0	82
24:15:00	87300	1	2	0	-435	0	0	0	0	0	0	0	0	1	0	0	4	0	0	0	0	0	0	0	0	0	0	0	1	0	0	0	-16	0	0	0	-504	0	2	0	80
24:20:00	87600	1	2	0	-436	0	0	0	0	0	0	0	0	0	0	0	4	0	0	0	0	0	0	0	0	0	0	0	1	0	0	0	-16	0	0	0	-504	1	2	0	79
24:25:00	87900	1	2	1	-438	0	0	0	0	0	0	0	0	0	0	0	4	0	0	0	0	0	0	0	0	0	0	0	1	0	0	0	-16	0	0	1	-505	1	2	0	78
24:30:00	88200	3	4	1	-440	0	0	0	0	0	0	0	0	2	0	0	6	0	0	0	0	0	0	0	0	0	0	0	1	0	0	0	-16	0	0	1	-506	1	4	0	75
24:35:00	88500	3	7	1	-445	0	0	0	0	0	0	0	0	2	5	0	3	0	0	0	0	0	0	0	0	0	0	0	1	0	0	0	-16	0	0	1	-507	1	2	0	74
24:40:00	88800	0	1	0	-446	0	0	0	0	0	0	0	0	0	1	0	2	0	0	0	0	0	0	0	0	0	0	0	1	0	0	0	-16	0	0	0	-507	0	0	0	74
24:45:00	89100	2	3	0	-447	0	0	0	0	0	0	0	0	0	0	0	2	0	0	0	0	0	0	0	0	0	0	0	1	0	0	0	-16	0	0	0	-507	2	3	0	73
24:50:00	89400	0	1	0	-448	0	0	0	0	0	0	0	0	0	0	0	2	0	0	0	0	0	0	0	0	0	0	0	1	0	0	0	-16	0	0	0	-507	0	1	0	72
24:55:00	89700	1	2	1	-450	0	0	0	0	0	0	0	0	0	1	0	1	0	0	0	0	0	0	0	0	0	0	0	1	0	0	0	-16	0	0	1	-508	1	1	0	72
25:00:00	90000	1	2	0	-451	0	0	0	0	0	0	0	0	0	0	0	1	0	0	0	0	0	0	0	0	0	0	0	1	0	0	0	-16	0	0	0	-508	1	2	0	71
25:05:00	90300	2	2	1	-452	0	0	0	0	0	0	0	0	0	1	0	0	0	0	0	0	0	0	0	0	0	0	0	1	0	0	0	-16	0	0	1	-509	2	1	0	72
25:10:00	90600	1	2	0	-453	0	0	0	0	0	0	0	0	0	0	0	0	0	0	0	0	0	0	0	0	0	0	0	1	0	0	0	-16	0	0	0	-509	1	2	0	71
25:15:00	90900	3	4	1	-455	0	0	0	0	0	0	0	0	1	0	0	1	0	0	0	0	0	0	0	0	0	0	0	1	0	0	0	-16	0	0	1	-510	2	4	0	69
25:20:00	91200	0	0	0	-455	0	0	0	0	0	0	0	0	0	0	0	1	0	0	0	0	0	0	0	0	0	0	0	1	0	0	0	-16	0	0	0	-510	0	0	0	69
25:25:00	91500	0	0	0	-455	0	0	0	0	0	0	0	0	0	0	0	1	0	0	0	0	0	0	0	0	0	0	0	1	0	0	0	-16	0	0	0	-510	0	0	0	69
25:30:00	91800	0	0	0	-455	0	0	0	0	0	0	0	0	0	0	0	1	0	0	0	0	0	0	0	0	0	0	0	1	0	0	0	-16	0	0	0	-510	0	0	0	69
25:35:00	92100	0	1	0	-456	0	0	0	0	0	0	0	0	0	0	0	1	0	0	0	0	0	0	0	0	0	0	0	1	0	0	0	-16	0	0	0	-510	0	1	0	68
25:40:00	92400	0	2	0	-458	0	0	0	0	0	0	0	0	0	0	0	1	0	0	0	0	0	0	0	0	0	0	0	1	0	0	0	-16	0	0	0	-510	0	2	0	66
25:45:00	92700	2	3	2	-461	0	0	0	0	0	0	0	0	0	0	0	1	0	0	0	0	0	0	0	0	0	0	0	1	0	0	0	-16	0	0	2	-512	2	3	0	65
25:50:00	93000	1	1	0	-461	0	0	0	0	0	0	0	0	0	0	0	1	0	0	0	0	0	0	0	0	0	0	0	1	0	0	0	-16	0	0	0	-512	1	1	0	65
25:55:00	93300	0	0	0	-461	0	0	0	0	0	0	0	0	0	0	0	1	0	0	0	0	0	0	0	0	0	0	0	1	0	0	0	-16	0	0	0	-512	0	0	0	65
26:00:00	93600	2	4	0	-463	0	0	0	0	0	0	0	0	1	1	0	1	0	0	0	0	0	0	0	0	0	0	0	1	0	0	0	-16	0	0	0	-512	1	3	0	63
26:05:00	93900	3	3	1	-464	0	0	0	0	0	0	0	0	1	0	0	2	0	0	0	0	0	0	0	0	0	0	0	1	0	0	0	-16	0	0	1	-513	2	3	0	62
26:10:00	94200	2	3	0	-465	0	0	0	0	0	0	0	0	1	0	0	3	0	0	0	0	0	0	0	0	0	0	0	1	0	0	0	-16	0	0	0	-513	1	3	0	60
26:15:00	94500	1	2	0	-466	0	0	0	0	0	0	0	0	0	0	0	3	0	0	0	0	0	0	0	0	0	0	0	1	0	0	0	-16	0	0	0	-513	1	2	0	59
26:20:00	94800	0	1	0	-467	0	0	0	0	0	0	0	0	0	0	0	3	0	0	0	0	0	0	0	0	0	0	0	1	0	0	0	-16	0	0	0	-513	0	1	0	58
26:25:00	95100	0	0	0	-467	0	0	0	0	0	0	0	0	0	0	0	3	0	0	0	0	0	0	0	0	0	0	0	1	0	0	0	-16	0	0	0	-513	0	0	0	58
26:30:00	95400	1	1	0	-467	0	0	0	0	0	0	0	0	0	1	0	2	0	0	0	0	0	0	0	0	0	0	0	1	0	0	0	-16	0	0	0	-513	1	0	0	59
26:35:00	95700	0	1	0	-468	0	0	0	0	0	0	0	0	0	0	0	2	0	0	0	0	0	0	0	0	0	0	0	1	0	0	0	-16	0	0	0	-513	0	1	0	58
26:40:00	96000	0	0	0	-468	0	0	0	0	0	0	0	0	0	0	0	2	0	0	0	0	0	0	0	0	0	0	0	1	0	0	0	-16	0	0	0	-513	0	0	0	58
26:45:00	96300	1	1	0	-468	0	0	0	0	0	0	0	0	1	1	0	2	0	0	0	0	0	0	0	0	0	0	0	1	0	0	0	-16	0	0	0	-513	0	0	0	58
26:50:00	96600	0	2	0	-470	0	0	0	0	0	0	0	0	0	0	0	2	0	0	0	0	0	0	0	0	0	0	0	1	0	0	0	-16	0	0	0	-513	0	2	0	56
26:55:00	96900	4	4	2	-472	0	0	0	0	0	0	0	0	1	1	0	2	0	0	0	0	0	0	0	0	0	0	0	1	0	0	0	-16	0	0	2	-515	3	3	0	56
27:00:00	97200	1	2	1	-474	0	0	0	0	0	0	0	0	0	0	0	2	0	0	0	0	0	0	0	0	0	0	0	1	0	0	1	-17	0	0	0	-515	1	2	0	55
27:05:00	97500	0	0	0	-474	0	0	0	0	0	0	0	0	0	0	0	2	0	0	0	0	0	0	0	0	0	0	0	1	0	0	0	-17	0	0	0	-515	0	0	0	55
27:10:00	97800	1	1	0	-474	0	0	0	0	0	0	0	0	1	1	0	2	0	0	0	0	0	0	0	0	0	0	0	1	0	0	0	-17	0	0	0	-515	0	0	0	55
27:15:00	98100	0	0	0	-474	0	0	0	0	0	0	0	0	0	0	0	2	0	0	0	0	0	0	0	0	0	0	0	1	0	0	0	-17	0	0	0	-515	0	0	0	55
27:20:00	98400	0	1	0	-475	0	0	0	0	0	0	0	0	0	1	0	1	0	0	0	0	0	0	0	0	0	0	0	1	0	0	0	-17	0	0	0	-515	0	0	0	55
27:25:00	98700	1	1	0	-475	0	0	0	0	0	0	0	0	0	0	0	1	0	0	0	0	0	0	0	0	0	0	0	1	0	0	0	-17	0	0	0	-515	1	1	0	55
27:30:00	99000	0	0	0	-475	0	0	0	0	0	0	0	0	0	0	0	1	0	0	0	0	0	0	0	0	0	0	0	1	0	0	0	-17	0	0	0	-515	0	0	0	55
27:35:00	99300	0	2	0	-477	0	0	0	0	0	0	0	0	0	0	0	1	0	0	0	0	0	0	0	0	0	0	0	1	0	0	0	-17	0	0	0	-515	0	2	0	53
27:40:00	99600	3	4	2	-480	0	0	0	0	0	0	0	0	1	1	0	1	0	0	0	0	0	0	0	0	0	0	0	1	0	0	0	-17	0	0	2	-517	2	3	0	52
27:45:00	99900	1	3	0	-482	0	0	0	0	0	0	0	0	0	0	0	1	0	0	0	0	0	0	0	0	0	0	0	1	0	0	0	-17	0	0	0	-517	1	3	0	50
27:50:00	100200	1	1	1	-483	0	0	0	0	0	0	0	0	0	0	0	1	0	0	0	0	0	0	0	0	0	0	0	1	0	0	0	-17	0	0	1	-518	1	1	0	50
27:55:00	100500	0	0	0	-483	0	0	0	0	0	0	0	0	0	0	0	1	0	0	0	0	0	0	0	0	0	0	0	1	0	0	0	-17	0	0	0	-518	0	0	0	50
28:00:00	100800	1	1	0	-483	0	0	0	0	0	0	0	0	0	1	0	0	0	0	0	0	0	0	0	0	0	0	0	1	0	0	0	-17	0	0	0	-518	1	0	0	51
28:05:00	101100	0	1	0	-484	0	0	0	0	0	0	0	0	0	0	0	0	0	0	0	0	0	0	0	0	0	0	0	1	0	0	0	-17	0	0	0	-518	0	1	0	50
28:10:00	101400	1	2	1	-486	0	0	0	0	0	0	0	0	0	0	0	0	0	0	0	0	0	0	0	0	0	0	0	1	0	0	0	-17	0	0	1	-519	1	2	0	49
28:15:00	101700	1	2	1	-488	0	0	0	0	0	0	0	0	0	0	0	0	0	0	0	0	0	0	0	0	0	0	0	1	0	0	0	-17	0	0	1	-520	1	2	0	48
28:20:00	102000	0	1	0	-489	0	0	0	0	0	0	0	0	0	0	0	0	0	0	0	0	0	0	0	0	0	0	0	1	0	0	0	-17	0	0	0	-520	0	1	0	47
28:25:00	102300	1	1	1	-490	0	0	0	0	0	0	0	0	0	0	0	0	0	0	0	0	0	0	0	0	0	0	0	1	0	0	0	-17	0	0	1	-521	1	1	0	47
28:30:00	102600	1	1	0	-490	0	0	0	0	0	0	0	0	0	0	0	0	0	0	0	0	0	0	0	0	0	0	0	1	0	0	0	-17	0	0	0	-521	1	1	0	47
28:35:00	102900	0	0	0	-490	0	0	0	0	0	0	0	0	0	0	0	0	0	0	0	0	0	0	0	0	0	0	0	1	0	0	0	-17	0	0	0	-521	0	0	0	47
28:40:00	103200	1	1	0	-490	0	0	0	0	0	0	0	0	0	0	0	0	0	0	0	0	0	0	0	0	0	0	0	1	0	0	0	-17	0	0	0	-521	1	1	0	47
28:45:00	103500	2	2	0	-490	0	0	0	0	0	0	0	0	2	0	0	2	0	0	0	0	0	0	0	0	0	0	0	1	0	0	0	-17	0	0	0	-521	0	2	0	45
28:50:00	103800	0	1	0	-491	0	0	0	0	0	0	0	0	0	1	0	1	0	0	0	0	0	0	0	0	0	0	0	1	0	0	0	-17	0	0	0	-521	0	0	0	45
28:55:00	104100	2	2	0	-491	0	0	0	0	0	0	0	0	2	1	0	2	0	0	0	0	0	0	0	0	0	0	0	1	0	0	0	-17	0	0	0	-521	0	1	0	44
29:00:00	104400	1	2	0	-492	0	0	0	0	0	0	0	0	0	1	0	1	0	0	0	0	0	0	0	0	0	0	0	1	0	0	0	-17	0	0	0	-521	1	1	0	44
29:05:00	104700	1	1	0	-492	0	0	0	0	0	0	0	0	1	1	0	1	0	0	0	0	0	0	0	0	0	0	0	1	0	0	0	-17	0	0	0	-521	0	0	0	44
29:10:00	105000	0	0	0	-492	0	0	0	0	0	0	0	0	0	0	0	1	0	0	0	0	0	0	0	0	0	0	0	1	0	0	0	-17	0	0	0	-521	0	0	0	44
29:15:00	105300	1	1	0	-492	0	0	0	0	0	0	0	0	1	0	0	2	0	0	0	0	0	0	0	0	0	0	0	1	0	0	0	-17	0	0	0	-521	0	1	0	43
29:20:00	105600	1	1	0	-492	0	0	0	0	0	0	0	0	0	1	0	1	0	0	0	0	0	0	0	0	0	0	0	1	0	0	0	-17	0	0	0	-521	1	0	0	44
29:25:00	105900	1	2	0	-493	0	0	0	0	0	0	0	0	0	0	0	1	0	0	0	0	0	0	0	0	0	0	0	1	0	0	0	-17	0	0	0	-521	1	2	0	43
29:30:00	106200	0	1	0	-494	0	0	0	0	0	0	0	0	0	0	0	1	0	0	0	0	0	0	0	0	0	0	0	1	0	0	0	-17	0	0	0	-521	0	1	0	42
29:35:00	106500	0	1	0	-495	0	0	0	0	0	0	0	0	0	0	0	1	0	0	0	0	0	0	0	0	0	0	0	1	0	0	0	-17	0	0	0	-521	0	1	0	41
29:40:00	106800	1	1	1	-496	0	0	0	0	0	0	0	0	0	0	0	1	0	0	0	0	0	0	0	0	0	0	0	1	0	0	0	-17	0	0	1	-522	1	1	0	41
29:45:00	107100	0	0	0	-496	0	0	0	0	0	0	0	0	0	0	0	1	0	0	0	0	0	0	0	0	0	0	0	1	0	0	0	-17	0	0	0	-522	0	0	0	41
29:50:00	107400	0	1	0	-497	0	0	0	0	0	0	0	0	0	0	0	1	0	0	0	0	0	0	0	0	0	0	0	1	0	0	0	-17	0	0	0	-522	0	1	0	40
29:55:00	107700	0	1	0	-498	0	0	0	0	0	0	0	0	0	0	0	1	0	0	0	0	0	0	0	0	0	0	0	1	0	0	0	-17	0	0	0	-522	0	1	0	39
30:00:00	108000	0	0	41	-539	0	0	0	0	0	0	0	0	0	0	1	0	0	0	0	0	0	0	0	0	0	0	1	0	0	0	0	-17	0	0	0	-522	0	0	39	0
30:05:00	108300	0	0	0	-539	0	0	0	0	0	0	0	0	0	0	0	0	0	0	0	0	0	0	0	0	0	0	0	0	0	0	0	-17	0	0	0	-522	0	0	0	0
