time	time	departures_all	arrivals_all	stuck_all	en-route_all	departures_Shared-Bike	arrivals_Shared-Bike	stuck_Shared-Bike	en-route_Shared-Bike	departures_bike	arrivals_bike	stuck_bike	en-route_bike	departures_car	arrivals_car	stuck_car	en-route_car	departures_car_passenger	arrivals_car_passenger	stuck_car_passenger	en-route_car_passenger	departures_pt	arrivals_pt	stuck_pt	en-route_pt	departures_sharing:standardBikeShare	arrivals_sharing:standardBikeShare	stuck_sharing:standardBikeShare	en-route_sharing:standardBikeShare	departures_walk	arrivals_walk	stuck_walk	en-route_walk
00:00:00	0	0	0	0	0	0	0	0	0	0	0	0	0	0	0	0	0	0	0	0	0	0	0	0	0	0	0	0	0	0	0	0	0
00:05:00	300	0	0	0	0	0	0	0	0	0	0	0	0	0	0	0	0	0	0	0	0	0	0	0	0	0	0	0	0	0	0	0	0
00:10:00	600	0	0	0	0	0	0	0	0	0	0	0	0	0	0	0	0	0	0	0	0	0	0	0	0	0	0	0	0	0	0	0	0
00:15:00	900	0	0	0	0	0	0	0	0	0	0	0	0	0	0	0	0	0	0	0	0	0	0	0	0	0	0	0	0	0	0	0	0
00:20:00	1200	0	0	0	0	0	0	0	0	0	0	0	0	0	0	0	0	0	0	0	0	0	0	0	0	0	0	0	0	0	0	0	0
00:25:00	1500	0	0	0	0	0	0	0	0	0	0	0	0	0	0	0	0	0	0	0	0	0	0	0	0	0	0	0	0	0	0	0	0
00:30:00	1800	0	0	0	0	0	0	0	0	0	0	0	0	0	0	0	0	0	0	0	0	0	0	0	0	0	0	0	0	0	0	0	0
00:35:00	2100	0	0	0	0	0	0	0	0	0	0	0	0	0	0	0	0	0	0	0	0	0	0	0	0	0	0	0	0	0	0	0	0
00:40:00	2400	0	0	0	0	0	0	0	0	0	0	0	0	0	0	0	0	0	0	0	0	0	0	0	0	0	0	0	0	0	0	0	0
00:45:00	2700	0	0	0	0	0	0	0	0	0	0	0	0	0	0	0	0	0	0	0	0	0	0	0	0	0	0	0	0	0	0	0	0
00:50:00	3000	0	0	0	0	0	0	0	0	0	0	0	0	0	0	0	0	0	0	0	0	0	0	0	0	0	0	0	0	0	0	0	0
00:55:00	3300	0	0	0	0	0	0	0	0	0	0	0	0	0	0	0	0	0	0	0	0	0	0	0	0	0	0	0	0	0	0	0	0
01:00:00	3600	0	0	0	0	0	0	0	0	0	0	0	0	0	0	0	0	0	0	0	0	0	0	0	0	0	0	0	0	0	0	0	0
01:05:00	3900	0	0	0	0	0	0	0	0	0	0	0	0	0	0	0	0	0	0	0	0	0	0	0	0	0	0	0	0	0	0	0	0
01:10:00	4200	0	0	0	0	0	0	0	0	0	0	0	0	0	0	0	0	0	0	0	0	0	0	0	0	0	0	0	0	0	0	0	0
01:15:00	4500	0	0	0	0	0	0	0	0	0	0	0	0	0	0	0	0	0	0	0	0	0	0	0	0	0	0	0	0	0	0	0	0
01:20:00	4800	0	0	0	0	0	0	0	0	0	0	0	0	0	0	0	0	0	0	0	0	0	0	0	0	0	0	0	0	0	0	0	0
01:25:00	5100	0	0	0	0	0	0	0	0	0	0	0	0	0	0	0	0	0	0	0	0	0	0	0	0	0	0	0	0	0	0	0	0
01:30:00	5400	0	0	0	0	0	0	0	0	0	0	0	0	0	0	0	0	0	0	0	0	0	0	0	0	0	0	0	0	0	0	0	0
01:35:00	5700	0	0	0	0	0	0	0	0	0	0	0	0	0	0	0	0	0	0	0	0	0	0	0	0	0	0	0	0	0	0	0	0
01:40:00	6000	0	0	0	0	0	0	0	0	0	0	0	0	0	0	0	0	0	0	0	0	0	0	0	0	0	0	0	0	0	0	0	0
01:45:00	6300	0	0	0	0	0	0	0	0	0	0	0	0	0	0	0	0	0	0	0	0	0	0	0	0	0	0	0	0	0	0	0	0
01:50:00	6600	0	0	0	0	0	0	0	0	0	0	0	0	0	0	0	0	0	0	0	0	0	0	0	0	0	0	0	0	0	0	0	0
01:55:00	6900	0	0	0	0	0	0	0	0	0	0	0	0	0	0	0	0	0	0	0	0	0	0	0	0	0	0	0	0	0	0	0	0
02:00:00	7200	0	0	0	0	0	0	0	0	0	0	0	0	0	0	0	0	0	0	0	0	0	0	0	0	0	0	0	0	0	0	0	0
02:05:00	7500	0	0	0	0	0	0	0	0	0	0	0	0	0	0	0	0	0	0	0	0	0	0	0	0	0	0	0	0	0	0	0	0
02:10:00	7800	0	0	0	0	0	0	0	0	0	0	0	0	0	0	0	0	0	0	0	0	0	0	0	0	0	0	0	0	0	0	0	0
02:15:00	8100	0	0	0	0	0	0	0	0	0	0	0	0	0	0	0	0	0	0	0	0	0	0	0	0	0	0	0	0	0	0	0	0
02:20:00	8400	0	0	0	0	0	0	0	0	0	0	0	0	0	0	0	0	0	0	0	0	0	0	0	0	0	0	0	0	0	0	0	0
02:25:00	8700	0	0	0	0	0	0	0	0	0	0	0	0	0	0	0	0	0	0	0	0	0	0	0	0	0	0	0	0	0	0	0	0
02:30:00	9000	0	0	0	0	0	0	0	0	0	0	0	0	0	0	0	0	0	0	0	0	0	0	0	0	0	0	0	0	0	0	0	0
02:35:00	9300	0	0	0	0	0	0	0	0	0	0	0	0	0	0	0	0	0	0	0	0	0	0	0	0	0	0	0	0	0	0	0	0
02:40:00	9600	0	0	0	0	0	0	0	0	0	0	0	0	0	0	0	0	0	0	0	0	0	0	0	0	0	0	0	0	0	0	0	0
02:45:00	9900	0	0	0	0	0	0	0	0	0	0	0	0	0	0	0	0	0	0	0	0	0	0	0	0	0	0	0	0	0	0	0	0
02:50:00	10200	0	0	0	0	0	0	0	0	0	0	0	0	0	0	0	0	0	0	0	0	0	0	0	0	0	0	0	0	0	0	0	0
02:55:00	10500	0	0	0	0	0	0	0	0	0	0	0	0	0	0	0	0	0	0	0	0	0	0	0	0	0	0	0	0	0	0	0	0
03:00:00	10800	0	0	0	0	0	0	0	0	0	0	0	0	0	0	0	0	0	0	0	0	0	0	0	0	0	0	0	0	0	0	0	0
03:05:00	11100	0	0	0	0	0	0	0	0	0	0	0	0	0	0	0	0	0	0	0	0	0	0	0	0	0	0	0	0	0	0	0	0
03:10:00	11400	0	0	0	0	0	0	0	0	0	0	0	0	0	0	0	0	0	0	0	0	0	0	0	0	0	0	0	0	0	0	0	0
03:15:00	11700	0	0	0	0	0	0	0	0	0	0	0	0	0	0	0	0	0	0	0	0	0	0	0	0	0	0	0	0	0	0	0	0
03:20:00	12000	0	0	0	0	0	0	0	0	0	0	0	0	0	0	0	0	0	0	0	0	0	0	0	0	0	0	0	0	0	0	0	0
03:25:00	12300	0	0	0	0	0	0	0	0	0	0	0	0	0	0	0	0	0	0	0	0	0	0	0	0	0	0	0	0	0	0	0	0
03:30:00	12600	0	0	0	0	0	0	0	0	0	0	0	0	0	0	0	0	0	0	0	0	0	0	0	0	0	0	0	0	0	0	0	0
03:35:00	12900	0	0	0	0	0	0	0	0	0	0	0	0	0	0	0	0	0	0	0	0	0	0	0	0	0	0	0	0	0	0	0	0
03:40:00	13200	0	0	0	0	0	0	0	0	0	0	0	0	0	0	0	0	0	0	0	0	0	0	0	0	0	0	0	0	0	0	0	0
03:45:00	13500	0	0	0	0	0	0	0	0	0	0	0	0	0	0	0	0	0	0	0	0	0	0	0	0	0	0	0	0	0	0	0	0
03:50:00	13800	0	0	0	0	0	0	0	0	0	0	0	0	0	0	0	0	0	0	0	0	0	0	0	0	0	0	0	0	0	0	0	0
03:55:00	14100	0	0	0	0	0	0	0	0	0	0	0	0	0	0	0	0	0	0	0	0	0	0	0	0	0	0	0	0	0	0	0	0
04:00:00	14400	0	0	0	0	0	0	0	0	0	0	0	0	0	0	0	0	0	0	0	0	0	0	0	0	0	0	0	0	0	0	0	0
04:05:00	14700	0	0	0	0	0	0	0	0	0	0	0	0	0	0	0	0	0	0	0	0	0	0	0	0	0	0	0	0	0	0	0	0
04:10:00	15000	0	0	0	0	0	0	0	0	0	0	0	0	0	0	0	0	0	0	0	0	0	0	0	0	0	0	0	0	0	0	0	0
04:15:00	15300	0	0	0	0	0	0	0	0	0	0	0	0	0	0	0	0	0	0	0	0	0	0	0	0	0	0	0	0	0	0	0	0
04:20:00	15600	0	0	0	0	0	0	0	0	0	0	0	0	0	0	0	0	0	0	0	0	0	0	0	0	0	0	0	0	0	0	0	0
04:25:00	15900	0	0	0	0	0	0	0	0	0	0	0	0	0	0	0	0	0	0	0	0	0	0	0	0	0	0	0	0	0	0	0	0
04:30:00	16200	0	0	0	0	0	0	0	0	0	0	0	0	0	0	0	0	0	0	0	0	0	0	0	0	0	0	0	0	0	0	0	0
04:35:00	16500	0	0	0	0	0	0	0	0	0	0	0	0	0	0	0	0	0	0	0	0	0	0	0	0	0	0	0	0	0	0	0	0
04:40:00	16800	0	0	0	0	0	0	0	0	0	0	0	0	0	0	0	0	0	0	0	0	0	0	0	0	0	0	0	0	0	0	0	0
04:45:00	17100	0	0	0	0	0	0	0	0	0	0	0	0	0	0	0	0	0	0	0	0	0	0	0	0	0	0	0	0	0	0	0	0
04:50:00	17400	0	0	0	0	0	0	0	0	0	0	0	0	0	0	0	0	0	0	0	0	0	0	0	0	0	0	0	0	0	0	0	0
04:55:00	17700	0	0	0	0	0	0	0	0	0	0	0	0	0	0	0	0	0	0	0	0	0	0	0	0	0	0	0	0	0	0	0	0
05:00:00	18000	0	0	0	0	0	0	0	0	0	0	0	0	0	0	0	0	0	0	0	0	0	0	0	0	0	0	0	0	0	0	0	0
05:05:00	18300	0	0	0	0	0	0	0	0	0	0	0	0	0	0	0	0	0	0	0	0	0	0	0	0	0	0	0	0	0	0	0	0
05:10:00	18600	0	0	0	0	0	0	0	0	0	0	0	0	0	0	0	0	0	0	0	0	0	0	0	0	0	0	0	0	0	0	0	0
05:15:00	18900	0	0	0	0	0	0	0	0	0	0	0	0	0	0	0	0	0	0	0	0	0	0	0	0	0	0	0	0	0	0	0	0
05:20:00	19200	0	0	0	0	0	0	0	0	0	0	0	0	0	0	0	0	0	0	0	0	0	0	0	0	0	0	0	0	0	0	0	0
05:25:00	19500	0	0	0	0	0	0	0	0	0	0	0	0	0	0	0	0	0	0	0	0	0	0	0	0	0	0	0	0	0	0	0	0
05:30:00	19800	0	0	0	0	0	0	0	0	0	0	0	0	0	0	0	0	0	0	0	0	0	0	0	0	0	0	0	0	0	0	0	0
05:35:00	20100	0	0	0	0	0	0	0	0	0	0	0	0	0	0	0	0	0	0	0	0	0	0	0	0	0	0	0	0	0	0	0	0
05:40:00	20400	0	0	0	0	0	0	0	0	0	0	0	0	0	0	0	0	0	0	0	0	0	0	0	0	0	0	0	0	0	0	0	0
05:45:00	20700	0	0	0	0	0	0	0	0	0	0	0	0	0	0	0	0	0	0	0	0	0	0	0	0	0	0	0	0	0	0	0	0
05:50:00	21000	0	0	0	0	0	0	0	0	0	0	0	0	0	0	0	0	0	0	0	0	0	0	0	0	0	0	0	0	0	0	0	0
05:55:00	21300	0	0	0	0	0	0	0	0	0	0	0	0	0	0	0	0	0	0	0	0	0	0	0	0	0	0	0	0	0	0	0	0
06:00:00	21600	4	0	0	4	0	0	0	0	0	0	0	0	2	0	0	2	0	0	0	0	0	0	0	0	0	0	0	0	2	0	0	2
06:05:00	21900	4	0	0	8	0	0	0	0	0	0	0	0	3	0	0	5	0	0	0	0	0	0	0	0	0	0	0	0	1	0	0	3
06:10:00	22200	3	2	0	9	0	0	0	0	0	0	0	0	3	1	0	7	0	0	0	0	0	0	0	0	0	0	0	0	0	1	0	2
06:15:00	22500	1	2	0	8	0	0	0	0	0	0	0	0	1	2	0	6	0	0	0	0	0	0	0	0	0	0	0	0	0	0	0	2
06:20:00	22800	4	2	0	10	0	0	0	0	0	0	0	0	3	1	0	8	0	0	0	0	1	0	0	1	0	0	0	0	0	1	0	1
06:25:00	23100	7	4	0	13	0	0	0	0	0	0	0	0	5	3	0	10	0	0	0	0	0	1	0	0	0	0	0	0	2	0	0	3
06:30:00	23400	42	2	0	53	0	0	0	0	0	0	0	0	33	2	0	41	0	0	0	0	0	0	0	0	0	0	0	0	9	0	0	12
06:35:00	23700	37	20	0	70	0	0	0	0	0	0	0	0	28	16	0	53	0	0	0	0	0	0	0	0	0	0	0	0	9	4	0	17
06:40:00	24000	36	21	1	84	0	0	0	0	0	0	0	0	27	14	0	66	0	0	0	0	1	0	0	1	0	0	1	-1	8	7	0	18
06:45:00	24300	38	35	0	87	1	0	0	1	0	0	0	0	27	26	0	67	0	0	0	0	4	0	0	5	0	0	0	-1	6	9	0	15
06:50:00	24600	42	28	0	101	1	0	0	2	0	0	0	0	28	23	0	72	0	0	0	0	2	0	0	7	0	0	0	-1	11	5	0	21
06:55:00	24900	78	35	0	144	0	1	0	1	0	0	0	0	61	26	0	107	0	0	0	0	0	0	0	7	0	0	0	-1	17	8	0	30
07:00:00	25200	65	50	0	159	1	0	0	2	0	0	0	0	51	43	0	115	0	0	0	0	2	0	0	9	0	0	0	-1	11	7	0	34
07:05:00	25500	66	48	0	177	0	2	0	0	0	0	0	0	37	32	0	120	0	0	0	0	2	1	0	10	0	0	0	-1	27	13	0	48
07:10:00	25800	69	59	0	187	1	1	0	0	0	0	0	0	49	40	0	129	0	0	0	0	5	2	0	13	0	0	0	-1	14	16	0	46
07:15:00	26100	86	57	0	216	0	0	0	0	0	0	0	0	71	47	0	153	0	0	0	0	1	0	0	14	0	0	0	-1	14	10	0	50
07:20:00	26400	85	75	1	225	0	0	0	0	0	0	0	0	57	55	0	155	0	0	0	0	11	1	0	24	0	0	1	-2	17	19	0	48
07:25:00	26700	114	73	1	265	1	0	0	1	0	0	0	0	79	53	0	181	0	0	0	0	7	1	0	30	0	0	1	-3	27	19	0	56
07:30:00	27000	79	91	0	253	1	0	0	2	0	0	0	0	60	73	0	168	0	0	0	0	4	2	0	32	0	0	0	-3	14	16	0	54
07:35:00	27300	97	92	0	258	1	3	0	0	0	0	0	0	54	67	0	155	0	0	0	0	4	5	0	31	0	0	0	-3	38	17	0	75
07:40:00	27600	103	78	0	283	1	0	0	1	0	0	0	0	74	50	0	179	0	0	0	0	7	2	0	36	0	0	0	-3	21	26	0	70
07:45:00	27900	100	86	0	297	0	1	0	0	1	0	0	1	72	60	0	191	0	0	0	0	6	2	0	40	0	0	0	-3	21	23	0	68
07:50:00	28200	112	85	0	324	1	0	0	1	1	0	0	2	79	63	0	207	0	0	0	0	3	5	0	38	0	0	0	-3	28	17	0	79
07:55:00	28500	118	109	0	333	0	0	0	1	1	0	0	3	79	85	0	201	12	1	0	11	8	1	0	45	0	0	0	-3	18	22	0	75
08:00:00	28800	136	122	0	347	2	1	0	2	0	1	0	2	76	79	0	198	24	7	0	28	9	6	0	48	0	0	0	-3	25	28	0	72
08:05:00	29100	120	109	2	356	0	2	0	0	0	1	0	1	68	63	0	203	17	10	0	35	7	5	0	50	0	0	2	-5	28	28	0	72
08:10:00	29400	139	118	0	377	0	0	0	0	0	0	0	1	78	77	0	204	26	16	0	45	6	4	0	52	0	0	0	-5	29	21	0	80
08:15:00	29700	95	102	0	370	0	0	0	0	0	0	0	1	55	69	0	190	14	15	0	44	4	1	0	55	0	0	0	-5	22	17	0	85
08:20:00	30000	110	107	0	373	0	0	0	0	0	0	0	1	73	63	0	200	16	18	0	42	9	1	0	63	0	0	0	-5	12	25	0	72
08:25:00	30300	116	104	0	385	1	0	0	1	0	0	0	1	64	70	0	194	20	12	0	50	8	3	0	68	0	0	0	-5	23	19	0	76
08:30:00	30600	102	112	0	375	1	1	0	1	0	1	0	0	46	60	0	180	21	16	0	55	10	8	0	70	0	0	0	-5	24	26	0	74
08:35:00	30900	79	96	0	358	1	1	0	1	0	0	0	0	50	56	0	174	8	19	0	44	6	3	0	73	0	0	0	-5	14	17	0	71
08:40:00	31200	90	87	0	361	0	1	0	0	0	0	0	0	48	49	0	173	24	18	0	50	6	1	0	78	0	0	0	-5	12	18	0	65
08:45:00	31500	104	74	0	391	1	1	0	0	0	0	0	0	43	49	0	167	39	14	0	75	4	1	0	81	0	0	0	-5	17	9	0	73
08:50:00	31800	86	90	0	387	0	0	0	0	0	0	0	0	53	52	0	168	13	22	0	66	7	0	0	88	0	0	0	-5	13	16	0	70
08:55:00	32100	93	100	0	380	0	0	0	0	0	0	0	0	48	58	0	158	18	19	0	65	8	9	0	87	0	0	0	-5	19	14	0	75
09:00:00	32400	96	89	0	387	0	0	0	0	0	0	0	0	69	52	0	175	4	16	0	53	6	3	0	90	0	0	0	-5	17	18	0	74
09:05:00	32700	82	96	0	373	0	0	0	0	0	0	0	0	45	50	0	170	6	12	0	47	4	11	0	83	0	0	0	-5	27	23	0	78
09:10:00	33000	67	97	0	343	3	0	0	3	0	0	0	0	45	56	0	159	3	11	0	39	5	2	0	86	0	0	0	-5	11	28	0	61
09:15:00	33300	64	80	0	327	0	2	0	1	0	0	0	0	48	52	0	155	2	12	0	29	5	4	0	87	0	0	0	-5	9	10	0	60
09:20:00	33600	55	92	0	290	0	0	0	1	1	0	0	1	34	57	0	132	2	11	0	20	3	4	0	86	0	0	0	-5	15	20	0	55
09:25:00	33900	64	68	0	286	0	1	0	0	0	0	0	1	34	40	0	126	4	2	0	22	2	14	0	74	0	0	0	-5	24	11	0	68
09:30:00	34200	46	67	0	265	0	0	0	0	0	0	0	1	33	40	0	119	1	6	0	17	1	2	0	73	0	0	0	-5	11	19	0	60
09:35:00	34500	52	67	0	250	0	0	0	0	0	0	0	1	23	40	0	102	8	6	0	19	6	2	0	77	0	0	0	-5	15	19	0	56
09:40:00	34800	38	55	0	233	0	0	0	0	0	0	0	1	26	34	0	94	2	5	0	16	1	2	0	76	0	0	0	-5	9	14	0	51
09:45:00	35100	45	69	0	209	0	0	0	0	0	1	0	0	27	39	0	82	0	6	0	10	5	1	0	80	0	0	0	-5	13	22	0	42
09:50:00	35400	38	45	0	202	0	0	0	0	0	0	0	0	26	24	0	84	0	4	0	6	5	0	0	85	0	0	0	-5	7	17	0	32
09:55:00	35700	46	38	0	210	0	0	0	0	1	0	0	1	34	25	0	93	0	2	0	4	0	1	0	84	0	0	0	-5	11	10	0	33
10:00:00	36000	76	65	0	221	0	0	0	0	0	0	0	1	46	36	0	103	0	2	0	2	2	11	0	75	0	0	0	-5	28	16	0	45
10:05:00	36300	58	58	0	221	0	0	0	0	0	1	0	0	44	43	0	104	0	1	0	1	0	2	0	73	0	0	0	-5	14	11	0	48
10:10:00	36600	83	80	0	224	0	0	0	0	0	0	0	0	51	46	0	109	0	1	0	0	2	8	0	67	0	0	0	-5	30	25	0	53
10:15:00	36900	64	74	0	214	0	0	0	0	0	0	0	0	40	42	0	107	0	0	0	0	2	2	0	67	0	0	0	-5	22	30	0	45
10:20:00	37200	67	72	0	209	0	0	0	0	0	0	0	0	38	43	0	102	0	0	0	0	4	1	0	70	0	0	0	-5	25	28	0	42
10:25:00	37500	78	80	0	207	0	0	0	0	0	0	0	0	55	52	0	105	0	0	0	0	1	3	0	68	0	0	0	-5	22	25	0	39
10:30:00	37800	61	69	0	199	0	0	0	0	0	0	0	0	40	42	0	103	0	0	0	0	1	0	0	69	0	0	0	-5	20	27	0	32
10:35:00	38100	44	66	0	177	0	0	0	0	0	0	0	0	23	48	0	78	2	1	0	1	3	0	0	72	0	0	0	-5	16	17	0	31
10:40:00	38400	55	55	0	177	0	0	0	0	0	0	0	0	22	27	0	73	1	1	0	1	2	0	0	74	0	0	0	-5	30	27	0	34
10:45:00	38700	68	71	0	174	0	0	0	0	0	0	0	0	38	40	0	71	3	0	0	4	3	5	0	72	0	0	0	-5	24	26	0	32
10:50:00	39000	46	60	0	160	0	0	0	0	0	0	0	0	22	29	0	64	0	3	0	1	3	3	0	72	0	0	0	-5	21	25	0	28
10:55:00	39300	38	46	0	152	0	0	0	0	0	0	0	0	22	24	0	62	2	0	0	3	2	2	0	72	0	0	0	-5	12	20	0	20
11:00:00	39600	48	37	0	163	0	0	0	0	1	0	0	1	30	26	0	66	4	1	0	6	0	1	0	71	0	0	0	-5	13	9	0	24
11:05:00	39900	93	79	0	177	0	0	0	0	0	1	0	0	38	27	0	77	1	1	0	6	13	14	0	70	0	0	0	-5	41	36	0	29
11:10:00	40200	76	51	0	202	0	0	0	0	0	0	0	0	49	29	0	97	2	1	0	7	3	1	0	72	0	0	0	-5	22	20	0	31
11:15:00	40500	63	58	0	207	0	0	0	0	0	0	0	0	33	38	0	92	10	3	0	14	2	3	0	71	0	0	0	-5	18	14	0	35
11:20:00	40800	62	57	0	212	0	0	0	0	1	0	0	1	32	32	0	92	2	1	0	15	3	2	0	72	0	0	0	-5	24	22	0	37
11:25:00	41100	71	67	0	216	0	0	0	0	1	1	0	1	45	40	0	97	3	4	0	14	2	1	0	73	0	0	0	-5	20	21	0	36
11:30:00	41400	84	67	0	233	0	0	0	0	0	0	0	1	48	30	0	115	1	5	0	10	4	3	0	74	0	0	0	-5	31	29	0	38
11:35:00	41700	101	94	0	240	0	0	0	0	0	0	0	1	47	48	0	114	3	3	0	10	8	14	0	68	0	0	0	-5	43	29	0	52
11:40:00	42000	86	83	0	243	0	0	0	0	0	1	0	0	46	37	0	123	0	3	0	7	4	13	0	59	0	0	0	-5	36	29	0	59
11:45:00	42300	88	90	0	241	1	0	0	1	0	0	0	0	46	42	0	127	3	5	0	5	8	6	0	61	0	0	0	-5	30	37	0	52
11:50:00	42600	89	78	0	252	2	1	0	2	0	0	0	0	42	40	0	129	5	2	0	8	2	1	0	62	0	0	0	-5	38	34	0	56
11:55:00	42900	112	99	0	265	1	2	0	1	0	0	0	0	64	49	0	144	1	1	0	8	4	9	0	57	0	0	0	-5	42	38	0	60
12:00:00	43200	86	88	0	263	1	0	0	2	0	0	0	0	56	54	0	146	2	1	0	9	5	0	0	62	0	0	0	-5	22	33	0	49
12:05:00	43500	68	80	0	251	1	2	0	1	0	0	0	0	35	44	0	137	8	6	0	11	7	0	0	69	0	0	0	-5	17	28	0	38
12:10:00	43800	68	61	0	258	1	0	0	2	0	0	0	0	44	39	0	142	2	0	0	13	5	1	0	73	0	0	0	-5	16	21	0	33
12:15:00	44100	57	74	0	241	1	1	0	2	0	0	0	0	34	53	0	123	1	3	0	11	2	5	0	70	0	0	0	-5	19	12	0	40
12:20:00	44400	50	60	2	229	0	1	0	1	0	0	0	0	32	41	0	114	0	3	0	8	4	1	0	73	0	0	2	-7	14	14	0	40
12:25:00	44700	65	68	0	226	1	1	0	1	0	0	0	0	45	34	0	125	0	3	0	5	5	7	0	71	0	0	0	-7	14	23	0	31
12:30:00	45000	42	51	0	217	1	0	0	2	0	0	0	0	25	36	0	114	0	1	0	4	3	3	0	71	0	0	0	-7	13	11	0	33
12:35:00	45300	29	51	0	195	0	0	0	2	0	0	0	0	14	35	0	93	0	2	0	2	5	5	0	71	0	0	0	-7	10	9	0	34
12:40:00	45600	36	37	0	194	0	1	0	1	0	0	0	0	24	25	0	92	0	1	0	1	3	2	0	72	0	0	0	-7	9	8	0	35
12:45:00	45900	49	39	0	204	0	1	0	0	0	0	0	0	36	28	0	100	0	0	0	1	6	2	0	76	0	0	0	-7	7	8	0	34
12:50:00	46200	32	50	0	186	0	0	0	0	0	0	0	0	20	35	0	85	0	1	0	0	6	0	0	82	0	0	0	-7	6	14	0	26
12:55:00	46500	35	36	0	185	1	0	0	1	0	0	0	0	26	28	0	83	0	0	0	0	1	4	0	79	0	0	0	-7	7	4	0	29
13:00:00	46800	6	35	0	156	0	0	0	1	0	0	0	0	0	25	0	58	0	0	0	0	6	0	0	85	0	0	0	-7	0	10	0	19
13:05:00	47100	6	27	0	135	0	1	0	0	0	0	0	0	2	19	0	41	0	0	0	0	2	0	0	87	0	0	0	-7	2	7	0	14
13:10:00	47400	3	17	0	121	0	0	0	0	0	0	0	0	0	12	0	29	0	0	0	0	2	0	0	89	0	0	0	-7	1	5	0	10
13:15:00	47700	25	12	0	134	0	0	0	0	0	0	0	0	18	7	0	40	0	0	0	0	0	3	0	86	0	0	0	-7	7	2	0	15
13:20:00	48000	18	24	0	128	0	0	0	0	0	0	0	0	9	13	0	36	0	0	0	0	0	4	0	82	0	0	0	-7	9	7	0	17
13:25:00	48300	27	23	0	132	0	0	0	0	0	0	0	0	8	8	0	36	0	0	0	0	2	9	0	75	0	0	0	-7	17	6	0	28
13:30:00	48600	56	22	0	166	1	0	0	1	1	0	0	1	44	13	0	67	1	0	0	1	1	2	0	74	0	0	0	-7	8	7	0	29
13:35:00	48900	67	56	0	177	0	1	0	0	0	0	0	1	40	33	0	74	5	0	0	6	1	9	0	66	0	0	0	-7	21	13	0	37
13:40:00	49200	45	43	0	179	0	0	0	0	0	0	0	1	29	27	0	76	5	2	0	9	1	3	0	64	0	0	0	-7	10	11	0	36
13:45:00	49500	57	50	0	186	0	0	0	0	0	1	0	0	41	30	0	87	2	3	0	8	2	3	0	63	0	0	0	-7	12	13	0	35
13:50:00	49800	98	57	0	227	1	0	0	1	0	0	0	0	63	30	0	120	15	7	0	16	4	2	0	65	0	0	0	-7	15	18	0	32
13:55:00	50100	113	64	1	275	0	1	0	0	0	0	0	0	77	47	0	150	12	5	0	23	3	1	0	67	0	0	1	-8	21	10	0	43
14:00:00	50400	87	84	0	278	0	0	0	0	0	0	0	0	63	54	0	159	3	9	0	17	4	0	0	71	0	0	0	-8	17	21	0	39
14:05:00	50700	88	86	0	280	2	0	0	2	0	0	0	0	48	51	0	156	9	6	0	20	1	0	0	72	0	0	0	-8	28	29	0	38
14:10:00	51000	82	86	0	276	0	1	0	1	0	0	0	0	53	55	0	154	14	11	0	23	3	0	0	75	0	0	0	-8	12	19	0	31
14:15:00	51300	69	73	0	272	2	1	0	2	0	0	0	0	38	49	0	143	8	8	0	23	4	2	0	77	0	0	0	-8	17	13	0	35
14:20:00	51600	80	74	0	278	0	2	0	0	0	0	0	0	42	45	0	140	14	8	0	29	4	3	0	78	0	0	0	-8	20	16	0	39
14:25:00	51900	78	82	0	274	0	0	0	0	0	0	0	0	52	59	0	133	16	11	0	34	2	1	0	79	0	0	0	-8	8	11	0	36
14:30:00	52200	58	69	0	263	0	0	0	0	0	0	0	0	23	32	0	124	12	14	0	32	7	4	0	82	0	0	0	-8	16	19	0	33
14:35:00	52500	76	69	1	269	0	0	0	0	0	0	0	0	40	34	0	130	4	12	0	24	3	3	0	82	0	0	1	-9	29	20	0	42
14:40:00	52800	63	84	0	248	0	0	0	0	0	0	0	0	34	53	0	111	8	7	0	25	2	4	0	80	0	0	0	-9	19	20	0	41
14:45:00	53100	57	69	0	236	0	0	0	0	0	0	0	0	23	27	0	107	9	13	0	21	7	11	0	76	0	0	0	-9	18	18	0	41
14:50:00	53400	54	76	0	214	0	0	0	0	0	0	0	0	30	42	0	95	3	6	0	18	4	2	0	78	0	0	0	-9	17	26	0	32
14:55:00	53700	45	55	0	204	0	0	0	0	0	0	0	0	19	28	0	86	8	6	0	20	4	3	0	79	0	0	0	-9	14	18	0	28
15:00:00	54000	41	50	0	195	0	0	0	0	0	0	0	0	24	30	0	80	3	9	0	14	1	2	0	78	0	0	0	-9	13	9	0	32
15:05:00	54300	52	60	0	187	0	0	0	0	0	0	0	0	27	39	0	68	1	4	0	11	2	1	0	79	0	0	0	-9	22	16	0	38
15:10:00	54600	52	49	0	190	0	0	0	0	0	0	0	0	31	26	0	73	0	5	0	6	3	1	0	81	0	0	0	-9	18	17	0	39
15:15:00	54900	62	50	0	202	2	0	0	2	0	0	0	0	34	25	0	82	1	2	0	5	4	1	0	84	0	0	0	-9	21	22	0	38
15:20:00	55200	60	52	0	210	1	2	0	1	0	0	0	0	31	25	0	88	1	1	0	5	5	2	0	87	0	0	0	-9	22	22	0	38
15:25:00	55500	54	60	0	204	0	0	0	1	0	0	0	0	38	41	0	85	0	0	0	5	2	3	0	86	0	0	0	-9	14	16	0	36
15:30:00	55800	77	50	0	231	0	0	0	1	0	0	0	0	43	28	0	100	0	1	0	4	1	3	0	84	0	0	0	-9	33	18	0	51
15:35:00	56100	102	79	0	254	0	1	0	0	0	0	0	0	69	42	0	127	0	0	0	4	4	5	0	83	0	0	0	-9	29	31	0	49
15:40:00	56400	110	97	0	267	0	0	0	0	0	0	0	0	68	54	0	141	0	1	0	3	4	3	0	84	0	0	0	-9	38	39	0	48
15:45:00	56700	78	86	0	259	0	0	0	0	0	0	0	0	50	55	0	136	0	0	0	3	5	5	0	84	0	0	0	-9	23	26	0	45
15:50:00	57000	85	85	0	259	1	0	0	1	0	0	0	0	55	51	0	140	0	1	0	2	2	0	0	86	0	0	0	-9	27	33	0	39
15:55:00	57300	66	81	0	244	0	1	0	0	0	0	0	0	31	53	0	118	0	0	0	2	2	6	0	82	0	0	0	-9	33	21	0	51
16:00:00	57600	90	82	0	252	0	0	0	0	0	0	0	0	40	46	0	112	21	0	0	23	4	6	0	80	0	0	0	-9	25	30	0	46
16:05:00	57900	81	75	0	258	0	0	0	0	0	0	0	0	46	43	0	115	19	8	0	34	1	2	0	79	0	0	0	-9	15	22	0	39
16:10:00	58200	68	86	0	240	0	0	0	0	0	0	0	0	27	49	0	93	18	14	0	38	2	2	0	79	0	0	0	-9	21	21	0	39
16:15:00	58500	86	90	0	236	0	0	0	0	0	0	0	0	35	37	0	91	16	14	0	40	6	11	0	74	0	0	0	-9	29	28	0	40
16:20:00	58800	96	69	0	263	0	0	0	0	0	0	0	0	51	31	0	111	17	11	0	46	1	2	0	73	0	0	0	-9	27	25	0	42
16:25:00	59100	107	86	0	284	1	0	0	1	0	0	0	0	49	38	0	122	27	20	0	53	2	5	0	70	0	0	0	-9	28	23	0	47
16:30:00	59400	120	93	0	311	1	1	0	1	0	0	0	0	57	49	0	130	31	14	0	70	5	2	0	73	0	0	0	-9	26	27	0	46
16:35:00	59700	137	93	0	355	0	1	0	0	0	0	0	0	70	39	0	161	27	20	0	77	5	4	0	74	0	0	0	-9	35	29	0	52
16:40:00	60000	142	131	0	366	0	0	0	0	0	0	0	0	88	64	0	185	20	29	0	68	5	6	0	73	0	0	0	-9	29	32	0	49
16:45:00	60300	101	97	0	370	0	0	0	0	0	0	0	0	53	57	0	181	28	19	0	77	2	4	0	71	0	0	0	-9	18	17	0	50
16:50:00	60600	155	131	0	394	0	0	0	0	0	0	0	0	70	69	0	182	47	31	0	93	2	3	0	70	0	0	0	-9	36	28	0	58
16:55:00	60900	137	133	0	398	0	0	0	0	0	0	0	0	73	72	0	183	31	26	0	98	3	5	0	68	0	0	0	-9	30	30	0	58
17:00:00	61200	185	130	0	453	1	1	0	0	0	0	0	0	118	61	0	240	20	30	0	88	6	8	0	66	0	0	0	-9	40	30	0	68
17:05:00	61500	185	135	0	503	0	0	0	0	0	0	0	0	123	76	0	287	12	21	0	79	4	12	0	58	0	0	0	-9	46	26	0	88
17:10:00	61800	161	153	0	511	0	0	0	0	1	0	0	1	103	92	0	298	15	22	0	72	4	3	0	59	0	0	0	-9	38	36	0	90
17:15:00	62100	183	180	0	514	1	0	0	1	0	0	0	1	106	107	0	297	25	20	0	77	6	6	0	59	0	0	0	-9	45	47	0	88
17:20:00	62400	183	163	0	534	1	2	0	0	1	0	0	2	120	94	0	323	14	22	0	69	4	2	0	61	0	0	0	-9	43	43	0	88
17:25:00	62700	130	172	0	492	1	0	0	1	0	0	0	2	85	99	0	309	3	25	0	47	9	5	0	65	0	0	0	-9	32	43	0	77
17:30:00	63000	105	141	0	456	0	0	0	1	0	1	0	1	84	97	0	296	1	12	0	36	3	5	0	63	0	0	0	-9	17	26	0	68
17:35:00	63300	104	100	0	460	0	0	0	1	0	0	0	1	73	76	0	293	0	4	0	32	9	3	0	69	0	0	0	-9	22	17	0	73
17:40:00	63600	85	123	0	422	0	1	0	0	1	1	0	1	41	75	0	259	3	10	0	25	14	10	0	73	0	0	0	-9	26	26	0	73
17:45:00	63900	112	103	0	431	0	0	0	0	0	0	0	1	84	74	0	269	1	1	0	25	5	5	0	73	0	0	0	-9	22	23	0	72
17:50:00	64200	94	99	0	426	0	0	0	0	0	0	0	1	66	73	0	262	0	5	0	20	6	3	0	76	0	0	0	-9	22	18	0	76
17:55:00	64500	109	115	0	420	1	0	0	1	0	0	0	1	82	80	0	264	1	4	0	17	6	5	0	77	0	0	0	-9	19	26	0	69
18:00:00	64800	71	113	0	378	0	1	0	0	0	0	0	1	54	86	0	232	1	2	0	16	4	2	0	79	0	0	0	-9	12	22	0	59
18:05:00	65100	73	90	1	360	0	0	0	0	0	0	0	1	42	59	0	215	0	2	0	14	8	12	0	75	0	0	1	-10	23	17	0	65
18:10:00	65400	52	84	0	328	0	0	0	0	0	1	0	0	35	57	0	193	0	0	0	14	4	5	0	74	0	0	0	-10	13	21	0	57
18:15:00	65700	45	93	0	280	0	0	0	0	0	0	0	0	28	64	0	157	1	2	0	13	2	9	0	67	0	0	0	-10	14	18	0	53
18:20:00	66000	60	61	0	279	1	1	0	0	0	0	0	0	45	37	0	165	0	1	0	12	1	7	0	61	0	0	0	-10	13	15	0	51
18:25:00	66300	43	61	0	261	0	0	0	0	1	0	0	1	29	42	0	152	0	1	0	11	0	7	0	54	0	0	0	-10	13	11	0	53
18:30:00	66600	39	60	0	240	0	0	0	0	0	1	0	0	27	38	0	141	0	0	0	11	1	7	0	48	0	0	0	-10	11	14	0	50
18:35:00	66900	61	65	0	236	0	0	0	0	0	0	0	0	39	44	0	136	1	3	0	9	1	8	0	41	0	0	0	-10	20	10	0	60
18:40:00	67200	34	55	0	215	0	0	0	0	0	0	0	0	23	32	0	127	0	2	0	7	3	2	0	42	0	0	0	-10	8	19	0	49
18:45:00	67500	36	58	0	193	0	0	0	0	0	0	0	0	25	33	0	119	0	3	0	4	3	6	0	39	0	0	0	-10	8	16	0	41
18:50:00	67800	19	45	0	167	0	0	0	0	0	0	0	0	4	24	0	99	0	0	0	4	1	9	0	31	0	0	0	-10	14	12	0	43
18:55:00	68100	25	36	0	156	0	0	0	0	0	0	0	0	16	19	0	96	0	0	0	4	0	5	0	26	0	0	0	-10	9	12	0	40
19:00:00	68400	67	42	0	181	0	0	0	0	0	0	0	0	57	27	0	126	0	0	0	4	0	8	0	18	0	0	0	-10	10	7	0	43
19:05:00	68700	81	41	0	221	0	0	0	0	0	0	0	0	64	29	0	161	0	0	0	4	2	0	0	20	0	0	0	-10	15	12	0	46
19:10:00	69000	63	64	0	220	1	0	0	1	0	0	0	0	51	50	0	162	0	0	0	4	1	1	0	20	0	0	0	-10	10	13	0	43
19:15:00	69300	58	70	0	208	0	1	0	0	0	0	0	0	43	49	0	156	0	1	0	3	3	4	0	19	0	0	0	-10	12	15	0	40
19:20:00	69600	60	62	0	206	0	0	0	0	0	0	0	0	48	49	0	155	0	0	0	3	0	2	0	17	0	0	0	-10	12	11	0	41
19:25:00	69900	85	58	0	233	0	0	0	0	0	0	0	0	70	48	0	177	0	0	0	3	0	1	0	16	0	0	0	-10	15	9	0	47
19:30:00	70200	66	62	0	237	0	0	0	0	0	0	0	0	57	44	0	190	0	0	0	3	1	3	0	14	0	0	0	-10	8	15	0	40
19:35:00	70500	50	79	0	208	0	0	0	0	0	0	0	0	37	66	0	161	0	0	0	3	1	2	0	13	0	0	0	-10	12	11	0	41
19:40:00	70800	38	61	0	185	0	0	0	0	0	0	0	0	37	50	0	148	0	0	0	3	0	0	0	13	0	0	0	-10	1	11	0	31
19:45:00	71100	71	65	0	191	0	0	0	0	0	0	0	0	53	48	0	153	0	1	0	2	5	3	0	15	0	0	0	-10	13	13	0	31
19:50:00	71400	47	54	0	184	2	0	0	2	0	0	0	0	36	43	0	146	0	0	0	2	0	2	0	13	0	0	0	-10	9	9	0	31
19:55:00	71700	50	58	0	176	1	1	0	2	0	0	0	0	38	51	0	133	0	0	0	2	0	2	0	11	0	0	0	-10	11	4	0	38
20:00:00	72000	7	42	0	141	0	0	0	2	0	0	0	0	3	32	0	104	0	0	0	2	1	0	0	12	0	0	0	-10	3	10	0	31
20:05:00	72300	6	45	0	102	0	2	0	0	0	0	0	0	4	32	0	76	0	0	0	2	0	0	0	12	0	0	0	-10	2	11	0	22
20:10:00	72600	5	17	0	90	0	0	0	0	0	0	0	0	4	13	0	67	0	0	0	2	0	0	0	12	0	0	0	-10	1	4	0	19
20:15:00	72900	5	20	0	75	0	0	0	0	0	0	0	0	3	17	0	53	0	0	0	2	1	0	0	13	0	0	0	-10	1	3	0	17
20:20:00	73200	10	19	0	66	0	0	0	0	0	0	0	0	5	13	0	45	0	1	0	1	1	2	0	12	0	0	0	-10	4	3	0	18
20:25:00	73500	11	11	0	66	0	0	0	0	0	0	0	0	7	5	0	47	0	0	0	1	0	4	0	8	0	0	0	-10	4	2	0	20
20:30:00	73800	8	21	0	53	0	0	0	0	0	0	0	0	4	13	0	38	0	1	0	0	0	4	0	4	0	0	0	-10	4	3	0	21
20:35:00	74100	4	10	0	47	0	0	0	0	0	0	0	0	3	6	0	35	0	0	0	0	0	1	0	3	0	0	0	-10	1	3	0	19
20:40:00	74400	3	8	0	42	0	0	0	0	0	0	0	0	3	6	0	32	0	0	0	0	0	0	0	3	0	0	0	-10	0	2	0	17
20:45:00	74700	5	6	0	41	0	0	0	0	0	0	0	0	3	2	0	33	0	0	0	0	0	0	0	3	0	0	0	-10	2	4	0	15
20:50:00	75000	10	13	0	38	0	0	0	0	0	0	0	0	6	7	0	32	0	0	0	0	0	0	0	3	0	0	0	-10	4	6	0	13
20:55:00	75300	5	10	0	33	0	0	0	0	0	0	0	0	4	6	0	30	0	0	0	0	0	0	0	3	0	0	0	-10	1	4	0	10
21:00:00	75600	10	10	0	33	0	0	0	0	0	0	0	0	8	7	0	31	0	0	0	0	0	0	0	3	0	0	0	-10	2	3	0	9
21:05:00	75900	6	8	0	31	0	0	0	0	0	0	0	0	5	6	0	30	0	0	0	0	0	0	0	3	0	0	0	-10	1	2	0	8
21:10:00	76200	3	5	0	29	0	0	0	0	0	0	0	0	3	3	0	30	0	0	0	0	0	0	0	3	0	0	0	-10	0	2	0	6
21:15:00	76500	1	5	0	25	0	0	0	0	0	0	0	0	1	4	0	27	0	0	0	0	0	0	0	3	0	0	0	-10	0	1	0	5
21:20:00	76800	2	4	0	23	0	0	0	0	0	0	0	0	2	4	0	25	0	0	0	0	0	0	0	3	0	0	0	-10	0	0	0	5
21:25:00	77100	1	3	0	21	0	0	0	0	0	0	0	0	1	3	0	23	0	0	0	0	0	0	0	3	0	0	0	-10	0	0	0	5
21:30:00	77400	0	4	0	17	0	0	0	0	0	0	0	0	0	4	0	19	0	0	0	0	0	0	0	3	0	0	0	-10	0	0	0	5
21:35:00	77700	0	3	0	14	0	0	0	0	0	0	0	0	0	3	0	16	0	0	0	0	0	0	0	3	0	0	0	-10	0	0	0	5
21:40:00	78000	2	4	0	12	0	0	0	0	0	0	0	0	2	4	0	14	0	0	0	0	0	0	0	3	0	0	0	-10	0	0	0	5
21:45:00	78300	2	4	0	10	0	0	0	0	0	0	0	0	2	2	0	14	0	0	0	0	0	0	0	3	0	0	0	-10	0	2	0	3
21:50:00	78600	3	5	0	8	0	0	0	0	0	0	0	0	3	5	0	12	0	0	0	0	0	0	0	3	0	0	0	-10	0	0	0	3
21:55:00	78900	1	1	0	8	0	0	0	0	0	0	0	0	1	1	0	12	0	0	0	0	0	0	0	3	0	0	0	-10	0	0	0	3
22:00:00	79200	0	1	0	7	0	0	0	0	0	0	0	0	0	1	0	11	0	0	0	0	0	0	0	3	0	0	0	-10	0	0	0	3
22:05:00	79500	0	1	0	6	0	0	0	0	0	0	0	0	0	0	0	11	0	0	0	0	0	0	0	3	0	0	0	-10	0	1	0	2
22:10:00	79800	1	2	0	5	0	0	0	0	0	0	0	0	1	2	0	10	0	0	0	0	0	0	0	3	0	0	0	-10	0	0	0	2
22:15:00	80100	2	3	0	4	0	0	0	0	0	0	0	0	2	2	0	10	0	0	0	0	0	0	0	3	0	0	0	-10	0	1	0	1
22:20:00	80400	1	3	0	2	0	0	0	0	0	0	0	0	1	2	0	9	0	0	0	0	0	0	0	3	0	0	0	-10	0	1	0	0
22:25:00	80700	0	3	0	-1	0	0	0	0	0	0	0	0	0	3	0	6	0	0	0	0	0	0	0	3	0	0	0	-10	0	0	0	0
22:30:00	81000	0	0	0	-1	0	0	0	0	0	0	0	0	0	0	0	6	0	0	0	0	0	0	0	3	0	0	0	-10	0	0	0	0
22:35:00	81300	0	0	0	-1	0	0	0	0	0	0	0	0	0	0	0	6	0	0	0	0	0	0	0	3	0	0	0	-10	0	0	0	0
22:40:00	81600	1	2	0	-2	0	0	0	0	0	0	0	0	1	2	0	5	0	0	0	0	0	0	0	3	0	0	0	-10	0	0	0	0
22:45:00	81900	1	1	0	-2	0	0	0	0	0	0	0	0	0	1	0	4	0	0	0	0	0	0	0	3	0	0	0	-10	1	0	0	1
22:50:00	82200	0	0	0	-2	0	0	0	0	0	0	0	0	0	0	0	4	0	0	0	0	0	0	0	3	0	0	0	-10	0	0	0	1
22:55:00	82500	0	0	0	-2	0	0	0	0	0	0	0	0	0	0	0	4	0	0	0	0	0	0	0	3	0	0	0	-10	0	0	0	1
23:00:00	82800	0	0	0	-2	0	0	0	0	0	0	0	0	0	0	0	4	0	0	0	0	0	0	0	3	0	0	0	-10	0	0	0	1
23:05:00	83100	0	1	0	-3	0	0	0	0	0	0	0	0	0	0	0	4	0	0	0	0	0	0	0	3	0	0	0	-10	0	1	0	0
23:10:00	83400	0	0	0	-3	0	0	0	0	0	0	0	0	0	0	0	4	0	0	0	0	0	0	0	3	0	0	0	-10	0	0	0	0
23:15:00	83700	6	2	0	1	0	0	0	0	0	0	0	0	6	2	0	8	0	0	0	0	0	0	0	3	0	0	0	-10	0	0	0	0
23:20:00	84000	5	3	0	3	0	0	0	0	0	0	0	0	3	3	0	8	0	0	0	0	0	0	0	3	0	0	0	-10	2	0	0	2
23:25:00	84300	5	2	0	6	0	0	0	0	0	0	0	0	4	1	0	11	0	0	0	0	0	0	0	3	0	0	0	-10	1	1	0	2
23:30:00	84600	2	7	0	1	0	0	0	0	0	0	0	0	2	5	0	8	0	0	0	0	0	0	0	3	0	0	0	-10	0	2	0	0
23:35:00	84900	2	0	0	3	0	0	0	0	0	0	0	0	2	0	0	10	0	0	0	0	0	0	0	3	0	0	0	-10	0	0	0	0
23:40:00	85200	3	3	0	3	0	0	0	0	0	0	0	0	2	3	0	9	0	0	0	0	0	0	0	3	0	0	0	-10	1	0	0	1
23:45:00	85500	4	3	0	4	0	0	0	0	0	0	0	0	2	2	0	9	0	0	0	0	0	0	0	3	0	0	0	-10	2	1	0	2
23:50:00	85800	4	4	0	4	0	0	0	0	0	0	0	0	3	2	0	10	0	0	0	0	0	0	0	3	0	0	0	-10	1	2	0	1
23:55:00	86100	2	4	0	2	0	0	0	0	0	0	0	0	2	3	0	9	0	0	0	0	0	0	0	3	0	0	0	-10	0	1	0	0
24:00:00	86400	4	0	0	6	0	0	0	0	0	0	0	0	3	0	0	12	0	0	0	0	0	0	0	3	0	0	0	-10	1	0	0	1
24:05:00	86700	2	3	0	5	0	0	0	0	0	0	0	0	2	3	0	11	0	0	0	0	0	0	0	3	0	0	0	-10	0	0	0	1
24:10:00	87000	3	4	0	4	0	0	0	0	0	0	0	0	3	3	0	11	0	0	0	0	0	0	0	3	0	0	0	-10	0	1	0	0
24:15:00	87300	0	4	0	0	0	0	0	0	0	0	0	0	0	4	0	7	0	0	0	0	0	0	0	3	0	0	0	-10	0	0	0	0
24:20:00	87600	0	1	0	-1	0	0	0	0	0	0	0	0	0	1	0	6	0	0	0	0	0	0	0	3	0	0	0	-10	0	0	0	0
24:25:00	87900	0	1	0	-2	0	0	0	0	0	0	0	0	0	1	0	5	0	0	0	0	0	0	0	3	0	0	0	-10	0	0	0	0
24:30:00	88200	0	0	0	-2	0	0	0	0	0	0	0	0	0	0	0	5	0	0	0	0	0	0	0	3	0	0	0	-10	0	0	0	0
24:35:00	88500	0	2	0	-4	0	0	0	0	0	0	0	0	0	2	0	3	0	0	0	0	0	0	0	3	0	0	0	-10	0	0	0	0
24:40:00	88800	0	0	0	-4	0	0	0	0	0	0	0	0	0	0	0	3	0	0	0	0	0	0	0	3	0	0	0	-10	0	0	0	0
24:45:00	89100	0	0	0	-4	0	0	0	0	0	0	0	0	0	0	0	3	0	0	0	0	0	0	0	3	0	0	0	-10	0	0	0	0
24:50:00	89400	0	2	0	-6	0	0	0	0	0	0	0	0	0	2	0	1	0	0	0	0	0	0	0	3	0	0	0	-10	0	0	0	0
24:55:00	89700	0	0	0	-6	0	0	0	0	0	0	0	0	0	0	0	1	0	0	0	0	0	0	0	3	0	0	0	-10	0	0	0	0
25:00:00	90000	0	0	0	-6	0	0	0	0	0	0	0	0	0	0	0	1	0	0	0	0	0	0	0	3	0	0	0	-10	0	0	0	0
25:05:00	90300	0	0	0	-6	0	0	0	0	0	0	0	0	0	0	0	1	0	0	0	0	0	0	0	3	0	0	0	-10	0	0	0	0
25:10:00	90600	0	0	0	-6	0	0	0	0	0	0	0	0	0	0	0	1	0	0	0	0	0	0	0	3	0	0	0	-10	0	0	0	0
25:15:00	90900	0	0	0	-6	0	0	0	0	0	0	0	0	0	0	0	1	0	0	0	0	0	0	0	3	0	0	0	-10	0	0	0	0
25:20:00	91200	0	0	0	-6	0	0	0	0	0	0	0	0	0	0	0	1	0	0	0	0	0	0	0	3	0	0	0	-10	0	0	0	0
25:25:00	91500	0	0	0	-6	0	0	0	0	0	0	0	0	0	0	0	1	0	0	0	0	0	0	0	3	0	0	0	-10	0	0	0	0
25:30:00	91800	0	0	0	-6	0	0	0	0	0	0	0	0	0	0	0	1	0	0	0	0	0	0	0	3	0	0	0	-10	0	0	0	0
25:35:00	92100	0	0	0	-6	0	0	0	0	0	0	0	0	0	0	0	1	0	0	0	0	0	0	0	3	0	0	0	-10	0	0	0	0
25:40:00	92400	0	0	0	-6	0	0	0	0	0	0	0	0	0	0	0	1	0	0	0	0	0	0	0	3	0	0	0	-10	0	0	0	0
25:45:00	92700	0	0	0	-6	0	0	0	0	0	0	0	0	0	0	0	1	0	0	0	0	0	0	0	3	0	0	0	-10	0	0	0	0
25:50:00	93000	0	0	0	-6	0	0	0	0	0	0	0	0	0	0	0	1	0	0	0	0	0	0	0	3	0	0	0	-10	0	0	0	0
25:55:00	93300	0	0	0	-6	0	0	0	0	0	0	0	0	0	0	0	1	0	0	0	0	0	0	0	3	0	0	0	-10	0	0	0	0
26:00:00	93600	0	0	0	-6	0	0	0	0	0	0	0	0	0	0	0	1	0	0	0	0	0	0	0	3	0	0	0	-10	0	0	0	0
26:05:00	93900	2	2	0	-6	0	0	0	0	0	0	0	0	2	2	0	1	0	0	0	0	0	0	0	3	0	0	0	-10	0	0	0	0
26:10:00	94200	0	1	0	-7	0	0	0	0	0	0	0	0	0	1	0	0	0	0	0	0	0	0	0	3	0	0	0	-10	0	0	0	0
26:15:00	94500	0	0	0	-7	0	0	0	0	0	0	0	0	0	0	0	0	0	0	0	0	0	0	0	3	0	0	0	-10	0	0	0	0
26:20:00	94800	0	0	0	-7	0	0	0	0	0	0	0	0	0	0	0	0	0	0	0	0	0	0	0	3	0	0	0	-10	0	0	0	0
26:25:00	95100	0	0	0	-7	0	0	0	0	0	0	0	0	0	0	0	0	0	0	0	0	0	0	0	3	0	0	0	-10	0	0	0	0
26:30:00	95400	0	0	0	-7	0	0	0	0	0	0	0	0	0	0	0	0	0	0	0	0	0	0	0	3	0	0	0	-10	0	0	0	0
26:35:00	95700	0	0	0	-7	0	0	0	0	0	0	0	0	0	0	0	0	0	0	0	0	0	0	0	3	0	0	0	-10	0	0	0	0
26:40:00	96000	0	0	0	-7	0	0	0	0	0	0	0	0	0	0	0	0	0	0	0	0	0	0	0	3	0	0	0	-10	0	0	0	0
26:45:00	96300	0	0	0	-7	0	0	0	0	0	0	0	0	0	0	0	0	0	0	0	0	0	0	0	3	0	0	0	-10	0	0	0	0
26:50:00	96600	0	0	0	-7	0	0	0	0	0	0	0	0	0	0	0	0	0	0	0	0	0	0	0	3	0	0	0	-10	0	0	0	0
26:55:00	96900	0	0	0	-7	0	0	0	0	0	0	0	0	0	0	0	0	0	0	0	0	0	0	0	3	0	0	0	-10	0	0	0	0
27:00:00	97200	0	0	0	-7	0	0	0	0	0	0	0	0	0	0	0	0	0	0	0	0	0	0	0	3	0	0	0	-10	0	0	0	0
27:05:00	97500	0	0	0	-7	0	0	0	0	0	0	0	0	0	0	0	0	0	0	0	0	0	0	0	3	0	0	0	-10	0	0	0	0
27:10:00	97800	0	0	0	-7	0	0	0	0	0	0	0	0	0	0	0	0	0	0	0	0	0	0	0	3	0	0	0	-10	0	0	0	0
27:15:00	98100	0	0	0	-7	0	0	0	0	0	0	0	0	0	0	0	0	0	0	0	0	0	0	0	3	0	0	0	-10	0	0	0	0
27:20:00	98400	0	0	0	-7	0	0	0	0	0	0	0	0	0	0	0	0	0	0	0	0	0	0	0	3	0	0	0	-10	0	0	0	0
27:25:00	98700	0	0	0	-7	0	0	0	0	0	0	0	0	0	0	0	0	0	0	0	0	0	0	0	3	0	0	0	-10	0	0	0	0
27:30:00	99000	0	0	0	-7	0	0	0	0	0	0	0	0	0	0	0	0	0	0	0	0	0	0	0	3	0	0	0	-10	0	0	0	0
27:35:00	99300	0	0	0	-7	0	0	0	0	0	0	0	0	0	0	0	0	0	0	0	0	0	0	0	3	0	0	0	-10	0	0	0	0
27:40:00	99600	0	0	0	-7	0	0	0	0	0	0	0	0	0	0	0	0	0	0	0	0	0	0	0	3	0	0	0	-10	0	0	0	0
27:45:00	99900	0	0	0	-7	0	0	0	0	0	0	0	0	0	0	0	0	0	0	0	0	0	0	0	3	0	0	0	-10	0	0	0	0
27:50:00	100200	0	0	0	-7	0	0	0	0	0	0	0	0	0	0	0	0	0	0	0	0	0	0	0	3	0	0	0	-10	0	0	0	0
27:55:00	100500	0	0	0	-7	0	0	0	0	0	0	0	0	0	0	0	0	0	0	0	0	0	0	0	3	0	0	0	-10	0	0	0	0
28:00:00	100800	0	0	0	-7	0	0	0	0	0	0	0	0	0	0	0	0	0	0	0	0	0	0	0	3	0	0	0	-10	0	0	0	0
28:05:00	101100	0	0	0	-7	0	0	0	0	0	0	0	0	0	0	0	0	0	0	0	0	0	0	0	3	0	0	0	-10	0	0	0	0
28:10:00	101400	0	0	0	-7	0	0	0	0	0	0	0	0	0	0	0	0	0	0	0	0	0	0	0	3	0	0	0	-10	0	0	0	0
28:15:00	101700	0	0	0	-7	0	0	0	0	0	0	0	0	0	0	0	0	0	0	0	0	0	0	0	3	0	0	0	-10	0	0	0	0
28:20:00	102000	0	0	0	-7	0	0	0	0	0	0	0	0	0	0	0	0	0	0	0	0	0	0	0	3	0	0	0	-10	0	0	0	0
28:25:00	102300	0	0	0	-7	0	0	0	0	0	0	0	0	0	0	0	0	0	0	0	0	0	0	0	3	0	0	0	-10	0	0	0	0
28:30:00	102600	0	0	0	-7	0	0	0	0	0	0	0	0	0	0	0	0	0	0	0	0	0	0	0	3	0	0	0	-10	0	0	0	0
28:35:00	102900	0	0	0	-7	0	0	0	0	0	0	0	0	0	0	0	0	0	0	0	0	0	0	0	3	0	0	0	-10	0	0	0	0
28:40:00	103200	0	0	0	-7	0	0	0	0	0	0	0	0	0	0	0	0	0	0	0	0	0	0	0	3	0	0	0	-10	0	0	0	0
28:45:00	103500	0	0	0	-7	0	0	0	0	0	0	0	0	0	0	0	0	0	0	0	0	0	0	0	3	0	0	0	-10	0	0	0	0
28:50:00	103800	0	0	0	-7	0	0	0	0	0	0	0	0	0	0	0	0	0	0	0	0	0	0	0	3	0	0	0	-10	0	0	0	0
28:55:00	104100	0	0	0	-7	0	0	0	0	0	0	0	0	0	0	0	0	0	0	0	0	0	0	0	3	0	0	0	-10	0	0	0	0
29:00:00	104400	0	0	0	-7	0	0	0	0	0	0	0	0	0	0	0	0	0	0	0	0	0	0	0	3	0	0	0	-10	0	0	0	0
29:05:00	104700	0	0	0	-7	0	0	0	0	0	0	0	0	0	0	0	0	0	0	0	0	0	0	0	3	0	0	0	-10	0	0	0	0
29:10:00	105000	0	0	0	-7	0	0	0	0	0	0	0	0	0	0	0	0	0	0	0	0	0	0	0	3	0	0	0	-10	0	0	0	0
29:15:00	105300	0	0	0	-7	0	0	0	0	0	0	0	0	0	0	0	0	0	0	0	0	0	0	0	3	0	0	0	-10	0	0	0	0
29:20:00	105600	0	0	0	-7	0	0	0	0	0	0	0	0	0	0	0	0	0	0	0	0	0	0	0	3	0	0	0	-10	0	0	0	0
29:25:00	105900	0	0	0	-7	0	0	0	0	0	0	0	0	0	0	0	0	0	0	0	0	0	0	0	3	0	0	0	-10	0	0	0	0
29:30:00	106200	0	0	0	-7	0	0	0	0	0	0	0	0	0	0	0	0	0	0	0	0	0	0	0	3	0	0	0	-10	0	0	0	0
29:35:00	106500	0	0	0	-7	0	0	0	0	0	0	0	0	0	0	0	0	0	0	0	0	0	0	0	3	0	0	0	-10	0	0	0	0
29:40:00	106800	0	0	0	-7	0	0	0	0	0	0	0	0	0	0	0	0	0	0	0	0	0	0	0	3	0	0	0	-10	0	0	0	0
29:45:00	107100	0	0	0	-7	0	0	0	0	0	0	0	0	0	0	0	0	0	0	0	0	0	0	0	3	0	0	0	-10	0	0	0	0
29:50:00	107400	0	0	0	-7	0	0	0	0	0	0	0	0	0	0	0	0	0	0	0	0	0	0	0	3	0	0	0	-10	0	0	0	0
29:55:00	107700	0	0	0	-7	0	0	0	0	0	0	0	0	0	0	0	0	0	0	0	0	0	0	0	3	0	0	0	-10	0	0	0	0
30:00:00	108000	0	0	3	-10	0	0	0	0	0	0	0	0	0	0	0	0	0	0	0	0	0	0	3	0	0	0	0	-10	0	0	0	0
30:05:00	108300	0	0	0	-10	0	0	0	0	0	0	0	0	0	0	0	0	0	0	0	0	0	0	0	0	0	0	0	-10	0	0	0	0
