time	time	departures_all	arrivals_all	stuck_all	en-route_all	departures_Shared-Bike	arrivals_Shared-Bike	stuck_Shared-Bike	en-route_Shared-Bike	departures_bike	arrivals_bike	stuck_bike	en-route_bike	departures_car	arrivals_car	stuck_car	en-route_car	departures_car_passenger	arrivals_car_passenger	stuck_car_passenger	en-route_car_passenger	departures_eScooter	arrivals_eScooter	stuck_eScooter	en-route_eScooter	departures_pt	arrivals_pt	stuck_pt	en-route_pt	departures_sharing:standardBikeShare	arrivals_sharing:standardBikeShare	stuck_sharing:standardBikeShare	en-route_sharing:standardBikeShare	departures_sharing:standardeScooter	arrivals_sharing:standardeScooter	stuck_sharing:standardeScooter	en-route_sharing:standardeScooter	departures_walk	arrivals_walk	stuck_walk	en-route_walk
00:00:00	0	0	0	0	0	0	0	0	0	0	0	0	0	0	0	0	0	0	0	0	0	0	0	0	0	0	0	0	0	0	0	0	0	0	0	0	0	0	0	0	0
00:05:00	300	0	0	0	0	0	0	0	0	0	0	0	0	0	0	0	0	0	0	0	0	0	0	0	0	0	0	0	0	0	0	0	0	0	0	0	0	0	0	0	0
00:10:00	600	0	0	0	0	0	0	0	0	0	0	0	0	0	0	0	0	0	0	0	0	0	0	0	0	0	0	0	0	0	0	0	0	0	0	0	0	0	0	0	0
00:15:00	900	0	0	0	0	0	0	0	0	0	0	0	0	0	0	0	0	0	0	0	0	0	0	0	0	0	0	0	0	0	0	0	0	0	0	0	0	0	0	0	0
00:20:00	1200	0	0	0	0	0	0	0	0	0	0	0	0	0	0	0	0	0	0	0	0	0	0	0	0	0	0	0	0	0	0	0	0	0	0	0	0	0	0	0	0
00:25:00	1500	0	0	0	0	0	0	0	0	0	0	0	0	0	0	0	0	0	0	0	0	0	0	0	0	0	0	0	0	0	0	0	0	0	0	0	0	0	0	0	0
00:30:00	1800	0	0	0	0	0	0	0	0	0	0	0	0	0	0	0	0	0	0	0	0	0	0	0	0	0	0	0	0	0	0	0	0	0	0	0	0	0	0	0	0
00:35:00	2100	0	0	0	0	0	0	0	0	0	0	0	0	0	0	0	0	0	0	0	0	0	0	0	0	0	0	0	0	0	0	0	0	0	0	0	0	0	0	0	0
00:40:00	2400	0	0	0	0	0	0	0	0	0	0	0	0	0	0	0	0	0	0	0	0	0	0	0	0	0	0	0	0	0	0	0	0	0	0	0	0	0	0	0	0
00:45:00	2700	0	0	0	0	0	0	0	0	0	0	0	0	0	0	0	0	0	0	0	0	0	0	0	0	0	0	0	0	0	0	0	0	0	0	0	0	0	0	0	0
00:50:00	3000	0	0	0	0	0	0	0	0	0	0	0	0	0	0	0	0	0	0	0	0	0	0	0	0	0	0	0	0	0	0	0	0	0	0	0	0	0	0	0	0
00:55:00	3300	0	0	0	0	0	0	0	0	0	0	0	0	0	0	0	0	0	0	0	0	0	0	0	0	0	0	0	0	0	0	0	0	0	0	0	0	0	0	0	0
01:00:00	3600	0	0	0	0	0	0	0	0	0	0	0	0	0	0	0	0	0	0	0	0	0	0	0	0	0	0	0	0	0	0	0	0	0	0	0	0	0	0	0	0
01:05:00	3900	0	0	0	0	0	0	0	0	0	0	0	0	0	0	0	0	0	0	0	0	0	0	0	0	0	0	0	0	0	0	0	0	0	0	0	0	0	0	0	0
01:10:00	4200	0	0	0	0	0	0	0	0	0	0	0	0	0	0	0	0	0	0	0	0	0	0	0	0	0	0	0	0	0	0	0	0	0	0	0	0	0	0	0	0
01:15:00	4500	0	0	0	0	0	0	0	0	0	0	0	0	0	0	0	0	0	0	0	0	0	0	0	0	0	0	0	0	0	0	0	0	0	0	0	0	0	0	0	0
01:20:00	4800	0	0	0	0	0	0	0	0	0	0	0	0	0	0	0	0	0	0	0	0	0	0	0	0	0	0	0	0	0	0	0	0	0	0	0	0	0	0	0	0
01:25:00	5100	0	0	0	0	0	0	0	0	0	0	0	0	0	0	0	0	0	0	0	0	0	0	0	0	0	0	0	0	0	0	0	0	0	0	0	0	0	0	0	0
01:30:00	5400	0	0	0	0	0	0	0	0	0	0	0	0	0	0	0	0	0	0	0	0	0	0	0	0	0	0	0	0	0	0	0	0	0	0	0	0	0	0	0	0
01:35:00	5700	0	0	0	0	0	0	0	0	0	0	0	0	0	0	0	0	0	0	0	0	0	0	0	0	0	0	0	0	0	0	0	0	0	0	0	0	0	0	0	0
01:40:00	6000	0	0	0	0	0	0	0	0	0	0	0	0	0	0	0	0	0	0	0	0	0	0	0	0	0	0	0	0	0	0	0	0	0	0	0	0	0	0	0	0
01:45:00	6300	0	0	0	0	0	0	0	0	0	0	0	0	0	0	0	0	0	0	0	0	0	0	0	0	0	0	0	0	0	0	0	0	0	0	0	0	0	0	0	0
01:50:00	6600	0	0	0	0	0	0	0	0	0	0	0	0	0	0	0	0	0	0	0	0	0	0	0	0	0	0	0	0	0	0	0	0	0	0	0	0	0	0	0	0
01:55:00	6900	0	0	0	0	0	0	0	0	0	0	0	0	0	0	0	0	0	0	0	0	0	0	0	0	0	0	0	0	0	0	0	0	0	0	0	0	0	0	0	0
02:00:00	7200	0	0	0	0	0	0	0	0	0	0	0	0	0	0	0	0	0	0	0	0	0	0	0	0	0	0	0	0	0	0	0	0	0	0	0	0	0	0	0	0
02:05:00	7500	0	0	0	0	0	0	0	0	0	0	0	0	0	0	0	0	0	0	0	0	0	0	0	0	0	0	0	0	0	0	0	0	0	0	0	0	0	0	0	0
02:10:00	7800	0	0	0	0	0	0	0	0	0	0	0	0	0	0	0	0	0	0	0	0	0	0	0	0	0	0	0	0	0	0	0	0	0	0	0	0	0	0	0	0
02:15:00	8100	0	0	0	0	0	0	0	0	0	0	0	0	0	0	0	0	0	0	0	0	0	0	0	0	0	0	0	0	0	0	0	0	0	0	0	0	0	0	0	0
02:20:00	8400	0	0	0	0	0	0	0	0	0	0	0	0	0	0	0	0	0	0	0	0	0	0	0	0	0	0	0	0	0	0	0	0	0	0	0	0	0	0	0	0
02:25:00	8700	0	0	0	0	0	0	0	0	0	0	0	0	0	0	0	0	0	0	0	0	0	0	0	0	0	0	0	0	0	0	0	0	0	0	0	0	0	0	0	0
02:30:00	9000	0	0	0	0	0	0	0	0	0	0	0	0	0	0	0	0	0	0	0	0	0	0	0	0	0	0	0	0	0	0	0	0	0	0	0	0	0	0	0	0
02:35:00	9300	0	0	0	0	0	0	0	0	0	0	0	0	0	0	0	0	0	0	0	0	0	0	0	0	0	0	0	0	0	0	0	0	0	0	0	0	0	0	0	0
02:40:00	9600	0	0	0	0	0	0	0	0	0	0	0	0	0	0	0	0	0	0	0	0	0	0	0	0	0	0	0	0	0	0	0	0	0	0	0	0	0	0	0	0
02:45:00	9900	0	0	0	0	0	0	0	0	0	0	0	0	0	0	0	0	0	0	0	0	0	0	0	0	0	0	0	0	0	0	0	0	0	0	0	0	0	0	0	0
02:50:00	10200	0	0	0	0	0	0	0	0	0	0	0	0	0	0	0	0	0	0	0	0	0	0	0	0	0	0	0	0	0	0	0	0	0	0	0	0	0	0	0	0
02:55:00	10500	0	0	0	0	0	0	0	0	0	0	0	0	0	0	0	0	0	0	0	0	0	0	0	0	0	0	0	0	0	0	0	0	0	0	0	0	0	0	0	0
03:00:00	10800	0	0	0	0	0	0	0	0	0	0	0	0	0	0	0	0	0	0	0	0	0	0	0	0	0	0	0	0	0	0	0	0	0	0	0	0	0	0	0	0
03:05:00	11100	0	0	0	0	0	0	0	0	0	0	0	0	0	0	0	0	0	0	0	0	0	0	0	0	0	0	0	0	0	0	0	0	0	0	0	0	0	0	0	0
03:10:00	11400	0	0	0	0	0	0	0	0	0	0	0	0	0	0	0	0	0	0	0	0	0	0	0	0	0	0	0	0	0	0	0	0	0	0	0	0	0	0	0	0
03:15:00	11700	0	0	0	0	0	0	0	0	0	0	0	0	0	0	0	0	0	0	0	0	0	0	0	0	0	0	0	0	0	0	0	0	0	0	0	0	0	0	0	0
03:20:00	12000	0	0	0	0	0	0	0	0	0	0	0	0	0	0	0	0	0	0	0	0	0	0	0	0	0	0	0	0	0	0	0	0	0	0	0	0	0	0	0	0
03:25:00	12300	0	0	0	0	0	0	0	0	0	0	0	0	0	0	0	0	0	0	0	0	0	0	0	0	0	0	0	0	0	0	0	0	0	0	0	0	0	0	0	0
03:30:00	12600	0	0	0	0	0	0	0	0	0	0	0	0	0	0	0	0	0	0	0	0	0	0	0	0	0	0	0	0	0	0	0	0	0	0	0	0	0	0	0	0
03:35:00	12900	0	0	0	0	0	0	0	0	0	0	0	0	0	0	0	0	0	0	0	0	0	0	0	0	0	0	0	0	0	0	0	0	0	0	0	0	0	0	0	0
03:40:00	13200	0	0	0	0	0	0	0	0	0	0	0	0	0	0	0	0	0	0	0	0	0	0	0	0	0	0	0	0	0	0	0	0	0	0	0	0	0	0	0	0
03:45:00	13500	0	0	0	0	0	0	0	0	0	0	0	0	0	0	0	0	0	0	0	0	0	0	0	0	0	0	0	0	0	0	0	0	0	0	0	0	0	0	0	0
03:50:00	13800	0	0	0	0	0	0	0	0	0	0	0	0	0	0	0	0	0	0	0	0	0	0	0	0	0	0	0	0	0	0	0	0	0	0	0	0	0	0	0	0
03:55:00	14100	0	0	0	0	0	0	0	0	0	0	0	0	0	0	0	0	0	0	0	0	0	0	0	0	0	0	0	0	0	0	0	0	0	0	0	0	0	0	0	0
04:00:00	14400	0	0	0	0	0	0	0	0	0	0	0	0	0	0	0	0	0	0	0	0	0	0	0	0	0	0	0	0	0	0	0	0	0	0	0	0	0	0	0	0
04:05:00	14700	0	0	0	0	0	0	0	0	0	0	0	0	0	0	0	0	0	0	0	0	0	0	0	0	0	0	0	0	0	0	0	0	0	0	0	0	0	0	0	0
04:10:00	15000	0	0	0	0	0	0	0	0	0	0	0	0	0	0	0	0	0	0	0	0	0	0	0	0	0	0	0	0	0	0	0	0	0	0	0	0	0	0	0	0
04:15:00	15300	0	0	0	0	0	0	0	0	0	0	0	0	0	0	0	0	0	0	0	0	0	0	0	0	0	0	0	0	0	0	0	0	0	0	0	0	0	0	0	0
04:20:00	15600	0	0	0	0	0	0	0	0	0	0	0	0	0	0	0	0	0	0	0	0	0	0	0	0	0	0	0	0	0	0	0	0	0	0	0	0	0	0	0	0
04:25:00	15900	0	0	0	0	0	0	0	0	0	0	0	0	0	0	0	0	0	0	0	0	0	0	0	0	0	0	0	0	0	0	0	0	0	0	0	0	0	0	0	0
04:30:00	16200	0	0	0	0	0	0	0	0	0	0	0	0	0	0	0	0	0	0	0	0	0	0	0	0	0	0	0	0	0	0	0	0	0	0	0	0	0	0	0	0
04:35:00	16500	0	0	0	0	0	0	0	0	0	0	0	0	0	0	0	0	0	0	0	0	0	0	0	0	0	0	0	0	0	0	0	0	0	0	0	0	0	0	0	0
04:40:00	16800	0	0	0	0	0	0	0	0	0	0	0	0	0	0	0	0	0	0	0	0	0	0	0	0	0	0	0	0	0	0	0	0	0	0	0	0	0	0	0	0
04:45:00	17100	0	0	0	0	0	0	0	0	0	0	0	0	0	0	0	0	0	0	0	0	0	0	0	0	0	0	0	0	0	0	0	0	0	0	0	0	0	0	0	0
04:50:00	17400	0	0	0	0	0	0	0	0	0	0	0	0	0	0	0	0	0	0	0	0	0	0	0	0	0	0	0	0	0	0	0	0	0	0	0	0	0	0	0	0
04:55:00	17700	0	0	0	0	0	0	0	0	0	0	0	0	0	0	0	0	0	0	0	0	0	0	0	0	0	0	0	0	0	0	0	0	0	0	0	0	0	0	0	0
05:00:00	18000	0	0	0	0	0	0	0	0	0	0	0	0	0	0	0	0	0	0	0	0	0	0	0	0	0	0	0	0	0	0	0	0	0	0	0	0	0	0	0	0
05:05:00	18300	0	0	0	0	0	0	0	0	0	0	0	0	0	0	0	0	0	0	0	0	0	0	0	0	0	0	0	0	0	0	0	0	0	0	0	0	0	0	0	0
05:10:00	18600	0	0	0	0	0	0	0	0	0	0	0	0	0	0	0	0	0	0	0	0	0	0	0	0	0	0	0	0	0	0	0	0	0	0	0	0	0	0	0	0
05:15:00	18900	0	0	0	0	0	0	0	0	0	0	0	0	0	0	0	0	0	0	0	0	0	0	0	0	0	0	0	0	0	0	0	0	0	0	0	0	0	0	0	0
05:20:00	19200	0	0	0	0	0	0	0	0	0	0	0	0	0	0	0	0	0	0	0	0	0	0	0	0	0	0	0	0	0	0	0	0	0	0	0	0	0	0	0	0
05:25:00	19500	0	0	0	0	0	0	0	0	0	0	0	0	0	0	0	0	0	0	0	0	0	0	0	0	0	0	0	0	0	0	0	0	0	0	0	0	0	0	0	0
05:30:00	19800	0	0	0	0	0	0	0	0	0	0	0	0	0	0	0	0	0	0	0	0	0	0	0	0	0	0	0	0	0	0	0	0	0	0	0	0	0	0	0	0
05:35:00	20100	0	0	0	0	0	0	0	0	0	0	0	0	0	0	0	0	0	0	0	0	0	0	0	0	0	0	0	0	0	0	0	0	0	0	0	0	0	0	0	0
05:40:00	20400	0	0	0	0	0	0	0	0	0	0	0	0	0	0	0	0	0	0	0	0	0	0	0	0	0	0	0	0	0	0	0	0	0	0	0	0	0	0	0	0
05:45:00	20700	0	0	0	0	0	0	0	0	0	0	0	0	0	0	0	0	0	0	0	0	0	0	0	0	0	0	0	0	0	0	0	0	0	0	0	0	0	0	0	0
05:50:00	21000	0	0	0	0	0	0	0	0	0	0	0	0	0	0	0	0	0	0	0	0	0	0	0	0	0	0	0	0	0	0	0	0	0	0	0	0	0	0	0	0
05:55:00	21300	0	0	0	0	0	0	0	0	0	0	0	0	0	0	0	0	0	0	0	0	0	0	0	0	0	0	0	0	0	0	0	0	0	0	0	0	0	0	0	0
06:00:00	21600	4	0	0	4	0	0	0	0	0	0	0	0	3	0	0	3	0	0	0	0	0	0	0	0	0	0	0	0	0	0	0	0	0	0	0	0	1	0	0	1
06:05:00	21900	4	1	0	7	0	0	0	0	0	0	0	0	2	1	0	4	0	0	0	0	0	0	0	0	0	0	0	0	0	0	0	0	0	0	0	0	2	0	0	3
06:10:00	22200	3	1	0	9	0	0	0	0	0	0	0	0	2	1	0	5	0	0	0	0	0	0	0	0	0	0	0	0	0	0	0	0	0	0	0	0	1	0	0	4
06:15:00	22500	1	3	0	7	0	0	0	0	0	0	0	0	0	3	0	2	0	0	0	0	0	0	0	0	0	0	0	0	0	0	0	0	0	0	0	0	1	0	0	5
06:20:00	22800	4	1	1	9	0	0	0	0	0	0	0	0	2	0	0	4	0	0	0	0	0	0	0	0	0	0	0	0	0	0	0	0	0	0	1	-1	2	1	0	6
06:25:00	23100	5	2	1	11	0	0	0	0	0	0	0	0	1	1	0	4	0	0	0	0	0	0	0	0	0	0	0	0	0	0	0	0	0	0	1	-2	4	1	0	9
06:30:00	23400	45	7	2	47	0	0	0	0	0	0	0	0	23	2	0	25	0	0	0	0	1	0	0	1	1	0	0	1	0	0	0	0	0	0	2	-4	20	5	0	24
06:35:00	23700	37	19	1	64	0	0	0	0	0	0	0	0	25	15	0	35	0	0	0	0	0	0	0	1	0	0	0	1	0	0	0	0	0	0	1	-5	12	4	0	32
06:40:00	24000	38	19	0	83	0	0	0	0	0	0	0	0	25	13	0	47	0	0	0	0	0	0	0	1	4	0	0	5	0	0	0	0	0	0	0	-5	9	6	0	35
06:45:00	24300	33	34	1	81	0	0	0	0	0	0	0	0	22	26	0	43	0	0	0	0	1	1	0	1	2	0	0	7	0	0	0	0	0	0	1	-6	8	7	0	36
06:50:00	24600	42	29	1	93	0	0	0	0	0	0	0	0	20	21	0	42	0	0	0	0	0	1	0	0	2	0	0	9	0	0	0	0	0	0	1	-7	20	7	0	49
06:55:00	24900	83	35	1	140	2	0	0	2	0	0	0	0	49	20	0	71	0	0	0	0	0	0	0	0	1	0	0	10	0	0	0	0	0	0	1	-8	31	15	0	65
07:00:00	25200	65	50	3	152	1	0	0	3	0	0	0	0	36	39	0	68	0	0	0	0	2	1	0	1	0	0	0	10	0	0	0	0	0	0	3	-11	26	10	0	81
07:05:00	25500	69	52	2	167	0	3	0	0	0	0	0	0	35	31	0	72	0	0	0	0	1	0	0	2	2	1	0	11	0	0	0	0	0	0	2	-13	31	17	0	95
07:10:00	25800	68	54	1	180	0	0	0	0	0	0	0	0	43	30	0	85	0	0	0	0	1	0	0	3	7	2	0	16	0	0	0	0	0	0	1	-14	17	22	0	90
07:15:00	26100	92	52	2	218	0	0	0	0	0	0	0	0	54	37	0	102	0	0	0	0	1	1	0	3	2	2	0	16	0	0	0	0	0	0	2	-16	35	12	0	113
07:20:00	26400	87	69	4	232	0	0	0	0	0	0	0	0	49	43	0	108	0	0	0	0	2	2	0	3	9	1	0	24	0	0	0	0	0	0	4	-20	27	23	0	117
07:25:00	26700	113	71	9	265	0	0	0	0	0	0	0	0	64	40	0	132	0	0	0	0	0	2	0	1	7	1	0	30	0	0	0	0	0	0	9	-29	42	28	0	131
07:30:00	27000	75	78	4	258	0	0	0	0	0	0	0	0	44	52	0	124	0	0	0	0	1	0	0	2	4	5	0	29	0	0	0	0	0	0	4	-33	26	21	0	136
07:35:00	27300	89	98	6	243	1	0	0	1	0	0	0	0	44	64	0	104	0	0	0	0	0	0	0	2	3	7	0	25	0	0	0	0	0	0	6	-39	41	27	0	150
07:40:00	27600	94	72	3	262	1	0	0	2	0	0	0	0	55	39	0	120	0	0	0	0	2	2	0	2	3	1	0	27	0	0	0	0	0	0	3	-42	33	30	0	153
07:45:00	27900	91	77	6	270	0	0	0	2	0	0	0	0	44	48	0	116	0	0	0	0	1	2	0	1	3	0	0	30	0	0	1	-1	0	0	5	-47	43	27	0	169
07:50:00	28200	110	76	4	300	1	2	0	1	0	0	0	0	59	42	0	133	0	0	0	0	1	1	0	1	5	4	0	31	0	0	0	-1	0	0	4	-51	44	27	0	186
07:55:00	28500	107	102	6	299	0	1	0	0	0	0	0	0	51	66	0	118	12	1	0	11	3	0	0	4	4	3	0	32	0	0	0	-1	0	0	6	-57	37	31	0	192
08:00:00	28800	124	98	3	322	0	0	0	0	0	0	0	0	54	57	0	115	24	8	0	27	1	1	0	4	5	1	0	36	0	0	0	-1	0	0	3	-60	40	31	0	201
08:05:00	29100	111	94	5	334	0	0	0	0	0	0	0	0	53	49	0	119	17	9	0	35	1	0	0	5	7	4	0	39	0	0	0	-1	0	0	5	-65	33	32	0	202
08:10:00	29400	133	102	2	363	1	0	0	1	0	0	0	0	59	53	0	125	26	16	0	45	2	0	0	7	7	4	0	42	0	0	0	-1	0	0	2	-67	38	29	0	211
08:15:00	29700	103	106	9	351	1	1	0	1	0	0	0	0	40	44	0	121	14	17	0	42	2	3	0	6	3	0	0	45	0	0	0	-1	0	0	9	-76	43	41	0	213
08:20:00	30000	112	107	5	351	0	1	0	0	0	0	0	0	59	51	0	129	16	17	0	41	0	3	0	3	7	1	0	51	0	0	0	-1	0	0	5	-81	30	34	0	209
08:25:00	30300	116	95	1	371	1	0	0	1	0	0	0	0	64	57	0	136	20	13	0	48	1	2	0	2	2	2	0	51	0	0	0	-1	0	0	1	-82	28	21	0	216
08:30:00	30600	97	104	4	360	0	0	0	1	0	0	0	0	31	49	0	118	21	15	0	54	2	1	0	3	7	7	0	51	0	0	0	-1	0	0	4	-86	36	32	0	220
08:35:00	30900	76	95	5	336	1	2	0	0	0	0	0	0	33	47	0	104	8	20	0	42	0	0	0	3	4	6	0	49	0	0	0	-1	0	0	5	-91	30	20	0	230
08:40:00	31200	92	94	6	328	0	0	0	0	0	0	0	0	27	45	0	86	24	16	0	50	1	2	0	2	6	1	0	54	0	0	0	-1	0	0	6	-97	34	30	0	234
08:45:00	31500	98	59	2	365	0	0	0	0	0	0	0	0	33	30	0	89	39	14	0	75	0	0	0	2	5	0	0	59	0	0	0	-1	0	0	2	-99	21	15	0	240
08:50:00	31800	68	86	3	344	0	0	0	0	0	0	0	0	29	41	0	77	13	23	0	65	0	0	0	2	4	1	0	62	0	0	0	-1	0	0	3	-102	22	21	0	241
08:55:00	32100	81	74	2	349	0	0	0	0	0	0	0	0	32	29	0	80	18	18	0	65	0	1	0	1	7	6	0	63	0	0	0	-1	0	0	2	-104	24	20	0	245
09:00:00	32400	91	86	5	349	0	0	0	0	0	0	0	0	42	35	0	87	4	18	0	51	1	0	0	2	7	3	0	67	0	0	0	-1	0	0	5	-109	37	30	0	252
09:05:00	32700	75	84	4	336	2	0	0	2	0	0	0	0	37	34	0	90	6	9	0	48	0	0	0	2	4	7	0	64	0	0	0	-1	0	0	4	-113	26	34	0	244
09:10:00	33000	54	83	7	300	0	1	0	1	0	0	0	0	26	35	0	81	3	15	0	36	1	1	0	2	1	0	0	65	0	0	0	-1	0	0	7	-120	23	31	0	236
09:15:00	33300	61	77	2	282	0	0	0	1	0	0	0	0	32	38	0	75	2	9	0	29	1	0	0	3	8	1	0	72	0	0	0	-1	0	0	2	-122	18	29	0	225
09:20:00	33600	46	85	5	238	0	1	0	0	0	0	0	0	21	40	0	56	2	11	0	20	0	1	0	2	6	0	0	78	0	0	0	-1	0	0	5	-127	17	32	0	210
09:25:00	33900	58	64	1	231	0	0	0	0	0	0	0	0	16	24	0	48	4	2	0	22	1	0	0	3	1	15	0	64	0	0	0	-1	0	0	1	-128	36	23	0	223
09:30:00	34200	52	66	2	215	0	0	0	0	0	0	0	0	25	19	0	54	1	7	0	16	2	3	0	2	1	3	0	62	0	0	0	-1	0	0	2	-130	23	34	0	212
09:35:00	34500	44	50	1	208	0	0	0	0	0	0	0	0	15	24	0	45	8	6	0	18	1	2	0	1	5	1	0	66	0	0	0	-1	0	0	1	-131	15	17	0	210
09:40:00	34800	41	52	0	197	0	0	0	0	0	0	0	0	20	21	0	44	2	5	0	15	0	0	0	1	1	4	0	63	0	0	0	-1	0	0	0	-131	18	22	0	206
09:45:00	35100	42	60	3	176	0	0	0	0	0	0	0	0	19	27	0	36	0	5	0	10	0	1	0	0	1	3	0	61	0	0	0	-1	0	0	3	-134	22	24	0	204
09:50:00	35400	40	47	4	165	0	0	0	0	0	0	0	0	20	15	0	41	0	4	0	6	0	0	0	0	5	0	0	66	0	0	0	-1	0	0	4	-138	15	28	0	191
09:55:00	35700	49	44	6	164	0	0	0	0	0	0	0	0	26	23	0	44	0	2	0	4	0	0	0	0	1	1	0	66	0	0	0	-1	0	0	6	-144	22	18	0	195
10:00:00	36000	76	67	6	167	0	0	0	0	0	0	0	0	33	25	0	52	0	2	0	2	0	0	0	0	3	8	0	61	0	0	0	-1	0	0	6	-150	40	32	0	203
10:05:00	36300	60	57	3	167	0	0	0	0	0	0	0	0	29	30	0	51	0	1	0	1	0	0	0	0	0	4	0	57	0	0	0	-1	0	0	3	-153	31	22	0	212
10:10:00	36600	85	77	5	170	0	0	0	0	0	0	0	0	40	31	0	60	0	1	0	0	1	0	0	1	2	6	0	53	0	0	0	-1	0	0	5	-158	42	39	0	215
10:15:00	36900	67	66	3	168	0	0	0	0	0	0	0	0	28	24	0	64	0	0	0	0	1	1	0	1	1	1	0	53	0	0	0	-1	0	0	3	-161	37	40	0	212
10:20:00	37200	75	87	5	151	1	1	0	0	0	0	0	0	33	39	0	58	0	0	0	0	1	1	0	1	4	2	0	55	0	0	0	-1	0	0	5	-166	36	44	0	204
10:25:00	37500	75	74	4	148	1	0	0	1	0	0	0	0	39	34	0	63	0	0	0	0	0	0	0	1	0	4	0	51	0	0	0	-1	0	0	4	-170	35	36	0	203
10:30:00	37800	69	72	4	141	0	0	0	1	0	0	0	0	29	28	0	64	0	0	0	0	1	0	0	2	3	2	0	52	0	0	0	-1	0	0	4	-174	36	42	0	197
10:35:00	38100	52	80	5	108	0	0	0	1	0	0	0	0	19	37	0	46	2	1	0	1	1	2	0	1	2	1	0	53	0	0	0	-1	0	0	5	-179	28	39	0	186
10:40:00	38400	60	59	4	105	0	0	0	1	0	0	0	0	24	22	0	48	1	1	0	1	0	1	0	0	3	1	0	55	0	0	0	-1	0	0	4	-183	32	34	0	184
10:45:00	38700	69	74	1	99	0	1	0	0	0	0	0	0	29	39	0	38	3	0	0	4	0	0	0	0	3	4	0	54	0	0	0	-1	0	0	1	-184	34	30	0	188
10:50:00	39000	46	57	3	85	0	0	0	0	0	0	0	0	20	19	0	39	0	3	0	1	0	0	0	0	2	1	0	55	0	0	0	-1	0	0	3	-187	24	34	0	178
10:55:00	39300	44	63	4	62	0	0	0	0	0	0	0	0	13	19	0	33	2	0	0	3	0	0	0	0	1	1	0	55	0	0	0	-1	0	0	4	-191	28	43	0	163
11:00:00	39600	60	53	3	66	0	0	0	0	0	0	0	0	17	18	0	32	4	1	0	6	3	1	0	2	1	1	0	55	0	0	1	-2	0	0	2	-193	35	32	0	166
11:05:00	39900	84	73	5	72	0	0	0	0	0	0	0	0	27	15	0	44	1	1	0	6	0	0	0	2	12	11	0	56	0	0	1	-3	0	0	4	-197	44	46	0	164
11:10:00	40200	75	57	3	87	0	0	0	0	0	0	0	0	34	23	0	55	2	1	0	7	1	0	0	3	2	2	0	56	0	0	0	-3	0	0	3	-200	36	31	0	169
11:15:00	40500	60	57	0	90	0	0	0	0	0	0	0	0	30	29	0	56	10	3	0	14	0	0	0	3	1	2	0	55	0	0	0	-3	0	0	0	-200	19	23	0	165
11:20:00	40800	65	63	2	90	0	0	0	0	1	1	0	0	24	27	0	53	2	2	0	14	1	2	0	2	4	3	0	56	0	0	1	-4	0	0	1	-201	33	28	0	170
11:25:00	41100	70	69	1	90	0	0	0	0	0	0	0	0	33	30	0	56	3	3	0	14	0	1	0	1	0	1	0	55	0	0	0	-4	0	0	1	-202	34	34	0	170
11:30:00	41400	78	73	3	92	0	0	0	0	0	0	0	0	33	24	0	65	1	5	0	10	4	1	0	4	4	2	0	57	0	0	1	-5	0	0	2	-204	36	41	0	165
11:35:00	41700	85	77	3	97	1	1	0	0	0	0	0	0	32	30	0	67	3	3	0	10	1	1	0	4	6	6	0	57	0	0	0	-5	0	0	3	-207	42	36	0	171
11:40:00	42000	80	77	0	100	0	0	0	0	0	0	0	0	28	24	0	71	0	4	0	6	2	2	0	4	3	15	0	45	0	0	0	-5	0	0	0	-207	47	32	0	186
11:45:00	42300	82	90	2	90	0	0	0	0	1	0	0	1	38	36	0	73	3	3	0	6	1	3	0	2	5	4	0	46	0	0	0	-5	0	0	2	-209	34	44	0	176
11:50:00	42600	89	76	2	101	0	0	0	0	0	0	0	1	40	31	0	82	5	3	0	8	3	0	0	5	4	1	0	49	0	0	0	-5	0	0	2	-211	37	41	0	172
11:55:00	42900	99	90	3	107	0	0	0	0	0	1	0	0	47	37	0	92	1	1	0	8	0	2	0	3	2	7	0	44	0	0	0	-5	0	0	3	-214	49	42	0	179
12:00:00	43200	73	84	2	94	2	0	0	2	0	0	0	0	41	49	0	84	2	2	0	8	1	0	0	4	2	0	0	46	0	0	0	-5	0	0	2	-216	25	33	0	171
12:05:00	43500	62	72	5	79	0	1	0	1	0	0	0	0	24	35	0	73	8	5	0	11	3	0	0	7	4	0	0	50	0	0	0	-5	0	0	5	-221	23	31	0	163
12:10:00	43800	67	60	2	84	0	0	0	1	0	0	0	0	36	28	0	81	2	0	0	13	1	5	0	3	2	1	0	51	0	0	0	-5	0	0	2	-223	26	26	0	163
12:15:00	44100	54	65	4	69	2	1	0	2	0	0	0	0	28	35	0	74	1	3	0	11	0	2	0	1	1	4	0	48	0	0	1	-6	0	0	3	-226	22	20	0	165
12:20:00	44400	40	51	2	56	0	2	0	0	0	0	0	0	23	36	0	61	0	3	0	8	0	0	0	1	1	0	0	49	0	0	0	-6	0	0	2	-228	16	10	0	171
12:25:00	44700	55	59	3	49	0	0	0	0	0	0	0	0	34	27	0	68	0	3	0	5	2	0	0	3	1	4	0	46	0	0	1	-7	0	0	2	-230	18	25	0	164
12:30:00	45000	41	44	3	43	0	0	0	0	0	0	0	0	23	28	0	63	0	1	0	4	1	0	0	4	2	3	0	45	0	0	0	-7	0	0	3	-233	15	12	0	167
12:35:00	45300	26	42	2	25	0	0	0	0	0	0	0	0	8	24	0	47	0	2	0	2	0	0	0	4	5	2	0	48	0	0	0	-7	0	0	2	-235	13	14	0	166
12:40:00	45600	35	27	0	33	0	0	0	0	0	0	0	0	21	12	0	56	0	1	0	1	1	1	0	4	2	1	0	49	0	0	0	-7	0	0	0	-235	11	12	0	165
12:45:00	45900	49	40	1	41	0	0	0	0	0	0	0	0	27	24	0	59	0	0	0	1	3	0	0	7	3	1	0	51	0	0	0	-7	0	0	1	-236	16	15	0	166
12:50:00	46200	30	43	4	24	0	0	0	0	0	0	0	0	16	26	0	49	0	1	0	0	0	1	0	6	3	0	0	54	0	0	0	-7	0	0	4	-240	11	15	0	162
12:55:00	46500	43	43	4	20	0	0	0	0	0	0	0	0	21	22	0	48	0	0	0	0	1	3	0	4	2	4	0	52	0	0	0	-7	0	0	4	-244	19	14	0	167
13:00:00	46800	5	30	1	-6	1	0	0	1	0	0	0	0	0	22	0	26	0	0	0	0	0	0	0	4	0	1	0	51	0	0	0	-7	0	0	1	-245	4	7	0	164
13:05:00	47100	6	26	0	-26	0	0	0	1	0	0	0	0	1	15	0	12	0	0	0	0	0	2	0	2	1	0	0	52	0	0	0	-7	0	0	0	-245	4	9	0	159
13:10:00	47400	3	15	0	-38	0	1	0	0	0	0	0	0	0	4	0	8	0	0	0	0	0	0	0	2	2	0	0	54	0	0	0	-7	0	0	0	-245	1	10	0	150
13:15:00	47700	13	11	0	-36	0	0	0	0	0	0	0	0	11	7	0	12	0	0	0	0	0	0	0	2	0	0	0	54	0	0	0	-7	0	0	0	-245	2	4	0	148
13:20:00	48000	17	22	2	-43	0	0	0	0	0	0	0	0	4	6	0	10	0	0	0	0	0	0	0	2	1	6	0	49	0	0	0	-7	0	0	2	-247	12	10	0	150
13:25:00	48300	17	21	1	-48	0	0	0	0	0	0	0	0	6	5	0	11	0	0	0	0	0	1	0	1	1	6	0	44	0	0	0	-7	0	0	1	-248	10	9	0	151
13:30:00	48600	49	23	2	-24	0	0	0	0	0	0	0	0	34	5	0	40	1	0	0	1	0	1	0	0	2	2	0	44	0	0	0	-7	0	0	2	-250	12	15	0	148
13:35:00	48900	51	46	1	-20	1	0	0	1	0	0	0	0	25	28	0	37	5	0	0	6	0	0	0	0	0	6	0	38	0	0	1	-8	0	0	0	-250	20	12	0	156
13:40:00	49200	49	44	2	-17	0	1	0	0	0	0	0	0	20	21	0	36	5	2	0	9	0	0	0	0	0	4	0	34	0	0	0	-8	0	0	2	-252	24	16	0	164
13:45:00	49500	52	37	2	-4	1	0	0	1	0	0	0	0	26	14	0	48	2	3	0	8	0	0	0	0	2	1	0	35	0	0	0	-8	0	0	2	-254	21	19	0	166
13:50:00	49800	89	51	1	33	1	0	0	2	0	0	0	0	40	23	0	65	15	7	0	16	2	0	0	2	4	1	0	38	0	0	0	-8	0	0	1	-255	27	20	0	173
13:55:00	50100	104	67	2	68	0	2	0	0	0	0	0	0	63	36	0	92	12	5	0	23	1	0	0	3	2	0	0	40	0	0	0	-8	0	0	2	-257	26	24	0	175
14:00:00	50400	78	81	4	61	1	0	0	1	0	0	0	0	43	45	0	90	3	9	0	17	1	1	0	3	2	0	0	42	0	0	0	-8	0	0	4	-261	28	26	0	177
14:05:00	50700	77	77	2	59	1	0	0	2	0	0	0	0	26	38	0	78	9	6	0	20	0	1	0	2	3	0	0	45	0	0	0	-8	0	0	2	-263	38	32	0	183
14:10:00	51000	80	70	3	66	2	1	0	3	0	0	0	0	30	28	0	80	14	12	0	22	2	1	0	3	3	0	0	48	0	0	0	-8	0	0	3	-266	29	28	0	184
14:15:00	51300	66	69	1	62	1	2	0	2	0	0	0	0	32	34	0	78	8	8	0	22	0	1	0	2	6	1	0	53	0	0	0	-8	0	0	1	-267	19	23	0	180
14:20:00	51600	85	80	3	64	0	1	0	1	0	0	0	0	32	29	0	81	14	8	0	28	0	1	0	1	7	8	0	52	0	0	1	-9	0	0	2	-269	32	33	0	179
14:25:00	51900	71	74	2	59	0	0	0	1	0	0	0	0	38	49	0	70	16	11	0	33	0	0	0	1	1	1	0	52	0	0	0	-9	0	0	2	-271	16	13	0	182
14:30:00	52200	54	64	5	44	0	1	0	0	0	0	0	0	16	25	0	61	12	14	0	31	1	1	0	1	2	1	0	53	0	0	0	-9	0	0	5	-276	23	22	0	183
14:35:00	52500	73	68	3	46	0	0	0	0	0	0	0	0	36	28	0	69	4	11	0	24	1	1	0	1	2	2	0	53	0	0	0	-9	0	0	3	-279	30	26	0	187
14:40:00	52800	58	74	1	29	1	0	0	1	0	0	0	0	20	33	0	56	8	7	0	25	1	0	0	2	2	5	0	50	0	0	0	-9	0	0	1	-280	26	29	0	184
14:45:00	53100	54	68	2	13	0	1	0	0	0	0	0	0	19	19	0	56	9	14	0	20	0	1	0	1	5	12	0	43	0	0	0	-9	0	0	2	-282	21	21	0	184
14:50:00	53400	54	64	2	1	0	0	0	0	0	0	0	0	22	30	0	48	3	6	0	17	0	1	0	0	2	1	0	44	0	0	0	-9	0	0	2	-284	27	26	0	185
14:55:00	53700	44	47	0	-2	0	0	0	0	0	0	0	0	14	17	0	45	8	5	0	20	1	0	0	1	2	3	0	43	0	0	0	-9	0	0	0	-284	19	22	0	182
15:00:00	54000	41	50	0	-11	0	0	0	0	0	0	0	0	21	21	0	45	4	11	0	13	0	0	0	1	0	1	0	42	0	0	0	-9	0	0	0	-284	16	17	0	181
15:05:00	54300	52	56	2	-17	1	0	0	1	0	0	0	0	22	27	0	40	0	3	0	10	2	0	0	3	2	0	0	44	0	0	0	-9	0	0	2	-286	25	26	0	180
15:10:00	54600	47	53	1	-24	0	1	0	0	0	0	0	0	20	22	0	38	0	4	0	6	1	2	0	2	0	0	0	44	0	0	0	-9	0	0	1	-287	26	24	0	182
15:15:00	54900	56	48	0	-16	0	0	0	0	0	0	0	0	23	15	0	46	1	2	0	5	2	2	0	2	2	1	0	45	0	0	0	-9	0	0	0	-287	28	28	0	182
15:20:00	55200	55	57	3	-21	0	0	0	0	0	0	0	0	26	21	0	51	1	1	0	5	1	2	0	1	3	0	0	48	0	0	1	-10	0	0	2	-289	24	33	0	173
15:25:00	55500	45	46	2	-24	0	0	0	0	0	0	0	0	20	27	0	44	0	0	0	5	1	0	0	2	0	0	0	48	0	0	0	-10	0	0	2	-291	24	19	0	178
15:30:00	55800	70	43	2	1	0	0	0	0	0	0	0	0	42	22	0	64	0	1	0	4	1	1	0	2	1	1	0	48	0	0	0	-10	0	0	2	-293	26	18	0	186
15:35:00	56100	94	66	4	25	0	0	0	0	0	0	0	0	47	31	0	80	0	0	0	4	1	2	0	1	2	5	0	45	0	0	0	-10	0	0	4	-297	44	28	0	202
15:40:00	56400	99	99	7	18	0	0	0	0	0	0	0	0	48	49	0	79	0	1	0	3	1	0	0	2	2	0	0	47	0	0	1	-11	0	0	6	-303	48	49	0	201
15:45:00	56700	71	76	6	7	0	0	0	0	0	0	0	0	37	34	0	82	0	1	0	2	1	1	0	2	2	2	0	47	0	0	0	-11	0	0	6	-309	31	38	0	194
15:50:00	57000	82	76	4	9	0	0	0	0	1	1	0	0	35	41	0	76	0	0	0	2	1	0	0	3	2	0	0	49	0	0	0	-11	0	0	4	-313	43	34	0	203
15:55:00	57300	60	80	7	-18	0	0	0	0	0	0	0	0	22	35	0	63	0	0	0	2	0	1	0	2	2	4	0	47	0	0	0	-11	0	0	7	-320	36	40	0	199
16:00:00	57600	99	83	3	-5	1	0	0	1	0	0	0	0	30	30	0	63	21	0	0	23	0	0	0	2	3	6	0	44	0	0	0	-11	0	0	3	-323	44	47	0	196
16:05:00	57900	85	75	1	4	0	1	0	0	0	0	0	0	24	32	0	55	19	7	0	35	3	3	0	2	0	1	0	43	0	0	0	-11	0	0	1	-324	39	31	0	204
16:10:00	58200	70	85	2	-13	0	0	0	0	0	0	0	0	23	29	0	49	18	17	0	36	1	1	0	2	3	0	0	46	0	0	0	-11	0	0	2	-326	25	38	0	191
16:15:00	58500	81	79	2	-13	0	0	0	0	0	0	0	0	23	26	0	46	16	12	0	40	0	1	0	1	4	7	0	43	0	0	0	-11	0	0	2	-328	38	33	0	196
16:20:00	58800	93	76	6	-2	0	0	0	0	0	0	0	0	36	24	0	58	17	12	0	45	1	0	0	2	2	1	0	44	0	0	0	-11	0	0	6	-334	37	39	0	194
16:25:00	59100	93	91	4	-4	0	0	0	0	0	0	0	0	32	27	0	63	27	19	0	53	0	2	0	0	1	3	0	42	0	0	0	-11	0	0	4	-338	33	40	0	187
16:30:00	59400	111	84	9	14	0	0	0	0	0	0	0	0	34	30	0	67	31	14	0	70	1	0	0	1	4	2	0	44	0	0	0	-11	0	0	9	-347	41	38	0	190
16:35:00	59700	120	85	3	46	0	0	0	0	0	0	0	0	42	26	0	83	28	23	0	75	1	0	0	2	1	2	0	43	0	0	0	-11	0	0	3	-350	48	34	0	204
16:40:00	60000	122	117	4	47	1	0	0	1	0	0	0	0	58	40	0	101	19	26	0	68	1	0	0	3	3	6	0	40	0	0	0	-11	0	0	4	-354	40	45	0	199
16:45:00	60300	95	104	7	31	1	1	0	1	0	0	0	0	29	41	0	89	29	21	0	76	0	0	0	3	2	4	0	38	0	0	0	-11	0	0	7	-361	34	37	0	196
16:50:00	60600	142	113	3	57	0	1	0	0	0	0	0	0	48	43	0	94	45	30	0	91	0	0	0	3	3	3	0	38	0	0	0	-11	0	0	3	-364	46	36	0	206
16:55:00	60900	125	125	4	53	1	0	0	1	0	0	0	0	41	48	0	87	32	27	0	96	3	3	0	3	5	1	0	42	0	0	0	-11	0	0	4	-368	43	46	0	203
17:00:00	61200	152	119	3	83	0	0	0	1	0	0	0	0	75	38	0	124	20	29	0	87	2	1	0	4	7	8	0	41	0	0	1	-12	0	0	2	-370	48	43	0	208
17:05:00	61500	141	111	4	109	1	0	0	2	0	0	0	0	78	49	0	153	12	22	0	77	0	1	0	3	3	5	0	39	0	0	0	-12	0	0	4	-374	47	34	0	221
17:10:00	61800	130	133	4	102	1	1	0	2	0	0	0	0	62	66	0	149	16	21	0	72	0	2	0	1	3	1	0	41	0	0	0	-12	0	0	4	-378	48	42	0	227
17:15:00	62100	157	151	6	102	2	1	0	3	0	0	0	0	59	73	0	135	27	23	0	76	2	1	0	2	5	7	0	39	0	0	0	-12	0	0	6	-384	62	46	0	243
17:20:00	62400	154	124	4	128	0	1	0	2	0	0	0	0	79	61	0	153	13	21	0	68	3	1	0	4	5	1	0	43	0	0	1	-13	0	0	3	-387	54	39	0	258
17:25:00	62700	101	150	5	74	0	2	0	0	0	0	0	0	47	63	0	137	1	25	0	44	2	0	0	6	6	4	0	45	0	0	0	-13	0	0	5	-392	45	56	0	247
17:30:00	63000	77	104	2	45	0	0	0	0	0	0	0	0	49	60	0	126	1	11	0	34	0	1	0	5	2	5	0	42	0	0	0	-13	0	0	2	-394	25	27	0	245
17:35:00	63300	79	77	3	44	0	0	0	0	0	0	0	0	38	46	0	118	2	8	0	28	0	0	0	5	8	1	0	49	0	0	0	-13	0	0	3	-397	31	22	0	254
17:40:00	63600	58	72	2	28	1	0	0	1	0	0	0	0	20	38	0	100	1	4	0	25	0	1	0	4	10	2	0	57	0	0	0	-13	0	0	2	-399	26	27	0	253
17:45:00	63900	90	79	1	38	0	1	0	0	0	0	0	0	55	42	0	113	1	2	0	24	1	1	0	4	3	4	0	56	0	0	0	-13	0	0	1	-400	30	29	0	254
17:50:00	64200	75	76	4	33	0	0	0	0	0	0	0	0	43	43	0	113	1	6	0	19	1	1	0	4	3	3	0	56	0	0	0	-13	0	0	4	-404	27	23	0	258
17:55:00	64500	80	77	4	32	0	0	0	0	0	0	0	0	52	38	0	127	0	3	0	16	0	1	0	3	4	6	0	54	0	0	0	-13	0	0	4	-408	24	29	0	253
18:00:00	64800	52	81	4	-1	0	0	0	0	0	0	0	0	31	54	0	104	1	1	0	16	0	1	0	2	1	2	0	53	0	0	0	-13	0	0	4	-412	19	23	0	249
18:05:00	65100	62	77	4	-20	0	0	0	0	0	0	0	0	34	37	0	101	0	2	0	14	0	0	0	2	3	9	0	47	0	0	0	-13	0	0	4	-416	25	29	0	245
18:10:00	65400	44	73	4	-53	1	0	0	1	0	0	0	0	25	39	0	87	1	1	0	14	0	0	0	2	2	3	0	46	0	0	0	-13	0	0	4	-420	15	30	0	230
18:15:00	65700	38	75	5	-95	0	0	0	1	0	0	0	0	19	42	0	64	0	1	0	13	1	1	0	2	3	5	0	44	0	0	0	-13	0	0	5	-425	15	26	0	219
18:20:00	66000	54	53	0	-94	0	1	0	0	0	0	0	0	33	24	0	73	0	2	0	11	0	0	0	2	0	6	0	38	0	0	0	-13	0	0	0	-425	21	20	0	220
18:25:00	66300	42	55	5	-112	0	0	0	0	0	0	0	0	25	27	0	71	0	1	0	10	1	0	0	3	0	5	0	33	0	0	0	-13	0	0	5	-430	16	22	0	214
18:30:00	66600	36	49	4	-129	0	0	0	0	0	0	0	0	18	26	0	63	1	2	0	9	0	0	0	3	2	5	0	30	0	0	0	-13	0	0	4	-434	15	16	0	213
18:35:00	66900	54	55	2	-132	0	0	0	0	0	0	0	0	28	29	0	62	0	2	0	7	0	1	0	2	0	5	0	25	0	0	0	-13	0	0	2	-436	26	18	0	221
18:40:00	67200	29	50	4	-157	0	0	0	0	0	0	0	0	12	27	0	47	0	1	0	6	1	2	0	1	1	3	0	23	0	0	0	-13	0	0	4	-440	15	17	0	219
18:45:00	67500	28	41	1	-171	0	0	0	0	0	0	0	0	17	18	0	46	0	2	0	4	0	1	0	0	1	2	0	22	0	0	0	-13	0	0	1	-441	10	18	0	211
18:50:00	67800	18	31	2	-186	0	0	0	0	0	0	0	0	7	12	0	41	0	0	0	4	0	0	0	0	0	7	0	15	0	0	0	-13	0	0	2	-443	11	12	0	210
18:55:00	68100	26	33	0	-193	0	0	0	0	0	0	0	0	15	14	0	42	0	0	0	4	0	0	0	0	0	2	0	13	0	0	0	-13	0	0	0	-443	11	17	0	204
19:00:00	68400	50	35	2	-180	0	0	0	0	0	0	0	0	37	16	0	63	0	0	0	4	0	0	0	0	0	3	0	10	0	0	0	-13	0	0	2	-445	13	16	0	201
19:05:00	68700	69	48	7	-166	0	0	0	0	0	0	0	0	41	23	0	81	0	0	0	4	0	0	0	0	1	0	0	11	0	0	0	-13	0	0	7	-452	27	25	0	203
19:10:00	69000	53	52	4	-169	0	0	0	0	0	0	0	0	35	35	0	81	0	1	0	3	1	0	0	1	0	0	0	11	0	0	1	-14	0	0	3	-455	17	16	0	204
19:15:00	69300	44	54	2	-181	0	0	0	0	0	0	0	0	26	30	0	77	0	0	0	3	0	0	0	1	2	3	0	10	0	0	1	-15	0	0	1	-456	16	21	0	199
19:20:00	69600	52	54	3	-186	0	0	0	0	0	0	0	0	31	30	0	78	0	0	0	3	1	0	0	2	0	0	0	10	0	0	0	-15	0	0	3	-459	20	24	0	195
19:25:00	69900	75	60	3	-174	1	0	0	1	0	0	0	0	45	37	0	86	0	0	0	3	2	0	0	4	0	1	0	9	0	0	0	-15	0	0	3	-462	27	22	0	200
19:30:00	70200	57	48	1	-166	0	1	0	0	0	0	0	0	37	30	0	93	0	0	0	3	2	1	0	5	0	2	0	7	0	0	0	-15	0	0	1	-463	18	14	0	204
19:35:00	70500	35	57	3	-191	1	0	0	1	0	0	0	0	20	42	0	71	0	0	0	3	1	3	0	3	0	3	0	4	0	0	0	-15	0	0	3	-466	13	9	0	208
19:40:00	70800	32	47	0	-206	0	1	0	0	0	0	0	0	20	30	0	61	0	1	0	2	0	0	0	3	2	0	0	6	0	0	0	-15	0	0	0	-466	10	15	0	203
19:45:00	71100	52	37	1	-192	0	0	0	0	0	0	0	0	38	29	0	70	0	0	0	2	1	0	0	4	0	1	0	5	0	0	0	-15	0	0	1	-467	13	7	0	209
19:50:00	71400	37	51	2	-208	0	0	0	0	0	0	0	0	30	31	0	69	0	0	0	2	0	1	0	3	0	1	0	4	0	0	0	-15	0	0	2	-469	7	18	0	198
19:55:00	71700	39	44	1	-214	0	0	0	0	0	0	0	0	28	31	0	66	0	0	0	2	0	2	0	1	0	0	0	4	0	0	0	-15	0	0	1	-470	11	11	0	198
20:00:00	72000	9	45	1	-251	0	0	0	0	0	0	0	0	2	29	0	39	0	0	0	2	0	0	0	1	1	1	0	4	0	0	0	-15	0	0	1	-471	6	15	0	189
20:05:00	72300	5	26	0	-272	1	0	0	1	0	0	0	0	3	16	0	26	0	0	0	2	0	0	0	1	0	0	0	4	0	0	0	-15	0	0	0	-471	1	10	0	180
20:10:00	72600	8	21	0	-285	0	1	0	0	0	0	0	0	4	9	0	21	0	0	0	2	0	0	0	1	1	0	0	5	0	0	0	-15	0	0	0	-471	3	11	0	172
20:15:00	72900	7	23	1	-302	0	0	0	0	0	0	0	0	4	12	0	13	0	0	0	2	0	0	0	1	1	0	0	6	0	0	0	-15	0	0	1	-472	2	11	0	163
20:20:00	73200	8	18	2	-314	0	0	0	0	0	0	0	0	2	6	0	9	0	1	0	1	0	1	0	0	0	0	0	6	0	0	0	-15	0	0	2	-474	6	10	0	159
20:25:00	73500	6	15	2	-325	0	0	0	0	0	0	0	0	2	5	0	6	0	1	0	0	0	0	0	0	0	2	0	4	0	0	0	-15	0	0	2	-476	4	7	0	156
20:30:00	73800	6	9	1	-329	0	0	0	0	0	0	0	0	1	2	0	5	0	0	0	0	0	0	0	0	0	3	0	1	0	0	0	-15	0	0	1	-477	5	4	0	157
20:35:00	74100	6	11	1	-335	0	0	0	0	0	0	0	0	1	3	0	3	0	0	0	0	0	0	0	0	0	1	0	0	0	0	0	-15	0	0	1	-478	5	7	0	155
20:40:00	74400	3	3	0	-335	0	0	0	0	0	0	0	0	1	0	0	4	0	0	0	0	0	0	0	0	0	0	0	0	0	0	0	-15	0	0	0	-478	2	3	0	154
20:45:00	74700	1	4	0	-338	0	0	0	0	0	0	0	0	0	0	0	4	0	0	0	0	0	0	0	0	0	0	0	0	0	0	0	-15	0	0	0	-478	1	4	0	151
20:50:00	75000	8	10	0	-340	0	0	0	0	0	0	0	0	4	3	0	5	0	0	0	0	0	0	0	0	0	0	0	0	0	0	0	-15	0	0	0	-478	4	7	0	148
20:55:00	75300	4	8	1	-345	0	0	0	0	0	0	0	0	2	3	0	4	0	0	0	0	0	0	0	0	0	0	0	0	0	0	0	-15	0	0	1	-479	2	5	0	145
21:00:00	75600	8	8	1	-346	0	0	0	0	0	0	0	0	6	3	0	7	0	0	0	0	0	0	0	0	0	0	0	0	0	0	0	-15	0	0	1	-480	2	5	0	142
21:05:00	75900	4	5	1	-348	0	0	0	0	0	0	0	0	2	1	0	8	0	0	0	0	0	0	0	0	0	0	0	0	0	0	0	-15	0	0	1	-481	2	4	0	140
21:10:00	76200	2	7	0	-353	0	0	0	0	0	0	0	0	0	3	0	5	0	0	0	0	0	0	0	0	0	0	0	0	0	0	0	-15	0	0	0	-481	2	4	0	138
21:15:00	76500	4	4	0	-353	1	1	0	0	0	0	0	0	1	0	0	6	0	0	0	0	0	0	0	0	0	0	0	0	0	0	0	-15	0	0	0	-481	2	3	0	137
21:20:00	76800	0	5	0	-358	0	0	0	0	0	0	0	0	0	1	0	5	0	0	0	0	0	0	0	0	0	0	0	0	0	0	0	-15	0	0	0	-481	0	4	0	133
21:25:00	77100	1	2	1	-360	0	0	0	0	0	0	0	0	0	0	0	5	0	0	0	0	0	0	0	0	0	0	0	0	0	0	0	-15	0	0	1	-482	1	2	0	132
21:30:00	77400	3	4	0	-361	0	0	0	0	0	0	0	0	0	0	0	5	0	0	0	0	0	0	0	0	0	0	0	0	0	0	0	-15	0	0	0	-482	3	4	0	131
21:35:00	77700	1	8	0	-368	0	0	0	0	0	0	0	0	0	5	0	0	0	0	0	0	0	0	0	0	0	0	0	0	0	0	0	-15	0	0	0	-482	1	3	0	129
21:40:00	78000	0	0	0	-368	0	0	0	0	0	0	0	0	0	0	0	0	0	0	0	0	0	0	0	0	0	0	0	0	0	0	0	-15	0	0	0	-482	0	0	0	129
21:45:00	78300	0	3	0	-371	0	0	0	0	0	0	0	0	0	0	0	0	0	0	0	0	0	0	0	0	0	0	0	0	0	0	0	-15	0	0	0	-482	0	3	0	126
21:50:00	78600	4	6	1	-374	0	0	0	0	0	0	0	0	2	0	0	2	0	0	0	0	0	0	0	0	0	0	0	0	0	0	0	-15	0	0	1	-483	2	6	0	122
21:55:00	78900	1	2	0	-375	0	0	0	0	0	0	0	0	0	1	0	1	0	0	0	0	0	0	0	0	0	0	0	0	0	0	0	-15	0	0	0	-483	1	1	0	122
22:00:00	79200	4	7	0	-378	0	0	0	0	0	0	0	0	2	2	0	1	0	0	0	0	0	0	0	0	0	0	0	0	0	0	0	-15	0	0	0	-483	2	5	0	119
22:05:00	79500	1	7	0	-384	0	0	0	0	0	0	0	0	0	1	0	0	0	0	0	0	0	0	0	0	0	0	0	0	0	0	0	-15	0	0	0	-483	1	6	0	114
22:10:00	79800	3	5	1	-387	0	0	0	0	0	0	0	0	0	0	0	0	0	0	0	0	0	0	0	0	0	0	0	0	0	0	0	-15	0	0	1	-484	3	5	0	112
22:15:00	80100	5	7	1	-390	0	0	0	0	0	0	0	0	0	0	0	0	0	0	0	0	1	0	0	1	0	0	0	0	0	0	0	-15	0	0	1	-485	4	7	0	109
22:20:00	80400	6	8	1	-393	0	0	0	0	0	0	0	0	1	0	0	1	0	0	0	0	0	0	0	1	0	0	0	0	0	0	0	-15	0	0	1	-486	5	8	0	106
22:25:00	80700	3	6	1	-397	0	0	0	0	0	0	0	0	1	0	0	2	0	0	0	0	0	0	0	1	0	0	0	0	0	0	0	-15	0	0	1	-487	2	6	0	102
22:30:00	81000	1	5	0	-401	0	0	0	0	0	0	0	0	0	1	0	1	0	0	0	0	0	1	0	0	0	0	0	0	0	0	0	-15	0	0	0	-487	1	3	0	100
22:35:00	81300	2	2	0	-401	0	0	0	0	0	0	0	0	1	0	0	2	0	0	0	0	0	0	0	0	0	0	0	0	0	0	0	-15	0	0	0	-487	1	2	0	99
22:40:00	81600	3	3	1	-402	0	0	0	0	0	0	0	0	1	1	0	2	0	0	0	0	0	0	0	0	0	0	0	0	0	0	0	-15	0	0	1	-488	2	2	0	99
22:45:00	81900	0	0	0	-402	0	0	0	0	0	0	0	0	0	0	0	2	0	0	0	0	0	0	0	0	0	0	0	0	0	0	0	-15	0	0	0	-488	0	0	0	99
22:50:00	82200	2	4	0	-404	0	0	0	0	0	0	0	0	1	0	0	3	0	0	0	0	0	0	0	0	0	0	0	0	0	0	0	-15	0	0	0	-488	1	4	0	96
22:55:00	82500	1	2	1	-406	0	0	0	0	0	0	0	0	0	0	0	3	0	0	0	0	0	0	0	0	0	0	0	0	0	0	0	-15	0	0	1	-489	1	2	0	95
23:00:00	82800	1	6	1	-412	0	0	0	0	0	0	0	0	0	0	0	3	0	0	0	0	0	0	0	0	0	0	0	0	0	0	0	-15	0	0	1	-490	1	6	0	90
23:05:00	83100	2	3	2	-415	0	0	0	0	0	0	0	0	0	0	0	3	0	0	0	0	0	0	0	0	0	0	0	0	0	0	0	-15	0	0	2	-492	2	3	0	89
23:10:00	83400	1	3	1	-418	0	0	0	0	0	0	0	0	0	0	0	3	0	0	0	0	0	0	0	0	0	0	0	0	0	0	0	-15	0	0	1	-493	1	3	0	87
23:15:00	83700	3	1	1	-417	0	0	0	0	0	0	0	0	1	0	0	4	0	0	0	0	0	0	0	0	0	0	0	0	0	0	0	-15	0	0	1	-494	2	1	0	88
23:20:00	84000	3	4	2	-420	0	0	0	0	0	0	0	0	1	2	0	3	0	0	0	0	0	0	0	0	0	0	0	0	0	0	0	-15	0	0	2	-496	2	2	0	88
23:25:00	84300	3	1	0	-418	0	0	0	0	0	0	0	0	2	0	0	5	0	0	0	0	0	0	0	0	0	0	0	0	0	0	0	-15	0	0	0	-496	1	1	0	88
23:30:00	84600	2	6	0	-422	0	0	0	0	0	0	0	0	1	4	0	2	0	0	0	0	0	0	0	0	0	0	0	0	0	0	0	-15	0	0	0	-496	1	2	0	87
23:35:00	84900	3	2	1	-422	0	0	0	0	0	0	0	0	2	0	0	4	0	0	0	0	0	0	0	0	0	0	0	0	0	0	0	-15	0	0	1	-497	1	2	0	86
23:40:00	85200	2	2	0	-422	0	0	0	0	0	0	0	0	2	0	0	6	0	0	0	0	0	0	0	0	0	0	0	0	0	0	0	-15	0	0	0	-497	0	2	0	84
23:45:00	85500	7	9	1	-425	0	0	0	0	0	0	0	0	3	3	0	6	0	0	0	0	1	0	0	1	0	0	0	0	0	0	0	-15	0	0	1	-498	3	6	0	81
23:50:00	85800	1	2	0	-426	0	0	0	0	0	0	0	0	0	1	0	5	0	0	0	0	0	0	0	1	0	0	0	0	0	0	0	-15	0	0	0	-498	1	1	0	81
23:55:00	86100	3	3	0	-426	0	0	0	0	0	0	0	0	1	1	0	5	0	0	0	0	0	0	0	1	0	0	0	0	0	0	0	-15	0	0	0	-498	2	2	0	81
24:00:00	86400	4	3	0	-425	0	0	0	0	0	0	0	0	3	0	0	8	0	0	0	0	0	1	0	0	0	0	0	0	0	0	0	-15	0	0	0	-498	1	2	0	80
24:05:00	86700	2	5	0	-428	0	0	0	0	0	0	0	0	2	5	0	5	0	0	0	0	0	0	0	0	0	0	0	0	0	0	0	-15	0	0	0	-498	0	0	0	80
24:10:00	87000	0	2	0	-430	0	0	0	0	0	0	0	0	0	1	0	4	0	0	0	0	0	0	0	0	0	0	0	0	0	0	0	-15	0	0	0	-498	0	1	0	79
24:15:00	87300	0	2	0	-432	0	0	0	0	0	0	0	0	0	0	0	4	0	0	0	0	0	0	0	0	0	0	0	0	0	0	0	-15	0	0	0	-498	0	2	0	77
24:20:00	87600	1	1	0	-432	0	0	0	0	0	0	0	0	1	1	0	4	0	0	0	0	0	0	0	0	0	0	0	0	0	0	0	-15	0	0	0	-498	0	0	0	77
24:25:00	87900	1	2	0	-433	0	0	0	0	0	0	0	0	0	0	0	4	0	0	0	0	0	0	0	0	0	0	0	0	0	0	0	-15	0	0	0	-498	1	2	0	76
24:30:00	88200	2	2	0	-433	0	0	0	0	0	0	0	0	0	0	0	4	0	0	0	0	0	0	0	0	0	0	0	0	0	0	0	-15	0	0	0	-498	2	2	0	76
24:35:00	88500	4	7	0	-436	0	0	0	0	0	0	0	0	0	2	0	2	0	0	0	0	2	1	0	1	0	0	0	0	0	0	0	-15	0	0	0	-498	2	4	0	74
24:40:00	88800	2	1	0	-435	0	0	0	0	0	0	0	0	1	0	0	3	0	0	0	0	0	0	0	1	0	0	0	0	0	0	0	-15	0	0	0	-498	1	1	0	74
24:45:00	89100	2	3	0	-436	0	0	0	0	0	0	0	0	1	0	0	4	0	0	0	0	0	1	0	0	0	0	0	0	0	0	0	-15	0	0	0	-498	1	2	0	73
24:50:00	89400	0	1	0	-437	0	0	0	0	0	0	0	0	0	1	0	3	0	0	0	0	0	0	0	0	0	0	0	0	0	0	0	-15	0	0	0	-498	0	0	0	73
24:55:00	89700	0	0	0	-437	0	0	0	0	0	0	0	0	0	0	0	3	0	0	0	0	0	0	0	0	0	0	0	0	0	0	0	-15	0	0	0	-498	0	0	0	73
25:00:00	90000	1	2	0	-438	0	0	0	0	0	0	0	0	0	0	0	3	0	0	0	0	0	0	0	0	0	0	0	0	0	0	0	-15	0	0	0	-498	1	2	0	72
25:05:00	90300	2	2	1	-439	0	0	0	0	0	0	0	0	0	0	0	3	0	0	0	0	0	0	0	0	0	0	0	0	0	0	0	-15	0	0	1	-499	2	2	0	72
25:10:00	90600	1	1	0	-439	0	0	0	0	0	0	0	0	0	1	0	2	0	0	0	0	0	0	0	0	0	0	0	0	0	0	0	-15	0	0	0	-499	1	0	0	73
25:15:00	90900	3	4	0	-440	0	0	0	0	0	0	0	0	2	1	0	3	0	0	0	0	0	0	0	0	0	0	0	0	0	0	0	-15	0	0	0	-499	1	3	0	71
25:20:00	91200	0	0	0	-440	0	0	0	0	0	0	0	0	0	0	0	3	0	0	0	0	0	0	0	0	0	0	0	0	0	0	0	-15	0	0	0	-499	0	0	0	71
25:25:00	91500	1	1	0	-440	0	0	0	0	0	0	0	0	0	0	0	3	0	0	0	0	0	0	0	0	0	0	0	0	0	0	0	-15	0	0	0	-499	1	1	0	71
25:30:00	91800	1	1	0	-440	0	0	0	0	0	0	0	0	0	0	0	3	0	0	0	0	0	0	0	0	0	0	0	0	0	0	0	-15	0	0	0	-499	1	1	0	71
25:35:00	92100	0	1	0	-441	0	0	0	0	0	0	0	0	0	0	0	3	0	0	0	0	0	0	0	0	0	0	0	0	0	0	0	-15	0	0	0	-499	0	1	0	70
25:40:00	92400	0	1	0	-442	0	0	0	0	0	0	0	0	0	1	0	2	0	0	0	0	0	0	0	0	0	0	0	0	0	0	0	-15	0	0	0	-499	0	0	0	70
25:45:00	92700	1	1	0	-442	0	0	0	0	0	0	0	0	1	1	0	2	0	0	0	0	0	0	0	0	0	0	0	0	0	0	0	-15	0	0	0	-499	0	0	0	70
25:50:00	93000	2	2	0	-442	0	0	0	0	0	0	0	0	0	0	0	2	0	0	0	0	0	0	0	0	0	0	0	0	0	0	0	-15	0	0	0	-499	2	2	0	70
25:55:00	93300	0	1	0	-443	0	0	0	0	0	0	0	0	0	0	0	2	0	0	0	0	0	0	0	0	0	0	0	0	0	0	0	-15	0	0	0	-499	0	1	0	69
26:00:00	93600	3	3	1	-444	0	0	0	0	0	0	0	0	2	2	0	2	0	0	0	0	0	0	0	0	0	0	0	0	0	0	0	-15	0	0	1	-500	1	1	0	69
26:05:00	93900	1	2	0	-445	0	0	0	0	0	0	0	0	0	0	0	2	0	0	0	0	0	0	0	0	0	0	0	0	0	0	0	-15	0	0	0	-500	1	2	0	68
26:10:00	94200	3	5	1	-448	0	0	0	0	0	0	0	0	1	1	0	2	0	0	0	0	0	0	0	0	0	0	0	0	0	0	0	-15	0	0	1	-501	2	4	0	66
26:15:00	94500	3	3	1	-449	0	0	0	0	0	0	0	0	1	0	0	3	0	0	0	0	0	0	0	0	0	0	0	0	0	0	0	-15	0	0	1	-502	2	3	0	65
26:20:00	94800	0	2	0	-451	0	0	0	0	0	0	0	0	0	0	0	3	0	0	0	0	0	0	0	0	0	0	0	0	0	0	0	-15	0	0	0	-502	0	2	0	63
26:25:00	95100	2	3	1	-453	0	0	0	0	0	0	0	0	0	0	0	3	0	0	0	0	0	0	0	0	0	0	0	0	0	0	0	-15	0	0	1	-503	2	3	0	62
26:30:00	95400	2	2	0	-453	0	0	0	0	0	0	0	0	0	1	0	2	0	0	0	0	0	0	0	0	0	0	0	0	0	0	0	-15	0	0	0	-503	2	1	0	63
26:35:00	95700	0	0	0	-453	0	0	0	0	0	0	0	0	0	0	0	2	0	0	0	0	0	0	0	0	0	0	0	0	0	0	0	-15	0	0	0	-503	0	0	0	63
26:40:00	96000	0	0	0	-453	0	0	0	0	0	0	0	0	0	0	0	2	0	0	0	0	0	0	0	0	0	0	0	0	0	0	0	-15	0	0	0	-503	0	0	0	63
26:45:00	96300	0	0	0	-453	0	0	0	0	0	0	0	0	0	0	0	2	0	0	0	0	0	0	0	0	0	0	0	0	0	0	0	-15	0	0	0	-503	0	0	0	63
26:50:00	96600	0	1	0	-454	0	0	0	0	0	0	0	0	0	0	0	2	0	0	0	0	0	0	0	0	0	0	0	0	0	0	0	-15	0	0	0	-503	0	1	0	62
26:55:00	96900	3	4	1	-456	0	0	0	0	0	0	0	0	1	1	0	2	0	0	0	0	0	0	0	0	0	0	0	0	0	0	0	-15	0	0	1	-504	2	3	0	61
27:00:00	97200	2	4	2	-460	0	0	0	0	0	0	0	0	0	1	0	1	0	0	0	0	0	0	0	0	0	0	0	0	0	0	1	-16	0	0	1	-505	2	3	0	60
27:05:00	97500	0	0	0	-460	0	0	0	0	0	0	0	0	0	0	0	1	0	0	0	0	0	0	0	0	0	0	0	0	0	0	0	-16	0	0	0	-505	0	0	0	60
27:10:00	97800	1	1	0	-460	0	0	0	0	0	0	0	0	1	1	0	1	0	0	0	0	0	0	0	0	0	0	0	0	0	0	0	-16	0	0	0	-505	0	0	0	60
27:15:00	98100	1	1	0	-460	0	0	0	0	0	0	0	0	1	0	0	2	0	0	0	0	0	0	0	0	0	0	0	0	0	0	0	-16	0	0	0	-505	0	1	0	59
27:20:00	98400	0	0	0	-460	0	0	0	0	0	0	0	0	0	0	0	2	0	0	0	0	0	0	0	0	0	0	0	0	0	0	0	-16	0	0	0	-505	0	0	0	59
27:25:00	98700	0	0	0	-460	0	0	0	0	0	0	0	0	0	0	0	2	0	0	0	0	0	0	0	0	0	0	0	0	0	0	0	-16	0	0	0	-505	0	0	0	59
27:30:00	99000	0	0	0	-460	0	0	0	0	0	0	0	0	0	0	0	2	0	0	0	0	0	0	0	0	0	0	0	0	0	0	0	-16	0	0	0	-505	0	0	0	59
27:35:00	99300	1	2	0	-461	0	0	0	0	0	0	0	0	0	0	0	2	0	0	0	0	0	0	0	0	0	0	0	0	0	0	0	-16	0	0	0	-505	1	2	0	58
27:40:00	99600	4	4	1	-462	0	0	0	0	0	0	0	0	3	1	0	4	0	0	0	0	0	0	0	0	0	0	0	0	0	0	0	-16	0	0	1	-506	1	3	0	56
27:45:00	99900	1	2	0	-463	0	0	0	0	0	0	0	0	0	0	0	4	0	0	0	0	0	0	0	0	0	0	0	0	0	0	0	-16	0	0	0	-506	1	2	0	55
27:50:00	100200	2	2	0	-463	0	0	0	0	0	0	0	0	2	1	0	5	0	0	0	0	0	0	0	0	0	0	0	0	0	0	0	-16	0	0	0	-506	0	1	0	54
27:55:00	100500	2	2	0	-463	0	0	0	0	0	0	0	0	0	1	0	4	0	0	0	0	0	0	0	0	0	0	0	0	0	0	0	-16	0	0	0	-506	2	1	0	55
28:00:00	100800	1	1	0	-463	0	0	0	0	0	0	0	0	0	1	0	3	0	0	0	0	0	0	0	0	0	0	0	0	0	0	0	-16	0	0	0	-506	1	0	0	56
28:05:00	101100	1	3	0	-465	0	0	0	0	0	0	0	0	0	1	0	2	0	0	0	0	0	0	0	0	0	0	0	0	0	0	0	-16	0	0	0	-506	1	2	0	55
28:10:00	101400	2	3	2	-468	0	0	0	0	0	0	0	0	0	0	0	2	0	0	0	0	0	0	0	0	0	0	0	0	0	0	0	-16	0	0	2	-508	2	3	0	54
28:15:00	101700	0	1	0	-469	0	0	0	0	0	0	0	0	0	0	0	2	0	0	0	0	0	0	0	0	0	0	0	0	0	0	0	-16	0	0	0	-508	0	1	0	53
28:20:00	102000	0	0	0	-469	0	0	0	0	0	0	0	0	0	0	0	2	0	0	0	0	0	0	0	0	0	0	0	0	0	0	0	-16	0	0	0	-508	0	0	0	53
28:25:00	102300	0	1	0	-470	0	0	0	0	0	0	0	0	0	0	0	2	0	0	0	0	0	0	0	0	0	0	0	0	0	0	0	-16	0	0	0	-508	0	1	0	52
28:30:00	102600	0	0	0	-470	0	0	0	0	0	0	0	0	0	0	0	2	0	0	0	0	0	0	0	0	0	0	0	0	0	0	0	-16	0	0	0	-508	0	0	0	52
28:35:00	102900	2	2	0	-470	0	0	0	0	0	0	0	0	1	0	0	3	0	0	0	0	0	0	0	0	0	0	0	0	0	0	0	-16	0	0	0	-508	1	2	0	51
28:40:00	103200	1	1	0	-470	0	0	0	0	0	0	0	0	0	0	0	3	0	0	0	0	0	0	0	0	0	0	0	0	0	0	0	-16	0	0	0	-508	1	1	0	51
28:45:00	103500	1	1	0	-470	0	0	0	0	0	0	0	0	1	1	0	3	0	0	0	0	0	0	0	0	0	0	0	0	0	0	0	-16	0	0	0	-508	0	0	0	51
28:50:00	103800	0	0	0	-470	0	0	0	0	0	0	0	0	0	0	0	3	0	0	0	0	0	0	0	0	0	0	0	0	0	0	0	-16	0	0	0	-508	0	0	0	51
28:55:00	104100	1	3	0	-472	0	0	0	0	0	0	0	0	1	1	0	3	0	0	0	0	0	0	0	0	0	0	0	0	0	0	0	-16	0	0	0	-508	0	2	0	49
29:00:00	104400	1	2	1	-474	0	0	0	0	0	0	0	0	0	1	0	2	0	0	0	0	0	0	0	0	0	0	0	0	0	0	0	-16	0	0	1	-509	1	1	0	49
29:05:00	104700	0	1	0	-475	0	0	0	0	0	0	0	0	0	0	0	2	0	0	0	0	0	0	0	0	0	0	0	0	0	0	0	-16	0	0	0	-509	0	1	0	48
29:10:00	105000	1	1	1	-476	0	0	0	0	0	0	0	0	0	0	0	2	0	0	0	0	0	0	0	0	0	0	0	0	0	0	0	-16	0	0	1	-510	1	1	0	48
29:15:00	105300	1	2	0	-477	0	0	0	0	0	0	0	0	1	0	0	3	0	0	0	0	0	0	0	0	0	0	0	0	0	0	0	-16	0	0	0	-510	0	2	0	46
29:20:00	105600	2	2	1	-478	0	0	0	0	0	0	0	0	1	1	0	3	0	0	0	0	0	0	0	0	0	0	0	0	0	0	0	-16	0	0	1	-511	1	1	0	46
29:25:00	105900	2	4	0	-480	0	0	0	0	0	0	0	0	0	2	0	1	0	0	0	0	0	0	0	0	0	0	0	0	0	0	0	-16	0	0	0	-511	2	2	0	46
29:30:00	106200	0	0	0	-480	0	0	0	0	0	0	0	0	0	0	0	1	0	0	0	0	0	0	0	0	0	0	0	0	0	0	0	-16	0	0	0	-511	0	0	0	46
29:35:00	106500	0	1	0	-481	0	0	0	0	0	0	0	0	0	0	0	1	0	0	0	0	0	0	0	0	0	0	0	0	0	0	0	-16	0	0	0	-511	0	1	0	45
29:40:00	106800	1	1	1	-482	0	0	0	0	0	0	0	0	0	0	0	1	0	0	0	0	0	0	0	0	0	0	0	0	0	0	0	-16	0	0	1	-512	1	1	0	45
29:45:00	107100	0	0	0	-482	0	0	0	0	0	0	0	0	0	0	0	1	0	0	0	0	0	0	0	0	0	0	0	0	0	0	0	-16	0	0	0	-512	0	0	0	45
29:50:00	107400	0	0	0	-482	0	0	0	0	0	0	0	0	0	0	0	1	0	0	0	0	0	0	0	0	0	0	0	0	0	0	0	-16	0	0	0	-512	0	0	0	45
29:55:00	107700	0	0	0	-482	0	0	0	0	0	0	0	0	0	0	0	1	0	0	0	0	0	0	0	0	0	0	0	0	0	0	0	-16	0	0	0	-512	0	0	0	45
30:00:00	108000	0	0	46	-528	0	0	0	0	0	0	0	0	0	0	1	0	0	0	0	0	0	0	0	0	0	0	0	0	0	0	0	-16	0	0	0	-512	0	0	45	0
30:05:00	108300	0	0	0	-528	0	0	0	0	0	0	0	0	0	0	0	0	0	0	0	0	0	0	0	0	0	0	0	0	0	0	0	-16	0	0	0	-512	0	0	0	0
