time	time	departures_all	arrivals_all	stuck_all	en-route_all	departures_Shared-Bike	arrivals_Shared-Bike	stuck_Shared-Bike	en-route_Shared-Bike	departures_bike	arrivals_bike	stuck_bike	en-route_bike	departures_car	arrivals_car	stuck_car	en-route_car	departures_car_passenger	arrivals_car_passenger	stuck_car_passenger	en-route_car_passenger	departures_eScooter	arrivals_eScooter	stuck_eScooter	en-route_eScooter	departures_pt	arrivals_pt	stuck_pt	en-route_pt	departures_sharing:standardBikeShare	arrivals_sharing:standardBikeShare	stuck_sharing:standardBikeShare	en-route_sharing:standardBikeShare	departures_sharing:standardeScooter	arrivals_sharing:standardeScooter	stuck_sharing:standardeScooter	en-route_sharing:standardeScooter	departures_walk	arrivals_walk	stuck_walk	en-route_walk
00:00:00	0	0	0	0	0	0	0	0	0	0	0	0	0	0	0	0	0	0	0	0	0	0	0	0	0	0	0	0	0	0	0	0	0	0	0	0	0	0	0	0	0
00:05:00	300	0	0	0	0	0	0	0	0	0	0	0	0	0	0	0	0	0	0	0	0	0	0	0	0	0	0	0	0	0	0	0	0	0	0	0	0	0	0	0	0
00:10:00	600	0	0	0	0	0	0	0	0	0	0	0	0	0	0	0	0	0	0	0	0	0	0	0	0	0	0	0	0	0	0	0	0	0	0	0	0	0	0	0	0
00:15:00	900	0	0	0	0	0	0	0	0	0	0	0	0	0	0	0	0	0	0	0	0	0	0	0	0	0	0	0	0	0	0	0	0	0	0	0	0	0	0	0	0
00:20:00	1200	0	0	0	0	0	0	0	0	0	0	0	0	0	0	0	0	0	0	0	0	0	0	0	0	0	0	0	0	0	0	0	0	0	0	0	0	0	0	0	0
00:25:00	1500	0	0	0	0	0	0	0	0	0	0	0	0	0	0	0	0	0	0	0	0	0	0	0	0	0	0	0	0	0	0	0	0	0	0	0	0	0	0	0	0
00:30:00	1800	0	0	0	0	0	0	0	0	0	0	0	0	0	0	0	0	0	0	0	0	0	0	0	0	0	0	0	0	0	0	0	0	0	0	0	0	0	0	0	0
00:35:00	2100	0	0	0	0	0	0	0	0	0	0	0	0	0	0	0	0	0	0	0	0	0	0	0	0	0	0	0	0	0	0	0	0	0	0	0	0	0	0	0	0
00:40:00	2400	0	0	0	0	0	0	0	0	0	0	0	0	0	0	0	0	0	0	0	0	0	0	0	0	0	0	0	0	0	0	0	0	0	0	0	0	0	0	0	0
00:45:00	2700	0	0	0	0	0	0	0	0	0	0	0	0	0	0	0	0	0	0	0	0	0	0	0	0	0	0	0	0	0	0	0	0	0	0	0	0	0	0	0	0
00:50:00	3000	0	0	0	0	0	0	0	0	0	0	0	0	0	0	0	0	0	0	0	0	0	0	0	0	0	0	0	0	0	0	0	0	0	0	0	0	0	0	0	0
00:55:00	3300	0	0	0	0	0	0	0	0	0	0	0	0	0	0	0	0	0	0	0	0	0	0	0	0	0	0	0	0	0	0	0	0	0	0	0	0	0	0	0	0
01:00:00	3600	0	0	0	0	0	0	0	0	0	0	0	0	0	0	0	0	0	0	0	0	0	0	0	0	0	0	0	0	0	0	0	0	0	0	0	0	0	0	0	0
01:05:00	3900	0	0	0	0	0	0	0	0	0	0	0	0	0	0	0	0	0	0	0	0	0	0	0	0	0	0	0	0	0	0	0	0	0	0	0	0	0	0	0	0
01:10:00	4200	0	0	0	0	0	0	0	0	0	0	0	0	0	0	0	0	0	0	0	0	0	0	0	0	0	0	0	0	0	0	0	0	0	0	0	0	0	0	0	0
01:15:00	4500	0	0	0	0	0	0	0	0	0	0	0	0	0	0	0	0	0	0	0	0	0	0	0	0	0	0	0	0	0	0	0	0	0	0	0	0	0	0	0	0
01:20:00	4800	0	0	0	0	0	0	0	0	0	0	0	0	0	0	0	0	0	0	0	0	0	0	0	0	0	0	0	0	0	0	0	0	0	0	0	0	0	0	0	0
01:25:00	5100	0	0	0	0	0	0	0	0	0	0	0	0	0	0	0	0	0	0	0	0	0	0	0	0	0	0	0	0	0	0	0	0	0	0	0	0	0	0	0	0
01:30:00	5400	0	0	0	0	0	0	0	0	0	0	0	0	0	0	0	0	0	0	0	0	0	0	0	0	0	0	0	0	0	0	0	0	0	0	0	0	0	0	0	0
01:35:00	5700	0	0	0	0	0	0	0	0	0	0	0	0	0	0	0	0	0	0	0	0	0	0	0	0	0	0	0	0	0	0	0	0	0	0	0	0	0	0	0	0
01:40:00	6000	0	0	0	0	0	0	0	0	0	0	0	0	0	0	0	0	0	0	0	0	0	0	0	0	0	0	0	0	0	0	0	0	0	0	0	0	0	0	0	0
01:45:00	6300	0	0	0	0	0	0	0	0	0	0	0	0	0	0	0	0	0	0	0	0	0	0	0	0	0	0	0	0	0	0	0	0	0	0	0	0	0	0	0	0
01:50:00	6600	0	0	0	0	0	0	0	0	0	0	0	0	0	0	0	0	0	0	0	0	0	0	0	0	0	0	0	0	0	0	0	0	0	0	0	0	0	0	0	0
01:55:00	6900	0	0	0	0	0	0	0	0	0	0	0	0	0	0	0	0	0	0	0	0	0	0	0	0	0	0	0	0	0	0	0	0	0	0	0	0	0	0	0	0
02:00:00	7200	0	0	0	0	0	0	0	0	0	0	0	0	0	0	0	0	0	0	0	0	0	0	0	0	0	0	0	0	0	0	0	0	0	0	0	0	0	0	0	0
02:05:00	7500	0	0	0	0	0	0	0	0	0	0	0	0	0	0	0	0	0	0	0	0	0	0	0	0	0	0	0	0	0	0	0	0	0	0	0	0	0	0	0	0
02:10:00	7800	0	0	0	0	0	0	0	0	0	0	0	0	0	0	0	0	0	0	0	0	0	0	0	0	0	0	0	0	0	0	0	0	0	0	0	0	0	0	0	0
02:15:00	8100	0	0	0	0	0	0	0	0	0	0	0	0	0	0	0	0	0	0	0	0	0	0	0	0	0	0	0	0	0	0	0	0	0	0	0	0	0	0	0	0
02:20:00	8400	0	0	0	0	0	0	0	0	0	0	0	0	0	0	0	0	0	0	0	0	0	0	0	0	0	0	0	0	0	0	0	0	0	0	0	0	0	0	0	0
02:25:00	8700	0	0	0	0	0	0	0	0	0	0	0	0	0	0	0	0	0	0	0	0	0	0	0	0	0	0	0	0	0	0	0	0	0	0	0	0	0	0	0	0
02:30:00	9000	0	0	0	0	0	0	0	0	0	0	0	0	0	0	0	0	0	0	0	0	0	0	0	0	0	0	0	0	0	0	0	0	0	0	0	0	0	0	0	0
02:35:00	9300	0	0	0	0	0	0	0	0	0	0	0	0	0	0	0	0	0	0	0	0	0	0	0	0	0	0	0	0	0	0	0	0	0	0	0	0	0	0	0	0
02:40:00	9600	0	0	0	0	0	0	0	0	0	0	0	0	0	0	0	0	0	0	0	0	0	0	0	0	0	0	0	0	0	0	0	0	0	0	0	0	0	0	0	0
02:45:00	9900	0	0	0	0	0	0	0	0	0	0	0	0	0	0	0	0	0	0	0	0	0	0	0	0	0	0	0	0	0	0	0	0	0	0	0	0	0	0	0	0
02:50:00	10200	0	0	0	0	0	0	0	0	0	0	0	0	0	0	0	0	0	0	0	0	0	0	0	0	0	0	0	0	0	0	0	0	0	0	0	0	0	0	0	0
02:55:00	10500	0	0	0	0	0	0	0	0	0	0	0	0	0	0	0	0	0	0	0	0	0	0	0	0	0	0	0	0	0	0	0	0	0	0	0	0	0	0	0	0
03:00:00	10800	0	0	0	0	0	0	0	0	0	0	0	0	0	0	0	0	0	0	0	0	0	0	0	0	0	0	0	0	0	0	0	0	0	0	0	0	0	0	0	0
03:05:00	11100	0	0	0	0	0	0	0	0	0	0	0	0	0	0	0	0	0	0	0	0	0	0	0	0	0	0	0	0	0	0	0	0	0	0	0	0	0	0	0	0
03:10:00	11400	0	0	0	0	0	0	0	0	0	0	0	0	0	0	0	0	0	0	0	0	0	0	0	0	0	0	0	0	0	0	0	0	0	0	0	0	0	0	0	0
03:15:00	11700	0	0	0	0	0	0	0	0	0	0	0	0	0	0	0	0	0	0	0	0	0	0	0	0	0	0	0	0	0	0	0	0	0	0	0	0	0	0	0	0
03:20:00	12000	0	0	0	0	0	0	0	0	0	0	0	0	0	0	0	0	0	0	0	0	0	0	0	0	0	0	0	0	0	0	0	0	0	0	0	0	0	0	0	0
03:25:00	12300	0	0	0	0	0	0	0	0	0	0	0	0	0	0	0	0	0	0	0	0	0	0	0	0	0	0	0	0	0	0	0	0	0	0	0	0	0	0	0	0
03:30:00	12600	0	0	0	0	0	0	0	0	0	0	0	0	0	0	0	0	0	0	0	0	0	0	0	0	0	0	0	0	0	0	0	0	0	0	0	0	0	0	0	0
03:35:00	12900	0	0	0	0	0	0	0	0	0	0	0	0	0	0	0	0	0	0	0	0	0	0	0	0	0	0	0	0	0	0	0	0	0	0	0	0	0	0	0	0
03:40:00	13200	0	0	0	0	0	0	0	0	0	0	0	0	0	0	0	0	0	0	0	0	0	0	0	0	0	0	0	0	0	0	0	0	0	0	0	0	0	0	0	0
03:45:00	13500	0	0	0	0	0	0	0	0	0	0	0	0	0	0	0	0	0	0	0	0	0	0	0	0	0	0	0	0	0	0	0	0	0	0	0	0	0	0	0	0
03:50:00	13800	0	0	0	0	0	0	0	0	0	0	0	0	0	0	0	0	0	0	0	0	0	0	0	0	0	0	0	0	0	0	0	0	0	0	0	0	0	0	0	0
03:55:00	14100	0	0	0	0	0	0	0	0	0	0	0	0	0	0	0	0	0	0	0	0	0	0	0	0	0	0	0	0	0	0	0	0	0	0	0	0	0	0	0	0
04:00:00	14400	0	0	0	0	0	0	0	0	0	0	0	0	0	0	0	0	0	0	0	0	0	0	0	0	0	0	0	0	0	0	0	0	0	0	0	0	0	0	0	0
04:05:00	14700	0	0	0	0	0	0	0	0	0	0	0	0	0	0	0	0	0	0	0	0	0	0	0	0	0	0	0	0	0	0	0	0	0	0	0	0	0	0	0	0
04:10:00	15000	0	0	0	0	0	0	0	0	0	0	0	0	0	0	0	0	0	0	0	0	0	0	0	0	0	0	0	0	0	0	0	0	0	0	0	0	0	0	0	0
04:15:00	15300	0	0	0	0	0	0	0	0	0	0	0	0	0	0	0	0	0	0	0	0	0	0	0	0	0	0	0	0	0	0	0	0	0	0	0	0	0	0	0	0
04:20:00	15600	0	0	0	0	0	0	0	0	0	0	0	0	0	0	0	0	0	0	0	0	0	0	0	0	0	0	0	0	0	0	0	0	0	0	0	0	0	0	0	0
04:25:00	15900	0	0	0	0	0	0	0	0	0	0	0	0	0	0	0	0	0	0	0	0	0	0	0	0	0	0	0	0	0	0	0	0	0	0	0	0	0	0	0	0
04:30:00	16200	0	0	0	0	0	0	0	0	0	0	0	0	0	0	0	0	0	0	0	0	0	0	0	0	0	0	0	0	0	0	0	0	0	0	0	0	0	0	0	0
04:35:00	16500	0	0	0	0	0	0	0	0	0	0	0	0	0	0	0	0	0	0	0	0	0	0	0	0	0	0	0	0	0	0	0	0	0	0	0	0	0	0	0	0
04:40:00	16800	0	0	0	0	0	0	0	0	0	0	0	0	0	0	0	0	0	0	0	0	0	0	0	0	0	0	0	0	0	0	0	0	0	0	0	0	0	0	0	0
04:45:00	17100	0	0	0	0	0	0	0	0	0	0	0	0	0	0	0	0	0	0	0	0	0	0	0	0	0	0	0	0	0	0	0	0	0	0	0	0	0	0	0	0
04:50:00	17400	0	0	0	0	0	0	0	0	0	0	0	0	0	0	0	0	0	0	0	0	0	0	0	0	0	0	0	0	0	0	0	0	0	0	0	0	0	0	0	0
04:55:00	17700	0	0	0	0	0	0	0	0	0	0	0	0	0	0	0	0	0	0	0	0	0	0	0	0	0	0	0	0	0	0	0	0	0	0	0	0	0	0	0	0
05:00:00	18000	0	0	0	0	0	0	0	0	0	0	0	0	0	0	0	0	0	0	0	0	0	0	0	0	0	0	0	0	0	0	0	0	0	0	0	0	0	0	0	0
05:05:00	18300	0	0	0	0	0	0	0	0	0	0	0	0	0	0	0	0	0	0	0	0	0	0	0	0	0	0	0	0	0	0	0	0	0	0	0	0	0	0	0	0
05:10:00	18600	0	0	0	0	0	0	0	0	0	0	0	0	0	0	0	0	0	0	0	0	0	0	0	0	0	0	0	0	0	0	0	0	0	0	0	0	0	0	0	0
05:15:00	18900	0	0	0	0	0	0	0	0	0	0	0	0	0	0	0	0	0	0	0	0	0	0	0	0	0	0	0	0	0	0	0	0	0	0	0	0	0	0	0	0
05:20:00	19200	0	0	0	0	0	0	0	0	0	0	0	0	0	0	0	0	0	0	0	0	0	0	0	0	0	0	0	0	0	0	0	0	0	0	0	0	0	0	0	0
05:25:00	19500	0	0	0	0	0	0	0	0	0	0	0	0	0	0	0	0	0	0	0	0	0	0	0	0	0	0	0	0	0	0	0	0	0	0	0	0	0	0	0	0
05:30:00	19800	0	0	0	0	0	0	0	0	0	0	0	0	0	0	0	0	0	0	0	0	0	0	0	0	0	0	0	0	0	0	0	0	0	0	0	0	0	0	0	0
05:35:00	20100	0	0	0	0	0	0	0	0	0	0	0	0	0	0	0	0	0	0	0	0	0	0	0	0	0	0	0	0	0	0	0	0	0	0	0	0	0	0	0	0
05:40:00	20400	0	0	0	0	0	0	0	0	0	0	0	0	0	0	0	0	0	0	0	0	0	0	0	0	0	0	0	0	0	0	0	0	0	0	0	0	0	0	0	0
05:45:00	20700	0	0	0	0	0	0	0	0	0	0	0	0	0	0	0	0	0	0	0	0	0	0	0	0	0	0	0	0	0	0	0	0	0	0	0	0	0	0	0	0
05:50:00	21000	0	0	0	0	0	0	0	0	0	0	0	0	0	0	0	0	0	0	0	0	0	0	0	0	0	0	0	0	0	0	0	0	0	0	0	0	0	0	0	0
05:55:00	21300	0	0	0	0	0	0	0	0	0	0	0	0	0	0	0	0	0	0	0	0	0	0	0	0	0	0	0	0	0	0	0	0	0	0	0	0	0	0	0	0
06:00:00	21600	4	1	1	2	0	0	0	0	0	0	0	0	1	0	0	1	0	0	0	0	0	0	0	0	0	0	0	0	0	0	0	0	0	0	1	-1	3	1	0	2
06:05:00	21900	4	0	0	6	0	0	0	0	0	0	0	0	2	0	0	3	0	0	0	0	0	0	0	0	0	0	0	0	0	0	0	0	0	0	0	-1	2	0	0	4
06:10:00	22200	3	2	0	7	0	0	0	0	0	0	0	0	2	1	0	4	0	0	0	0	0	0	0	0	0	0	0	0	0	0	0	0	0	0	0	-1	1	1	0	4
06:15:00	22500	1	2	0	6	0	0	0	0	0	0	0	0	0	2	0	2	0	0	0	0	0	0	0	0	0	0	0	0	0	0	0	0	0	0	0	-1	1	0	0	5
06:20:00	22800	3	0	0	9	0	0	0	0	0	0	0	0	2	0	0	4	0	0	0	0	0	0	0	0	0	0	0	0	0	0	0	0	0	0	0	-1	1	0	0	6
06:25:00	23100	5	3	2	9	0	0	0	0	0	0	0	0	2	1	0	5	0	0	0	0	0	0	0	0	0	0	0	0	0	0	0	0	0	0	2	-3	3	2	0	7
06:30:00	23400	45	5	1	48	0	0	0	0	0	0	0	0	25	1	0	29	0	0	0	0	1	0	0	1	1	0	0	1	0	0	0	0	0	0	1	-4	18	4	0	21
06:35:00	23700	37	20	1	64	0	0	0	0	0	0	0	0	20	15	0	34	0	0	0	0	0	0	0	1	0	0	0	1	0	0	0	0	0	0	1	-5	17	5	0	33
06:40:00	24000	41	25	0	80	0	0	0	0	0	0	0	0	21	14	0	41	0	0	0	0	1	0	0	2	4	0	0	5	0	0	0	0	0	0	0	-5	15	11	0	37
06:45:00	24300	38	32	1	85	1	0	0	1	0	0	0	0	24	22	0	43	0	0	0	0	2	1	0	3	1	0	0	6	0	0	0	0	0	0	1	-6	10	9	0	38
06:50:00	24600	41	29	4	93	1	0	0	2	0	0	0	0	22	20	0	45	0	0	0	0	0	1	0	2	1	0	0	7	0	0	0	0	0	0	4	-10	17	8	0	47
06:55:00	24900	82	40	0	135	1	1	0	2	0	0	0	0	52	20	0	77	0	0	0	0	0	1	0	1	1	1	0	7	0	0	0	0	0	0	0	-10	28	17	0	58
07:00:00	25200	68	51	1	151	2	0	0	4	0	0	0	0	39	40	0	76	0	0	0	0	1	1	0	1	0	0	0	7	0	0	0	0	0	0	1	-11	26	10	0	74
07:05:00	25500	75	58	4	164	0	3	0	1	0	0	0	0	29	28	0	77	0	0	0	0	2	1	0	2	3	1	0	9	0	0	0	0	0	0	4	-15	41	25	0	90
07:10:00	25800	72	61	1	174	1	0	0	2	0	0	0	0	37	32	0	82	0	0	0	0	3	1	0	4	5	3	0	11	0	0	0	0	0	0	1	-16	26	25	0	91
07:15:00	26100	89	50	5	208	1	2	0	1	0	0	0	0	43	32	0	93	0	0	0	0	0	0	0	4	0	1	0	10	0	0	0	0	0	0	5	-21	45	15	0	121
07:20:00	26400	94	72	4	226	1	1	0	1	0	0	0	0	48	41	0	100	0	0	0	0	3	3	0	4	10	1	0	19	0	0	0	0	0	0	4	-25	32	26	0	127
07:25:00	26700	114	69	5	266	1	1	0	1	0	0	0	0	65	36	0	129	0	0	0	0	0	1	0	3	11	0	0	30	0	0	2	-2	0	0	3	-28	37	31	0	133
07:30:00	27000	69	80	4	251	0	0	0	1	0	0	0	0	45	59	0	115	0	0	0	0	1	0	0	4	4	2	0	32	0	0	0	-2	0	0	4	-32	19	19	0	133
07:35:00	27300	92	94	2	247	1	1	0	1	0	0	0	0	44	58	0	101	0	0	0	0	0	2	0	2	3	10	0	25	0	0	0	-2	0	0	2	-34	44	23	0	154
07:40:00	27600	93	71	7	262	0	0	0	1	0	0	0	0	53	38	0	116	0	0	0	0	1	1	0	2	5	1	0	29	0	0	0	-2	0	0	7	-41	34	31	0	157
07:45:00	27900	97	85	7	267	0	0	0	1	0	0	0	0	50	51	0	115	0	0	0	0	1	2	0	1	6	2	0	33	0	0	0	-2	0	0	7	-48	40	30	0	167
07:50:00	28200	116	77	3	303	1	2	0	0	0	0	0	0	62	42	0	135	0	0	0	0	0	1	0	0	8	5	0	36	0	0	0	-2	0	0	3	-51	45	27	0	185
07:55:00	28500	116	98	6	315	0	0	0	0	0	0	0	0	55	63	0	127	12	1	0	11	3	0	0	3	4	3	0	37	0	0	0	-2	0	0	6	-57	42	31	0	196
08:00:00	28800	132	113	3	331	2	1	0	1	0	0	0	0	68	66	0	129	24	7	0	28	1	0	0	4	6	4	0	39	0	0	0	-2	0	0	3	-60	31	35	0	192
08:05:00	29100	109	93	3	344	0	1	0	0	0	0	0	0	55	54	0	130	17	10	0	35	0	0	0	4	3	3	0	39	0	0	0	-2	0	0	3	-63	34	25	0	201
08:10:00	29400	134	117	3	358	0	0	0	0	0	0	0	0	62	65	0	127	26	16	0	45	1	1	0	4	6	7	0	38	0	0	0	-2	0	0	3	-66	39	28	0	212
08:15:00	29700	104	109	4	349	1	0	0	1	0	0	0	0	35	50	0	112	14	17	0	42	3	2	0	5	4	0	0	42	0	0	0	-2	0	0	4	-70	47	40	0	219
08:20:00	30000	112	104	6	351	0	1	0	0	0	0	0	0	60	51	0	121	16	16	0	42	2	2	0	5	5	2	0	45	0	0	0	-2	0	0	6	-76	29	32	0	216
08:25:00	30300	110	94	1	366	1	0	0	1	0	0	0	0	45	54	0	112	20	13	0	49	1	4	0	2	1	5	0	41	0	0	0	-2	0	0	1	-77	42	18	0	240
08:30:00	30600	98	104	6	354	1	1	0	1	0	0	0	0	30	41	0	101	21	16	0	54	1	1	0	2	8	4	0	45	0	0	0	-2	0	0	6	-83	37	41	0	236
08:35:00	30900	81	92	5	338	1	2	0	0	0	0	0	0	36	44	0	93	8	20	0	42	0	0	0	2	6	4	0	47	0	0	0	-2	0	0	5	-88	30	22	0	244
08:40:00	31200	96	88	3	343	0	0	0	0	0	0	0	0	31	38	0	86	24	16	0	50	1	2	0	1	8	4	0	51	0	0	0	-2	0	0	3	-91	32	28	0	248
08:45:00	31500	105	77	3	368	1	0	0	1	0	0	0	0	37	35	0	88	39	14	0	75	1	0	0	2	6	1	0	56	0	0	0	-2	0	0	3	-94	21	27	0	242
08:50:00	31800	74	83	3	356	0	1	0	0	0	0	0	0	32	36	0	84	13	23	0	65	0	1	0	1	5	0	0	61	0	0	0	-2	0	0	3	-97	24	22	0	244
08:55:00	32100	78	80	3	351	0	0	0	0	0	0	0	0	29	33	0	80	18	19	0	64	0	0	0	1	8	4	0	65	0	0	0	-2	0	0	3	-100	23	24	0	243
09:00:00	32400	91	85	4	353	0	0	0	0	0	0	0	0	43	35	0	88	4	16	0	52	0	0	0	1	7	5	0	67	0	0	0	-2	0	0	4	-104	37	29	0	251
09:05:00	32700	70	83	6	334	0	0	0	0	0	0	0	0	29	34	0	83	6	12	0	46	1	0	0	2	5	6	0	66	0	0	0	-2	0	0	6	-110	29	31	0	249
09:10:00	33000	46	67	5	308	0	0	0	0	0	0	0	0	25	33	0	75	3	13	0	36	1	1	0	2	2	0	0	68	0	0	0	-2	0	0	5	-115	15	20	0	244
09:15:00	33300	54	68	2	292	0	0	0	0	0	0	0	0	28	33	0	70	2	10	0	28	0	2	0	0	7	1	0	74	0	0	0	-2	0	0	2	-117	17	22	0	239
09:20:00	33600	45	72	4	261	0	0	0	0	0	0	0	0	22	33	0	59	2	10	0	20	0	0	0	0	5	3	0	76	0	0	0	-2	0	0	4	-121	16	26	0	229
09:25:00	33900	63	68	3	253	0	0	0	0	0	0	0	0	21	24	0	56	4	2	0	22	0	0	0	0	0	20	0	56	0	0	0	-2	0	0	3	-124	38	22	0	245
09:30:00	34200	46	64	6	229	0	0	0	0	0	0	0	0	23	19	0	60	1	8	0	15	0	0	0	0	0	3	0	53	0	0	0	-2	0	0	6	-130	22	34	0	233
09:35:00	34500	48	56	2	219	1	0	0	1	0	0	0	0	20	31	0	49	8	5	0	18	0	0	0	0	5	1	0	57	0	0	0	-2	0	0	2	-132	14	19	0	228
09:40:00	34800	41	57	1	202	0	1	0	0	0	0	0	0	20	23	0	46	2	5	0	15	0	0	0	0	1	3	0	55	0	0	0	-2	0	0	1	-133	18	25	0	221
09:45:00	35100	42	56	1	187	0	0	0	0	0	0	0	0	22	29	0	39	0	5	0	10	0	0	0	0	3	2	0	56	0	0	0	-2	0	0	1	-134	17	20	0	218
09:50:00	35400	41	43	2	183	0	0	0	0	0	0	0	0	18	16	0	41	0	4	0	6	0	0	0	0	5	0	0	61	0	0	0	-2	0	0	2	-136	18	23	0	213
09:55:00	35700	44	47	4	176	0	0	0	0	0	0	0	0	27	23	0	45	0	2	0	4	0	0	0	0	0	1	0	60	0	0	0	-2	0	0	4	-140	17	21	0	209
10:00:00	36000	75	64	6	181	0	0	0	0	0	0	0	0	31	22	0	54	0	3	0	1	0	0	0	0	2	11	0	51	0	0	0	-2	0	0	6	-146	42	28	0	223
10:05:00	36300	59	62	4	174	0	0	0	0	0	0	0	0	28	28	0	54	0	0	0	1	0	0	0	0	0	4	0	47	0	0	0	-2	0	0	4	-150	31	30	0	224
10:10:00	36600	86	82	6	172	0	0	0	0	0	0	0	0	39	31	0	62	0	1	0	0	0	0	0	0	3	5	0	45	0	0	1	-3	0	0	5	-155	44	45	0	223
10:15:00	36900	65	72	2	163	0	0	0	0	0	0	0	0	32	30	0	64	0	0	0	0	1	0	0	1	1	2	0	44	0	0	0	-3	0	0	2	-157	31	40	0	214
10:20:00	37200	70	77	7	149	0	0	0	0	0	0	0	0	37	38	0	63	0	0	0	0	0	0	0	1	3	0	0	47	0	0	0	-3	0	0	7	-164	30	39	0	205
10:25:00	37500	74	72	1	150	0	0	0	0	0	0	0	0	44	39	0	68	0	0	0	0	0	0	0	1	3	2	0	48	0	0	0	-3	0	0	1	-165	27	31	0	201
10:30:00	37800	66	78	5	133	0	0	0	0	0	0	0	0	35	33	0	70	0	0	0	0	1	1	0	1	1	2	0	47	0	0	0	-3	0	0	5	-170	29	42	0	188
10:35:00	38100	50	74	2	107	0	0	0	0	0	0	0	0	19	40	0	49	2	1	0	1	1	1	0	1	3	1	0	49	0	0	0	-3	0	0	2	-172	25	31	0	182
10:40:00	38400	58	57	3	105	0	0	0	0	0	0	0	0	24	25	0	48	1	1	0	1	1	1	0	1	1	1	0	49	0	0	0	-3	0	0	3	-175	31	29	0	184
10:45:00	38700	69	66	0	108	0	0	0	0	0	0	0	0	30	30	0	48	3	0	0	4	0	1	0	0	2	7	0	44	0	0	0	-3	0	0	0	-175	34	28	0	190
10:50:00	39000	45	54	3	96	0	0	0	0	0	0	0	0	21	22	0	47	0	3	0	1	0	0	0	0	1	0	0	45	0	0	0	-3	0	0	3	-178	23	29	0	184
10:55:00	39300	45	59	2	80	0	0	0	0	0	0	0	0	17	22	0	42	2	0	0	3	0	0	0	0	1	1	0	45	0	0	0	-3	0	0	2	-180	25	36	0	173
11:00:00	39600	51	56	3	72	0	0	0	0	0	0	0	0	18	22	0	38	4	1	0	6	0	0	0	0	1	0	0	46	0	0	1	-4	0	0	2	-182	28	33	0	168
11:05:00	39900	77	65	3	81	0	0	0	0	0	0	0	0	24	14	0	48	1	1	0	6	1	0	0	1	8	9	0	45	0	0	1	-5	0	0	2	-184	43	41	0	170
11:10:00	40200	76	57	3	97	1	0	0	1	0	0	0	0	37	25	0	60	2	1	0	7	1	0	0	2	2	2	0	45	0	0	1	-6	0	0	2	-186	33	29	0	174
11:15:00	40500	62	56	1	102	1	1	0	1	0	0	0	0	28	29	0	59	10	3	0	14	0	1	0	1	3	0	0	48	0	0	0	-6	0	0	1	-187	20	22	0	172
11:20:00	40800	66	62	1	105	1	1	0	1	0	0	0	0	24	26	0	57	2	2	0	14	1	0	0	2	5	2	0	51	0	0	0	-6	0	0	1	-188	33	31	0	174
11:25:00	41100	72	76	2	99	0	1	0	0	0	0	0	0	34	35	0	56	3	3	0	14	0	1	0	1	1	1	0	51	0	0	0	-6	0	0	2	-190	34	35	0	173
11:30:00	41400	83	68	6	108	0	0	0	0	0	0	0	0	40	22	0	74	1	5	0	10	2	1	0	2	4	2	0	53	0	0	2	-8	0	0	4	-194	36	38	0	171
11:35:00	41700	88	90	1	105	1	1	0	0	0	0	0	0	32	40	0	66	3	3	0	10	1	2	0	1	6	8	0	51	0	0	0	-8	0	0	1	-195	45	36	0	180
11:40:00	42000	84	79	2	108	0	0	0	0	0	0	0	0	29	27	0	68	0	4	0	6	1	1	0	1	3	16	0	38	0	0	0	-8	0	0	2	-197	51	31	0	200
11:45:00	42300	80	90	6	92	0	0	0	0	0	0	0	0	30	31	0	67	3	4	0	5	1	2	0	0	6	5	0	39	0	0	1	-9	0	0	5	-202	40	48	0	192
11:50:00	42600	87	74	6	99	1	1	0	0	0	0	0	0	35	25	0	77	5	2	0	8	1	0	0	1	4	0	0	43	0	0	0	-9	0	0	6	-208	41	46	0	187
11:55:00	42900	96	90	5	100	0	0	0	0	0	0	0	0	45	39	0	83	1	1	0	8	1	0	0	2	4	4	0	43	0	0	1	-10	0	0	4	-212	45	46	0	186
12:00:00	43200	74	80	4	90	1	0	0	1	0	0	0	0	42	44	0	81	2	2	0	8	1	0	0	3	0	0	0	43	0	0	0	-10	0	0	4	-216	28	34	0	180
12:05:00	43500	62	73	3	76	2	0	0	3	0	0	0	0	28	37	0	72	8	5	0	11	3	2	0	4	1	0	0	44	0	0	0	-10	0	0	3	-219	20	29	0	171
12:10:00	43800	56	50	2	80	0	1	0	2	0	0	0	0	37	30	0	79	2	0	0	13	0	2	0	2	1	0	0	45	0	0	1	-11	0	0	1	-220	16	17	0	170
12:15:00	44100	49	69	4	56	1	2	0	1	0	0	0	0	27	36	0	70	1	3	0	11	0	2	0	0	2	2	0	45	0	0	1	-12	0	0	3	-223	18	24	0	164
12:20:00	44400	42	56	3	39	0	1	0	0	0	0	0	0	25	36	0	59	0	3	0	8	0	0	0	0	0	2	0	43	0	0	1	-13	0	0	2	-225	17	14	0	167
12:25:00	44700	53	53	3	36	0	0	0	0	0	0	0	0	35	31	0	63	0	3	0	5	1	0	0	1	1	4	0	40	0	0	0	-13	0	0	3	-228	16	15	0	168
12:30:00	45000	39	35	3	37	0	0	0	0	0	0	0	0	18	22	0	59	0	1	0	4	0	0	0	1	2	1	0	41	0	0	0	-13	0	0	3	-231	19	11	0	176
12:35:00	45300	27	39	1	24	0	0	0	0	0	0	0	0	11	22	0	48	0	2	0	2	1	0	0	2	2	5	0	38	0	0	0	-13	0	0	1	-232	13	10	0	179
12:40:00	45600	31	30	0	25	0	0	0	0	0	0	0	0	20	16	0	52	0	1	0	1	0	1	0	1	2	0	0	40	0	0	0	-13	0	0	0	-232	9	12	0	176
12:45:00	45900	54	44	2	33	0	0	0	0	0	0	0	0	26	20	0	58	0	0	0	1	3	0	0	4	5	1	0	44	0	0	0	-13	0	0	2	-234	20	23	0	173
12:50:00	46200	30	35	2	26	0	0	0	0	0	0	0	0	16	21	0	53	0	1	0	0	2	2	0	4	2	0	0	46	0	0	1	-14	0	0	1	-235	10	11	0	172
12:55:00	46500	33	36	3	20	0	0	0	0	0	0	0	0	18	25	0	46	0	0	0	0	0	0	0	4	1	1	0	46	0	0	1	-15	0	0	2	-237	14	10	0	176
13:00:00	46800	6	29	1	-4	0	0	0	0	0	0	0	0	0	18	0	28	0	0	0	0	0	1	0	3	1	1	0	46	0	0	0	-15	0	0	1	-238	5	9	0	172
13:05:00	47100	5	24	1	-24	1	0	0	1	0	0	0	0	1	16	0	13	0	0	0	0	0	1	0	2	0	0	0	46	0	0	0	-15	0	0	1	-239	3	7	0	168
13:10:00	47400	3	14	0	-35	0	0	0	1	0	0	0	0	0	4	0	9	0	0	0	0	0	0	0	2	2	0	0	48	0	0	0	-15	0	0	0	-239	1	10	0	159
13:15:00	47700	14	9	1	-31	0	0	0	1	0	0	0	0	7	5	0	11	0	0	0	0	0	0	0	2	1	0	0	49	0	0	0	-15	0	0	1	-240	6	4	0	161
13:20:00	48000	18	21	0	-34	0	1	0	0	0	0	0	0	4	4	0	11	0	0	0	0	0	0	0	2	2	4	0	47	0	0	0	-15	0	0	0	-240	12	12	0	161
13:25:00	48300	16	18	1	-37	0	0	0	0	0	0	0	0	3	2	0	12	0	0	0	0	1	1	0	2	1	4	0	44	0	0	0	-15	0	0	1	-241	11	11	0	161
13:30:00	48600	46	20	1	-12	0	0	0	0	0	0	0	0	31	5	0	38	1	0	0	1	0	0	0	2	1	1	0	44	0	0	0	-15	0	0	1	-242	13	14	0	160
13:35:00	48900	52	41	1	-2	0	0	0	0	0	0	0	0	28	26	0	40	5	0	0	6	0	1	0	1	1	4	0	41	0	0	1	-16	0	0	0	-242	18	10	0	168
13:40:00	49200	52	51	1	-2	0	0	0	0	0	0	0	0	25	26	0	39	5	2	0	9	2	0	0	3	0	5	0	36	0	0	0	-16	0	0	1	-243	20	18	0	170
13:45:00	49500	55	44	2	7	0	0	0	0	0	0	0	0	28	20	0	47	2	3	0	8	1	2	0	2	1	1	0	36	0	0	0	-16	0	0	2	-245	23	18	0	175
13:50:00	49800	85	48	2	42	1	0	0	1	0	0	0	0	41	18	0	70	15	7	0	16	0	0	0	2	6	1	0	41	0	0	0	-16	0	0	2	-247	22	22	0	175
13:55:00	50100	98	65	4	71	0	1	0	0	0	0	0	0	58	38	0	90	12	5	0	23	0	2	0	0	1	1	0	41	0	0	1	-17	0	0	3	-250	27	18	0	184
14:00:00	50400	74	72	3	70	0	0	0	0	0	0	0	0	36	40	0	86	3	9	0	17	0	0	0	0	3	0	0	44	0	0	0	-17	0	0	3	-253	32	23	0	193
14:05:00	50700	78	83	1	64	2	0	0	2	0	0	0	0	29	40	0	75	9	6	0	20	1	0	0	1	2	0	0	46	0	0	0	-17	0	0	1	-254	35	37	0	191
14:10:00	51000	72	62	2	72	0	0	0	2	0	0	0	0	37	27	0	85	14	11	0	23	1	1	0	1	3	0	0	49	0	0	0	-17	0	0	2	-256	17	23	0	185
14:15:00	51300	65	69	1	67	0	0	0	2	0	0	0	0	30	38	0	77	8	9	0	22	1	0	0	2	5	2	0	52	0	0	0	-17	0	0	1	-257	21	20	0	186
14:20:00	51600	79	73	1	72	0	2	0	0	0	0	0	0	29	29	0	77	14	8	0	28	0	0	0	2	7	5	0	54	0	0	0	-17	0	0	1	-258	29	29	0	186
14:25:00	51900	75	64	1	82	0	0	0	0	0	0	0	0	40	36	0	81	16	11	0	33	1	1	0	2	2	1	0	55	0	0	0	-17	0	0	1	-259	16	15	0	187
14:30:00	52200	49	62	3	66	0	0	0	0	0	0	0	0	18	27	0	72	12	13	0	32	1	0	0	3	2	1	0	56	0	0	0	-17	0	0	3	-262	16	21	0	182
14:35:00	52500	74	73	2	65	0	0	0	0	0	0	0	0	37	30	0	79	4	12	0	24	0	2	0	1	2	2	0	56	0	0	0	-17	0	0	2	-264	31	27	0	186
14:40:00	52800	54	71	1	47	1	0	0	1	0	0	0	0	20	39	0	60	8	7	0	25	0	0	0	1	1	3	0	54	0	0	0	-17	0	0	1	-265	24	22	0	188
14:45:00	53100	50	66	2	29	0	1	0	0	0	0	0	0	18	21	0	57	9	14	0	20	0	1	0	0	1	11	0	44	0	0	1	-18	0	0	1	-266	22	18	0	192
14:50:00	53400	56	66	2	17	0	0	0	0	0	0	0	0	25	33	0	49	3	6	0	17	0	0	0	0	3	2	0	45	0	0	0	-18	0	0	2	-268	25	25	0	192
14:55:00	53700	50	59	3	5	0	0	0	0	0	0	0	0	14	19	0	44	8	5	0	20	2	0	0	2	1	4	0	42	0	0	0	-18	0	0	3	-271	25	31	0	186
15:00:00	54000	45	56	1	-7	0	0	0	0	0	0	0	0	21	23	0	42	3	10	0	13	1	1	0	2	0	3	0	39	0	0	0	-18	0	0	1	-272	20	19	0	187
15:05:00	54300	54	54	3	-10	0	0	0	0	0	0	0	0	21	25	0	38	1	4	0	10	1	0	0	3	1	1	0	39	0	0	0	-18	0	0	3	-275	30	24	0	193
15:10:00	54600	51	62	1	-22	0	0	0	0	0	0	0	0	24	22	0	40	0	4	0	6	2	3	0	2	1	0	0	40	0	0	0	-18	0	0	1	-276	24	33	0	184
15:15:00	54900	58	43	0	-7	0	0	0	0	0	0	0	0	25	14	0	51	1	2	0	5	2	2	0	2	2	1	0	41	0	0	0	-18	0	0	0	-276	28	24	0	188
15:20:00	55200	52	53	5	-13	0	0	0	0	0	0	0	0	22	19	0	54	1	1	0	5	1	2	0	1	2	0	0	43	0	0	0	-18	0	0	5	-281	26	31	0	183
15:25:00	55500	46	54	2	-23	0	0	0	0	0	0	0	0	24	30	0	48	0	0	0	5	0	0	0	1	2	0	0	45	0	0	0	-18	0	0	2	-283	20	24	0	179
15:30:00	55800	74	54	5	-8	0	0	0	0	0	0	0	0	36	23	0	61	0	1	0	4	1	0	0	2	3	1	0	47	0	0	0	-18	0	0	5	-288	34	29	0	184
15:35:00	56100	95	59	2	26	1	0	0	1	0	0	0	0	44	28	0	77	0	0	0	4	0	0	0	2	3	3	0	47	0	0	0	-18	0	0	2	-290	47	28	0	203
15:40:00	56400	102	97	7	24	0	0	0	1	0	0	0	0	51	44	0	84	0	1	0	3	2	2	0	2	2	1	0	48	0	0	0	-18	0	0	7	-297	47	49	0	201
15:45:00	56700	76	90	7	3	0	0	0	1	1	0	0	1	37	42	0	79	0	1	0	2	0	1	0	1	5	3	0	50	0	0	0	-18	0	0	7	-304	33	43	0	191
15:50:00	57000	77	63	5	12	0	1	0	0	0	1	0	0	35	32	0	82	0	0	0	2	1	0	0	2	2	0	0	52	0	0	0	-18	0	0	5	-309	39	29	0	201
15:55:00	57300	65	89	5	-17	0	0	0	0	0	0	0	0	22	41	0	63	0	0	0	2	1	1	0	2	3	6	0	49	0	0	1	-19	0	0	4	-313	39	41	0	199
16:00:00	57600	87	73	2	-5	0	0	0	0	0	0	0	0	29	28	0	64	21	0	0	23	1	1	0	2	2	4	0	47	0	0	0	-19	0	0	2	-315	34	40	0	193
16:05:00	57900	78	64	2	7	0	0	0	0	0	0	0	0	27	29	0	62	19	7	0	35	0	1	0	1	0	2	0	45	0	0	0	-19	0	0	2	-317	32	25	0	200
16:10:00	58200	70	85	2	-10	0	0	0	0	0	0	0	0	25	27	0	60	18	16	0	37	0	0	0	1	3	0	0	48	0	0	0	-19	0	0	2	-319	24	42	0	182
16:15:00	58500	78	80	3	-15	0	0	0	0	0	0	0	0	23	31	0	52	16	13	0	40	0	0	0	1	3	6	0	45	0	0	0	-19	0	0	3	-322	36	30	0	188
16:20:00	58800	90	74	3	-2	1	0	0	1	0	0	0	0	35	24	0	63	17	12	0	45	0	0	0	1	1	1	0	45	0	0	0	-19	0	0	3	-325	36	37	0	187
16:25:00	59100	100	82	4	12	0	1	0	0	0	0	0	0	37	26	0	74	28	21	0	52	0	0	0	1	2	3	0	44	0	0	0	-19	0	0	4	-329	33	31	0	189
16:30:00	59400	113	88	3	34	0	0	0	0	0	0	0	0	39	36	0	77	30	12	0	70	1	1	0	1	5	3	0	46	0	0	0	-19	0	0	3	-332	38	36	0	191
16:35:00	59700	125	95	3	61	0	0	0	0	0	0	0	0	42	30	0	89	28	25	0	73	2	1	0	2	3	2	0	47	0	0	0	-19	0	0	3	-335	50	37	0	204
16:40:00	60000	123	116	3	65	0	0	0	0	0	0	0	0	53	44	0	98	19	24	0	68	1	0	0	3	4	7	0	44	0	0	0	-19	0	0	3	-338	46	41	0	209
16:45:00	60300	93	100	8	50	0	0	0	0	0	0	0	0	24	39	0	83	29	21	0	76	0	1	0	2	3	6	0	41	0	0	1	-20	0	0	7	-345	37	33	0	213
16:50:00	60600	140	109	3	78	0	0	0	0	0	0	0	0	52	46	0	89	45	29	0	92	1	1	0	2	3	3	0	41	0	0	0	-20	0	0	3	-348	39	30	0	222
16:55:00	60900	118	110	2	84	0	0	0	0	0	0	0	0	43	43	0	89	33	29	0	96	1	1	0	2	4	1	0	44	0	0	0	-20	0	0	2	-350	37	36	0	223
17:00:00	61200	146	121	3	106	0	0	0	0	0	0	0	0	73	38	0	124	19	28	0	87	1	1	0	2	7	8	0	43	0	0	0	-20	0	0	3	-353	46	46	0	223
17:05:00	61500	155	125	9	127	1	0	0	1	0	0	0	0	82	59	0	147	12	22	0	77	0	0	0	2	5	6	0	42	0	0	0	-20	0	0	9	-362	55	38	0	240
17:10:00	61800	130	136	6	115	1	0	0	2	0	0	0	0	63	64	0	146	16	21	0	72	1	1	0	2	2	2	0	42	0	0	1	-21	0	0	5	-367	47	48	0	239
17:15:00	62100	147	133	4	125	1	2	0	1	0	0	0	0	65	62	0	149	26	21	0	77	1	0	0	3	5	6	0	41	0	0	0	-21	0	0	4	-371	49	42	0	246
17:20:00	62400	147	131	8	133	0	1	0	0	0	0	0	0	78	58	0	169	14	23	0	68	1	0	0	4	4	1	0	44	0	0	0	-21	0	0	8	-379	50	48	0	248
17:25:00	62700	93	140	6	80	0	0	0	0	0	0	0	0	43	70	0	142	1	25	0	44	0	0	0	4	4	2	0	46	0	0	0	-21	0	0	6	-385	45	43	0	250
17:30:00	63000	71	108	3	40	0	0	0	0	0	0	0	0	40	59	0	123	1	11	0	34	1	2	0	3	1	5	0	42	0	0	0	-21	0	0	3	-388	28	31	0	247
17:35:00	63300	77	80	2	35	0	0	0	0	0	0	0	0	38	46	0	115	2	8	0	28	2	0	0	5	7	1	0	48	0	0	0	-21	0	0	2	-390	28	25	0	250
17:40:00	63600	56	73	1	17	0	0	0	0	0	0	0	0	24	41	0	98	1	4	0	25	0	2	0	3	7	5	0	50	0	0	0	-21	0	0	1	-391	24	21	0	253
17:45:00	63900	95	71	0	41	0	0	0	0	1	0	0	1	64	41	0	121	1	2	0	24	0	0	0	3	1	3	0	48	0	0	0	-21	0	0	0	-391	28	25	0	256
17:50:00	64200	84	81	6	38	1	0	0	1	0	0	0	1	40	44	0	117	1	6	0	19	3	1	0	5	4	1	0	51	0	0	0	-21	0	0	6	-397	35	29	0	262
17:55:00	64500	89	94	2	31	1	1	0	1	0	1	0	0	47	43	0	121	0	3	0	16	2	2	0	5	8	8	0	51	0	0	0	-21	0	0	2	-399	31	36	0	257
18:00:00	64800	57	90	4	-6	0	1	0	0	0	0	0	0	35	52	0	104	1	1	0	16	0	2	0	3	1	1	0	51	0	0	0	-21	0	0	4	-403	20	33	0	244
18:05:00	65100	62	68	3	-15	1	0	0	1	0	0	0	0	32	34	0	102	0	2	0	14	0	1	0	2	2	11	0	42	0	0	0	-21	0	0	3	-406	27	20	0	251
18:10:00	65400	43	76	4	-52	0	1	0	0	0	0	0	0	24	41	0	85	0	0	0	14	0	0	0	2	2	5	0	39	0	0	0	-21	0	0	4	-410	17	29	0	239
18:15:00	65700	38	69	4	-87	0	0	0	0	0	0	0	0	20	38	0	67	1	2	0	13	0	1	0	1	2	6	0	35	0	0	0	-21	0	0	4	-414	15	22	0	232
18:20:00	66000	54	61	1	-95	0	0	0	0	0	0	0	0	31	23	0	75	0	2	0	11	0	0	0	1	1	8	0	28	0	0	0	-21	0	0	1	-415	22	28	0	226
18:25:00	66300	41	61	6	-121	0	0	0	0	0	0	0	0	18	32	0	61	0	1	0	10	0	1	0	0	0	6	0	22	0	0	0	-21	0	0	6	-421	23	21	0	228
18:30:00	66600	35	43	4	-133	0	0	0	0	0	0	0	0	19	19	0	61	1	2	0	9	0	0	0	0	2	2	0	22	0	0	0	-21	0	0	4	-425	13	20	0	221
18:35:00	66900	52	55	2	-138	0	0	0	0	0	0	0	0	30	30	0	61	0	2	0	7	0	0	0	0	0	2	0	20	0	0	0	-21	0	0	2	-427	22	21	0	222
18:40:00	67200	23	41	2	-158	0	0	0	0	0	0	0	0	8	21	0	48	0	1	0	6	1	0	0	1	1	3	0	18	0	0	0	-21	0	0	2	-429	13	16	0	219
18:45:00	67500	27	43	2	-176	0	0	0	0	0	0	0	0	18	22	0	44	0	2	0	4	0	0	0	1	2	2	0	18	0	0	0	-21	0	0	2	-431	7	17	0	209
18:50:00	67800	13	28	1	-192	0	0	0	0	0	0	0	0	5	14	0	35	0	0	0	4	0	0	0	1	0	5	0	13	0	0	0	-21	0	0	1	-432	8	9	0	208
18:55:00	68100	27	31	1	-197	0	0	0	0	0	0	0	0	15	13	0	37	0	0	0	4	1	0	0	2	0	0	0	13	0	0	0	-21	0	0	1	-433	11	18	0	201
19:00:00	68400	49	28	2	-178	0	0	0	0	0	0	0	0	34	14	0	57	0	0	0	4	0	0	0	2	1	6	0	8	0	0	0	-21	0	0	2	-435	14	8	0	207
19:05:00	68700	67	44	2	-157	0	0	0	0	0	0	0	0	48	22	0	83	0	0	0	4	0	1	0	1	0	0	0	8	0	0	0	-21	0	0	2	-437	19	21	0	205
19:10:00	69000	59	57	3	-158	0	0	0	0	0	0	0	0	39	37	0	85	0	0	0	4	0	0	0	1	0	1	0	7	0	0	1	-22	0	0	2	-439	20	19	0	206
19:15:00	69300	42	62	5	-183	1	1	0	0	0	0	0	0	28	36	0	77	0	1	0	3	1	0	0	2	1	2	0	6	0	0	1	-23	0	0	4	-443	11	22	0	195
19:20:00	69600	50	57	5	-195	0	0	0	0	0	0	0	0	30	32	0	75	0	0	0	3	1	1	0	2	1	0	0	7	0	0	0	-23	0	0	5	-448	18	24	0	189
19:25:00	69900	72	48	5	-176	0	0	0	0	0	0	0	0	46	28	0	93	0	0	0	3	1	0	0	3	0	1	0	6	0	0	0	-23	0	0	5	-453	25	19	0	195
19:30:00	70200	61	52	5	-172	1	1	0	0	0	0	0	0	34	31	0	96	0	0	0	3	2	0	0	5	2	1	0	7	0	0	0	-23	0	0	5	-458	22	19	0	198
19:35:00	70500	36	62	2	-200	0	0	0	0	0	0	0	0	19	41	0	74	0	0	0	3	1	3	0	3	1	2	0	6	0	0	0	-23	0	0	2	-460	15	16	0	197
19:40:00	70800	37	43	1	-207	0	0	0	0	0	0	0	0	24	27	0	71	0	1	0	2	0	1	0	2	2	0	0	8	0	0	0	-23	0	0	1	-461	11	14	0	194
19:45:00	71100	61	50	3	-199	1	0	0	1	0	0	0	0	42	34	0	79	0	0	0	2	1	1	0	2	1	1	0	8	0	0	0	-23	0	0	3	-464	16	14	0	196
19:50:00	71400	33	54	2	-222	0	1	0	0	0	0	0	0	26	28	0	77	0	0	0	2	0	2	0	0	0	0	0	8	0	0	0	-23	0	0	2	-466	7	23	0	180
19:55:00	71700	42	53	1	-234	0	0	0	0	0	0	0	0	27	39	0	65	0	0	0	2	0	0	0	0	0	1	0	7	0	0	0	-23	0	0	1	-467	15	13	0	182
20:00:00	72000	7	40	2	-269	0	0	0	0	0	0	0	0	2	26	0	41	0	0	0	2	1	0	0	1	0	2	0	5	0	0	0	-23	0	0	2	-469	4	12	0	174
20:05:00	72300	3	23	1	-290	0	0	0	0	0	0	0	0	2	15	0	28	0	0	0	2	0	0	0	1	0	0	0	5	0	0	0	-23	0	0	1	-470	1	8	0	167
20:10:00	72600	5	17	1	-303	0	0	0	0	0	0	0	0	0	7	0	21	0	0	0	2	0	1	0	0	0	0	0	5	0	0	0	-23	0	0	1	-471	5	9	0	163
20:15:00	72900	12	23	1	-315	0	0	0	0	0	0	0	0	3	9	0	15	0	0	0	2	1	0	0	1	1	0	0	6	0	0	0	-23	0	0	1	-472	7	14	0	156
20:20:00	73200	6	19	3	-331	0	0	0	0	0	0	0	0	2	7	0	10	0	1	0	1	0	0	0	1	0	0	0	6	0	0	0	-23	0	0	3	-475	4	11	0	149
20:25:00	73500	8	20	3	-346	0	0	0	0	0	0	0	0	1	5	0	6	0	1	0	0	0	1	0	0	0	2	0	4	0	0	0	-23	0	0	3	-478	7	11	0	145
20:30:00	73800	5	12	1	-354	0	0	0	0	0	0	0	0	1	3	0	4	0	0	0	0	0	0	0	0	0	2	0	2	0	0	0	-23	0	0	1	-479	4	7	0	142
20:35:00	74100	6	6	1	-355	0	0	0	0	0	0	0	0	1	0	0	5	0	0	0	0	0	0	0	0	0	2	0	0	0	0	0	-23	0	0	1	-480	5	4	0	143
20:40:00	74400	6	5	0	-354	0	0	0	0	0	0	0	0	3	0	0	8	0	0	0	0	0	0	0	0	0	0	0	0	0	0	0	-23	0	0	0	-480	3	5	0	141
20:45:00	74700	3	3	0	-354	0	0	0	0	0	0	0	0	0	0	0	8	0	0	0	0	0	0	0	0	0	0	0	0	0	0	0	-23	0	0	0	-480	3	3	0	141
20:50:00	75000	11	15	1	-359	1	1	0	0	0	0	0	0	6	4	0	10	0	0	0	0	0	0	0	0	0	0	0	0	0	0	0	-23	0	0	1	-481	4	10	0	135
20:55:00	75300	6	12	2	-367	0	0	0	0	0	0	0	0	3	5	0	8	0	0	0	0	0	0	0	0	0	0	0	0	0	0	0	-23	0	0	2	-483	3	7	0	131
21:00:00	75600	6	6	1	-368	0	0	0	0	0	0	0	0	2	1	0	9	0	0	0	0	0	0	0	0	0	0	0	0	0	0	0	-23	0	0	1	-484	4	5	0	130
21:05:00	75900	4	8	1	-373	0	0	0	0	0	0	0	0	2	3	0	8	0	0	0	0	0	0	0	0	0	0	0	0	0	0	0	-23	0	0	1	-485	2	5	0	127
21:10:00	76200	2	8	1	-380	0	0	0	0	0	0	0	0	0	3	0	5	0	0	0	0	0	0	0	0	0	0	0	0	0	0	0	-23	0	0	1	-486	2	5	0	124
21:15:00	76500	3	3	0	-380	1	1	0	0	0	0	0	0	0	0	0	5	0	0	0	0	0	0	0	0	0	0	0	0	0	0	0	-23	0	0	0	-486	2	2	0	124
21:20:00	76800	0	3	0	-383	0	0	0	0	0	0	0	0	0	0	0	5	0	0	0	0	0	0	0	0	0	0	0	0	0	0	0	-23	0	0	0	-486	0	3	0	121
21:25:00	77100	3	4	2	-386	0	0	0	0	0	0	0	0	1	2	0	4	0	0	0	0	0	0	0	0	0	0	0	0	0	0	0	-23	0	0	2	-488	2	2	0	121
21:30:00	77400	1	3	0	-388	0	0	0	0	0	0	0	0	0	1	0	3	0	0	0	0	0	0	0	0	0	0	0	0	0	0	0	-23	0	0	0	-488	1	2	0	120
21:35:00	77700	1	2	0	-389	0	0	0	0	0	0	0	0	0	1	0	2	0	0	0	0	0	0	0	0	0	0	0	0	0	0	0	-23	0	0	0	-488	1	1	0	120
21:40:00	78000	2	7	1	-395	0	0	0	0	0	0	0	0	0	1	0	1	0	0	0	0	0	0	0	0	0	0	0	0	0	0	0	-23	0	0	1	-489	2	6	0	116
21:45:00	78300	1	3	1	-398	0	0	0	0	0	0	0	0	0	0	0	1	0	0	0	0	0	0	0	0	0	0	0	0	0	0	0	-23	0	0	1	-490	1	3	0	114
21:50:00	78600	5	6	0	-399	0	0	0	0	0	0	0	0	1	0	0	2	0	0	0	0	0	0	0	0	0	0	0	0	0	0	0	-23	0	0	0	-490	4	6	0	112
21:55:00	78900	2	2	0	-399	0	0	0	0	0	0	0	0	0	1	0	1	0	0	0	0	1	0	0	1	0	0	0	0	0	0	0	-23	0	0	0	-490	1	1	0	112
22:00:00	79200	0	3	0	-402	0	0	0	0	0	0	0	0	0	0	0	1	0	0	0	0	0	0	0	1	0	0	0	0	0	0	0	-23	0	0	0	-490	0	3	0	109
22:05:00	79500	1	3	1	-405	0	0	0	0	0	0	0	0	0	0	0	1	0	0	0	0	0	0	0	1	0	0	0	0	0	0	0	-23	0	0	1	-491	1	3	0	107
22:10:00	79800	3	6	0	-408	0	0	0	0	0	0	0	0	0	0	0	1	0	0	0	0	0	1	0	0	0	0	0	0	0	0	0	-23	0	0	0	-491	3	5	0	105
22:15:00	80100	3	5	2	-412	0	0	0	0	0	0	0	0	1	1	0	1	0	0	0	0	0	0	0	0	0	0	0	0	0	0	0	-23	0	0	2	-493	2	4	0	103
22:20:00	80400	2	3	0	-413	0	0	0	0	0	0	0	0	1	0	0	2	0	0	0	0	0	0	0	0	0	0	0	0	0	0	0	-23	0	0	0	-493	1	3	0	101
22:25:00	80700	1	3	0	-415	0	0	0	0	0	0	0	0	1	1	0	2	0	0	0	0	0	0	0	0	0	0	0	0	0	0	0	-23	0	0	0	-493	0	2	0	99
22:30:00	81000	1	1	0	-415	0	0	0	0	0	0	0	0	1	1	0	2	0	0	0	0	0	0	0	0	0	0	0	0	0	0	0	-23	0	0	0	-493	0	0	0	99
22:35:00	81300	2	2	0	-415	0	0	0	0	0	0	0	0	1	1	0	2	0	0	0	0	0	0	0	0	0	0	0	0	0	0	0	-23	0	0	0	-493	1	1	0	99
22:40:00	81600	1	1	0	-415	0	0	0	0	0	0	0	0	1	1	0	2	0	0	0	0	0	0	0	0	0	0	0	0	0	0	0	-23	0	0	0	-493	0	0	0	99
22:45:00	81900	0	1	0	-416	0	0	0	0	0	0	0	0	0	1	0	1	0	0	0	0	0	0	0	0	0	0	0	0	0	0	0	-23	0	0	0	-493	0	0	0	99
22:50:00	82200	2	4	0	-418	0	0	0	0	0	0	0	0	1	1	0	1	0	0	0	0	0	0	0	0	0	0	0	0	0	0	0	-23	0	0	0	-493	1	3	0	97
22:55:00	82500	1	2	0	-419	0	0	0	0	0	0	0	0	1	2	0	0	0	0	0	0	0	0	0	0	0	0	0	0	0	0	0	-23	0	0	0	-493	0	0	0	97
23:00:00	82800	0	3	0	-422	0	0	0	0	0	0	0	0	0	0	0	0	0	0	0	0	0	0	0	0	0	0	0	0	0	0	0	-23	0	0	0	-493	0	3	0	94
23:05:00	83100	2	2	1	-423	0	0	0	0	0	0	0	0	1	0	0	1	0	0	0	0	0	0	0	0	0	0	0	0	0	0	0	-23	0	0	1	-494	1	2	0	93
23:10:00	83400	0	0	0	-423	0	0	0	0	0	0	0	0	0	0	0	1	0	0	0	0	0	0	0	0	0	0	0	0	0	0	0	-23	0	0	0	-494	0	0	0	93
23:15:00	83700	2	2	0	-423	0	0	0	0	0	0	0	0	1	0	0	2	0	0	0	0	0	0	0	0	0	0	0	0	0	0	0	-23	0	0	0	-494	1	2	0	92
23:20:00	84000	2	2	1	-424	0	0	0	0	0	0	0	0	1	1	0	2	0	0	0	0	0	0	0	0	0	0	0	0	0	0	0	-23	0	0	1	-495	1	1	0	92
23:25:00	84300	6	4	0	-422	0	0	0	0	0	0	0	0	2	0	0	4	0	0	0	0	0	0	0	0	0	0	0	0	0	0	0	-23	0	0	0	-495	4	4	0	92
23:30:00	84600	0	4	0	-426	0	0	0	0	0	0	0	0	0	2	0	2	0	0	0	0	0	0	0	0	0	0	0	0	0	0	0	-23	0	0	0	-495	0	2	0	90
23:35:00	84900	2	3	1	-428	0	0	0	0	0	0	0	0	1	1	0	2	0	0	0	0	0	0	0	0	0	0	0	0	0	0	0	-23	0	0	1	-496	1	2	0	89
23:40:00	85200	2	0	0	-426	0	0	0	0	0	0	0	0	2	0	0	4	0	0	0	0	0	0	0	0	0	0	0	0	0	0	0	-23	0	0	0	-496	0	0	0	89
23:45:00	85500	4	5	0	-427	0	0	0	0	0	0	0	0	2	2	0	4	0	0	0	0	0	0	0	0	0	0	0	0	0	0	0	-23	0	0	0	-496	2	3	0	88
23:50:00	85800	4	5	0	-428	0	0	0	0	0	0	0	0	2	2	0	4	0	0	0	0	0	0	0	0	0	0	0	0	0	0	0	-23	0	0	0	-496	2	3	0	87
23:55:00	86100	3	2	0	-427	0	0	0	0	0	0	0	0	1	1	0	4	0	0	0	0	0	0	0	0	0	0	0	0	0	0	0	-23	0	0	0	-496	2	1	0	88
24:00:00	86400	2	1	0	-426	0	0	0	0	0	0	0	0	1	0	0	5	0	0	0	0	0	0	0	0	0	0	0	0	0	0	0	-23	0	0	0	-496	1	1	0	88
24:05:00	86700	3	4	0	-427	0	0	0	0	0	0	0	0	1	2	0	4	0	0	0	0	0	0	0	0	0	0	0	0	0	0	0	-23	0	0	0	-496	2	2	0	88
24:10:00	87000	4	7	0	-430	0	0	0	0	0	0	0	0	3	3	0	4	0	0	0	0	0	0	0	0	0	0	0	0	0	0	0	-23	0	0	0	-496	1	4	0	85
24:15:00	87300	0	2	0	-432	0	0	0	0	0	0	0	0	0	1	0	3	0	0	0	0	0	0	0	0	0	0	0	0	0	0	0	-23	0	0	0	-496	0	1	0	84
24:20:00	87600	1	2	0	-433	0	0	0	0	0	0	0	0	1	1	0	3	0	0	0	0	0	0	0	0	0	0	0	0	0	0	0	-23	0	0	0	-496	0	1	0	83
24:25:00	87900	1	1	1	-434	0	0	0	0	0	0	0	0	0	0	0	3	0	0	0	0	0	0	0	0	0	0	0	0	0	0	0	-23	0	0	1	-497	1	1	0	83
24:30:00	88200	2	3	0	-435	0	0	0	0	0	0	0	0	2	0	0	5	0	0	0	0	0	0	0	0	0	0	0	0	0	0	0	-23	0	0	0	-497	0	3	0	80
24:35:00	88500	5	7	0	-437	0	0	0	0	0	0	0	0	2	3	0	4	0	0	0	0	1	1	0	0	0	0	0	0	0	0	0	-23	0	0	0	-497	2	3	0	79
24:40:00	88800	2	2	0	-437	0	0	0	0	0	0	0	0	1	1	0	4	0	0	0	0	0	0	0	0	0	0	0	0	0	0	0	-23	0	0	0	-497	1	1	0	79
24:45:00	89100	0	2	0	-439	0	0	0	0	0	0	0	0	0	1	0	3	0	0	0	0	0	0	0	0	0	0	0	0	0	0	0	-23	0	0	0	-497	0	1	0	78
24:50:00	89400	1	1	0	-439	0	0	0	0	0	0	0	0	0	0	0	3	0	0	0	0	0	0	0	0	0	0	0	0	0	0	0	-23	0	0	0	-497	1	1	0	78
24:55:00	89700	0	1	0	-440	0	0	0	0	0	0	0	0	0	1	0	2	0	0	0	0	0	0	0	0	0	0	0	0	0	0	0	-23	0	0	0	-497	0	0	0	78
25:00:00	90000	1	2	0	-441	0	0	0	0	0	0	0	0	0	0	0	2	0	0	0	0	0	0	0	0	0	0	0	0	0	0	0	-23	0	0	0	-497	1	2	0	77
25:05:00	90300	1	1	1	-442	0	0	0	0	0	0	0	0	0	0	0	2	0	0	0	0	0	0	0	0	0	0	0	0	0	0	0	-23	0	0	1	-498	1	1	0	77
25:10:00	90600	1	1	0	-442	0	0	0	0	0	0	0	0	0	1	0	1	0	0	0	0	0	0	0	0	0	0	0	0	0	0	0	-23	0	0	0	-498	1	0	0	78
25:15:00	90900	3	4	0	-443	0	0	0	0	0	0	0	0	2	1	0	2	0	0	0	0	0	0	0	0	0	0	0	0	0	0	0	-23	0	0	0	-498	1	3	0	76
25:20:00	91200	0	1	0	-444	0	0	0	0	0	0	0	0	0	0	0	2	0	0	0	0	0	0	0	0	0	0	0	0	0	0	0	-23	0	0	0	-498	0	1	0	75
25:25:00	91500	0	0	0	-444	0	0	0	0	0	0	0	0	0	0	0	2	0	0	0	0	0	0	0	0	0	0	0	0	0	0	0	-23	0	0	0	-498	0	0	0	75
25:30:00	91800	0	0	0	-444	0	0	0	0	0	0	0	0	0	0	0	2	0	0	0	0	0	0	0	0	0	0	0	0	0	0	0	-23	0	0	0	-498	0	0	0	75
25:35:00	92100	0	2	0	-446	0	0	0	0	0	0	0	0	0	0	0	2	0	0	0	0	0	0	0	0	0	0	0	0	0	0	0	-23	0	0	0	-498	0	2	0	73
25:40:00	92400	0	2	0	-448	0	0	0	0	0	0	0	0	0	1	0	1	0	0	0	0	0	0	0	0	0	0	0	0	0	0	0	-23	0	0	0	-498	0	1	0	72
25:45:00	92700	1	2	1	-450	0	0	0	0	0	0	0	0	0	0	0	1	0	0	0	0	0	0	0	0	0	0	0	0	0	0	0	-23	0	0	1	-499	1	2	0	71
25:50:00	93000	1	1	0	-450	0	0	0	0	0	0	0	0	0	0	0	1	0	0	0	0	0	0	0	0	0	0	0	0	0	0	0	-23	0	0	0	-499	1	1	0	71
25:55:00	93300	1	3	0	-452	0	0	0	0	0	0	0	0	0	0	0	1	0	0	0	0	0	0	0	0	0	0	0	0	0	0	0	-23	0	0	0	-499	1	3	0	69
26:00:00	93600	4	6	1	-455	0	0	0	0	0	0	0	0	1	1	0	1	0	0	0	0	1	0	0	1	0	0	0	0	0	0	0	-23	0	0	1	-500	2	5	0	66
26:05:00	93900	1	2	1	-457	0	0	0	0	0	0	0	0	0	0	0	1	0	0	0	0	0	0	0	1	0	0	0	0	0	0	0	-23	0	0	1	-501	1	2	0	65
26:10:00	94200	3	3	1	-458	0	0	0	0	0	0	0	0	1	0	0	2	0	0	0	0	0	0	0	1	0	0	0	0	0	0	0	-23	0	0	1	-502	2	3	0	64
26:15:00	94500	1	1	0	-458	0	0	0	0	0	0	0	0	0	0	0	2	0	0	0	0	0	0	0	1	0	0	0	0	0	0	0	-23	0	0	0	-502	1	1	0	64
26:20:00	94800	0	2	0	-460	0	0	0	0	0	0	0	0	0	0	0	2	0	0	0	0	0	0	0	1	0	0	0	0	0	0	0	-23	0	0	0	-502	0	2	0	62
26:25:00	95100	1	1	0	-460	0	0	0	0	0	0	0	0	0	0	0	2	0	0	0	0	0	0	0	1	0	0	0	0	0	0	0	-23	0	0	0	-502	1	1	0	62
26:30:00	95400	2	2	0	-460	0	0	0	0	0	0	0	0	0	1	0	1	0	0	0	0	0	0	0	1	0	0	0	0	0	0	0	-23	0	0	0	-502	2	1	0	63
26:35:00	95700	0	1	0	-461	0	0	0	0	0	0	0	0	0	0	0	1	0	0	0	0	0	0	0	1	0	0	0	0	0	0	0	-23	0	0	0	-502	0	1	0	62
26:40:00	96000	0	0	0	-461	0	0	0	0	0	0	0	0	0	0	0	1	0	0	0	0	0	0	0	1	0	0	0	0	0	0	0	-23	0	0	0	-502	0	0	0	62
26:45:00	96300	0	0	0	-461	0	0	0	0	0	0	0	0	0	0	0	1	0	0	0	0	0	0	0	1	0	0	0	0	0	0	0	-23	0	0	0	-502	0	0	0	62
26:50:00	96600	0	1	0	-462	0	0	0	0	0	0	0	0	0	0	0	1	0	0	0	0	0	0	0	1	0	0	0	0	0	0	0	-23	0	0	0	-502	0	1	0	61
26:55:00	96900	3	3	1	-463	0	0	0	0	0	0	0	0	1	1	0	1	0	0	0	0	0	0	0	1	0	0	0	0	0	0	0	-23	0	0	1	-503	2	2	0	61
27:00:00	97200	1	3	1	-466	0	0	0	0	0	0	0	0	0	0	0	1	0	0	0	0	0	0	0	1	0	0	0	0	0	0	1	-24	0	0	0	-503	1	3	0	59
27:05:00	97500	0	0	0	-466	0	0	0	0	0	0	0	0	0	0	0	1	0	0	0	0	0	0	0	1	0	0	0	0	0	0	0	-24	0	0	0	-503	0	0	0	59
27:10:00	97800	2	3	0	-467	0	0	0	0	0	0	0	0	1	1	0	1	0	0	0	0	0	0	0	1	0	0	0	0	0	0	0	-24	0	0	0	-503	1	2	0	58
27:15:00	98100	1	1	1	-468	0	0	0	0	0	0	0	0	0	0	0	1	0	0	0	0	0	0	0	1	0	0	0	0	0	0	0	-24	0	0	1	-504	1	1	0	58
27:20:00	98400	0	1	0	-469	0	0	0	0	0	0	0	0	0	0	0	1	0	0	0	0	0	0	0	1	0	0	0	0	0	0	0	-24	0	0	0	-504	0	1	0	57
27:25:00	98700	2	2	1	-470	0	0	0	0	0	0	0	0	0	0	0	1	0	0	0	0	0	0	0	1	0	0	0	0	0	0	0	-24	0	0	1	-505	2	2	0	57
27:30:00	99000	0	0	0	-470	0	0	0	0	0	0	0	0	0	0	0	1	0	0	0	0	0	0	0	1	0	0	0	0	0	0	0	-24	0	0	0	-505	0	0	0	57
27:35:00	99300	0	2	0	-472	0	0	0	0	0	0	0	0	0	0	0	1	0	0	0	0	0	0	0	1	0	0	0	0	0	0	0	-24	0	0	0	-505	0	2	0	55
27:40:00	99600	5	5	2	-474	0	0	0	0	0	0	0	0	2	2	0	1	0	0	0	0	0	0	0	1	0	0	0	0	0	0	0	-24	0	0	2	-507	3	3	0	55
27:45:00	99900	1	2	0	-475	0	0	0	0	0	0	0	0	0	0	0	1	0	0	0	0	0	0	0	1	0	0	0	0	0	0	0	-24	0	0	0	-507	1	2	0	54
27:50:00	100200	0	0	0	-475	0	0	0	0	0	0	0	0	0	0	0	1	0	0	0	0	0	0	0	1	0	0	0	0	0	0	0	-24	0	0	0	-507	0	0	0	54
27:55:00	100500	1	1	0	-475	0	0	0	0	0	0	0	0	0	0	0	1	0	0	0	0	0	0	0	1	0	0	0	0	0	0	0	-24	0	0	0	-507	1	1	0	54
28:00:00	100800	1	1	0	-475	0	0	0	0	0	0	0	0	1	1	0	1	0	0	0	0	0	0	0	1	0	0	0	0	0	0	0	-24	0	0	0	-507	0	0	0	54
28:05:00	101100	0	1	0	-476	0	0	0	0	0	0	0	0	0	0	0	1	0	0	0	0	0	0	0	1	0	0	0	0	0	0	0	-24	0	0	0	-507	0	1	0	53
28:10:00	101400	1	2	1	-478	0	0	0	0	0	0	0	0	0	0	0	1	0	0	0	0	0	0	0	1	0	0	0	0	0	0	0	-24	0	0	1	-508	1	2	0	52
28:15:00	101700	1	2	1	-480	0	0	0	0	0	0	0	0	0	0	0	1	0	0	0	0	0	0	0	1	0	0	0	0	0	0	0	-24	0	0	1	-509	1	2	0	51
28:20:00	102000	0	0	0	-480	0	0	0	0	0	0	0	0	0	0	0	1	0	0	0	0	0	0	0	1	0	0	0	0	0	0	0	-24	0	0	0	-509	0	0	0	51
28:25:00	102300	1	2	0	-481	0	0	0	0	0	0	0	0	1	1	0	1	0	0	0	0	0	1	0	0	0	0	0	0	0	0	0	-24	0	0	0	-509	0	0	0	51
28:30:00	102600	3	2	0	-480	0	0	0	0	0	0	0	0	0	0	0	1	0	0	0	0	0	0	0	0	0	0	0	0	0	0	0	-24	0	0	0	-509	3	2	0	52
28:35:00	102900	2	3	0	-481	0	0	0	0	0	0	0	0	1	1	0	1	0	0	0	0	0	0	0	0	0	0	0	0	0	0	0	-24	0	0	0	-509	1	2	0	51
28:40:00	103200	1	1	0	-481	0	0	0	0	0	0	0	0	0	0	0	1	0	0	0	0	0	0	0	0	0	0	0	0	0	0	0	-24	0	0	0	-509	1	1	0	51
28:45:00	103500	3	3	0	-481	0	0	0	0	0	0	0	0	2	1	0	2	0	0	0	0	0	0	0	0	0	0	0	0	0	0	0	-24	0	0	0	-509	1	2	0	50
28:50:00	103800	0	1	0	-482	0	0	0	0	0	0	0	0	0	1	0	1	0	0	0	0	0	0	0	0	0	0	0	0	0	0	0	-24	0	0	0	-509	0	0	0	50
28:55:00	104100	1	3	0	-484	0	0	0	0	0	0	0	0	1	1	0	1	0	0	0	0	0	0	0	0	0	0	0	0	0	0	0	-24	0	0	0	-509	0	2	0	48
29:00:00	104400	1	2	1	-486	0	0	0	0	0	0	0	0	0	1	0	0	0	0	0	0	0	0	0	0	0	0	0	0	0	0	0	-24	0	0	1	-510	1	1	0	48
29:05:00	104700	0	2	0	-488	0	0	0	0	0	0	0	0	0	0	0	0	0	0	0	0	0	0	0	0	0	0	0	0	0	0	0	-24	0	0	0	-510	0	2	0	46
29:10:00	105000	2	2	2	-490	0	0	0	0	0	0	0	0	0	0	0	0	0	0	0	0	0	0	0	0	0	0	0	0	0	0	0	-24	0	0	2	-512	2	2	0	46
29:15:00	105300	1	1	0	-490	0	0	0	0	0	0	0	0	1	0	0	1	0	0	0	0	0	0	0	0	0	0	0	0	0	0	0	-24	0	0	0	-512	0	1	0	45
29:20:00	105600	0	0	0	-490	0	0	0	0	0	0	0	0	0	0	0	1	0	0	0	0	0	0	0	0	0	0	0	0	0	0	0	-24	0	0	0	-512	0	0	0	45
29:25:00	105900	1	2	0	-491	0	0	0	0	0	0	0	0	0	0	0	1	0	0	0	0	0	0	0	0	0	0	0	0	0	0	0	-24	0	0	0	-512	1	2	0	44
29:30:00	106200	0	0	0	-491	0	0	0	0	0	0	0	0	0	0	0	1	0	0	0	0	0	0	0	0	0	0	0	0	0	0	0	-24	0	0	0	-512	0	0	0	44
29:35:00	106500	0	2	0	-493	0	0	0	0	0	0	0	0	0	0	0	1	0	0	0	0	0	0	0	0	0	0	0	0	0	0	0	-24	0	0	0	-512	0	2	0	42
29:40:00	106800	2	2	2	-495	0	0	0	0	0	0	0	0	0	0	0	1	0	0	0	0	0	0	0	0	0	0	0	0	0	0	0	-24	0	0	2	-514	2	2	0	42
29:45:00	107100	0	0	0	-495	0	0	0	0	0	0	0	0	0	0	0	1	0	0	0	0	0	0	0	0	0	0	0	0	0	0	0	-24	0	0	0	-514	0	0	0	42
29:50:00	107400	0	1	0	-496	0	0	0	0	0	0	0	0	0	0	0	1	0	0	0	0	0	0	0	0	0	0	0	0	0	0	0	-24	0	0	0	-514	0	1	0	41
29:55:00	107700	1	1	1	-497	0	0	0	0	0	0	0	0	0	0	0	1	0	0	0	0	0	0	0	0	0	0	0	0	0	0	0	-24	0	0	1	-515	1	1	0	41
30:00:00	108000	0	0	42	-539	0	0	0	0	0	0	0	0	0	0	1	0	0	0	0	0	0	0	0	0	0	0	0	0	0	0	0	-24	0	0	0	-515	0	0	41	0
30:05:00	108300	0	0	0	-539	0	0	0	0	0	0	0	0	0	0	0	0	0	0	0	0	0	0	0	0	0	0	0	0	0	0	0	-24	0	0	0	-515	0	0	0	0
