time	time	departures_all	arrivals_all	stuck_all	en-route_all	departures_Shared-Bike	arrivals_Shared-Bike	stuck_Shared-Bike	en-route_Shared-Bike	departures_bike	arrivals_bike	stuck_bike	en-route_bike	departures_car	arrivals_car	stuck_car	en-route_car	departures_car_passenger	arrivals_car_passenger	stuck_car_passenger	en-route_car_passenger	departures_eScooter	arrivals_eScooter	stuck_eScooter	en-route_eScooter	departures_pt	arrivals_pt	stuck_pt	en-route_pt	departures_sharing:standardBikeShare	arrivals_sharing:standardBikeShare	stuck_sharing:standardBikeShare	en-route_sharing:standardBikeShare	departures_sharing:standardeScooter	arrivals_sharing:standardeScooter	stuck_sharing:standardeScooter	en-route_sharing:standardeScooter	departures_walk	arrivals_walk	stuck_walk	en-route_walk
00:00:00	0	0	0	0	0	0	0	0	0	0	0	0	0	0	0	0	0	0	0	0	0	0	0	0	0	0	0	0	0	0	0	0	0	0	0	0	0	0	0	0	0
00:05:00	300	0	0	0	0	0	0	0	0	0	0	0	0	0	0	0	0	0	0	0	0	0	0	0	0	0	0	0	0	0	0	0	0	0	0	0	0	0	0	0	0
00:10:00	600	0	0	0	0	0	0	0	0	0	0	0	0	0	0	0	0	0	0	0	0	0	0	0	0	0	0	0	0	0	0	0	0	0	0	0	0	0	0	0	0
00:15:00	900	0	0	0	0	0	0	0	0	0	0	0	0	0	0	0	0	0	0	0	0	0	0	0	0	0	0	0	0	0	0	0	0	0	0	0	0	0	0	0	0
00:20:00	1200	0	0	0	0	0	0	0	0	0	0	0	0	0	0	0	0	0	0	0	0	0	0	0	0	0	0	0	0	0	0	0	0	0	0	0	0	0	0	0	0
00:25:00	1500	0	0	0	0	0	0	0	0	0	0	0	0	0	0	0	0	0	0	0	0	0	0	0	0	0	0	0	0	0	0	0	0	0	0	0	0	0	0	0	0
00:30:00	1800	0	0	0	0	0	0	0	0	0	0	0	0	0	0	0	0	0	0	0	0	0	0	0	0	0	0	0	0	0	0	0	0	0	0	0	0	0	0	0	0
00:35:00	2100	0	0	0	0	0	0	0	0	0	0	0	0	0	0	0	0	0	0	0	0	0	0	0	0	0	0	0	0	0	0	0	0	0	0	0	0	0	0	0	0
00:40:00	2400	0	0	0	0	0	0	0	0	0	0	0	0	0	0	0	0	0	0	0	0	0	0	0	0	0	0	0	0	0	0	0	0	0	0	0	0	0	0	0	0
00:45:00	2700	0	0	0	0	0	0	0	0	0	0	0	0	0	0	0	0	0	0	0	0	0	0	0	0	0	0	0	0	0	0	0	0	0	0	0	0	0	0	0	0
00:50:00	3000	0	0	0	0	0	0	0	0	0	0	0	0	0	0	0	0	0	0	0	0	0	0	0	0	0	0	0	0	0	0	0	0	0	0	0	0	0	0	0	0
00:55:00	3300	0	0	0	0	0	0	0	0	0	0	0	0	0	0	0	0	0	0	0	0	0	0	0	0	0	0	0	0	0	0	0	0	0	0	0	0	0	0	0	0
01:00:00	3600	0	0	0	0	0	0	0	0	0	0	0	0	0	0	0	0	0	0	0	0	0	0	0	0	0	0	0	0	0	0	0	0	0	0	0	0	0	0	0	0
01:05:00	3900	0	0	0	0	0	0	0	0	0	0	0	0	0	0	0	0	0	0	0	0	0	0	0	0	0	0	0	0	0	0	0	0	0	0	0	0	0	0	0	0
01:10:00	4200	0	0	0	0	0	0	0	0	0	0	0	0	0	0	0	0	0	0	0	0	0	0	0	0	0	0	0	0	0	0	0	0	0	0	0	0	0	0	0	0
01:15:00	4500	0	0	0	0	0	0	0	0	0	0	0	0	0	0	0	0	0	0	0	0	0	0	0	0	0	0	0	0	0	0	0	0	0	0	0	0	0	0	0	0
01:20:00	4800	0	0	0	0	0	0	0	0	0	0	0	0	0	0	0	0	0	0	0	0	0	0	0	0	0	0	0	0	0	0	0	0	0	0	0	0	0	0	0	0
01:25:00	5100	0	0	0	0	0	0	0	0	0	0	0	0	0	0	0	0	0	0	0	0	0	0	0	0	0	0	0	0	0	0	0	0	0	0	0	0	0	0	0	0
01:30:00	5400	0	0	0	0	0	0	0	0	0	0	0	0	0	0	0	0	0	0	0	0	0	0	0	0	0	0	0	0	0	0	0	0	0	0	0	0	0	0	0	0
01:35:00	5700	0	0	0	0	0	0	0	0	0	0	0	0	0	0	0	0	0	0	0	0	0	0	0	0	0	0	0	0	0	0	0	0	0	0	0	0	0	0	0	0
01:40:00	6000	0	0	0	0	0	0	0	0	0	0	0	0	0	0	0	0	0	0	0	0	0	0	0	0	0	0	0	0	0	0	0	0	0	0	0	0	0	0	0	0
01:45:00	6300	0	0	0	0	0	0	0	0	0	0	0	0	0	0	0	0	0	0	0	0	0	0	0	0	0	0	0	0	0	0	0	0	0	0	0	0	0	0	0	0
01:50:00	6600	0	0	0	0	0	0	0	0	0	0	0	0	0	0	0	0	0	0	0	0	0	0	0	0	0	0	0	0	0	0	0	0	0	0	0	0	0	0	0	0
01:55:00	6900	0	0	0	0	0	0	0	0	0	0	0	0	0	0	0	0	0	0	0	0	0	0	0	0	0	0	0	0	0	0	0	0	0	0	0	0	0	0	0	0
02:00:00	7200	0	0	0	0	0	0	0	0	0	0	0	0	0	0	0	0	0	0	0	0	0	0	0	0	0	0	0	0	0	0	0	0	0	0	0	0	0	0	0	0
02:05:00	7500	0	0	0	0	0	0	0	0	0	0	0	0	0	0	0	0	0	0	0	0	0	0	0	0	0	0	0	0	0	0	0	0	0	0	0	0	0	0	0	0
02:10:00	7800	0	0	0	0	0	0	0	0	0	0	0	0	0	0	0	0	0	0	0	0	0	0	0	0	0	0	0	0	0	0	0	0	0	0	0	0	0	0	0	0
02:15:00	8100	0	0	0	0	0	0	0	0	0	0	0	0	0	0	0	0	0	0	0	0	0	0	0	0	0	0	0	0	0	0	0	0	0	0	0	0	0	0	0	0
02:20:00	8400	0	0	0	0	0	0	0	0	0	0	0	0	0	0	0	0	0	0	0	0	0	0	0	0	0	0	0	0	0	0	0	0	0	0	0	0	0	0	0	0
02:25:00	8700	0	0	0	0	0	0	0	0	0	0	0	0	0	0	0	0	0	0	0	0	0	0	0	0	0	0	0	0	0	0	0	0	0	0	0	0	0	0	0	0
02:30:00	9000	0	0	0	0	0	0	0	0	0	0	0	0	0	0	0	0	0	0	0	0	0	0	0	0	0	0	0	0	0	0	0	0	0	0	0	0	0	0	0	0
02:35:00	9300	0	0	0	0	0	0	0	0	0	0	0	0	0	0	0	0	0	0	0	0	0	0	0	0	0	0	0	0	0	0	0	0	0	0	0	0	0	0	0	0
02:40:00	9600	0	0	0	0	0	0	0	0	0	0	0	0	0	0	0	0	0	0	0	0	0	0	0	0	0	0	0	0	0	0	0	0	0	0	0	0	0	0	0	0
02:45:00	9900	0	0	0	0	0	0	0	0	0	0	0	0	0	0	0	0	0	0	0	0	0	0	0	0	0	0	0	0	0	0	0	0	0	0	0	0	0	0	0	0
02:50:00	10200	0	0	0	0	0	0	0	0	0	0	0	0	0	0	0	0	0	0	0	0	0	0	0	0	0	0	0	0	0	0	0	0	0	0	0	0	0	0	0	0
02:55:00	10500	0	0	0	0	0	0	0	0	0	0	0	0	0	0	0	0	0	0	0	0	0	0	0	0	0	0	0	0	0	0	0	0	0	0	0	0	0	0	0	0
03:00:00	10800	0	0	0	0	0	0	0	0	0	0	0	0	0	0	0	0	0	0	0	0	0	0	0	0	0	0	0	0	0	0	0	0	0	0	0	0	0	0	0	0
03:05:00	11100	0	0	0	0	0	0	0	0	0	0	0	0	0	0	0	0	0	0	0	0	0	0	0	0	0	0	0	0	0	0	0	0	0	0	0	0	0	0	0	0
03:10:00	11400	0	0	0	0	0	0	0	0	0	0	0	0	0	0	0	0	0	0	0	0	0	0	0	0	0	0	0	0	0	0	0	0	0	0	0	0	0	0	0	0
03:15:00	11700	0	0	0	0	0	0	0	0	0	0	0	0	0	0	0	0	0	0	0	0	0	0	0	0	0	0	0	0	0	0	0	0	0	0	0	0	0	0	0	0
03:20:00	12000	0	0	0	0	0	0	0	0	0	0	0	0	0	0	0	0	0	0	0	0	0	0	0	0	0	0	0	0	0	0	0	0	0	0	0	0	0	0	0	0
03:25:00	12300	0	0	0	0	0	0	0	0	0	0	0	0	0	0	0	0	0	0	0	0	0	0	0	0	0	0	0	0	0	0	0	0	0	0	0	0	0	0	0	0
03:30:00	12600	0	0	0	0	0	0	0	0	0	0	0	0	0	0	0	0	0	0	0	0	0	0	0	0	0	0	0	0	0	0	0	0	0	0	0	0	0	0	0	0
03:35:00	12900	0	0	0	0	0	0	0	0	0	0	0	0	0	0	0	0	0	0	0	0	0	0	0	0	0	0	0	0	0	0	0	0	0	0	0	0	0	0	0	0
03:40:00	13200	0	0	0	0	0	0	0	0	0	0	0	0	0	0	0	0	0	0	0	0	0	0	0	0	0	0	0	0	0	0	0	0	0	0	0	0	0	0	0	0
03:45:00	13500	0	0	0	0	0	0	0	0	0	0	0	0	0	0	0	0	0	0	0	0	0	0	0	0	0	0	0	0	0	0	0	0	0	0	0	0	0	0	0	0
03:50:00	13800	0	0	0	0	0	0	0	0	0	0	0	0	0	0	0	0	0	0	0	0	0	0	0	0	0	0	0	0	0	0	0	0	0	0	0	0	0	0	0	0
03:55:00	14100	0	0	0	0	0	0	0	0	0	0	0	0	0	0	0	0	0	0	0	0	0	0	0	0	0	0	0	0	0	0	0	0	0	0	0	0	0	0	0	0
04:00:00	14400	0	0	0	0	0	0	0	0	0	0	0	0	0	0	0	0	0	0	0	0	0	0	0	0	0	0	0	0	0	0	0	0	0	0	0	0	0	0	0	0
04:05:00	14700	0	0	0	0	0	0	0	0	0	0	0	0	0	0	0	0	0	0	0	0	0	0	0	0	0	0	0	0	0	0	0	0	0	0	0	0	0	0	0	0
04:10:00	15000	0	0	0	0	0	0	0	0	0	0	0	0	0	0	0	0	0	0	0	0	0	0	0	0	0	0	0	0	0	0	0	0	0	0	0	0	0	0	0	0
04:15:00	15300	0	0	0	0	0	0	0	0	0	0	0	0	0	0	0	0	0	0	0	0	0	0	0	0	0	0	0	0	0	0	0	0	0	0	0	0	0	0	0	0
04:20:00	15600	0	0	0	0	0	0	0	0	0	0	0	0	0	0	0	0	0	0	0	0	0	0	0	0	0	0	0	0	0	0	0	0	0	0	0	0	0	0	0	0
04:25:00	15900	0	0	0	0	0	0	0	0	0	0	0	0	0	0	0	0	0	0	0	0	0	0	0	0	0	0	0	0	0	0	0	0	0	0	0	0	0	0	0	0
04:30:00	16200	0	0	0	0	0	0	0	0	0	0	0	0	0	0	0	0	0	0	0	0	0	0	0	0	0	0	0	0	0	0	0	0	0	0	0	0	0	0	0	0
04:35:00	16500	0	0	0	0	0	0	0	0	0	0	0	0	0	0	0	0	0	0	0	0	0	0	0	0	0	0	0	0	0	0	0	0	0	0	0	0	0	0	0	0
04:40:00	16800	0	0	0	0	0	0	0	0	0	0	0	0	0	0	0	0	0	0	0	0	0	0	0	0	0	0	0	0	0	0	0	0	0	0	0	0	0	0	0	0
04:45:00	17100	0	0	0	0	0	0	0	0	0	0	0	0	0	0	0	0	0	0	0	0	0	0	0	0	0	0	0	0	0	0	0	0	0	0	0	0	0	0	0	0
04:50:00	17400	0	0	0	0	0	0	0	0	0	0	0	0	0	0	0	0	0	0	0	0	0	0	0	0	0	0	0	0	0	0	0	0	0	0	0	0	0	0	0	0
04:55:00	17700	0	0	0	0	0	0	0	0	0	0	0	0	0	0	0	0	0	0	0	0	0	0	0	0	0	0	0	0	0	0	0	0	0	0	0	0	0	0	0	0
05:00:00	18000	0	0	0	0	0	0	0	0	0	0	0	0	0	0	0	0	0	0	0	0	0	0	0	0	0	0	0	0	0	0	0	0	0	0	0	0	0	0	0	0
05:05:00	18300	0	0	0	0	0	0	0	0	0	0	0	0	0	0	0	0	0	0	0	0	0	0	0	0	0	0	0	0	0	0	0	0	0	0	0	0	0	0	0	0
05:10:00	18600	0	0	0	0	0	0	0	0	0	0	0	0	0	0	0	0	0	0	0	0	0	0	0	0	0	0	0	0	0	0	0	0	0	0	0	0	0	0	0	0
05:15:00	18900	0	0	0	0	0	0	0	0	0	0	0	0	0	0	0	0	0	0	0	0	0	0	0	0	0	0	0	0	0	0	0	0	0	0	0	0	0	0	0	0
05:20:00	19200	0	0	0	0	0	0	0	0	0	0	0	0	0	0	0	0	0	0	0	0	0	0	0	0	0	0	0	0	0	0	0	0	0	0	0	0	0	0	0	0
05:25:00	19500	0	0	0	0	0	0	0	0	0	0	0	0	0	0	0	0	0	0	0	0	0	0	0	0	0	0	0	0	0	0	0	0	0	0	0	0	0	0	0	0
05:30:00	19800	0	0	0	0	0	0	0	0	0	0	0	0	0	0	0	0	0	0	0	0	0	0	0	0	0	0	0	0	0	0	0	0	0	0	0	0	0	0	0	0
05:35:00	20100	0	0	0	0	0	0	0	0	0	0	0	0	0	0	0	0	0	0	0	0	0	0	0	0	0	0	0	0	0	0	0	0	0	0	0	0	0	0	0	0
05:40:00	20400	0	0	0	0	0	0	0	0	0	0	0	0	0	0	0	0	0	0	0	0	0	0	0	0	0	0	0	0	0	0	0	0	0	0	0	0	0	0	0	0
05:45:00	20700	0	0	0	0	0	0	0	0	0	0	0	0	0	0	0	0	0	0	0	0	0	0	0	0	0	0	0	0	0	0	0	0	0	0	0	0	0	0	0	0
05:50:00	21000	0	0	0	0	0	0	0	0	0	0	0	0	0	0	0	0	0	0	0	0	0	0	0	0	0	0	0	0	0	0	0	0	0	0	0	0	0	0	0	0
05:55:00	21300	0	0	0	0	0	0	0	0	0	0	0	0	0	0	0	0	0	0	0	0	0	0	0	0	0	0	0	0	0	0	0	0	0	0	0	0	0	0	0	0
06:00:00	21600	4	0	0	4	0	0	0	0	0	0	0	0	3	0	0	3	0	0	0	0	0	0	0	0	0	0	0	0	0	0	0	0	0	0	0	0	1	0	0	1
06:05:00	21900	4	2	1	5	0	0	0	0	0	0	0	0	1	1	0	3	0	0	0	0	0	0	0	0	0	0	0	0	0	0	0	0	0	0	1	-1	3	1	0	3
06:10:00	22200	3	1	0	7	0	0	0	0	0	0	0	0	3	1	0	5	0	0	0	0	0	0	0	0	0	0	0	0	0	0	0	0	0	0	0	-1	0	0	0	3
06:15:00	22500	1	3	0	5	0	0	0	0	0	0	0	0	0	3	0	2	0	0	0	0	0	0	0	0	0	0	0	0	0	0	0	0	0	0	0	-1	1	0	0	4
06:20:00	22800	4	0	0	9	0	0	0	0	0	0	0	0	2	0	0	4	0	0	0	0	0	0	0	0	0	0	0	0	0	0	0	0	0	0	0	-1	2	0	0	6
06:25:00	23100	5	3	1	10	0	0	0	0	0	0	0	0	1	2	0	3	0	0	0	0	0	0	0	0	0	0	0	0	0	0	0	0	0	0	1	-2	4	1	0	9
06:30:00	23400	44	5	1	48	0	0	0	0	0	0	0	0	26	2	0	27	0	0	0	0	0	0	0	0	2	0	0	2	0	0	0	0	0	0	1	-3	16	3	0	22
06:35:00	23700	36	18	1	65	0	0	0	0	0	0	0	0	23	13	0	37	0	0	0	0	0	0	0	0	0	0	0	2	0	0	0	0	0	0	1	-4	13	5	0	30
06:40:00	24000	37	21	0	81	0	0	0	0	0	0	0	0	26	14	0	49	0	0	0	0	1	0	0	1	1	0	0	3	0	0	0	0	0	0	0	-4	9	7	0	32
06:45:00	24300	36	36	3	78	0	0	0	0	1	0	0	1	20	23	0	46	0	0	0	0	2	1	0	2	2	1	0	4	0	0	0	0	0	0	3	-7	11	11	0	32
06:50:00	24600	46	31	3	90	0	0	0	0	0	0	0	1	26	21	0	51	0	0	0	0	1	0	0	3	1	0	0	5	0	0	0	0	0	0	3	-10	18	10	0	40
06:55:00	24900	81	36	2	133	1	0	0	1	0	0	0	1	47	22	0	76	0	0	0	0	1	2	0	2	2	0	0	7	0	0	0	0	0	0	2	-12	30	12	0	58
07:00:00	25200	68	48	4	149	2	0	0	3	0	0	0	1	35	35	0	76	0	0	0	0	0	0	0	2	1	0	0	8	0	0	0	0	0	0	4	-16	30	13	0	75
07:05:00	25500	64	53	3	157	2	2	0	3	0	1	0	0	30	31	0	75	0	0	0	0	0	0	0	2	0	1	0	7	0	0	0	0	0	0	3	-19	32	18	0	89
07:10:00	25800	71	61	4	163	0	1	0	2	0	0	0	0	38	35	0	78	0	0	0	0	1	0	0	3	5	3	0	9	0	0	0	0	0	0	4	-23	27	22	0	94
07:15:00	26100	86	49	5	195	1	1	0	2	0	0	0	0	54	31	0	101	0	0	0	0	0	2	0	1	1	0	0	10	0	0	0	0	0	0	5	-28	30	15	0	109
07:20:00	26400	85	65	2	213	0	1	0	1	1	0	0	1	50	42	0	109	0	0	0	0	0	1	0	0	8	1	0	17	0	0	0	0	0	0	2	-30	26	20	0	115
07:25:00	26700	124	76	5	256	0	1	0	0	0	1	0	0	69	40	0	138	0	0	0	0	2	0	0	2	10	1	0	26	0	0	1	-1	0	0	4	-34	43	33	0	125
07:30:00	27000	77	87	4	242	1	0	0	1	0	0	0	0	46	60	0	124	0	0	0	0	2	2	0	2	4	2	0	28	0	0	0	-1	0	0	4	-38	24	23	0	126
07:35:00	27300	91	87	0	246	3	1	0	3	0	0	0	0	44	63	0	105	0	0	0	0	1	1	0	2	2	6	0	24	0	0	0	-1	0	0	0	-38	41	16	0	151
07:40:00	27600	97	72	6	265	0	1	0	2	0	0	0	0	45	38	0	112	0	0	0	0	0	0	0	2	6	1	0	29	0	0	0	-1	0	0	6	-44	46	32	0	165
07:45:00	27900	98	75	3	285	2	1	0	3	0	0	0	0	51	38	0	125	0	0	0	0	3	2	0	3	4	1	0	32	0	0	0	-1	0	0	3	-47	38	33	0	170
07:50:00	28200	121	96	9	301	1	2	0	2	0	0	0	0	63	54	0	134	0	0	0	0	1	1	0	3	8	5	0	35	0	0	0	-1	0	0	9	-56	48	34	0	184
07:55:00	28500	119	103	6	311	0	1	0	1	0	0	0	0	56	55	0	135	12	1	0	11	1	2	0	2	8	3	0	40	0	0	1	-2	0	0	5	-61	42	41	0	185
08:00:00	28800	124	105	4	326	0	1	0	0	0	0	0	0	52	64	0	123	24	6	0	29	1	0	0	3	3	4	0	39	0	0	0	-2	0	0	4	-65	44	30	0	199
08:05:00	29100	119	106	6	333	3	0	0	3	0	0	0	0	50	50	0	123	17	11	0	35	2	3	0	2	8	3	0	44	0	0	0	-2	0	0	6	-71	39	39	0	199
08:10:00	29400	137	115	4	351	0	2	0	1	0	0	0	0	59	65	0	117	26	16	0	45	1	1	0	2	6	6	0	44	0	0	0	-2	0	0	4	-75	45	25	0	219
08:15:00	29700	103	110	3	341	1	0	0	2	0	0	0	0	45	53	0	109	14	16	0	43	0	1	0	1	7	1	0	50	0	0	0	-2	0	0	3	-78	36	39	0	216
08:20:00	30000	110	103	4	344	0	2	0	0	0	0	0	0	55	47	0	117	16	17	0	42	0	0	0	1	7	2	0	55	0	0	0	-2	0	0	4	-82	32	35	0	213
08:25:00	30300	107	86	4	361	0	0	0	0	0	0	0	0	47	47	0	117	20	13	0	49	0	1	0	0	3	2	0	56	0	0	0	-2	0	0	4	-86	37	23	0	227
08:30:00	30600	102	111	4	348	2	0	0	2	0	0	0	0	32	55	0	94	21	16	0	54	1	0	0	1	10	7	0	59	0	0	0	-2	0	0	4	-90	36	33	0	230
08:35:00	30900	78	80	4	342	0	1	0	1	0	0	0	0	42	37	0	99	8	20	0	42	3	1	0	3	3	4	0	58	0	0	0	-2	0	0	4	-94	22	17	0	235
08:40:00	31200	88	85	5	340	0	0	0	1	0	0	0	0	30	40	0	89	24	17	0	49	1	1	0	3	6	2	0	62	0	0	0	-2	0	0	5	-99	27	25	0	237
08:45:00	31500	97	68	4	365	0	1	0	0	0	0	0	0	28	32	0	85	39	14	0	74	0	1	0	2	3	1	0	64	0	0	0	-2	0	0	4	-103	27	19	0	245
08:50:00	31800	75	81	6	353	0	0	0	0	0	0	0	0	34	31	0	88	13	22	0	65	1	0	0	3	6	0	0	70	0	0	0	-2	0	0	6	-109	21	28	0	238
08:55:00	32100	71	80	5	339	0	0	0	0	0	0	0	0	26	38	0	76	18	19	0	64	0	2	0	1	5	5	0	70	0	0	0	-2	0	0	5	-114	22	16	0	244
09:00:00	32400	84	76	4	343	2	0	0	2	0	0	0	0	44	33	0	87	4	16	0	52	0	0	0	1	4	1	0	73	0	0	0	-2	0	0	4	-118	30	26	0	248
09:05:00	32700	71	82	2	330	0	1	0	1	0	0	0	0	31	27	0	91	6	12	0	46	1	0	0	2	2	9	0	66	0	0	0	-2	0	0	2	-120	31	33	0	246
09:10:00	33000	52	80	2	300	0	0	0	1	0	0	0	0	24	37	0	78	3	12	0	37	0	0	0	2	3	3	0	66	0	0	0	-2	0	0	2	-122	22	28	0	240
09:15:00	33300	58	74	4	280	0	1	0	0	0	0	0	0	32	34	0	76	2	11	0	28	0	2	0	0	7	2	0	71	0	0	0	-2	0	0	4	-126	17	24	0	233
09:20:00	33600	43	67	4	252	0	0	0	0	0	0	0	0	16	27	0	65	2	10	0	20	1	0	0	1	6	3	0	74	0	0	0	-2	0	0	4	-130	18	27	0	224
09:25:00	33900	51	55	1	247	0	0	0	0	0	0	0	0	25	23	0	67	4	3	0	21	0	0	0	1	1	10	0	65	0	0	0	-2	0	0	1	-131	21	19	0	226
09:30:00	34200	45	63	1	228	0	0	0	0	0	0	0	0	26	29	0	64	1	7	0	15	0	0	0	1	2	5	0	62	0	0	0	-2	0	0	1	-132	16	22	0	220
09:35:00	34500	46	59	3	212	0	0	0	0	0	0	0	0	16	28	0	52	8	5	0	18	1	1	0	1	2	1	0	63	0	0	0	-2	0	0	3	-135	19	24	0	215
09:40:00	34800	32	45	1	198	0	0	0	0	0	0	0	0	18	19	0	51	2	5	0	15	0	1	0	0	1	1	0	63	0	0	0	-2	0	0	1	-136	11	19	0	207
09:45:00	35100	48	66	1	179	0	0	0	0	0	0	0	0	27	35	0	43	0	5	0	10	0	0	0	0	4	3	0	64	0	0	0	-2	0	0	1	-137	17	23	0	201
09:50:00	35400	39	46	1	171	0	0	0	0	0	0	0	0	22	18	0	47	0	4	0	6	0	0	0	0	6	0	0	70	0	0	0	-2	0	0	1	-138	11	24	0	188
09:55:00	35700	54	51	6	168	0	0	0	0	1	0	0	1	33	23	0	57	0	2	0	4	0	0	0	0	1	0	0	71	0	0	0	-2	0	0	6	-144	19	26	0	181
10:00:00	36000	79	76	3	168	0	0	0	0	0	1	0	0	31	32	0	56	0	2	0	2	1	0	0	1	5	13	0	63	0	0	0	-2	0	0	3	-147	42	28	0	195
10:05:00	36300	59	57	2	168	0	0	0	0	0	0	0	0	27	29	0	54	0	1	0	1	0	0	0	1	0	4	0	59	0	0	0	-2	0	0	2	-149	32	23	0	204
10:10:00	36600	92	94	6	160	1	0	0	1	0	0	0	0	47	35	0	66	0	1	0	0	0	1	0	0	2	6	0	55	0	0	0	-2	0	0	6	-155	42	51	0	195
10:15:00	36900	61	60	5	156	0	0	0	1	0	0	0	0	25	28	0	63	0	0	0	0	1	0	0	1	1	1	0	55	0	0	1	-3	0	0	4	-159	34	31	0	198
10:20:00	37200	75	79	3	149	0	1	0	0	0	0	0	0	30	32	0	61	0	0	0	0	0	0	0	1	3	2	0	56	0	0	0	-3	0	0	3	-162	42	44	0	196
10:25:00	37500	73	74	5	143	0	0	0	0	0	0	0	0	40	37	0	64	0	0	0	0	1	0	0	2	2	2	0	56	0	0	2	-5	0	0	3	-165	30	35	0	191
10:30:00	37800	60	69	5	129	0	0	0	0	0	0	0	0	31	30	0	65	0	0	0	0	0	0	0	2	0	1	0	55	0	0	0	-5	0	0	5	-170	29	38	0	182
10:35:00	38100	50	71	0	108	0	0	0	0	0	0	0	0	19	38	0	46	2	1	0	1	0	1	0	1	2	1	0	56	0	0	0	-5	0	0	0	-170	27	30	0	179
10:40:00	38400	59	70	3	94	1	1	0	0	0	0	0	0	14	24	0	36	1	1	0	1	1	0	0	2	2	1	0	57	0	0	0	-5	0	0	3	-173	40	43	0	176
10:45:00	38700	77	76	3	92	0	0	0	0	0	0	0	0	28	23	0	41	3	0	0	4	0	1	0	1	2	7	0	52	0	0	0	-5	0	0	3	-176	44	45	0	175
10:50:00	39000	49	63	2	76	0	0	0	0	0	0	0	0	18	20	0	39	0	3	0	1	1	1	0	1	3	1	0	54	0	0	0	-5	0	0	2	-178	27	38	0	164
10:55:00	39300	47	56	2	65	1	0	0	1	0	0	0	0	17	20	0	36	2	0	0	3	1	0	0	2	2	1	0	55	0	0	0	-5	0	0	2	-180	24	35	0	153
11:00:00	39600	52	54	3	60	0	1	0	0	0	0	0	0	21	18	0	39	4	1	0	6	1	1	0	2	1	0	0	56	0	0	0	-5	0	0	3	-183	25	33	0	145
11:05:00	39900	85	75	3	67	0	0	0	0	0	0	0	0	28	14	0	53	1	1	0	6	1	2	0	1	10	10	0	56	0	0	1	-6	0	0	2	-185	45	48	0	142
11:10:00	40200	82	58	3	88	1	1	0	0	0	0	0	0	41	24	0	70	2	1	0	7	0	0	0	1	2	1	0	57	0	0	0	-6	0	0	3	-188	36	31	0	147
11:15:00	40500	60	61	0	87	0	0	0	0	0	0	0	0	26	31	0	65	10	3	0	14	3	1	0	3	1	2	0	56	0	0	0	-6	0	0	0	-188	20	24	0	143
11:20:00	40800	63	56	1	93	0	0	0	0	0	0	0	0	30	24	0	71	2	2	0	14	0	0	0	3	3	3	0	56	0	0	0	-6	0	0	1	-189	28	27	0	144
11:25:00	41100	71	75	4	85	0	0	0	0	0	0	0	0	32	45	0	58	3	3	0	14	2	1	0	4	1	1	0	56	0	0	0	-6	0	0	4	-193	33	25	0	152
11:30:00	41400	74	68	5	86	0	0	0	0	1	1	0	0	36	26	0	68	1	5	0	10	0	2	0	2	4	2	0	58	0	0	2	-8	0	0	3	-196	32	32	0	152
11:35:00	41700	85	80	3	88	0	0	0	0	0	0	0	0	37	38	0	67	3	3	0	10	0	0	0	2	4	8	0	54	0	0	0	-8	0	0	3	-199	41	31	0	162
11:40:00	42000	83	73	2	96	1	0	0	1	0	0	0	0	29	26	0	70	0	4	0	6	1	2	0	1	2	15	0	41	0	0	0	-8	0	0	2	-201	50	26	0	186
11:45:00	42300	79	81	3	91	0	0	0	1	0	0	0	0	38	31	0	77	3	4	0	5	0	0	0	1	6	5	0	42	0	0	0	-8	0	0	3	-204	32	41	0	177
11:50:00	42600	88	73	1	105	0	1	0	0	0	0	0	0	42	33	0	86	5	2	0	8	0	1	0	0	4	1	0	45	0	0	0	-8	0	0	1	-205	37	35	0	179
11:55:00	42900	99	93	4	107	0	0	0	0	0	0	0	0	48	39	0	95	1	1	0	8	3	0	0	3	2	7	0	40	0	0	0	-8	0	0	4	-209	45	46	0	178
12:00:00	43200	76	85	5	93	0	0	0	0	0	0	0	0	37	46	0	86	2	2	0	8	1	0	0	4	2	0	0	42	0	0	0	-8	0	0	5	-214	34	37	0	175
12:05:00	43500	63	74	1	81	0	0	0	0	0	0	0	0	27	38	0	75	8	5	0	11	2	2	0	4	6	0	0	48	0	0	0	-8	0	0	1	-215	20	29	0	166
12:10:00	43800	64	61	0	84	0	0	0	0	0	0	0	0	33	30	0	78	2	0	0	13	1	1	0	4	4	2	0	50	0	0	0	-8	0	0	0	-215	24	28	0	162
12:15:00	44100	48	66	3	63	1	0	0	1	0	0	0	0	22	38	0	62	1	3	0	11	2	0	0	6	2	4	0	48	0	0	0	-8	0	0	3	-218	20	21	0	161
12:20:00	44400	41	54	1	49	0	1	0	0	0	0	0	0	23	33	0	52	0	3	0	8	2	2	0	6	0	1	0	47	0	0	0	-8	0	0	1	-219	16	14	0	163
12:25:00	44700	64	65	6	42	0	0	0	0	0	0	0	0	32	26	0	58	0	3	0	5	2	3	0	5	3	3	0	47	0	0	0	-8	0	0	6	-225	27	30	0	160
12:30:00	45000	40	41	0	41	1	0	0	1	0	0	0	0	22	21	0	59	0	1	0	4	2	2	0	5	2	2	0	47	0	0	0	-8	0	0	0	-225	13	15	0	158
12:35:00	45300	32	42	2	29	0	1	0	0	0	0	0	0	8	23	0	44	0	2	0	2	1	0	0	6	1	3	0	45	0	0	0	-8	0	0	2	-227	22	13	0	167
12:40:00	45600	35	30	1	33	0	0	0	0	0	0	0	0	22	16	0	50	0	1	0	1	1	0	0	7	4	0	0	49	0	0	0	-8	0	0	1	-228	8	13	0	162
12:45:00	45900	47	38	2	40	0	0	0	0	0	0	0	0	29	20	0	59	0	0	0	1	1	2	0	6	3	1	0	51	0	0	0	-8	0	0	2	-230	14	15	0	161
12:50:00	46200	30	37	1	32	0	0	0	0	0	0	0	0	18	22	0	55	0	1	0	0	0	3	0	3	2	0	0	53	0	0	0	-8	0	0	1	-231	10	11	0	160
12:55:00	46500	35	40	1	26	0	0	0	0	0	0	0	0	18	25	0	48	0	0	0	0	0	1	0	2	1	3	0	51	0	0	0	-8	0	0	1	-232	16	11	0	165
13:00:00	46800	8	29	2	3	0	0	0	0	0	0	0	0	0	18	0	30	0	0	0	0	0	1	0	1	1	1	0	51	0	0	0	-8	0	0	2	-234	7	9	0	163
13:05:00	47100	6	27	0	-18	0	0	0	0	0	0	0	0	0	16	0	14	0	0	0	0	1	0	0	2	3	0	0	54	0	0	0	-8	0	0	0	-234	2	11	0	154
13:10:00	47400	2	18	0	-34	0	0	0	0	0	0	0	0	0	6	0	8	0	0	0	0	0	0	0	2	2	0	0	56	0	0	0	-8	0	0	0	-234	0	12	0	142
13:15:00	47700	18	13	2	-31	0	0	0	0	0	0	0	0	10	5	0	13	0	0	0	0	0	1	0	1	1	0	0	57	0	0	0	-8	0	0	2	-236	7	7	0	142
13:20:00	48000	11	10	0	-30	0	0	0	0	0	0	0	0	4	6	0	11	0	0	0	0	0	0	0	1	1	3	0	55	0	0	0	-8	0	0	0	-236	6	1	0	147
13:25:00	48300	14	23	1	-40	0	0	0	0	0	0	0	0	2	3	0	10	0	0	0	0	0	1	0	0	2	6	0	51	0	0	0	-8	0	0	1	-237	10	13	0	144
13:30:00	48600	53	18	2	-7	0	0	0	0	0	0	0	0	40	8	0	42	1	0	0	1	0	0	0	0	1	3	0	49	0	0	0	-8	0	0	2	-239	11	7	0	148
13:35:00	48900	56	54	3	-8	0	0	0	0	0	0	0	0	23	29	0	36	5	0	0	6	1	0	0	1	0	8	0	41	0	0	1	-9	0	0	2	-241	27	17	0	158
13:40:00	49200	50	47	4	-9	0	0	0	0	0	0	0	0	18	18	0	36	5	2	0	9	1	1	0	1	0	4	0	37	0	0	0	-9	0	0	4	-245	26	22	0	162
13:45:00	49500	58	46	3	0	2	0	0	2	0	0	0	0	21	15	0	42	2	3	0	8	3	2	0	2	2	1	0	38	0	0	0	-9	0	0	3	-248	28	25	0	165
13:50:00	49800	91	56	2	33	1	2	0	1	0	0	0	0	43	19	0	66	15	7	0	16	2	0	0	4	2	2	0	38	0	0	0	-9	0	0	2	-250	28	26	0	167
13:55:00	50100	105	69	2	67	0	1	0	0	0	0	0	0	56	38	0	84	12	5	0	23	5	1	0	8	2	0	0	40	0	0	0	-9	0	0	2	-252	30	24	0	173
14:00:00	50400	71	71	1	66	1	0	0	1	0	0	0	0	44	34	0	94	3	9	0	17	0	2	0	6	3	0	0	43	0	0	1	-10	0	0	0	-252	20	26	0	167
14:05:00	50700	82	83	0	65	0	0	0	1	0	0	0	0	35	46	0	83	9	5	0	21	2	1	0	7	1	1	0	43	0	0	0	-10	0	0	0	-252	35	30	0	172
14:10:00	51000	73	73	4	61	1	1	0	1	0	0	0	0	33	36	0	80	14	14	0	21	0	3	0	4	2	0	0	45	0	0	0	-10	0	0	4	-256	23	19	0	176
14:15:00	51300	75	70	1	65	2	1	0	2	0	0	0	0	34	30	0	84	8	7	0	22	1	3	0	2	6	0	0	51	0	0	0	-10	0	0	1	-257	24	29	0	171
14:20:00	51600	82	71	4	72	0	2	0	0	0	0	0	0	37	32	0	89	14	8	0	28	0	1	0	1	3	3	0	51	0	0	1	-11	0	0	3	-260	28	25	0	174
14:25:00	51900	72	71	0	73	1	1	0	0	0	0	0	0	31	39	0	81	16	12	0	32	1	1	0	1	3	1	0	53	0	0	0	-11	0	0	0	-260	20	17	0	177
14:30:00	52200	53	63	2	61	1	0	0	1	0	0	0	0	17	26	0	72	12	12	0	32	1	0	0	2	2	2	0	53	0	0	0	-11	0	0	2	-262	20	23	0	174
14:35:00	52500	76	76	3	58	0	0	0	1	0	0	0	0	36	30	0	78	4	12	0	24	0	1	0	1	3	2	0	54	0	0	0	-11	0	0	3	-265	33	31	0	176
14:40:00	52800	68	87	6	33	0	1	0	0	0	0	0	0	22	43	0	57	8	8	0	24	1	1	0	1	3	4	0	53	0	0	0	-11	0	0	6	-271	34	30	0	180
14:45:00	53100	55	70	2	16	2	0	0	2	0	0	0	0	17	20	0	54	9	15	0	18	1	2	0	0	4	11	0	46	0	0	0	-11	0	0	2	-273	22	22	0	180
14:50:00	53400	56	63	3	6	0	1	0	1	0	0	0	0	25	23	0	56	3	4	0	17	0	0	0	0	2	2	0	46	0	0	0	-11	0	0	3	-276	26	33	0	173
14:55:00	53700	47	54	3	-4	0	0	0	1	0	0	0	0	18	24	0	50	8	5	0	20	0	0	0	0	2	2	0	46	0	0	0	-11	0	0	3	-279	19	23	0	169
15:00:00	54000	43	57	2	-20	0	1	0	0	0	0	0	0	21	22	0	49	4	11	0	13	0	0	0	0	1	2	0	45	0	0	0	-11	0	0	2	-281	17	21	0	165
15:05:00	54300	43	51	5	-33	0	0	0	0	0	0	0	0	16	23	0	42	0	3	0	10	0	0	0	0	1	1	0	45	0	0	1	-12	0	0	4	-285	26	24	0	167
15:10:00	54600	50	57	5	-45	0	0	0	0	0	0	0	0	21	25	0	38	0	4	0	6	0	0	0	0	2	0	0	47	0	0	0	-12	0	0	5	-290	27	28	0	166
15:15:00	54900	66	50	2	-31	0	0	0	0	0	0	0	0	29	16	0	51	1	2	0	5	3	1	0	2	4	4	0	47	0	0	0	-12	0	0	2	-292	29	27	0	168
15:20:00	55200	50	44	4	-29	0	0	0	0	0	0	0	0	25	17	0	59	1	1	0	5	0	1	0	1	2	0	0	49	0	0	0	-12	0	0	4	-296	22	25	0	165
15:25:00	55500	46	56	2	-41	1	0	0	1	0	0	0	0	26	33	0	52	0	0	0	5	0	0	0	1	2	1	0	50	0	0	0	-12	0	0	2	-298	17	22	0	160
15:30:00	55800	72	50	3	-22	1	2	0	0	0	0	0	0	29	22	0	59	0	1	0	4	1	0	0	2	1	2	0	49	0	0	0	-12	0	0	3	-301	40	23	0	177
15:35:00	56100	92	66	3	1	0	0	0	0	0	0	0	0	44	29	0	74	0	0	0	4	0	0	0	2	6	4	0	51	0	0	0	-12	0	0	3	-304	42	33	0	186
15:40:00	56400	102	90	4	9	1	0	0	1	0	0	0	0	61	45	0	90	0	1	0	3	0	2	0	0	4	2	0	53	0	0	0	-12	0	0	4	-308	36	40	0	182
15:45:00	56700	74	75	3	5	0	1	0	0	0	0	0	0	40	41	0	89	0	0	0	3	0	0	0	0	4	3	0	54	0	0	0	-12	0	0	3	-311	30	30	0	182
15:50:00	57000	77	69	1	12	0	0	0	0	0	0	0	0	41	42	0	88	0	1	0	2	1	0	0	1	1	0	0	55	0	0	0	-12	0	0	1	-312	34	26	0	190
15:55:00	57300	56	75	3	-10	0	0	0	0	0	0	0	0	24	37	0	75	0	0	0	2	0	0	0	1	2	2	0	55	0	0	0	-12	0	0	3	-315	30	36	0	184
16:00:00	57600	87	82	3	-8	0	0	0	0	0	0	0	0	32	39	0	68	21	0	0	23	1	0	0	2	2	5	0	52	0	0	0	-12	0	0	3	-318	31	38	0	177
16:05:00	57900	82	81	3	-10	0	0	0	0	0	0	0	0	31	32	0	67	19	8	0	34	1	1	0	2	0	3	0	49	0	0	0	-12	0	0	3	-321	31	37	0	171
16:10:00	58200	71	78	1	-18	0	0	0	0	0	0	0	0	21	31	0	57	18	14	0	38	1	1	0	2	2	0	0	51	0	0	0	-12	0	0	1	-322	29	32	0	168
16:15:00	58500	83	86	1	-22	0	0	0	0	0	0	0	0	25	32	0	50	16	14	0	40	1	1	0	2	5	5	0	51	0	0	0	-12	0	0	1	-323	36	34	0	170
16:20:00	58800	91	67	0	2	1	0	0	1	0	0	0	0	34	23	0	61	17	12	0	45	0	1	0	1	2	2	0	51	0	0	0	-12	0	0	0	-323	37	29	0	178
16:25:00	59100	99	85	3	13	1	0	0	2	0	0	0	0	30	27	0	64	27	20	0	52	1	0	0	2	3	4	0	50	0	0	0	-12	0	0	3	-326	37	34	0	181
16:30:00	59400	113	88	5	33	0	1	0	1	0	0	0	0	36	33	0	67	31	13	0	70	1	0	0	3	4	5	0	49	0	0	0	-12	0	0	5	-331	41	36	0	186
16:35:00	59700	128	89	2	70	1	1	0	1	0	0	0	0	55	23	0	99	27	24	0	73	0	1	0	2	3	2	0	50	0	0	0	-12	0	0	2	-333	42	38	0	190
16:40:00	60000	132	126	6	70	1	1	0	1	0	0	0	0	58	48	0	109	20	25	0	68	1	1	0	2	5	6	0	49	0	0	0	-12	0	0	6	-339	47	45	0	192
16:45:00	60300	92	96	7	59	0	1	0	0	0	0	0	0	29	39	0	99	28	20	0	76	0	0	0	2	1	6	0	44	0	0	0	-12	0	0	7	-346	34	30	0	196
16:50:00	60600	135	112	4	78	0	0	0	0	0	0	0	0	49	51	0	97	47	32	0	91	0	0	0	2	3	1	0	46	0	0	0	-12	0	0	4	-350	36	28	0	204
16:55:00	60900	113	118	5	68	0	0	0	0	1	0	0	1	44	47	0	94	32	27	0	96	1	1	0	2	4	1	0	49	0	0	0	-12	0	0	5	-355	31	42	0	193
17:00:00	61200	146	105	4	105	0	0	0	0	0	0	0	1	68	38	0	124	19	29	0	86	1	0	0	3	2	7	0	44	0	0	0	-12	0	0	4	-359	56	31	0	218
17:05:00	61500	158	127	2	134	1	0	0	1	0	0	0	1	84	53	0	155	12	22	0	76	1	2	0	2	6	9	0	41	0	0	0	-12	0	0	2	-361	54	41	0	231
17:10:00	61800	134	136	7	125	0	0	0	1	0	0	0	1	59	61	0	153	16	20	0	72	2	1	0	3	2	3	0	40	0	0	0	-12	0	0	7	-368	55	51	0	235
17:15:00	62100	153	147	2	129	2	1	0	2	0	1	0	0	70	68	0	155	26	22	0	76	3	1	0	5	3	6	0	37	0	0	1	-13	0	0	1	-369	49	48	0	236
17:20:00	62400	144	131	7	135	0	1	0	1	1	0	0	1	76	63	0	168	14	22	0	68	0	1	0	4	3	2	0	38	0	0	0	-13	0	0	7	-376	50	42	0	244
17:25:00	62700	99	146	6	82	1	1	0	1	0	1	0	0	40	69	0	139	1	25	0	44	0	1	0	3	7	4	0	41	0	0	0	-13	0	0	6	-382	50	45	0	249
17:30:00	63000	80	109	3	50	1	0	0	2	0	0	0	0	49	59	0	129	1	11	0	34	0	1	0	2	6	2	0	45	0	0	0	-13	0	0	3	-385	23	36	0	236
17:35:00	63300	66	71	2	43	0	1	0	1	0	0	0	0	37	43	0	123	2	7	0	29	0	0	0	2	3	4	0	44	0	0	0	-13	0	0	2	-387	24	16	0	244
17:40:00	63600	55	77	3	18	0	1	0	0	0	0	0	0	25	42	0	106	1	5	0	25	0	2	0	0	4	2	0	46	0	0	0	-13	0	0	3	-390	25	25	0	244
17:45:00	63900	93	77	4	30	0	0	0	0	0	0	0	0	56	45	0	117	1	1	0	25	1	0	0	1	1	5	0	42	0	0	0	-13	0	0	4	-394	34	26	0	252
17:50:00	64200	71	77	5	19	0	0	0	0	0	0	0	0	37	41	0	113	0	6	0	19	1	0	0	2	4	4	0	42	0	0	0	-13	0	0	5	-399	29	26	0	255
17:55:00	64500	82	81	2	18	0	0	0	0	0	0	0	0	51	43	0	121	1	3	0	17	1	1	0	2	3	2	0	43	0	0	0	-13	0	0	2	-401	26	32	0	249
18:00:00	64800	64	86	4	-8	0	0	0	0	0	0	0	0	38	56	0	103	1	2	0	16	0	0	0	2	3	3	0	43	0	0	0	-13	0	0	4	-405	22	25	0	246
18:05:00	65100	61	74	2	-23	1	0	0	1	0	0	0	0	27	36	0	94	0	2	0	14	0	2	0	0	7	6	0	44	0	0	0	-13	0	0	2	-407	26	28	0	244
18:10:00	65400	36	60	2	-49	0	0	0	1	0	0	0	0	20	36	0	78	0	0	0	14	0	0	0	0	2	4	0	42	0	0	0	-13	0	0	2	-409	14	20	0	238
18:15:00	65700	39	61	0	-71	0	1	0	0	0	0	0	0	20	35	0	63	1	3	0	12	0	0	0	0	2	2	0	42	0	0	0	-13	0	0	0	-409	16	20	0	234
18:20:00	66000	60	58	2	-71	0	0	0	0	0	0	0	0	30	20	0	73	0	1	0	11	1	0	0	1	3	7	0	38	0	0	0	-13	0	0	2	-411	26	30	0	230
18:25:00	66300	42	54	3	-86	0	0	0	0	0	0	0	0	23	27	0	69	0	1	0	10	1	0	0	2	2	5	0	35	0	0	0	-13	0	0	3	-414	16	21	0	225
18:30:00	66600	39	53	4	-104	0	0	0	0	0	0	0	0	19	23	0	65	1	2	0	9	0	1	0	1	1	4	0	32	0	0	0	-13	0	0	4	-418	18	23	0	220
18:35:00	66900	53	59	4	-114	0	0	0	0	0	0	0	0	29	32	0	62	0	2	0	7	0	0	0	1	1	3	0	30	0	0	0	-13	0	0	4	-422	23	22	0	221
18:40:00	67200	29	52	2	-139	0	0	0	0	0	0	0	0	13	25	0	50	0	1	0	6	0	1	0	0	1	5	0	26	0	0	0	-13	0	0	2	-424	15	20	0	216
18:45:00	67500	27	44	2	-158	0	0	0	0	0	0	0	0	17	20	0	47	0	2	0	4	0	0	0	0	1	2	0	25	0	0	0	-13	0	0	2	-426	9	20	0	205
18:50:00	67800	14	30	2	-176	0	0	0	0	0	0	0	0	5	12	0	40	0	0	0	4	0	0	0	0	0	6	0	19	0	0	0	-13	0	0	2	-428	9	12	0	202
18:55:00	68100	19	33	0	-190	0	0	0	0	0	0	0	0	12	17	0	35	0	0	0	4	0	0	0	0	1	4	0	16	0	0	0	-13	0	0	0	-428	6	12	0	196
19:00:00	68400	54	32	3	-171	0	0	0	0	0	0	0	0	36	15	0	56	0	0	0	4	0	0	0	0	1	4	0	13	0	0	0	-13	0	0	3	-431	17	13	0	200
19:05:00	68700	66	34	4	-143	0	0	0	0	0	0	0	0	42	20	0	78	0	0	0	4	0	0	0	0	2	0	0	15	0	0	0	-13	0	0	4	-435	22	14	0	208
19:10:00	69000	47	45	6	-147	0	0	0	0	0	0	0	0	24	28	0	74	0	0	0	4	1	0	0	1	1	1	0	15	0	0	0	-13	0	0	6	-441	21	16	0	213
19:15:00	69300	50	59	4	-160	0	0	0	0	0	0	0	0	23	32	0	65	0	1	0	3	2	0	0	3	2	3	0	14	0	0	0	-13	0	0	4	-445	23	23	0	213
19:20:00	69600	55	53	3	-161	1	0	0	1	0	0	0	0	31	28	0	68	0	0	0	3	1	1	0	3	0	1	0	13	0	0	0	-13	0	0	3	-448	22	23	0	212
19:25:00	69900	80	57	2	-140	1	0	0	2	0	0	0	0	45	33	0	80	0	0	0	3	2	0	0	5	1	1	0	13	0	0	0	-13	0	0	2	-450	31	23	0	220
19:30:00	70200	58	52	1	-135	0	1	0	1	0	0	0	0	34	28	0	86	0	0	0	3	3	1	0	7	2	1	0	14	0	0	0	-13	0	0	1	-451	19	21	0	218
19:35:00	70500	47	64	0	-152	0	1	0	0	0	0	0	0	27	41	0	72	0	0	0	3	0	4	0	3	1	0	0	15	0	0	0	-13	0	0	0	-451	19	18	0	219
19:40:00	70800	35	47	1	-165	2	0	0	2	0	0	0	0	19	31	0	60	0	1	0	2	0	0	0	3	1	1	0	15	0	0	0	-13	0	0	1	-452	13	14	0	218
19:45:00	71100	57	49	2	-159	0	1	0	1	0	0	0	0	38	29	0	69	0	0	0	2	1	1	0	3	1	4	0	12	0	0	0	-13	0	0	2	-454	17	14	0	221
19:50:00	71400	42	53	2	-172	0	1	0	0	0	0	0	0	26	25	0	70	0	0	0	2	2	2	0	3	1	0	0	13	0	0	0	-13	0	0	2	-456	13	25	0	209
19:55:00	71700	44	53	0	-181	0	0	0	0	0	0	0	0	32	38	0	64	0	0	0	2	0	0	0	3	1	1	0	13	0	0	0	-13	0	0	0	-456	11	14	0	206
20:00:00	72000	13	45	2	-215	0	0	0	0	0	0	0	0	6	28	0	42	0	0	0	2	0	0	0	3	0	2	0	11	0	0	0	-13	0	0	2	-458	7	15	0	198
20:05:00	72300	12	38	1	-242	0	0	0	0	0	0	0	0	7	20	0	29	0	0	0	2	0	1	0	2	1	0	0	12	0	0	0	-13	0	0	1	-459	4	17	0	185
20:10:00	72600	5	17	1	-255	0	0	0	0	0	0	0	0	2	9	0	22	0	0	0	2	0	0	0	2	1	0	0	13	0	0	0	-13	0	0	1	-460	2	8	0	179
20:15:00	72900	12	29	2	-274	0	0	0	0	0	0	0	0	4	13	0	13	0	0	0	2	1	1	0	2	0	1	0	12	0	0	0	-13	0	0	2	-462	7	14	0	172
20:20:00	73200	5	14	1	-284	0	0	0	0	0	0	0	0	2	4	0	11	0	1	0	1	0	0	0	2	0	1	0	11	0	0	0	-13	0	0	1	-463	3	8	0	167
20:25:00	73500	7	14	2	-293	0	0	0	0	0	0	0	0	2	2	0	11	0	1	0	0	0	0	0	2	0	3	0	8	0	0	0	-13	0	0	2	-465	5	8	0	164
20:30:00	73800	12	18	2	-301	0	0	0	0	0	0	0	0	3	6	0	8	0	0	0	0	0	1	0	1	0	4	0	4	0	0	0	-13	0	0	2	-467	9	7	0	166
20:35:00	74100	4	7	0	-304	0	0	0	0	0	0	0	0	1	3	0	6	0	0	0	0	0	0	0	1	0	2	0	2	0	0	0	-13	0	0	0	-467	3	2	0	167
20:40:00	74400	5	9	0	-308	0	0	0	0	0	0	0	0	4	1	0	9	0	0	0	0	0	0	0	1	0	0	0	2	0	0	0	-13	0	0	0	-467	1	8	0	160
20:45:00	74700	5	10	2	-315	0	0	0	0	0	0	0	0	0	1	0	8	0	0	0	0	0	0	0	1	0	0	0	2	0	0	0	-13	0	0	2	-469	5	9	0	156
20:50:00	75000	5	6	1	-317	0	0	0	0	0	0	0	0	3	2	0	9	0	0	0	0	0	0	0	1	0	0	0	2	0	0	0	-13	0	0	1	-470	2	4	0	154
20:55:00	75300	2	11	0	-326	0	0	0	0	0	0	0	0	0	2	0	7	0	0	0	0	0	1	0	0	0	0	0	2	0	0	0	-13	0	0	0	-470	2	8	0	148
21:00:00	75600	10	14	3	-333	0	0	0	0	0	0	0	0	5	5	0	7	0	0	0	0	0	0	0	0	0	0	0	2	0	0	0	-13	0	0	3	-473	5	9	0	144
21:05:00	75900	5	11	1	-340	0	0	0	0	0	0	0	0	2	3	0	6	0	0	0	0	0	0	0	0	0	0	0	2	0	0	0	-13	0	0	1	-474	3	8	0	139
21:10:00	76200	5	11	2	-348	0	0	0	0	0	0	0	0	1	3	0	4	0	0	0	0	0	0	0	0	0	0	0	2	0	0	0	-13	0	0	2	-476	4	8	0	135
21:15:00	76500	3	9	1	-355	0	0	0	0	0	0	0	0	0	1	0	3	0	0	0	0	0	0	0	0	0	0	0	2	0	0	0	-13	0	0	1	-477	3	8	0	130
21:20:00	76800	3	6	2	-360	0	0	0	0	0	0	0	0	0	0	0	3	0	0	0	0	0	0	0	0	0	0	0	2	0	0	0	-13	0	0	2	-479	3	6	0	127
21:25:00	77100	3	4	2	-363	0	0	0	0	0	0	0	0	1	2	0	2	0	0	0	0	0	0	0	0	0	0	0	2	0	0	0	-13	0	0	2	-481	2	2	0	127
21:30:00	77400	1	1	0	-363	0	0	0	0	0	0	0	0	1	0	0	3	0	0	0	0	0	0	0	0	0	0	0	2	0	0	0	-13	0	0	0	-481	0	1	0	126
21:35:00	77700	0	3	0	-366	0	0	0	0	0	0	0	0	0	1	0	2	0	0	0	0	0	0	0	0	0	0	0	2	0	0	0	-13	0	0	0	-481	0	2	0	124
21:40:00	78000	1	3	1	-369	0	0	0	0	0	0	0	0	0	0	0	2	0	0	0	0	0	0	0	0	0	0	0	2	0	0	0	-13	0	0	1	-482	1	3	0	122
21:45:00	78300	1	7	1	-376	0	0	0	0	0	0	0	0	0	0	0	2	0	0	0	0	0	0	0	0	0	0	0	2	0	0	0	-13	0	0	1	-483	1	7	0	116
21:50:00	78600	1	2	0	-377	0	0	0	0	0	0	0	0	0	0	0	2	0	0	0	0	0	0	0	0	0	0	0	2	0	0	0	-13	0	0	0	-483	1	2	0	115
21:55:00	78900	1	3	0	-379	0	0	0	0	0	0	0	0	1	0	0	3	0	0	0	0	0	0	0	0	0	0	0	2	0	0	0	-13	0	0	0	-483	0	3	0	112
22:00:00	79200	2	2	1	-380	0	0	0	0	0	0	0	0	0	0	0	3	0	0	0	0	0	0	0	0	0	0	0	2	0	0	0	-13	0	0	1	-484	2	2	0	112
22:05:00	79500	1	5	0	-384	0	0	0	0	0	0	0	0	1	0	0	4	0	0	0	0	0	0	0	0	0	0	0	2	0	0	0	-13	0	0	0	-484	0	5	0	107
22:10:00	79800	1	3	1	-387	0	0	0	0	0	0	0	0	0	0	0	4	0	0	0	0	0	0	0	0	0	0	0	2	0	0	0	-13	0	0	1	-485	1	3	0	105
22:15:00	80100	4	4	1	-388	0	0	0	0	0	0	0	0	1	1	0	4	0	0	0	0	0	0	0	0	0	0	0	2	0	0	0	-13	0	0	1	-486	3	3	0	105
22:20:00	80400	4	5	0	-389	0	0	0	0	0	0	0	0	1	1	0	4	0	0	0	0	0	0	0	0	0	0	0	2	0	0	0	-13	0	0	0	-486	3	4	0	104
22:25:00	80700	0	2	0	-391	0	0	0	0	0	0	0	0	0	0	0	4	0	0	0	0	0	0	0	0	0	0	0	2	0	0	0	-13	0	0	0	-486	0	2	0	102
22:30:00	81000	1	3	0	-393	0	0	0	0	0	0	0	0	1	2	0	3	0	0	0	0	0	0	0	0	0	0	0	2	0	0	0	-13	0	0	0	-486	0	1	0	101
22:35:00	81300	2	2	1	-394	0	0	0	0	0	0	0	0	1	0	0	4	0	0	0	0	0	0	0	0	0	0	0	2	0	0	0	-13	0	0	1	-487	1	2	0	100
22:40:00	81600	4	5	0	-395	0	0	0	0	0	0	0	0	2	3	0	3	0	0	0	0	0	0	0	0	0	0	0	2	0	0	0	-13	0	0	0	-487	2	2	0	100
22:45:00	81900	2	4	1	-398	0	0	0	0	0	0	0	0	0	2	0	1	0	0	0	0	0	0	0	0	0	0	0	2	0	0	0	-13	0	0	1	-488	2	2	0	100
22:50:00	82200	2	6	1	-403	0	0	0	0	0	0	0	0	0	1	0	0	0	0	0	0	0	0	0	0	0	0	0	2	0	0	0	-13	0	0	1	-489	2	5	0	97
22:55:00	82500	2	2	2	-405	0	0	0	0	0	0	0	0	0	0	0	0	0	0	0	0	0	0	0	0	0	0	0	2	0	0	0	-13	0	0	2	-491	2	2	0	97
23:00:00	82800	0	0	0	-405	0	0	0	0	0	0	0	0	0	0	0	0	0	0	0	0	0	0	0	0	0	0	0	2	0	0	0	-13	0	0	0	-491	0	0	0	97
23:05:00	83100	0	1	0	-406	0	0	0	0	0	0	0	0	0	0	0	0	0	0	0	0	0	0	0	0	0	0	0	2	0	0	0	-13	0	0	0	-491	0	1	0	96
23:10:00	83400	1	1	1	-407	0	0	0	0	0	0	0	0	0	0	0	0	0	0	0	0	0	0	0	0	0	0	0	2	0	0	0	-13	0	0	1	-492	1	1	0	96
23:15:00	83700	2	3	0	-408	0	0	0	0	0	0	0	0	2	0	0	2	0	0	0	0	0	0	0	0	0	0	0	2	0	0	0	-13	0	0	0	-492	0	3	0	93
23:20:00	84000	5	7	4	-414	0	0	0	0	0	0	0	0	1	1	0	2	0	0	0	0	0	0	0	0	0	0	0	2	0	0	0	-13	0	0	4	-496	4	6	0	91
23:25:00	84300	4	3	0	-413	0	0	0	0	0	0	0	0	1	0	0	3	0	0	0	0	0	0	0	0	0	0	0	2	0	0	0	-13	0	0	0	-496	3	3	0	91
23:30:00	84600	2	6	1	-418	0	0	0	0	0	0	0	0	0	3	0	0	0	0	0	0	0	0	0	0	0	0	0	2	0	0	0	-13	0	0	1	-497	2	3	0	90
23:35:00	84900	1	0	0	-417	0	0	0	0	0	0	0	0	1	0	0	1	0	0	0	0	0	0	0	0	0	0	0	2	0	0	0	-13	0	0	0	-497	0	0	0	90
23:40:00	85200	3	1	0	-415	0	0	0	0	0	0	0	0	3	0	0	4	0	0	0	0	0	0	0	0	0	0	0	2	0	0	0	-13	0	0	0	-497	0	1	0	89
23:45:00	85500	2	3	0	-416	0	0	0	0	0	0	0	0	1	2	0	3	0	0	0	0	0	0	0	0	0	0	0	2	0	0	0	-13	0	0	0	-497	1	1	0	89
23:50:00	85800	2	5	0	-419	0	0	0	0	0	0	0	0	0	1	0	2	0	0	0	0	0	0	0	0	0	0	0	2	0	0	0	-13	0	0	0	-497	2	4	0	87
23:55:00	86100	3	5	1	-422	0	0	0	0	0	0	0	0	0	1	0	1	0	0	0	0	0	0	0	0	0	0	0	2	0	0	0	-13	0	0	1	-498	3	4	0	86
24:00:00	86400	4	2	0	-420	0	0	0	0	0	0	0	0	2	0	0	3	0	0	0	0	0	0	0	0	0	0	0	2	0	0	0	-13	0	0	0	-498	2	2	0	86
24:05:00	86700	2	4	0	-422	0	0	0	0	0	0	0	0	2	1	0	4	0	0	0	0	0	0	0	0	0	0	0	2	0	0	0	-13	0	0	0	-498	0	3	0	83
24:10:00	87000	4	6	2	-426	0	0	0	0	0	0	0	0	0	1	0	3	0	0	0	0	0	0	0	0	0	0	0	2	0	0	0	-13	0	0	2	-500	4	5	0	82
24:15:00	87300	4	5	1	-428	0	0	0	0	0	0	0	0	1	0	0	4	0	0	0	0	1	1	0	0	0	0	0	2	0	0	0	-13	0	0	1	-501	2	4	0	80
24:20:00	87600	2	3	0	-429	0	0	0	0	0	0	0	0	0	1	0	3	0	0	0	0	0	0	0	0	0	0	0	2	0	0	0	-13	0	0	0	-501	2	2	0	80
24:25:00	87900	1	2	1	-431	0	0	0	0	0	0	0	0	0	0	0	3	0	0	0	0	0	0	0	0	0	0	0	2	0	0	0	-13	0	0	1	-502	1	2	0	79
24:30:00	88200	3	6	1	-435	0	0	0	0	0	0	0	0	2	1	0	4	0	0	0	0	0	0	0	0	0	0	0	2	0	0	0	-13	0	0	1	-503	1	5	0	75
24:35:00	88500	2	3	0	-436	0	0	0	0	0	0	0	0	2	3	0	3	0	0	0	0	0	0	0	0	0	0	0	2	0	0	0	-13	0	0	0	-503	0	0	0	75
24:40:00	88800	0	1	0	-437	0	0	0	0	0	0	0	0	0	0	0	3	0	0	0	0	0	0	0	0	0	0	0	2	0	0	0	-13	0	0	0	-503	0	1	0	74
24:45:00	89100	1	2	0	-438	0	0	0	0	0	0	0	0	1	0	0	4	0	0	0	0	0	0	0	0	0	0	0	2	0	0	0	-13	0	0	0	-503	0	2	0	72
24:50:00	89400	2	3	0	-439	0	0	0	0	0	0	0	0	1	2	0	3	0	0	0	0	0	0	0	0	0	0	0	2	0	0	0	-13	0	0	0	-503	1	1	0	72
24:55:00	89700	0	0	0	-439	0	0	0	0	0	0	0	0	0	0	0	3	0	0	0	0	0	0	0	0	0	0	0	2	0	0	0	-13	0	0	0	-503	0	0	0	72
25:00:00	90000	1	1	0	-439	0	0	0	0	0	0	0	0	1	1	0	3	0	0	0	0	0	0	0	0	0	0	0	2	0	0	0	-13	0	0	0	-503	0	0	0	72
25:05:00	90300	0	1	0	-440	0	0	0	0	0	0	0	0	0	1	0	2	0	0	0	0	0	0	0	0	0	0	0	2	0	0	0	-13	0	0	0	-503	0	0	0	72
25:10:00	90600	2	3	0	-441	0	0	0	0	0	0	0	0	0	1	0	1	0	0	0	0	0	0	0	0	0	0	0	2	0	0	0	-13	0	0	0	-503	2	2	0	72
25:15:00	90900	3	3	0	-441	0	0	0	0	0	0	0	0	2	0	0	3	0	0	0	0	0	0	0	0	0	0	0	2	0	0	0	-13	0	0	0	-503	1	3	0	70
25:20:00	91200	0	2	0	-443	0	0	0	0	0	0	0	0	0	1	0	2	0	0	0	0	0	0	0	0	0	0	0	2	0	0	0	-13	0	0	0	-503	0	1	0	69
25:25:00	91500	2	3	0	-444	0	0	0	0	0	0	0	0	2	1	0	3	0	0	0	0	0	0	0	0	0	0	0	2	0	0	0	-13	0	0	0	-503	0	2	0	67
25:30:00	91800	0	1	0	-445	0	0	0	0	0	0	0	0	0	0	0	3	0	0	0	0	0	0	0	0	0	0	0	2	0	0	0	-13	0	0	0	-503	0	1	0	66
25:35:00	92100	0	0	0	-445	0	0	0	0	0	0	0	0	0	0	0	3	0	0	0	0	0	0	0	0	0	0	0	2	0	0	0	-13	0	0	0	-503	0	0	0	66
25:40:00	92400	0	2	0	-447	0	0	0	0	0	0	0	0	0	1	0	2	0	0	0	0	0	0	0	0	0	0	0	2	0	0	0	-13	0	0	0	-503	0	1	0	65
25:45:00	92700	2	2	1	-448	0	0	0	0	0	0	0	0	1	0	0	3	0	0	0	0	0	0	0	0	0	0	0	2	0	0	0	-13	0	0	1	-504	1	2	0	64
25:50:00	93000	0	0	0	-448	0	0	0	0	0	0	0	0	0	0	0	3	0	0	0	0	0	0	0	0	0	0	0	2	0	0	0	-13	0	0	0	-504	0	0	0	64
25:55:00	93300	0	1	0	-449	0	0	0	0	0	0	0	0	0	1	0	2	0	0	0	0	0	0	0	0	0	0	0	2	0	0	0	-13	0	0	0	-504	0	0	0	64
26:00:00	93600	2	4	0	-451	0	0	0	0	0	0	0	0	1	1	0	2	0	0	0	0	0	0	0	0	0	0	0	2	0	0	0	-13	0	0	0	-504	1	3	0	62
26:05:00	93900	3	3	2	-453	0	0	0	0	0	0	0	0	1	0	0	3	0	0	0	0	0	0	0	0	0	0	0	2	0	0	0	-13	0	0	2	-506	2	3	0	61
26:10:00	94200	1	1	0	-453	0	0	0	0	0	0	0	0	1	0	0	4	0	0	0	0	0	0	0	0	0	0	0	2	0	0	0	-13	0	0	0	-506	0	1	0	60
26:15:00	94500	3	3	0	-453	0	0	0	0	0	0	0	0	0	0	0	4	0	0	0	0	1	0	0	1	0	0	0	2	0	0	0	-13	0	0	0	-506	2	3	0	59
26:20:00	94800	2	5	0	-456	0	0	0	0	0	0	0	0	1	1	0	4	0	0	0	0	0	1	0	0	0	0	0	2	0	0	0	-13	0	0	0	-506	1	3	0	57
26:25:00	95100	3	2	1	-456	0	0	0	0	0	0	0	0	0	1	0	3	0	0	0	0	0	0	0	0	0	0	0	2	0	0	0	-13	0	0	1	-507	3	1	0	59
26:30:00	95400	1	2	0	-457	0	0	0	0	0	0	0	0	0	1	0	2	0	0	0	0	0	0	0	0	0	0	0	2	0	0	0	-13	0	0	0	-507	1	1	0	59
26:35:00	95700	1	1	0	-457	0	0	0	0	0	0	0	0	1	0	0	3	0	0	0	0	0	0	0	0	0	0	0	2	0	0	0	-13	0	0	0	-507	0	1	0	58
26:40:00	96000	0	0	0	-457	0	0	0	0	0	0	0	0	0	0	0	3	0	0	0	0	0	0	0	0	0	0	0	2	0	0	0	-13	0	0	0	-507	0	0	0	58
26:45:00	96300	1	1	0	-457	0	0	0	0	0	0	0	0	1	1	0	3	0	0	0	0	0	0	0	0	0	0	0	2	0	0	0	-13	0	0	0	-507	0	0	0	58
26:50:00	96600	0	2	0	-459	0	0	0	0	0	0	0	0	0	0	0	3	0	0	0	0	0	0	0	0	0	0	0	2	0	0	0	-13	0	0	0	-507	0	2	0	56
26:55:00	96900	5	5	2	-461	0	0	0	0	0	0	0	0	1	2	0	2	0	0	0	0	0	0	0	0	0	0	0	2	0	0	0	-13	0	0	2	-509	4	3	0	57
27:00:00	97200	1	2	1	-463	0	0	0	0	0	0	0	0	0	0	0	2	0	0	0	0	0	0	0	0	0	0	0	2	0	0	0	-13	0	0	1	-510	1	2	0	56
27:05:00	97500	0	0	0	-463	0	0	0	0	0	0	0	0	0	0	0	2	0	0	0	0	0	0	0	0	0	0	0	2	0	0	0	-13	0	0	0	-510	0	0	0	56
27:10:00	97800	1	2	0	-464	0	0	0	0	0	0	0	0	1	1	0	2	0	0	0	0	0	0	0	0	0	0	0	2	0	0	0	-13	0	0	0	-510	0	1	0	55
27:15:00	98100	0	0	0	-464	0	0	0	0	0	0	0	0	0	0	0	2	0	0	0	0	0	0	0	0	0	0	0	2	0	0	0	-13	0	0	0	-510	0	0	0	55
27:20:00	98400	0	1	0	-465	0	0	0	0	0	0	0	0	0	1	0	1	0	0	0	0	0	0	0	0	0	0	0	2	0	0	0	-13	0	0	0	-510	0	0	0	55
27:25:00	98700	0	0	0	-465	0	0	0	0	0	0	0	0	0	0	0	1	0	0	0	0	0	0	0	0	0	0	0	2	0	0	0	-13	0	0	0	-510	0	0	0	55
27:30:00	99000	0	0	0	-465	0	0	0	0	0	0	0	0	0	0	0	1	0	0	0	0	0	0	0	0	0	0	0	2	0	0	0	-13	0	0	0	-510	0	0	0	55
27:35:00	99300	1	2	0	-466	0	0	0	0	0	0	0	0	0	0	0	1	0	0	0	0	0	0	0	0	0	0	0	2	0	0	0	-13	0	0	0	-510	1	2	0	54
27:40:00	99600	3	3	1	-467	0	0	0	0	0	0	0	0	1	1	0	1	0	0	0	0	0	0	0	0	0	0	0	2	0	0	0	-13	0	0	1	-511	2	2	0	54
27:45:00	99900	1	3	1	-470	0	0	0	0	0	0	0	0	0	0	0	1	0	0	0	0	0	0	0	0	0	0	0	2	0	0	0	-13	0	0	1	-512	1	3	0	52
27:50:00	100200	3	2	0	-469	0	0	0	0	0	0	0	0	0	0	0	1	0	0	0	0	1	0	0	1	0	0	0	2	0	0	0	-13	0	0	0	-512	2	2	0	52
27:55:00	100500	2	3	0	-470	0	0	0	0	0	0	0	0	0	0	0	1	0	0	0	0	0	1	0	0	0	0	0	2	0	0	0	-13	0	0	0	-512	2	2	0	52
28:00:00	100800	2	2	1	-471	0	0	0	0	0	0	0	0	1	1	0	1	0	0	0	0	0	0	0	0	0	0	0	2	0	0	0	-13	0	0	1	-513	1	1	0	52
28:05:00	101100	0	0	0	-471	0	0	0	0	0	0	0	0	0	0	0	1	0	0	0	0	0	0	0	0	0	0	0	2	0	0	0	-13	0	0	0	-513	0	0	0	52
28:10:00	101400	1	2	0	-472	0	0	0	0	0	0	0	0	0	0	0	1	0	0	0	0	0	0	0	0	0	0	0	2	0	0	0	-13	0	0	0	-513	1	2	0	51
28:15:00	101700	0	1	0	-473	0	0	0	0	0	0	0	0	0	0	0	1	0	0	0	0	0	0	0	0	0	0	0	2	0	0	0	-13	0	0	0	-513	0	1	0	50
28:20:00	102000	0	0	0	-473	0	0	0	0	0	0	0	0	0	0	0	1	0	0	0	0	0	0	0	0	0	0	0	2	0	0	0	-13	0	0	0	-513	0	0	0	50
28:25:00	102300	1	1	0	-473	0	0	0	0	0	0	0	0	1	1	0	1	0	0	0	0	0	0	0	0	0	0	0	2	0	0	0	-13	0	0	0	-513	0	0	0	50
28:30:00	102600	0	0	0	-473	0	0	0	0	0	0	0	0	0	0	0	1	0	0	0	0	0	0	0	0	0	0	0	2	0	0	0	-13	0	0	0	-513	0	0	0	50
28:35:00	102900	1	1	0	-473	0	0	0	0	0	0	0	0	1	1	0	1	0	0	0	0	0	0	0	0	0	0	0	2	0	0	0	-13	0	0	0	-513	0	0	0	50
28:40:00	103200	0	0	0	-473	0	0	0	0	0	0	0	0	0	0	0	1	0	0	0	0	0	0	0	0	0	0	0	2	0	0	0	-13	0	0	0	-513	0	0	0	50
28:45:00	103500	1	1	0	-473	0	0	0	0	0	0	0	0	0	1	0	0	0	0	0	0	0	0	0	0	0	0	0	2	0	0	0	-13	0	0	0	-513	1	0	0	51
28:50:00	103800	1	1	0	-473	0	0	0	0	0	0	0	0	1	0	0	1	0	0	0	0	0	0	0	0	0	0	0	2	0	0	0	-13	0	0	0	-513	0	1	0	50
28:55:00	104100	1	2	0	-474	0	0	0	0	0	0	0	0	1	1	0	1	0	0	0	0	0	0	0	0	0	0	0	2	0	0	0	-13	0	0	0	-513	0	1	0	49
29:00:00	104400	2	2	1	-475	0	0	0	0	0	0	0	0	0	0	0	1	0	0	0	0	0	0	0	0	0	0	0	2	0	0	0	-13	0	0	1	-514	2	2	0	49
29:05:00	104700	1	3	0	-477	0	0	0	0	0	0	0	0	1	1	0	1	0	0	0	0	0	0	0	0	0	0	0	2	0	0	0	-13	0	0	0	-514	0	2	0	47
29:10:00	105000	2	4	1	-480	0	0	0	0	0	0	0	0	1	2	0	0	0	0	0	0	0	0	0	0	0	0	0	2	0	0	0	-13	0	0	1	-515	1	2	0	46
29:15:00	105300	0	0	0	-480	0	0	0	0	0	0	0	0	0	0	0	0	0	0	0	0	0	0	0	0	0	0	0	2	0	0	0	-13	0	0	0	-515	0	0	0	46
29:20:00	105600	0	0	0	-480	0	0	0	0	0	0	0	0	0	0	0	0	0	0	0	0	0	0	0	0	0	0	0	2	0	0	0	-13	0	0	0	-515	0	0	0	46
29:25:00	105900	1	2	0	-481	0	0	0	0	0	0	0	0	0	0	0	0	0	0	0	0	0	0	0	0	0	0	0	2	0	0	0	-13	0	0	0	-515	1	2	0	45
29:30:00	106200	1	2	0	-482	0	0	0	0	0	0	0	0	1	1	0	0	0	0	0	0	0	0	0	0	0	0	0	2	0	0	0	-13	0	0	0	-515	0	1	0	44
29:35:00	106500	0	0	0	-482	0	0	0	0	0	0	0	0	0	0	0	0	0	0	0	0	0	0	0	0	0	0	0	2	0	0	0	-13	0	0	0	-515	0	0	0	44
29:40:00	106800	1	1	0	-482	0	0	0	0	0	0	0	0	0	0	0	0	0	0	0	0	0	0	0	0	0	0	0	2	0	0	0	-13	0	0	0	-515	1	1	0	44
29:45:00	107100	0	1	0	-483	0	0	0	0	0	0	0	0	0	0	0	0	0	0	0	0	0	0	0	0	0	0	0	2	0	0	0	-13	0	0	0	-515	0	1	0	43
29:50:00	107400	1	2	1	-485	0	0	0	0	0	0	0	0	0	0	0	0	0	0	0	0	0	0	0	0	0	0	0	2	0	0	0	-13	0	0	1	-516	1	2	0	42
29:55:00	107700	0	1	0	-486	0	0	0	0	0	0	0	0	0	0	0	0	0	0	0	0	0	0	0	0	0	0	0	2	0	0	0	-13	0	0	0	-516	0	1	0	41
30:00:00	108000	0	0	43	-529	0	0	0	0	0	0	0	0	0	0	0	0	0	0	0	0	0	0	0	0	0	0	2	0	0	0	0	-13	0	0	0	-516	0	0	41	0
30:05:00	108300	0	0	0	-529	0	0	0	0	0	0	0	0	0	0	0	0	0	0	0	0	0	0	0	0	0	0	0	0	0	0	0	-13	0	0	0	-516	0	0	0	0
