time	time	departures_all	arrivals_all	stuck_all	en-route_all	departures_Shared-Bike	arrivals_Shared-Bike	stuck_Shared-Bike	en-route_Shared-Bike	departures_bike	arrivals_bike	stuck_bike	en-route_bike	departures_car	arrivals_car	stuck_car	en-route_car	departures_car_passenger	arrivals_car_passenger	stuck_car_passenger	en-route_car_passenger	departures_eScooter	arrivals_eScooter	stuck_eScooter	en-route_eScooter	departures_pt	arrivals_pt	stuck_pt	en-route_pt	departures_sharing:standardBikeShare	arrivals_sharing:standardBikeShare	stuck_sharing:standardBikeShare	en-route_sharing:standardBikeShare	departures_sharing:standardeScooter	arrivals_sharing:standardeScooter	stuck_sharing:standardeScooter	en-route_sharing:standardeScooter	departures_walk	arrivals_walk	stuck_walk	en-route_walk
00:00:00	0	0	0	0	0	0	0	0	0	0	0	0	0	0	0	0	0	0	0	0	0	0	0	0	0	0	0	0	0	0	0	0	0	0	0	0	0	0	0	0	0
00:05:00	300	0	0	0	0	0	0	0	0	0	0	0	0	0	0	0	0	0	0	0	0	0	0	0	0	0	0	0	0	0	0	0	0	0	0	0	0	0	0	0	0
00:10:00	600	0	0	0	0	0	0	0	0	0	0	0	0	0	0	0	0	0	0	0	0	0	0	0	0	0	0	0	0	0	0	0	0	0	0	0	0	0	0	0	0
00:15:00	900	0	0	0	0	0	0	0	0	0	0	0	0	0	0	0	0	0	0	0	0	0	0	0	0	0	0	0	0	0	0	0	0	0	0	0	0	0	0	0	0
00:20:00	1200	0	0	0	0	0	0	0	0	0	0	0	0	0	0	0	0	0	0	0	0	0	0	0	0	0	0	0	0	0	0	0	0	0	0	0	0	0	0	0	0
00:25:00	1500	0	0	0	0	0	0	0	0	0	0	0	0	0	0	0	0	0	0	0	0	0	0	0	0	0	0	0	0	0	0	0	0	0	0	0	0	0	0	0	0
00:30:00	1800	0	0	0	0	0	0	0	0	0	0	0	0	0	0	0	0	0	0	0	0	0	0	0	0	0	0	0	0	0	0	0	0	0	0	0	0	0	0	0	0
00:35:00	2100	0	0	0	0	0	0	0	0	0	0	0	0	0	0	0	0	0	0	0	0	0	0	0	0	0	0	0	0	0	0	0	0	0	0	0	0	0	0	0	0
00:40:00	2400	0	0	0	0	0	0	0	0	0	0	0	0	0	0	0	0	0	0	0	0	0	0	0	0	0	0	0	0	0	0	0	0	0	0	0	0	0	0	0	0
00:45:00	2700	0	0	0	0	0	0	0	0	0	0	0	0	0	0	0	0	0	0	0	0	0	0	0	0	0	0	0	0	0	0	0	0	0	0	0	0	0	0	0	0
00:50:00	3000	0	0	0	0	0	0	0	0	0	0	0	0	0	0	0	0	0	0	0	0	0	0	0	0	0	0	0	0	0	0	0	0	0	0	0	0	0	0	0	0
00:55:00	3300	0	0	0	0	0	0	0	0	0	0	0	0	0	0	0	0	0	0	0	0	0	0	0	0	0	0	0	0	0	0	0	0	0	0	0	0	0	0	0	0
01:00:00	3600	0	0	0	0	0	0	0	0	0	0	0	0	0	0	0	0	0	0	0	0	0	0	0	0	0	0	0	0	0	0	0	0	0	0	0	0	0	0	0	0
01:05:00	3900	0	0	0	0	0	0	0	0	0	0	0	0	0	0	0	0	0	0	0	0	0	0	0	0	0	0	0	0	0	0	0	0	0	0	0	0	0	0	0	0
01:10:00	4200	0	0	0	0	0	0	0	0	0	0	0	0	0	0	0	0	0	0	0	0	0	0	0	0	0	0	0	0	0	0	0	0	0	0	0	0	0	0	0	0
01:15:00	4500	0	0	0	0	0	0	0	0	0	0	0	0	0	0	0	0	0	0	0	0	0	0	0	0	0	0	0	0	0	0	0	0	0	0	0	0	0	0	0	0
01:20:00	4800	0	0	0	0	0	0	0	0	0	0	0	0	0	0	0	0	0	0	0	0	0	0	0	0	0	0	0	0	0	0	0	0	0	0	0	0	0	0	0	0
01:25:00	5100	0	0	0	0	0	0	0	0	0	0	0	0	0	0	0	0	0	0	0	0	0	0	0	0	0	0	0	0	0	0	0	0	0	0	0	0	0	0	0	0
01:30:00	5400	0	0	0	0	0	0	0	0	0	0	0	0	0	0	0	0	0	0	0	0	0	0	0	0	0	0	0	0	0	0	0	0	0	0	0	0	0	0	0	0
01:35:00	5700	0	0	0	0	0	0	0	0	0	0	0	0	0	0	0	0	0	0	0	0	0	0	0	0	0	0	0	0	0	0	0	0	0	0	0	0	0	0	0	0
01:40:00	6000	0	0	0	0	0	0	0	0	0	0	0	0	0	0	0	0	0	0	0	0	0	0	0	0	0	0	0	0	0	0	0	0	0	0	0	0	0	0	0	0
01:45:00	6300	0	0	0	0	0	0	0	0	0	0	0	0	0	0	0	0	0	0	0	0	0	0	0	0	0	0	0	0	0	0	0	0	0	0	0	0	0	0	0	0
01:50:00	6600	0	0	0	0	0	0	0	0	0	0	0	0	0	0	0	0	0	0	0	0	0	0	0	0	0	0	0	0	0	0	0	0	0	0	0	0	0	0	0	0
01:55:00	6900	0	0	0	0	0	0	0	0	0	0	0	0	0	0	0	0	0	0	0	0	0	0	0	0	0	0	0	0	0	0	0	0	0	0	0	0	0	0	0	0
02:00:00	7200	0	0	0	0	0	0	0	0	0	0	0	0	0	0	0	0	0	0	0	0	0	0	0	0	0	0	0	0	0	0	0	0	0	0	0	0	0	0	0	0
02:05:00	7500	0	0	0	0	0	0	0	0	0	0	0	0	0	0	0	0	0	0	0	0	0	0	0	0	0	0	0	0	0	0	0	0	0	0	0	0	0	0	0	0
02:10:00	7800	0	0	0	0	0	0	0	0	0	0	0	0	0	0	0	0	0	0	0	0	0	0	0	0	0	0	0	0	0	0	0	0	0	0	0	0	0	0	0	0
02:15:00	8100	0	0	0	0	0	0	0	0	0	0	0	0	0	0	0	0	0	0	0	0	0	0	0	0	0	0	0	0	0	0	0	0	0	0	0	0	0	0	0	0
02:20:00	8400	0	0	0	0	0	0	0	0	0	0	0	0	0	0	0	0	0	0	0	0	0	0	0	0	0	0	0	0	0	0	0	0	0	0	0	0	0	0	0	0
02:25:00	8700	0	0	0	0	0	0	0	0	0	0	0	0	0	0	0	0	0	0	0	0	0	0	0	0	0	0	0	0	0	0	0	0	0	0	0	0	0	0	0	0
02:30:00	9000	0	0	0	0	0	0	0	0	0	0	0	0	0	0	0	0	0	0	0	0	0	0	0	0	0	0	0	0	0	0	0	0	0	0	0	0	0	0	0	0
02:35:00	9300	0	0	0	0	0	0	0	0	0	0	0	0	0	0	0	0	0	0	0	0	0	0	0	0	0	0	0	0	0	0	0	0	0	0	0	0	0	0	0	0
02:40:00	9600	0	0	0	0	0	0	0	0	0	0	0	0	0	0	0	0	0	0	0	0	0	0	0	0	0	0	0	0	0	0	0	0	0	0	0	0	0	0	0	0
02:45:00	9900	0	0	0	0	0	0	0	0	0	0	0	0	0	0	0	0	0	0	0	0	0	0	0	0	0	0	0	0	0	0	0	0	0	0	0	0	0	0	0	0
02:50:00	10200	0	0	0	0	0	0	0	0	0	0	0	0	0	0	0	0	0	0	0	0	0	0	0	0	0	0	0	0	0	0	0	0	0	0	0	0	0	0	0	0
02:55:00	10500	0	0	0	0	0	0	0	0	0	0	0	0	0	0	0	0	0	0	0	0	0	0	0	0	0	0	0	0	0	0	0	0	0	0	0	0	0	0	0	0
03:00:00	10800	0	0	0	0	0	0	0	0	0	0	0	0	0	0	0	0	0	0	0	0	0	0	0	0	0	0	0	0	0	0	0	0	0	0	0	0	0	0	0	0
03:05:00	11100	0	0	0	0	0	0	0	0	0	0	0	0	0	0	0	0	0	0	0	0	0	0	0	0	0	0	0	0	0	0	0	0	0	0	0	0	0	0	0	0
03:10:00	11400	0	0	0	0	0	0	0	0	0	0	0	0	0	0	0	0	0	0	0	0	0	0	0	0	0	0	0	0	0	0	0	0	0	0	0	0	0	0	0	0
03:15:00	11700	0	0	0	0	0	0	0	0	0	0	0	0	0	0	0	0	0	0	0	0	0	0	0	0	0	0	0	0	0	0	0	0	0	0	0	0	0	0	0	0
03:20:00	12000	0	0	0	0	0	0	0	0	0	0	0	0	0	0	0	0	0	0	0	0	0	0	0	0	0	0	0	0	0	0	0	0	0	0	0	0	0	0	0	0
03:25:00	12300	0	0	0	0	0	0	0	0	0	0	0	0	0	0	0	0	0	0	0	0	0	0	0	0	0	0	0	0	0	0	0	0	0	0	0	0	0	0	0	0
03:30:00	12600	0	0	0	0	0	0	0	0	0	0	0	0	0	0	0	0	0	0	0	0	0	0	0	0	0	0	0	0	0	0	0	0	0	0	0	0	0	0	0	0
03:35:00	12900	0	0	0	0	0	0	0	0	0	0	0	0	0	0	0	0	0	0	0	0	0	0	0	0	0	0	0	0	0	0	0	0	0	0	0	0	0	0	0	0
03:40:00	13200	0	0	0	0	0	0	0	0	0	0	0	0	0	0	0	0	0	0	0	0	0	0	0	0	0	0	0	0	0	0	0	0	0	0	0	0	0	0	0	0
03:45:00	13500	0	0	0	0	0	0	0	0	0	0	0	0	0	0	0	0	0	0	0	0	0	0	0	0	0	0	0	0	0	0	0	0	0	0	0	0	0	0	0	0
03:50:00	13800	0	0	0	0	0	0	0	0	0	0	0	0	0	0	0	0	0	0	0	0	0	0	0	0	0	0	0	0	0	0	0	0	0	0	0	0	0	0	0	0
03:55:00	14100	0	0	0	0	0	0	0	0	0	0	0	0	0	0	0	0	0	0	0	0	0	0	0	0	0	0	0	0	0	0	0	0	0	0	0	0	0	0	0	0
04:00:00	14400	0	0	0	0	0	0	0	0	0	0	0	0	0	0	0	0	0	0	0	0	0	0	0	0	0	0	0	0	0	0	0	0	0	0	0	0	0	0	0	0
04:05:00	14700	0	0	0	0	0	0	0	0	0	0	0	0	0	0	0	0	0	0	0	0	0	0	0	0	0	0	0	0	0	0	0	0	0	0	0	0	0	0	0	0
04:10:00	15000	0	0	0	0	0	0	0	0	0	0	0	0	0	0	0	0	0	0	0	0	0	0	0	0	0	0	0	0	0	0	0	0	0	0	0	0	0	0	0	0
04:15:00	15300	0	0	0	0	0	0	0	0	0	0	0	0	0	0	0	0	0	0	0	0	0	0	0	0	0	0	0	0	0	0	0	0	0	0	0	0	0	0	0	0
04:20:00	15600	0	0	0	0	0	0	0	0	0	0	0	0	0	0	0	0	0	0	0	0	0	0	0	0	0	0	0	0	0	0	0	0	0	0	0	0	0	0	0	0
04:25:00	15900	0	0	0	0	0	0	0	0	0	0	0	0	0	0	0	0	0	0	0	0	0	0	0	0	0	0	0	0	0	0	0	0	0	0	0	0	0	0	0	0
04:30:00	16200	0	0	0	0	0	0	0	0	0	0	0	0	0	0	0	0	0	0	0	0	0	0	0	0	0	0	0	0	0	0	0	0	0	0	0	0	0	0	0	0
04:35:00	16500	0	0	0	0	0	0	0	0	0	0	0	0	0	0	0	0	0	0	0	0	0	0	0	0	0	0	0	0	0	0	0	0	0	0	0	0	0	0	0	0
04:40:00	16800	0	0	0	0	0	0	0	0	0	0	0	0	0	0	0	0	0	0	0	0	0	0	0	0	0	0	0	0	0	0	0	0	0	0	0	0	0	0	0	0
04:45:00	17100	0	0	0	0	0	0	0	0	0	0	0	0	0	0	0	0	0	0	0	0	0	0	0	0	0	0	0	0	0	0	0	0	0	0	0	0	0	0	0	0
04:50:00	17400	0	0	0	0	0	0	0	0	0	0	0	0	0	0	0	0	0	0	0	0	0	0	0	0	0	0	0	0	0	0	0	0	0	0	0	0	0	0	0	0
04:55:00	17700	0	0	0	0	0	0	0	0	0	0	0	0	0	0	0	0	0	0	0	0	0	0	0	0	0	0	0	0	0	0	0	0	0	0	0	0	0	0	0	0
05:00:00	18000	0	0	0	0	0	0	0	0	0	0	0	0	0	0	0	0	0	0	0	0	0	0	0	0	0	0	0	0	0	0	0	0	0	0	0	0	0	0	0	0
05:05:00	18300	0	0	0	0	0	0	0	0	0	0	0	0	0	0	0	0	0	0	0	0	0	0	0	0	0	0	0	0	0	0	0	0	0	0	0	0	0	0	0	0
05:10:00	18600	0	0	0	0	0	0	0	0	0	0	0	0	0	0	0	0	0	0	0	0	0	0	0	0	0	0	0	0	0	0	0	0	0	0	0	0	0	0	0	0
05:15:00	18900	0	0	0	0	0	0	0	0	0	0	0	0	0	0	0	0	0	0	0	0	0	0	0	0	0	0	0	0	0	0	0	0	0	0	0	0	0	0	0	0
05:20:00	19200	0	0	0	0	0	0	0	0	0	0	0	0	0	0	0	0	0	0	0	0	0	0	0	0	0	0	0	0	0	0	0	0	0	0	0	0	0	0	0	0
05:25:00	19500	0	0	0	0	0	0	0	0	0	0	0	0	0	0	0	0	0	0	0	0	0	0	0	0	0	0	0	0	0	0	0	0	0	0	0	0	0	0	0	0
05:30:00	19800	0	0	0	0	0	0	0	0	0	0	0	0	0	0	0	0	0	0	0	0	0	0	0	0	0	0	0	0	0	0	0	0	0	0	0	0	0	0	0	0
05:35:00	20100	0	0	0	0	0	0	0	0	0	0	0	0	0	0	0	0	0	0	0	0	0	0	0	0	0	0	0	0	0	0	0	0	0	0	0	0	0	0	0	0
05:40:00	20400	0	0	0	0	0	0	0	0	0	0	0	0	0	0	0	0	0	0	0	0	0	0	0	0	0	0	0	0	0	0	0	0	0	0	0	0	0	0	0	0
05:45:00	20700	0	0	0	0	0	0	0	0	0	0	0	0	0	0	0	0	0	0	0	0	0	0	0	0	0	0	0	0	0	0	0	0	0	0	0	0	0	0	0	0
05:50:00	21000	0	0	0	0	0	0	0	0	0	0	0	0	0	0	0	0	0	0	0	0	0	0	0	0	0	0	0	0	0	0	0	0	0	0	0	0	0	0	0	0
05:55:00	21300	0	0	0	0	0	0	0	0	0	0	0	0	0	0	0	0	0	0	0	0	0	0	0	0	0	0	0	0	0	0	0	0	0	0	0	0	0	0	0	0
06:00:00	21600	4	0	0	4	0	0	0	0	0	0	0	0	2	0	0	2	0	0	0	0	0	0	0	0	0	0	0	0	0	0	0	0	0	0	0	0	2	0	0	2
06:05:00	21900	4	0	0	8	0	0	0	0	0	0	0	0	3	0	0	5	0	0	0	0	0	0	0	0	0	0	0	0	0	0	0	0	0	0	0	0	1	0	0	3
06:10:00	22200	3	2	0	9	0	0	0	0	0	0	0	0	3	1	0	7	0	0	0	0	0	0	0	0	0	0	0	0	0	0	0	0	0	0	0	0	0	1	0	2
06:15:00	22500	1	2	0	8	0	0	0	0	0	0	0	0	0	2	0	5	0	0	0	0	0	0	0	0	0	0	0	0	0	0	0	0	0	0	0	0	1	0	0	3
06:20:00	22800	4	2	1	9	0	0	0	0	0	0	0	0	3	1	0	7	0	0	0	0	0	0	0	0	0	0	0	0	0	0	0	0	0	0	1	-1	1	1	0	3
06:25:00	23100	6	4	0	11	0	0	0	0	0	0	0	0	3	3	0	7	0	0	0	0	0	0	0	0	0	0	0	0	0	0	0	0	0	0	0	-1	3	1	0	5
06:30:00	23400	43	3	1	50	0	0	0	0	0	0	0	0	32	1	0	38	0	0	0	0	1	0	0	1	0	0	0	0	0	0	0	0	0	0	1	-2	10	2	0	13
06:35:00	23700	38	24	3	61	0	0	0	0	0	0	0	0	24	17	0	45	0	0	0	0	0	0	0	1	0	0	0	0	0	0	0	0	0	0	3	-5	14	7	0	20
06:40:00	24000	37	19	0	79	1	1	0	0	0	0	0	0	26	14	0	57	0	0	0	0	0	0	0	1	3	0	0	3	0	0	0	0	0	0	0	-5	7	4	0	23
06:45:00	24300	38	36	1	80	0	0	0	0	0	0	0	0	15	25	0	47	0	0	0	0	0	1	0	0	2	0	0	5	0	0	0	0	0	0	1	-6	21	10	0	34
06:50:00	24600	45	28	0	97	0	0	0	0	0	0	0	0	22	20	0	49	0	0	0	0	3	0	0	3	1	0	0	6	0	0	0	0	0	0	0	-6	19	8	0	45
06:55:00	24900	82	40	4	135	0	0	0	0	0	0	0	0	46	24	0	71	0	0	0	0	1	1	0	3	1	1	0	6	0	0	1	-1	0	0	3	-9	34	14	0	65
07:00:00	25200	71	48	2	156	1	0	0	1	0	0	0	0	41	33	0	79	0	0	0	0	3	1	0	5	2	0	0	8	0	0	0	-1	0	0	2	-11	24	14	0	75
07:05:00	25500	66	55	9	158	0	1	0	0	0	0	0	0	31	30	0	80	0	0	0	0	0	1	0	4	3	0	0	11	0	0	0	-1	0	0	9	-20	32	23	0	84
07:10:00	25800	72	48	1	181	0	0	0	0	0	0	0	0	39	22	0	97	0	0	0	0	2	2	0	4	6	3	0	14	0	0	0	-1	0	0	1	-21	25	21	0	88
07:15:00	26100	88	58	4	207	0	0	0	0	0	0	0	0	57	41	0	113	0	0	0	0	0	1	0	3	2	1	0	15	0	0	0	-1	0	0	4	-25	29	15	0	102
07:20:00	26400	86	65	3	225	0	0	0	0	0	0	0	0	49	39	0	123	0	0	0	0	3	2	0	4	6	1	0	20	0	0	0	-1	0	0	3	-28	28	23	0	107
07:25:00	26700	121	91	8	247	1	1	0	0	0	0	0	0	71	50	0	144	0	0	0	0	0	3	0	1	10	0	0	30	0	0	1	-2	0	0	7	-35	39	37	0	109
07:30:00	27000	75	84	5	233	0	0	0	0	0	0	0	0	38	61	0	121	0	0	0	0	1	0	0	2	3	2	0	31	0	0	0	-2	0	0	5	-40	33	21	0	121
07:35:00	27300	91	87	5	232	2	0	0	2	0	0	0	0	41	57	0	105	0	0	0	0	1	0	0	3	4	6	0	29	0	0	0	-2	0	0	5	-45	43	24	0	140
07:40:00	27600	95	68	2	257	1	0	0	3	0	0	0	0	54	39	0	120	0	0	0	0	0	1	0	2	5	3	0	31	0	0	0	-2	0	0	2	-47	35	25	0	150
07:45:00	27900	96	85	3	265	0	2	0	1	0	0	0	0	54	50	0	124	0	0	0	0	3	2	0	3	6	0	0	37	0	0	0	-2	0	0	3	-50	33	31	0	152
07:50:00	28200	114	80	4	295	1	1	0	1	0	0	0	0	57	46	0	135	0	0	0	0	2	0	0	5	5	7	0	35	0	0	0	-2	0	0	4	-54	49	26	0	175
07:55:00	28500	110	95	2	308	1	0	0	2	0	0	0	0	64	60	0	139	12	1	0	11	0	2	0	3	6	2	0	39	0	0	1	-3	0	0	1	-55	27	30	0	172
08:00:00	28800	128	116	3	317	2	2	0	2	0	0	0	0	65	66	0	138	24	8	0	27	0	1	0	2	7	6	0	40	0	0	0	-3	0	0	3	-58	30	33	0	169
08:05:00	29100	103	91	6	323	0	2	0	0	0	0	0	0	53	49	0	142	17	9	0	35	0	0	0	2	4	1	0	43	0	0	0	-3	0	0	6	-64	29	30	0	168
08:10:00	29400	137	115	4	341	0	0	0	0	0	0	0	0	60	63	0	139	26	16	0	45	2	3	0	1	5	5	0	43	0	0	0	-3	0	0	4	-68	44	28	0	184
08:15:00	29700	95	95	2	339	1	0	0	1	0	0	0	0	46	55	0	130	14	15	0	44	2	0	0	3	3	2	0	44	0	0	0	-3	0	0	2	-70	29	23	0	190
08:20:00	30000	109	96	4	348	0	1	0	0	0	0	0	0	61	47	0	144	16	18	0	42	0	1	0	2	4	2	0	46	0	0	0	-3	0	0	4	-74	28	27	0	191
08:25:00	30300	117	96	0	369	1	0	0	1	0	0	0	0	62	57	0	149	20	15	0	47	0	2	0	0	5	1	0	50	0	0	0	-3	0	0	0	-74	29	21	0	199
08:30:00	30600	92	97	6	358	1	1	0	1	0	0	0	0	34	51	0	132	21	13	0	55	1	0	0	1	5	5	0	50	0	0	0	-3	0	0	6	-80	30	27	0	202
08:35:00	30900	73	87	1	343	1	1	0	1	0	0	0	0	36	48	0	120	8	21	0	42	0	0	0	1	3	5	0	48	0	0	0	-3	0	0	1	-81	25	12	0	215
08:40:00	31200	86	80	1	348	0	0	0	1	0	0	0	0	38	43	0	115	24	16	0	50	1	0	0	2	3	3	0	48	0	0	0	-3	0	0	1	-82	20	18	0	217
08:45:00	31500	107	75	2	378	0	1	0	0	0	0	0	0	43	39	0	119	39	15	0	74	0	0	0	2	4	0	0	52	0	0	0	-3	0	0	2	-84	21	20	0	218
08:50:00	31800	78	88	2	366	0	0	0	0	0	0	0	0	40	43	0	116	13	22	0	65	2	1	0	3	3	1	0	54	0	0	0	-3	0	0	2	-86	20	21	0	217
08:55:00	32100	84	87	1	362	0	0	0	0	0	0	0	0	36	41	0	111	18	18	0	65	0	1	0	2	7	6	0	55	0	0	0	-3	0	0	1	-87	23	21	0	219
09:00:00	32400	93	93	3	359	0	0	0	0	0	0	0	0	59	50	0	120	4	18	0	51	0	0	0	2	6	2	0	59	0	0	0	-3	0	0	3	-90	24	23	0	220
09:05:00	32700	69	85	3	340	0	0	0	0	0	0	0	0	31	34	0	117	6	10	0	47	1	0	0	3	3	7	0	55	0	0	0	-3	0	0	3	-93	28	34	0	214
09:10:00	33000	62	86	3	313	0	0	0	0	0	0	0	0	30	41	0	106	3	12	0	38	1	2	0	2	3	1	0	57	0	0	0	-3	0	0	3	-96	25	30	0	209
09:15:00	33300	62	88	3	284	0	0	0	0	0	0	0	0	33	43	0	96	2	11	0	29	0	1	0	1	6	1	0	62	0	0	0	-3	0	0	3	-99	21	32	0	198
09:20:00	33600	55	81	3	255	2	0	0	2	0	0	0	0	26	40	0	82	2	12	0	19	1	0	0	2	3	3	0	62	0	0	0	-3	0	0	3	-102	21	26	0	193
09:25:00	33900	64	70	1	248	0	0	0	2	0	0	0	0	24	29	0	77	4	1	0	22	2	1	0	3	3	10	0	55	0	0	0	-3	0	0	1	-103	31	29	0	195
09:30:00	34200	49	71	5	221	1	1	0	2	0	0	0	0	23	26	0	74	1	7	0	16	1	3	0	1	1	2	0	54	0	0	0	-3	0	0	5	-108	22	32	0	185
09:35:00	34500	54	70	3	202	0	1	0	1	0	0	0	0	23	35	0	62	8	6	0	18	2	0	0	3	3	5	0	52	0	0	0	-3	0	0	3	-111	18	23	0	180
09:40:00	34800	43	58	1	186	0	1	0	0	0	0	0	0	19	29	0	52	2	4	0	16	0	2	0	1	2	1	0	53	0	0	0	-3	0	0	1	-112	20	21	0	179
09:45:00	35100	49	60	2	173	0	0	0	0	0	0	0	0	24	30	0	46	0	6	0	10	0	1	0	0	4	1	0	56	0	0	0	-3	0	0	2	-114	21	22	0	178
09:50:00	35400	45	54	5	159	0	0	0	0	0	0	0	0	23	17	0	52	0	4	0	6	1	1	0	0	4	0	0	60	0	0	0	-3	0	0	5	-119	17	32	0	163
09:55:00	35700	49	47	4	157	0	0	0	0	0	0	0	0	26	22	0	56	0	2	0	4	0	0	0	0	1	1	0	60	0	0	0	-3	0	0	4	-123	22	22	0	163
10:00:00	36000	77	72	4	158	0	0	0	0	0	0	0	0	34	26	0	64	0	2	0	2	0	0	0	0	3	11	0	52	0	0	0	-3	0	0	4	-127	40	33	0	170
10:05:00	36300	64	57	3	162	0	0	0	0	0	0	0	0	32	29	0	67	0	1	0	1	0	0	0	0	0	3	0	49	0	0	0	-3	0	0	3	-130	32	24	0	178
10:10:00	36600	83	81	9	155	0	0	0	0	0	0	0	0	33	33	0	67	0	1	0	0	2	1	0	1	2	5	0	46	0	0	1	-4	0	0	8	-138	46	41	0	183
10:15:00	36900	65	72	1	147	0	0	0	0	0	0	0	0	27	34	0	60	0	0	0	0	0	1	0	0	1	1	0	46	0	0	0	-4	0	0	1	-139	37	36	0	184
10:20:00	37200	68	65	4	146	0	0	0	0	0	0	0	0	33	27	0	66	0	0	0	0	0	0	0	0	2	1	0	47	0	0	0	-4	0	0	4	-143	33	37	0	180
10:25:00	37500	73	78	0	141	1	0	0	1	0	0	0	0	39	41	0	64	0	0	0	0	0	0	0	0	1	1	0	47	0	0	0	-4	0	0	0	-143	32	36	0	176
10:30:00	37800	63	67	1	136	0	1	0	0	0	0	0	0	32	30	0	66	0	0	0	0	0	0	0	0	1	1	0	47	0	0	0	-4	0	0	1	-144	30	35	0	171
10:35:00	38100	47	67	3	113	1	0	0	1	0	0	0	0	19	32	0	53	2	1	0	1	0	0	0	0	2	0	0	49	0	0	0	-4	0	0	3	-147	23	34	0	160
10:40:00	38400	55	61	1	106	0	0	0	1	0	0	0	0	25	31	0	47	1	1	0	1	0	0	0	0	2	0	0	51	0	0	0	-4	0	0	1	-148	27	29	0	158
10:45:00	38700	70	64	2	110	1	2	0	0	0	0	0	0	26	25	0	48	3	0	0	4	0	0	0	0	1	6	0	46	0	0	0	-4	0	0	2	-150	39	31	0	166
10:50:00	39000	46	60	1	95	0	0	0	0	0	0	0	0	21	26	0	43	0	3	0	1	0	0	0	0	2	0	0	48	0	0	1	-5	0	0	0	-150	23	31	0	158
10:55:00	39300	37	52	0	80	0	0	0	0	0	0	0	0	14	21	0	36	2	0	0	3	0	0	0	0	1	1	0	48	0	0	0	-5	0	0	0	-150	20	30	0	148
11:00:00	39600	49	47	2	80	0	0	0	0	0	0	0	0	18	17	0	37	4	1	0	6	0	0	0	0	1	0	0	49	0	0	0	-5	0	0	2	-152	26	29	0	145
11:05:00	39900	80	65	2	93	0	0	0	0	0	0	0	0	30	17	0	50	1	1	0	6	0	0	0	0	10	9	0	50	0	0	0	-5	0	0	2	-154	39	38	0	146
11:10:00	40200	72	45	4	116	0	0	0	0	0	0	0	0	38	19	0	69	2	1	0	7	0	0	0	0	1	0	0	51	0	0	0	-5	0	0	4	-158	31	25	0	152
11:15:00	40500	57	56	0	117	1	0	0	1	0	0	0	0	27	31	0	65	10	3	0	14	0	0	0	0	0	2	0	49	0	0	0	-5	0	0	0	-158	19	20	0	151
11:20:00	40800	63	64	1	115	0	0	0	1	0	0	0	0	29	28	0	66	2	2	0	14	1	0	0	1	3	2	0	50	0	0	0	-5	0	0	1	-159	28	32	0	147
11:25:00	41100	74	73	4	112	0	1	0	0	0	0	0	0	36	36	0	66	3	4	0	13	0	1	0	0	0	1	0	49	0	0	0	-5	0	0	4	-163	35	30	0	152
11:30:00	41400	80	69	4	119	0	0	0	0	0	0	0	0	37	30	0	73	1	4	0	10	3	0	0	3	3	1	0	51	0	0	1	-6	0	0	3	-166	36	34	0	154
11:35:00	41700	82	80	1	120	0	0	0	0	0	0	0	0	32	32	0	73	3	3	0	10	1	1	0	3	4	8	0	47	0	0	0	-6	0	0	1	-167	42	36	0	160
11:40:00	42000	79	65	1	133	1	0	0	1	0	0	0	0	31	21	0	83	0	3	0	7	2	0	0	5	3	10	0	40	0	0	0	-6	0	0	1	-168	42	31	0	171
11:45:00	42300	82	96	3	116	0	1	0	0	0	0	0	0	41	40	0	84	3	6	0	4	0	2	0	3	4	5	0	39	0	0	1	-7	0	0	2	-170	34	42	0	163
11:50:00	42600	82	80	3	115	0	0	0	0	0	0	0	0	42	35	0	91	5	1	0	8	0	1	0	2	2	1	0	40	0	0	0	-7	0	0	3	-173	33	42	0	154
11:55:00	42900	99	90	3	121	1	0	0	1	0	0	0	0	51	41	0	101	1	1	0	8	0	1	0	1	3	5	0	38	0	0	1	-8	0	0	2	-175	43	42	0	155
12:00:00	43200	69	67	2	121	1	1	0	1	0	0	0	0	46	40	0	107	2	3	0	7	0	0	0	1	0	0	0	38	0	0	0	-8	0	0	2	-177	20	23	0	152
12:05:00	43500	56	68	1	108	0	0	0	1	0	0	0	0	28	43	0	92	8	4	0	11	0	0	0	1	2	0	0	40	0	0	0	-8	0	0	1	-178	18	21	0	149
12:10:00	43800	68	68	5	103	0	1	0	0	0	0	0	0	31	38	0	85	2	0	0	13	1	0	0	2	5	1	0	44	0	0	0	-8	0	0	5	-183	29	28	0	150
12:15:00	44100	57	63	0	97	1	0	0	1	0	0	0	0	27	35	0	77	1	3	0	11	3	1	0	4	2	2	0	44	0	0	0	-8	0	0	0	-183	23	22	0	151
12:20:00	44400	49	58	3	85	1	1	0	1	0	0	0	0	26	33	0	70	0	4	0	7	2	0	0	6	1	1	0	44	0	0	0	-8	0	0	3	-186	19	19	0	151
12:25:00	44700	60	66	2	77	1	1	0	1	0	0	0	0	36	28	0	78	0	2	0	5	1	1	0	6	2	4	0	42	0	0	0	-8	0	0	2	-188	20	30	0	141
12:30:00	45000	41	44	2	72	0	0	0	1	0	0	0	0	23	22	0	79	0	1	0	4	2	2	0	6	1	1	0	42	0	0	0	-8	0	0	2	-190	15	18	0	138
12:35:00	45300	28	46	0	54	1	1	0	1	0	0	0	0	10	25	0	64	0	2	0	2	0	3	0	3	3	1	0	44	0	0	0	-8	0	0	0	-190	14	14	0	138
12:40:00	45600	36	37	3	50	1	0	0	2	0	0	0	0	19	19	0	64	0	1	0	1	0	0	0	3	2	0	0	46	0	0	1	-9	0	0	2	-192	14	17	0	135
12:45:00	45900	49	38	1	60	1	0	0	3	0	0	0	0	26	24	0	66	0	0	0	1	2	0	0	5	2	1	0	47	0	0	1	-10	0	0	0	-192	18	13	0	140
12:50:00	46200	30	44	0	46	1	2	0	2	0	0	0	0	18	26	0	58	0	1	0	0	0	3	0	2	1	0	0	48	0	0	0	-10	0	0	0	-192	10	12	0	138
12:55:00	46500	40	42	0	44	0	2	0	0	0	0	0	0	23	22	0	59	0	0	0	0	0	1	0	1	4	3	0	49	0	0	0	-10	0	0	0	-192	13	14	0	137
13:00:00	46800	4	29	2	17	0	0	0	0	0	0	0	0	0	20	0	39	0	0	0	0	0	0	0	1	0	1	0	48	0	0	0	-10	0	0	2	-194	4	8	0	133
13:05:00	47100	4	27	1	-7	0	0	0	0	0	0	0	0	0	18	0	21	0	0	0	0	0	0	0	1	1	0	0	49	0	0	0	-10	0	0	1	-195	3	9	0	127
13:10:00	47400	3	15	1	-20	0	0	0	0	0	0	0	0	0	7	0	14	0	0	0	0	0	0	0	1	2	0	0	51	0	0	0	-10	0	0	1	-196	1	8	0	120
13:15:00	47700	20	15	0	-15	0	0	0	0	0	0	0	0	13	7	0	20	0	0	0	0	0	0	0	1	1	2	0	50	0	0	0	-10	0	0	0	-196	6	6	0	120
13:20:00	48000	14	14	0	-15	1	0	0	1	0	0	0	0	7	9	0	18	0	0	0	0	0	0	0	1	0	1	0	49	0	0	0	-10	0	0	0	-196	6	4	0	122
13:25:00	48300	15	23	0	-23	0	0	0	1	0	0	0	0	9	8	0	19	0	0	0	0	0	0	0	1	2	4	0	47	0	0	0	-10	0	0	0	-196	4	11	0	115
13:30:00	48600	53	19	4	7	0	0	0	1	0	0	0	0	39	6	0	52	1	0	0	1	0	0	0	1	1	1	0	47	0	0	0	-10	0	0	4	-200	12	12	0	115
13:35:00	48900	59	59	5	2	0	1	0	0	0	0	0	0	28	32	0	48	5	0	0	6	0	0	0	1	1	9	0	39	0	0	1	-11	0	0	4	-204	25	17	0	123
13:40:00	49200	45	40	2	5	0	0	0	0	0	0	0	0	23	23	0	48	5	2	0	9	0	0	0	1	0	3	0	36	0	0	0	-11	0	0	2	-206	17	12	0	128
13:45:00	49500	59	50	0	14	1	0	0	1	0	0	0	0	33	25	0	56	2	3	0	8	2	0	0	3	1	3	0	34	0	0	0	-11	0	0	0	-206	20	19	0	129
13:50:00	49800	92	52	4	50	1	0	0	2	0	0	0	0	47	26	0	77	15	6	0	17	2	0	0	5	2	0	0	36	0	0	0	-11	0	0	4	-210	25	20	0	134
13:55:00	50100	104	71	2	81	1	1	0	2	0	0	0	0	49	36	0	90	12	6	0	23	4	4	0	5	1	0	0	37	0	0	0	-11	0	0	2	-212	37	24	0	147
14:00:00	50400	77	79	3	76	1	2	0	1	0	0	0	0	51	41	0	100	3	10	0	16	0	1	0	4	3	0	0	40	0	0	0	-11	0	0	3	-215	19	25	0	141
14:05:00	50700	86	80	2	80	0	1	0	0	0	0	0	0	30	36	0	94	9	6	0	19	1	3	0	2	1	0	0	41	0	0	0	-11	0	0	2	-217	45	34	0	152
14:10:00	51000	82	80	7	75	0	0	0	0	0	0	0	0	37	37	0	94	14	12	0	21	3	1	0	4	5	0	0	46	0	0	1	-12	0	0	6	-223	23	30	0	145
14:15:00	51300	61	54	1	81	1	0	0	1	0	0	0	0	38	30	0	102	8	8	0	21	1	1	0	4	1	0	0	47	0	0	0	-12	0	0	1	-224	12	15	0	142
14:20:00	51600	80	63	1	97	0	0	0	1	0	0	0	0	37	30	0	109	14	7	0	28	0	2	0	2	3	7	0	43	0	0	0	-12	0	0	1	-225	26	17	0	151
14:25:00	51900	71	76	0	92	0	0	0	1	0	0	0	0	43	50	0	102	16	12	0	32	1	2	0	1	1	1	0	43	0	0	0	-12	0	0	0	-225	10	11	0	150
14:30:00	52200	54	65	3	78	0	1	0	0	0	0	0	0	21	27	0	96	12	12	0	32	0	0	0	1	2	4	0	41	0	0	0	-12	0	0	3	-228	19	21	0	148
14:35:00	52500	75	71	4	78	0	0	0	0	0	0	0	0	38	31	0	103	4	12	0	24	1	0	0	2	2	0	0	43	0	0	0	-12	0	0	4	-232	30	28	0	150
14:40:00	52800	57	86	2	47	0	0	0	0	0	0	0	0	27	48	0	82	8	10	0	22	0	0	0	2	2	2	0	43	0	0	0	-12	0	0	2	-234	20	26	0	144
14:45:00	53100	44	54	1	36	0	0	0	0	0	0	0	0	19	24	0	77	9	11	0	20	0	1	0	1	3	5	0	41	0	0	0	-12	0	0	1	-235	13	13	0	144
14:50:00	53400	55	68	3	20	0	0	0	0	0	0	0	0	23	37	0	63	3	5	0	18	0	1	0	0	2	1	0	42	0	0	0	-12	0	0	3	-238	27	24	0	147
14:55:00	53700	42	47	0	15	0	0	0	0	0	0	0	0	18	23	0	58	8	6	0	20	0	0	0	0	3	1	0	44	0	0	0	-12	0	0	0	-238	13	17	0	143
15:00:00	54000	39	53	1	0	0	0	0	0	0	0	0	0	19	26	0	51	3	9	0	14	0	0	0	0	0	2	0	42	0	0	0	-12	0	0	1	-239	17	16	0	144
15:05:00	54300	48	47	3	-2	0	0	0	0	0	0	0	0	18	23	0	46	1	5	0	10	1	0	0	1	1	1	0	42	0	0	0	-12	0	0	3	-242	27	18	0	153
15:10:00	54600	51	52	2	-5	0	0	0	0	0	0	0	0	19	22	0	43	0	4	0	6	1	1	0	1	2	0	0	44	0	0	0	-12	0	0	2	-244	29	25	0	157
15:15:00	54900	55	49	1	0	0	0	0	0	0	0	0	0	25	18	0	50	1	2	0	5	1	1	0	1	3	2	0	45	0	0	0	-12	0	0	1	-245	25	26	0	156
15:20:00	55200	54	50	2	2	0	0	0	0	0	0	0	0	29	23	0	56	1	1	0	5	1	1	0	1	2	0	0	47	0	0	0	-12	0	0	2	-247	21	25	0	152
15:25:00	55500	51	56	3	-6	0	0	0	0	0	0	0	0	30	29	0	57	0	0	0	5	1	0	0	2	3	1	0	49	0	0	0	-12	0	0	3	-250	17	26	0	143
15:30:00	55800	70	48	6	10	0	0	0	0	0	0	0	0	39	23	0	73	0	1	0	4	0	1	0	1	1	0	0	50	0	0	0	-12	0	0	6	-256	30	23	0	150
15:35:00	56100	92	66	0	36	0	0	0	0	0	0	0	0	50	35	0	88	0	0	0	4	1	0	0	2	4	4	0	50	0	0	0	-12	0	0	0	-256	37	27	0	160
15:40:00	56400	101	88	5	44	0	0	0	0	0	0	0	0	47	43	0	92	0	1	0	3	0	1	0	1	3	1	0	52	0	0	1	-13	0	0	4	-260	51	42	0	169
15:45:00	56700	75	80	2	37	0	0	0	0	0	0	0	0	40	40	0	92	0	0	0	3	0	0	0	1	5	3	0	54	0	0	1	-14	0	0	1	-261	30	37	0	162
15:50:00	57000	75	78	2	32	0	0	0	0	1	0	0	1	37	45	0	84	0	1	0	2	2	0	0	3	0	0	0	54	0	0	0	-14	0	0	2	-263	35	32	0	165
15:55:00	57300	63	79	4	12	0	0	0	0	0	1	0	0	23	36	0	71	0	0	0	2	0	1	0	2	2	4	0	52	0	0	0	-14	0	0	4	-267	38	37	0	166
16:00:00	57600	95	83	5	19	0	0	0	0	0	0	0	0	32	31	0	72	21	0	0	23	1	2	0	1	2	5	0	49	0	0	0	-14	0	0	5	-272	39	45	0	160
16:05:00	57900	85	79	4	21	1	0	0	1	0	0	0	0	34	34	0	72	19	8	0	34	0	1	0	0	0	4	0	45	0	0	0	-14	0	0	4	-276	31	32	0	159
16:10:00	58200	74	87	3	5	0	0	0	1	0	0	0	0	20	30	0	62	18	14	0	38	1	0	0	1	1	1	0	45	0	0	0	-14	0	0	3	-279	34	42	0	151
16:15:00	58500	86	85	8	-2	0	1	0	0	0	0	0	0	20	28	0	54	16	14	0	40	0	1	0	0	7	6	0	46	0	0	0	-14	0	0	8	-287	43	35	0	159
16:20:00	58800	86	70	2	12	0	0	0	0	0	0	0	0	40	24	0	70	17	12	0	45	0	0	0	0	1	2	0	45	0	0	0	-14	0	0	2	-289	28	32	0	155
16:25:00	59100	102	88	6	20	0	0	0	0	0	0	0	0	29	31	0	68	28	21	0	52	1	0	0	1	2	3	0	44	0	0	0	-14	0	0	6	-295	42	33	0	164
16:30:00	59400	114	80	4	50	0	0	0	0	0	0	0	0	33	28	0	73	30	14	0	68	1	0	0	2	7	4	0	47	0	0	0	-14	0	0	4	-299	43	34	0	173
16:35:00	59700	132	94	2	86	1	0	0	1	0	0	0	0	50	22	0	101	28	23	0	73	1	1	0	2	6	3	0	50	0	0	0	-14	0	0	2	-301	46	45	0	174
16:40:00	60000	123	123	5	81	0	0	0	1	1	0	0	1	53	51	0	103	19	24	0	68	0	0	0	2	3	4	0	49	0	0	0	-14	0	0	5	-306	47	44	0	177
16:45:00	60300	98	99	5	75	1	1	0	1	0	1	0	0	34	38	0	99	28	21	0	75	2	1	0	3	0	5	0	44	0	0	0	-14	0	0	5	-311	33	32	0	178
16:50:00	60600	150	117	4	104	0	1	0	0	0	0	0	0	46	48	0	97	47	30	0	92	1	1	0	3	3	2	0	45	0	0	0	-14	0	0	4	-315	53	35	0	196
16:55:00	60900	123	119	0	108	1	0	0	1	0	0	0	0	45	43	0	99	32	29	0	95	2	2	0	3	2	2	0	45	0	0	0	-14	0	0	0	-315	41	43	0	194
17:00:00	61200	158	131	8	127	0	0	0	1	1	0	0	1	68	46	0	121	19	27	0	87	3	2	0	4	4	7	0	42	0	0	0	-14	0	0	8	-323	63	49	0	208
17:05:00	61500	152	109	3	167	0	1	0	0	0	0	0	1	93	49	0	165	12	22	0	77	0	0	0	4	4	8	0	38	0	0	0	-14	0	0	3	-326	43	29	0	222
17:10:00	61800	145	141	3	168	0	0	0	0	0	1	0	0	65	64	0	166	16	22	0	71	0	2	0	2	8	2	0	44	0	0	0	-14	0	0	3	-329	56	50	0	228
17:15:00	62100	141	139	3	167	1	1	0	0	0	0	0	0	65	68	0	163	25	19	0	77	0	0	0	2	2	5	0	41	0	0	0	-14	0	0	3	-332	48	46	0	230
17:20:00	62400	151	133	4	181	0	0	0	0	0	0	0	0	79	63	0	179	16	24	0	69	3	2	0	3	5	1	0	45	0	0	0	-14	0	0	4	-336	48	43	0	235
17:25:00	62700	103	146	1	137	0	0	0	0	0	0	0	0	53	74	0	158	0	23	0	46	0	1	0	2	5	4	0	46	0	0	0	-14	0	0	1	-337	45	44	0	236
17:30:00	63000	88	106	1	118	1	0	0	1	0	0	0	0	58	58	0	158	1	13	0	34	0	0	0	2	3	5	0	44	0	0	0	-14	0	0	1	-338	25	30	0	231
17:35:00	63300	85	91	3	109	0	0	0	1	0	0	0	0	53	49	0	162	2	8	0	28	1	0	0	3	8	4	0	48	0	0	0	-14	0	0	3	-341	21	30	0	222
17:40:00	63600	55	84	2	78	0	0	0	1	0	0	0	0	27	50	0	139	2	5	0	25	1	0	0	4	5	6	0	47	0	0	0	-14	0	0	2	-343	20	23	0	219
17:45:00	63900	90	72	0	96	0	1	0	0	0	0	0	0	58	47	0	150	0	0	0	25	1	0	0	5	1	2	0	46	0	0	0	-14	0	0	0	-343	30	22	0	227
17:50:00	64200	82	90	4	84	0	0	0	0	0	0	0	0	61	53	0	158	1	6	0	20	0	0	0	5	6	1	0	51	0	0	0	-14	0	0	4	-347	14	30	0	211
17:55:00	64500	75	85	4	70	0	0	0	0	0	0	0	0	52	55	0	155	0	3	0	17	0	0	0	5	3	4	0	50	0	0	0	-14	0	0	4	-351	20	23	0	208
18:00:00	64800	66	102	1	33	0	0	0	0	0	0	0	0	37	68	0	124	1	3	0	15	0	2	0	3	4	5	0	49	0	0	0	-14	0	0	1	-352	24	24	0	208
18:05:00	65100	62	72	4	19	0	0	0	0	0	0	0	0	37	45	0	116	0	1	0	14	1	0	0	4	2	7	0	44	0	0	0	-14	0	0	4	-356	22	19	0	211
18:10:00	65400	41	64	3	-7	0	0	0	0	0	0	0	0	25	39	0	102	1	1	0	14	0	1	0	3	3	5	0	42	0	0	0	-14	0	0	3	-359	12	18	0	205
18:15:00	65700	44	74	2	-39	0	0	0	0	0	0	0	0	21	47	0	76	0	1	0	13	0	2	0	1	2	6	0	38	0	0	0	-14	0	0	2	-361	21	18	0	208
18:20:00	66000	50	53	0	-42	0	0	0	0	0	0	0	0	30	27	0	79	0	2	0	11	0	0	0	1	2	8	0	32	0	0	0	-14	0	0	0	-361	18	16	0	210
18:25:00	66300	39	51	2	-56	0	0	0	0	0	0	0	0	27	28	0	78	0	1	0	10	0	0	0	1	1	3	0	30	0	0	0	-14	0	0	2	-363	11	19	0	202
18:30:00	66600	38	59	4	-81	0	0	0	0	0	0	0	0	19	34	0	63	0	0	0	10	0	0	0	1	3	7	0	26	0	0	0	-14	0	0	4	-367	16	18	0	200
18:35:00	66900	53	57	3	-88	0	0	0	0	0	0	0	0	31	28	0	66	1	4	0	7	0	1	0	0	0	4	0	22	0	0	1	-15	0	0	2	-369	21	20	0	201
18:40:00	67200	32	40	4	-100	0	0	0	0	0	0	0	0	18	22	0	62	0	1	0	6	1	0	0	1	1	3	0	20	0	0	0	-15	0	0	4	-373	12	14	0	199
18:45:00	67500	26	44	1	-119	0	0	0	0	0	0	0	0	19	28	0	53	0	2	0	4	0	0	0	1	0	1	0	19	0	0	0	-15	0	0	1	-374	7	13	0	193
18:50:00	67800	15	42	2	-148	0	0	0	0	0	0	0	0	5	19	0	39	0	0	0	4	0	0	0	1	0	6	0	13	0	0	0	-15	0	0	2	-376	10	17	0	186
18:55:00	68100	23	27	1	-153	0	0	0	0	0	0	0	0	14	13	0	40	0	0	0	4	0	0	0	1	1	1	0	13	0	0	0	-15	0	0	1	-377	8	13	0	181
19:00:00	68400	57	38	0	-134	0	0	0	0	0	0	0	0	40	19	0	61	0	0	0	4	0	1	0	0	1	5	0	9	0	0	0	-15	0	0	0	-377	16	13	0	184
19:05:00	68700	65	36	2	-107	0	0	0	0	1	0	0	1	49	19	0	91	0	0	0	4	0	0	0	0	0	0	0	9	0	0	0	-15	0	0	2	-379	15	17	0	182
19:10:00	69000	54	55	2	-110	0	0	0	0	0	0	0	1	40	39	0	92	0	1	0	3	0	0	0	0	0	0	0	9	0	0	0	-15	0	0	2	-381	14	15	0	181
19:15:00	69300	49	59	1	-121	0	0	0	0	0	0	0	1	30	38	0	84	0	0	0	3	3	0	0	3	1	5	0	5	0	0	0	-15	0	0	1	-382	15	16	0	180
19:20:00	69600	52	59	2	-130	0	0	0	0	0	0	0	1	31	35	0	80	0	0	0	3	2	1	0	4	0	1	0	4	0	0	0	-15	0	0	2	-384	19	22	0	177
19:25:00	69900	70	59	1	-120	1	1	0	0	0	1	0	0	56	41	0	95	0	0	0	3	0	1	0	3	0	1	0	3	0	0	0	-15	0	0	1	-385	13	14	0	176
19:30:00	70200	55	59	2	-126	1	0	0	1	1	0	0	1	38	39	0	94	0	0	0	3	1	0	0	4	1	0	0	4	0	0	0	-15	0	0	2	-387	13	20	0	169
19:35:00	70500	38	55	3	-146	0	0	0	1	0	1	0	0	28	44	0	78	0	0	0	3	1	0	0	5	1	0	0	5	0	0	1	-16	0	0	2	-389	8	10	0	167
19:40:00	70800	33	41	0	-154	0	0	0	1	0	0	0	0	24	32	0	70	0	1	0	2	0	2	0	3	1	0	0	6	0	0	0	-16	0	0	0	-389	8	6	0	169
19:45:00	71100	50	38	0	-142	0	1	0	0	0	0	0	0	41	28	0	83	0	0	0	2	1	0	0	4	1	1	0	6	0	0	0	-16	0	0	0	-389	7	8	0	168
19:50:00	71400	38	50	2	-156	0	0	0	0	0	0	0	0	30	36	0	77	0	0	0	2	0	2	0	2	0	2	0	4	0	0	0	-16	0	0	2	-391	8	10	0	166
19:55:00	71700	41	45	1	-161	0	0	0	0	0	0	0	0	31	35	0	73	0	0	0	2	0	1	0	1	0	0	0	4	0	0	0	-16	0	0	1	-392	10	9	0	167
20:00:00	72000	7	40	1	-195	1	0	0	1	0	0	0	0	2	30	0	45	0	0	0	2	0	0	0	1	1	1	0	4	0	0	0	-16	0	0	1	-393	3	9	0	161
20:05:00	72300	5	25	0	-215	0	0	0	1	0	0	0	0	3	15	0	33	0	0	0	2	0	0	0	1	0	0	0	4	0	0	0	-16	0	0	0	-393	2	10	0	153
20:10:00	72600	5	18	0	-228	0	1	0	0	0	0	0	0	2	10	0	25	0	0	0	2	0	0	0	1	0	0	0	4	0	0	0	-16	0	0	0	-393	3	7	0	149
20:15:00	72900	7	18	1	-240	0	0	0	0	0	0	0	0	4	10	0	19	0	0	0	2	0	0	0	1	1	0	0	5	0	0	0	-16	0	0	1	-394	2	8	0	143
20:20:00	73200	6	18	0	-252	0	0	0	0	0	0	0	0	1	10	0	10	0	1	0	1	0	0	0	1	0	1	0	4	0	0	0	-16	0	0	0	-394	5	6	0	142
20:25:00	73500	4	5	0	-253	0	0	0	0	0	0	0	0	2	1	0	11	0	0	0	1	0	0	0	1	0	1	0	3	0	0	0	-16	0	0	0	-394	2	3	0	141
20:30:00	73800	3	7	0	-257	0	0	0	0	0	0	0	0	1	2	0	10	0	1	0	0	0	0	0	1	0	1	0	2	0	0	0	-16	0	0	0	-394	2	3	0	140
20:35:00	74100	6	9	0	-260	0	0	0	0	0	0	0	0	3	1	0	12	0	0	0	0	0	0	0	1	0	1	0	1	0	0	0	-16	0	0	0	-394	3	7	0	136
20:40:00	74400	5	8	1	-264	0	0	0	0	0	0	0	0	2	3	0	11	0	0	0	0	0	0	0	1	0	0	0	1	0	0	0	-16	0	0	1	-395	3	5	0	134
20:45:00	74700	5	9	0	-268	0	0	0	0	0	0	0	0	0	3	0	8	0	0	0	0	0	1	0	0	0	0	0	1	0	0	0	-16	0	0	0	-395	5	5	0	134
20:50:00	75000	5	10	0	-273	0	0	0	0	0	0	0	0	3	4	0	7	0	0	0	0	0	0	0	0	0	0	0	1	0	0	0	-16	0	0	0	-395	2	6	0	130
20:55:00	75300	3	6	0	-276	0	0	0	0	0	0	0	0	1	2	0	6	0	0	0	0	0	0	0	0	0	0	0	1	0	0	0	-16	0	0	0	-395	2	4	0	128
21:00:00	75600	8	8	1	-277	0	0	0	0	0	0	0	0	5	3	0	8	0	0	0	0	0	0	0	0	0	0	0	1	0	0	0	-16	0	0	1	-396	3	5	0	126
21:05:00	75900	2	5	0	-280	0	0	0	0	0	0	0	0	2	1	0	9	0	0	0	0	0	0	0	0	0	0	0	1	0	0	0	-16	0	0	0	-396	0	4	0	122
21:10:00	76200	3	10	1	-288	0	0	0	0	0	0	0	0	0	4	0	5	0	0	0	0	0	0	0	0	0	0	0	1	0	0	0	-16	0	0	1	-397	3	6	0	119
21:15:00	76500	2	5	0	-291	0	0	0	0	0	0	0	0	0	0	0	5	0	0	0	0	0	0	0	0	0	0	0	1	0	0	0	-16	0	0	0	-397	2	5	0	116
21:20:00	76800	1	3	0	-293	0	0	0	0	0	0	0	0	1	0	0	6	0	0	0	0	0	0	0	0	0	0	0	1	0	0	0	-16	0	0	0	-397	0	3	0	113
21:25:00	77100	0	1	0	-294	0	0	0	0	0	0	0	0	0	0	0	6	0	0	0	0	0	0	0	0	0	0	0	1	0	0	0	-16	0	0	0	-397	0	1	0	112
21:30:00	77400	1	3	0	-296	0	0	0	0	0	0	0	0	0	1	0	5	0	0	0	0	0	0	0	0	0	0	0	1	0	0	0	-16	0	0	0	-397	1	2	0	111
21:35:00	77700	0	1	0	-297	0	0	0	0	0	0	0	0	0	1	0	4	0	0	0	0	0	0	0	0	0	0	0	1	0	0	0	-16	0	0	0	-397	0	0	0	111
21:40:00	78000	0	1	0	-298	0	0	0	0	0	0	0	0	0	1	0	3	0	0	0	0	0	0	0	0	0	0	0	1	0	0	0	-16	0	0	0	-397	0	0	0	111
21:45:00	78300	1	3	0	-300	0	0	0	0	0	0	0	0	1	0	0	4	0	0	0	0	0	0	0	0	0	0	0	1	0	0	0	-16	0	0	0	-397	0	3	0	108
21:50:00	78600	2	3	0	-301	0	0	0	0	0	0	0	0	2	2	0	4	0	0	0	0	0	0	0	0	0	0	0	1	0	0	0	-16	0	0	0	-397	0	1	0	107
21:55:00	78900	0	3	0	-304	0	0	0	0	0	0	0	0	0	2	0	2	0	0	0	0	0	0	0	0	0	0	0	1	0	0	0	-16	0	0	0	-397	0	1	0	106
22:00:00	79200	0	3	0	-307	0	0	0	0	0	0	0	0	0	0	0	2	0	0	0	0	0	0	0	0	0	0	0	1	0	0	0	-16	0	0	0	-397	0	3	0	103
22:05:00	79500	3	5	1	-310	0	0	0	0	0	0	0	0	0	0	0	2	0	0	0	0	0	0	0	0	0	0	0	1	0	0	0	-16	0	0	1	-398	3	5	0	101
22:10:00	79800	2	4	0	-312	0	0	0	0	0	0	0	0	1	1	0	2	0	0	0	0	0	0	0	0	0	0	0	1	0	0	0	-16	0	0	0	-398	1	3	0	99
22:15:00	80100	3	4	1	-314	0	0	0	0	0	0	0	0	1	0	0	3	0	0	0	0	0	0	0	0	0	0	0	1	0	0	0	-16	0	0	1	-399	2	4	0	97
22:20:00	80400	4	4	0	-314	0	0	0	0	0	0	0	0	1	1	0	3	0	0	0	0	0	0	0	0	0	0	0	1	0	0	0	-16	0	0	0	-399	3	3	0	97
22:25:00	80700	0	1	0	-315	0	0	0	0	0	0	0	0	0	0	0	3	0	0	0	0	0	0	0	0	0	0	0	1	0	0	0	-16	0	0	0	-399	0	1	0	96
22:30:00	81000	0	2	0	-317	0	0	0	0	0	0	0	0	0	2	0	1	0	0	0	0	0	0	0	0	0	0	0	1	0	0	0	-16	0	0	0	-399	0	0	0	96
22:35:00	81300	2	3	0	-318	0	0	0	0	0	0	0	0	1	0	0	2	0	0	0	0	0	0	0	0	0	0	0	1	0	0	0	-16	0	0	0	-399	1	3	0	94
22:40:00	81600	4	5	0	-319	0	0	0	0	0	0	0	0	0	2	0	0	0	0	0	0	1	0	0	1	0	0	0	1	0	0	0	-16	0	0	0	-399	3	3	0	94
22:45:00	81900	1	1	0	-319	0	0	0	0	0	0	0	0	1	0	0	1	0	0	0	0	0	0	0	1	0	0	0	1	0	0	0	-16	0	0	0	-399	0	1	0	93
22:50:00	82200	2	3	0	-320	0	0	0	0	0	0	0	0	1	1	0	1	0	0	0	0	0	0	0	1	0	0	0	1	0	0	0	-16	0	0	0	-399	1	2	0	92
22:55:00	82500	3	5	1	-323	0	0	0	0	0	0	0	0	0	1	0	0	0	0	0	0	0	1	0	0	0	0	0	1	0	0	0	-16	0	0	1	-400	3	3	0	92
23:00:00	82800	0	2	0	-325	0	0	0	0	0	0	0	0	0	0	0	0	0	0	0	0	0	0	0	0	0	0	0	1	0	0	0	-16	0	0	0	-400	0	2	0	90
23:05:00	83100	2	3	1	-327	0	0	0	0	0	0	0	0	0	0	0	0	0	0	0	0	0	0	0	0	0	0	0	1	0	0	0	-16	0	0	1	-401	2	3	0	89
23:10:00	83400	1	2	1	-329	0	0	0	0	0	0	0	0	0	0	0	0	0	0	0	0	0	0	0	0	0	0	0	1	0	0	0	-16	0	0	1	-402	1	2	0	88
23:15:00	83700	5	1	1	-326	0	0	0	0	0	0	0	0	3	0	0	3	0	0	0	0	0	0	0	0	0	0	0	1	0	0	0	-16	0	0	1	-403	2	1	0	89
23:20:00	84000	3	2	0	-325	0	0	0	0	0	0	0	0	1	2	0	2	0	0	0	0	0	0	0	0	0	0	0	1	0	0	0	-16	0	0	0	-403	2	0	0	91
23:25:00	84300	4	2	0	-323	0	0	0	0	0	0	0	0	2	0	0	4	0	0	0	0	0	0	0	0	0	0	0	1	0	0	0	-16	0	0	0	-403	2	2	0	91
23:30:00	84600	2	8	1	-330	0	0	0	0	0	0	0	0	0	3	0	1	0	0	0	0	0	0	0	0	0	0	0	1	0	0	0	-16	0	0	1	-404	2	5	0	88
23:35:00	84900	4	4	2	-332	0	0	0	0	0	0	0	0	2	0	0	3	0	0	0	0	0	0	0	0	0	0	0	1	0	0	0	-16	0	0	2	-406	2	4	0	86
23:40:00	85200	2	1	0	-331	0	0	0	0	0	0	0	0	2	0	0	5	0	0	0	0	0	0	0	0	0	0	0	1	0	0	0	-16	0	0	0	-406	0	1	0	85
23:45:00	85500	3	5	1	-334	0	0	0	0	0	0	0	0	2	3	0	4	0	0	0	0	0	0	0	0	0	0	0	1	0	0	0	-16	0	0	1	-407	1	2	0	84
23:50:00	85800	2	3	0	-335	0	0	0	0	0	0	0	0	1	2	0	3	0	0	0	0	0	0	0	0	0	0	0	1	0	0	0	-16	0	0	0	-407	1	1	0	84
23:55:00	86100	4	3	0	-334	0	0	0	0	0	0	0	0	2	1	0	4	0	0	0	0	0	0	0	0	0	0	0	1	0	0	0	-16	0	0	0	-407	2	2	0	84
24:00:00	86400	3	2	0	-333	0	0	0	0	0	0	0	0	1	0	0	5	0	0	0	0	0	0	0	0	0	0	0	1	0	0	0	-16	0	0	0	-407	2	2	0	84
24:05:00	86700	1	4	0	-336	0	0	0	0	0	0	0	0	1	4	0	2	0	0	0	0	0	0	0	0	0	0	0	1	0	0	0	-16	0	0	0	-407	0	0	0	84
24:10:00	87000	3	3	0	-336	0	0	0	0	0	0	0	0	2	0	0	4	0	0	0	0	0	0	0	0	0	0	0	1	0	0	0	-16	0	0	0	-407	1	3	0	82
24:15:00	87300	0	3	0	-339	0	0	0	0	0	0	0	0	0	2	0	2	0	0	0	0	0	0	0	0	0	0	0	1	0	0	0	-16	0	0	0	-407	0	1	0	81
24:20:00	87600	4	5	0	-340	0	0	0	0	0	0	0	0	2	2	0	2	0	0	0	0	0	0	0	0	0	0	0	1	0	0	0	-16	0	0	0	-407	2	3	0	80
24:25:00	87900	4	5	1	-342	1	0	0	1	0	0	0	0	1	1	0	2	0	0	0	0	0	0	0	0	0	0	0	1	0	0	0	-16	0	0	1	-408	2	4	0	78
24:30:00	88200	3	5	1	-345	0	1	0	0	0	0	0	0	1	0	0	3	0	0	0	0	0	0	0	0	0	0	0	1	0	0	0	-16	0	0	1	-409	2	4	0	76
24:35:00	88500	3	7	0	-349	0	0	0	0	0	0	0	0	1	2	0	2	0	0	0	0	0	0	0	0	0	0	0	1	0	0	0	-16	0	0	0	-409	2	5	0	73
24:40:00	88800	4	5	1	-351	0	0	0	0	0	0	0	0	1	0	0	3	0	0	0	0	1	1	0	0	0	0	0	1	0	0	0	-16	0	0	1	-410	2	4	0	71
24:45:00	89100	1	2	1	-353	0	0	0	0	0	0	0	0	0	0	0	3	0	0	0	0	0	0	0	0	0	0	0	1	0	0	0	-16	0	0	1	-411	1	2	0	70
24:50:00	89400	0	0	0	-353	0	0	0	0	0	0	0	0	0	0	0	3	0	0	0	0	0	0	0	0	0	0	0	1	0	0	0	-16	0	0	0	-411	0	0	0	70
24:55:00	89700	0	0	0	-353	0	0	0	0	0	0	0	0	0	0	0	3	0	0	0	0	0	0	0	0	0	0	0	1	0	0	0	-16	0	0	0	-411	0	0	0	70
25:00:00	90000	1	1	0	-353	0	0	0	0	0	0	0	0	0	1	0	2	0	0	0	0	0	0	0	0	0	0	0	1	0	0	0	-16	0	0	0	-411	1	0	0	71
25:05:00	90300	1	1	0	-353	0	0	0	0	0	0	0	0	0	0	0	2	0	0	0	0	0	0	0	0	0	0	0	1	0	0	0	-16	0	0	0	-411	1	1	0	71
25:10:00	90600	2	2	0	-353	0	0	0	0	0	0	0	0	0	1	0	1	0	0	0	0	0	0	0	0	0	0	0	1	0	0	0	-16	0	0	0	-411	2	1	0	72
25:15:00	90900	2	3	0	-354	0	0	0	0	0	0	0	0	1	1	0	1	0	0	0	0	0	0	0	0	0	0	0	1	0	0	0	-16	0	0	0	-411	1	2	0	71
25:20:00	91200	0	0	0	-354	0	0	0	0	0	0	0	0	0	0	0	1	0	0	0	0	0	0	0	0	0	0	0	1	0	0	0	-16	0	0	0	-411	0	0	0	71
25:25:00	91500	0	0	0	-354	0	0	0	0	0	0	0	0	0	0	0	1	0	0	0	0	0	0	0	0	0	0	0	1	0	0	0	-16	0	0	0	-411	0	0	0	71
25:30:00	91800	0	0	0	-354	0	0	0	0	0	0	0	0	0	0	0	1	0	0	0	0	0	0	0	0	0	0	0	1	0	0	0	-16	0	0	0	-411	0	0	0	71
25:35:00	92100	0	0	0	-354	0	0	0	0	0	0	0	0	0	0	0	1	0	0	0	0	0	0	0	0	0	0	0	1	0	0	0	-16	0	0	0	-411	0	0	0	71
25:40:00	92400	0	1	0	-355	0	0	0	0	0	0	0	0	0	1	0	0	0	0	0	0	0	0	0	0	0	0	0	1	0	0	0	-16	0	0	0	-411	0	0	0	71
25:45:00	92700	0	0	0	-355	0	0	0	0	0	0	0	0	0	0	0	0	0	0	0	0	0	0	0	0	0	0	0	1	0	0	0	-16	0	0	0	-411	0	0	0	71
25:50:00	93000	1	2	0	-356	0	0	0	0	0	0	0	0	0	0	0	0	0	0	0	0	0	0	0	0	0	0	0	1	0	0	0	-16	0	0	0	-411	1	2	0	70
25:55:00	93300	0	1	0	-357	0	0	0	0	0	0	0	0	0	0	0	0	0	0	0	0	0	0	0	0	0	0	0	1	0	0	0	-16	0	0	0	-411	0	1	0	69
26:00:00	93600	1	2	1	-359	0	0	0	0	0	0	0	0	0	0	0	0	0	0	0	0	0	0	0	0	0	0	0	1	0	0	0	-16	0	0	1	-412	1	2	0	68
26:05:00	93900	2	3	1	-361	0	0	0	0	0	0	0	0	0	0	0	0	0	0	0	0	0	0	0	0	0	0	0	1	0	0	0	-16	0	0	1	-413	2	3	0	67
26:10:00	94200	2	2	0	-361	0	0	0	0	0	0	0	0	0	0	0	0	0	0	0	0	0	0	0	0	0	0	0	1	0	0	0	-16	0	0	0	-413	2	2	0	67
26:15:00	94500	1	1	0	-361	0	0	0	0	0	0	0	0	0	0	0	0	0	0	0	0	0	0	0	0	0	0	0	1	0	0	0	-16	0	0	0	-413	1	1	0	67
26:20:00	94800	0	0	0	-361	0	0	0	0	0	0	0	0	0	0	0	0	0	0	0	0	0	0	0	0	0	0	0	1	0	0	0	-16	0	0	0	-413	0	0	0	67
26:25:00	95100	0	0	0	-361	0	0	0	0	0	0	0	0	0	0	0	0	0	0	0	0	0	0	0	0	0	0	0	1	0	0	0	-16	0	0	0	-413	0	0	0	67
26:30:00	95400	1	1	0	-361	0	0	0	0	0	0	0	0	0	0	0	0	0	0	0	0	0	0	0	0	0	0	0	1	0	0	0	-16	0	0	0	-413	1	1	0	67
26:35:00	95700	0	0	0	-361	0	0	0	0	0	0	0	0	0	0	0	0	0	0	0	0	0	0	0	0	0	0	0	1	0	0	0	-16	0	0	0	-413	0	0	0	67
26:40:00	96000	0	0	0	-361	0	0	0	0	0	0	0	0	0	0	0	0	0	0	0	0	0	0	0	0	0	0	0	1	0	0	0	-16	0	0	0	-413	0	0	0	67
26:45:00	96300	0	1	0	-362	0	0	0	0	0	0	0	0	0	0	0	0	0	0	0	0	0	0	0	0	0	0	0	1	0	0	0	-16	0	0	0	-413	0	1	0	66
26:50:00	96600	1	4	0	-365	0	0	0	0	0	0	0	0	0	0	0	0	0	0	0	0	0	0	0	0	0	0	0	1	0	0	0	-16	0	0	0	-413	1	4	0	63
26:55:00	96900	3	3	2	-367	0	0	0	0	0	0	0	0	0	0	0	0	0	0	0	0	0	0	0	0	0	0	0	1	0	0	0	-16	0	0	2	-415	3	3	0	63
27:00:00	97200	0	1	0	-368	0	0	0	0	0	0	0	0	0	0	0	0	0	0	0	0	0	0	0	0	0	0	0	1	0	0	0	-16	0	0	0	-415	0	1	0	62
27:05:00	97500	1	2	1	-370	0	0	0	0	0	0	0	0	0	0	0	0	0	0	0	0	0	0	0	0	0	0	0	1	0	0	0	-16	0	0	1	-416	1	2	0	61
27:10:00	97800	0	1	0	-371	0	0	0	0	0	0	0	0	0	0	0	0	0	0	0	0	0	0	0	0	0	0	0	1	0	0	0	-16	0	0	0	-416	0	1	0	60
27:15:00	98100	1	1	1	-372	0	0	0	0	0	0	0	0	0	0	0	0	0	0	0	0	0	0	0	0	0	0	0	1	0	0	0	-16	0	0	1	-417	1	1	0	60
27:20:00	98400	1	2	1	-374	0	0	0	0	0	0	0	0	0	0	0	0	0	0	0	0	0	0	0	0	0	0	0	1	0	0	0	-16	0	0	1	-418	1	2	0	59
27:25:00	98700	0	0	0	-374	0	0	0	0	0	0	0	0	0	0	0	0	0	0	0	0	0	0	0	0	0	0	0	1	0	0	0	-16	0	0	0	-418	0	0	0	59
27:30:00	99000	0	1	0	-375	0	0	0	0	0	0	0	0	0	0	0	0	0	0	0	0	0	0	0	0	0	0	0	1	0	0	0	-16	0	0	0	-418	0	1	0	58
27:35:00	99300	1	2	1	-377	0	0	0	0	0	0	0	0	0	0	0	0	0	0	0	0	0	0	0	0	0	0	0	1	0	0	0	-16	0	0	1	-419	1	2	0	57
27:40:00	99600	4	6	1	-380	0	0	0	0	0	0	0	0	0	0	0	0	0	0	0	0	0	0	0	0	0	0	0	1	0	0	0	-16	0	0	1	-420	4	6	0	55
27:45:00	99900	3	4	2	-383	0	0	0	0	0	0	0	0	0	0	0	0	0	0	0	0	0	0	0	0	0	0	0	1	0	0	0	-16	0	0	2	-422	3	4	0	54
27:50:00	100200	0	0	0	-383	0	0	0	0	0	0	0	0	0	0	0	0	0	0	0	0	0	0	0	0	0	0	0	1	0	0	0	-16	0	0	0	-422	0	0	0	54
27:55:00	100500	0	0	0	-383	0	0	0	0	0	0	0	0	0	0	0	0	0	0	0	0	0	0	0	0	0	0	0	1	0	0	0	-16	0	0	0	-422	0	0	0	54
28:00:00	100800	0	0	0	-383	0	0	0	0	0	0	0	0	0	0	0	0	0	0	0	0	0	0	0	0	0	0	0	1	0	0	0	-16	0	0	0	-422	0	0	0	54
28:05:00	101100	0	1	0	-384	0	0	0	0	0	0	0	0	0	0	0	0	0	0	0	0	0	0	0	0	0	0	0	1	0	0	0	-16	0	0	0	-422	0	1	0	53
28:10:00	101400	1	2	1	-386	0	0	0	0	0	0	0	0	0	0	0	0	0	0	0	0	0	0	0	0	0	0	0	1	0	0	0	-16	0	0	1	-423	1	2	0	52
28:15:00	101700	1	1	1	-387	0	0	0	0	0	0	0	0	0	0	0	0	0	0	0	0	0	0	0	0	0	0	0	1	0	0	0	-16	0	0	1	-424	1	1	0	52
28:20:00	102000	0	0	0	-387	0	0	0	0	0	0	0	0	0	0	0	0	0	0	0	0	0	0	0	0	0	0	0	1	0	0	0	-16	0	0	0	-424	0	0	0	52
28:25:00	102300	0	0	0	-387	0	0	0	0	0	0	0	0	0	0	0	0	0	0	0	0	0	0	0	0	0	0	0	1	0	0	0	-16	0	0	0	-424	0	0	0	52
28:30:00	102600	0	0	0	-387	0	0	0	0	0	0	0	0	0	0	0	0	0	0	0	0	0	0	0	0	0	0	0	1	0	0	0	-16	0	0	0	-424	0	0	0	52
28:35:00	102900	2	3	0	-388	0	0	0	0	0	0	0	0	1	0	0	1	0	0	0	0	0	0	0	0	0	0	0	1	0	0	0	-16	0	0	0	-424	1	3	0	50
28:40:00	103200	1	2	1	-390	0	0	0	0	0	0	0	0	0	0	0	1	0	0	0	0	0	0	0	0	0	0	0	1	0	0	0	-16	0	0	1	-425	1	2	0	49
28:45:00	103500	1	1	1	-391	0	0	0	0	0	0	0	0	0	0	0	1	0	0	0	0	0	0	0	0	0	0	0	1	0	0	0	-16	0	0	1	-426	1	1	0	49
28:50:00	103800	0	1	0	-392	0	0	0	0	0	0	0	0	0	0	0	1	0	0	0	0	0	0	0	0	0	0	0	1	0	0	0	-16	0	0	0	-426	0	1	0	48
28:55:00	104100	0	0	0	-392	0	0	0	0	0	0	0	0	0	0	0	1	0	0	0	0	0	0	0	0	0	0	0	1	0	0	0	-16	0	0	0	-426	0	0	0	48
29:00:00	104400	1	2	0	-393	0	0	0	0	0	0	0	0	0	0	0	1	0	0	0	0	0	0	0	0	0	0	0	1	0	0	0	-16	0	0	0	-426	1	2	0	47
29:05:00	104700	0	1	0	-394	0	0	0	0	0	0	0	0	0	0	0	1	0	0	0	0	0	0	0	0	0	0	0	1	0	0	0	-16	0	0	0	-426	0	1	0	46
29:10:00	105000	1	1	1	-395	0	0	0	0	0	0	0	0	0	0	0	1	0	0	0	0	0	0	0	0	0	0	0	1	0	0	0	-16	0	0	1	-427	1	1	0	46
29:15:00	105300	0	0	0	-395	0	0	0	0	0	0	0	0	0	0	0	1	0	0	0	0	0	0	0	0	0	0	0	1	0	0	0	-16	0	0	0	-427	0	0	0	46
29:20:00	105600	1	1	0	-395	0	0	0	0	0	0	0	0	1	1	0	1	0	0	0	0	0	0	0	0	0	0	0	1	0	0	0	-16	0	0	0	-427	0	0	0	46
29:25:00	105900	2	4	0	-397	0	0	0	0	0	0	0	0	1	1	0	1	0	0	0	0	0	0	0	0	0	0	0	1	0	0	0	-16	0	0	0	-427	1	3	0	44
29:30:00	106200	0	1	0	-398	0	0	0	0	0	0	0	0	0	0	0	1	0	0	0	0	0	0	0	0	0	0	0	1	0	0	0	-16	0	0	0	-427	0	1	0	43
29:35:00	106500	0	1	0	-399	0	0	0	0	0	0	0	0	0	0	0	1	0	0	0	0	0	0	0	0	0	0	0	1	0	0	0	-16	0	0	0	-427	0	1	0	42
29:40:00	106800	2	2	1	-400	0	0	0	0	0	0	0	0	1	1	0	1	0	0	0	0	0	0	0	0	0	0	0	1	0	0	0	-16	0	0	1	-428	1	1	0	42
29:45:00	107100	0	0	0	-400	0	0	0	0	0	0	0	0	0	0	0	1	0	0	0	0	0	0	0	0	0	0	0	1	0	0	0	-16	0	0	0	-428	0	0	0	42
29:50:00	107400	0	3	0	-403	0	0	0	0	0	0	0	0	0	1	0	0	0	0	0	0	0	0	0	0	0	0	0	1	0	0	0	-16	0	0	0	-428	0	2	0	40
29:55:00	107700	0	0	0	-403	0	0	0	0	0	0	0	0	0	0	0	0	0	0	0	0	0	0	0	0	0	0	0	1	0	0	0	-16	0	0	0	-428	0	0	0	40
30:00:00	108000	0	0	41	-444	0	0	0	0	0	0	0	0	0	0	0	0	0	0	0	0	0	0	0	0	0	0	1	0	0	0	0	-16	0	0	0	-428	0	0	40	0
30:05:00	108300	0	0	0	-444	0	0	0	0	0	0	0	0	0	0	0	0	0	0	0	0	0	0	0	0	0	0	0	0	0	0	0	-16	0	0	0	-428	0	0	0	0
