time	time	departures_all	arrivals_all	stuck_all	en-route_all	departures_Shared-Bike	arrivals_Shared-Bike	stuck_Shared-Bike	en-route_Shared-Bike	departures_bike	arrivals_bike	stuck_bike	en-route_bike	departures_car	arrivals_car	stuck_car	en-route_car	departures_car_passenger	arrivals_car_passenger	stuck_car_passenger	en-route_car_passenger	departures_eScooter	arrivals_eScooter	stuck_eScooter	en-route_eScooter	departures_pt	arrivals_pt	stuck_pt	en-route_pt	departures_sharing:standardBikeShare	arrivals_sharing:standardBikeShare	stuck_sharing:standardBikeShare	en-route_sharing:standardBikeShare	departures_sharing:standardeScooter	arrivals_sharing:standardeScooter	stuck_sharing:standardeScooter	en-route_sharing:standardeScooter	departures_walk	arrivals_walk	stuck_walk	en-route_walk
00:00:00	0	0	0	0	0	0	0	0	0	0	0	0	0	0	0	0	0	0	0	0	0	0	0	0	0	0	0	0	0	0	0	0	0	0	0	0	0	0	0	0	0
00:05:00	300	0	0	0	0	0	0	0	0	0	0	0	0	0	0	0	0	0	0	0	0	0	0	0	0	0	0	0	0	0	0	0	0	0	0	0	0	0	0	0	0
00:10:00	600	0	0	0	0	0	0	0	0	0	0	0	0	0	0	0	0	0	0	0	0	0	0	0	0	0	0	0	0	0	0	0	0	0	0	0	0	0	0	0	0
00:15:00	900	0	0	0	0	0	0	0	0	0	0	0	0	0	0	0	0	0	0	0	0	0	0	0	0	0	0	0	0	0	0	0	0	0	0	0	0	0	0	0	0
00:20:00	1200	0	0	0	0	0	0	0	0	0	0	0	0	0	0	0	0	0	0	0	0	0	0	0	0	0	0	0	0	0	0	0	0	0	0	0	0	0	0	0	0
00:25:00	1500	0	0	0	0	0	0	0	0	0	0	0	0	0	0	0	0	0	0	0	0	0	0	0	0	0	0	0	0	0	0	0	0	0	0	0	0	0	0	0	0
00:30:00	1800	0	0	0	0	0	0	0	0	0	0	0	0	0	0	0	0	0	0	0	0	0	0	0	0	0	0	0	0	0	0	0	0	0	0	0	0	0	0	0	0
00:35:00	2100	0	0	0	0	0	0	0	0	0	0	0	0	0	0	0	0	0	0	0	0	0	0	0	0	0	0	0	0	0	0	0	0	0	0	0	0	0	0	0	0
00:40:00	2400	0	0	0	0	0	0	0	0	0	0	0	0	0	0	0	0	0	0	0	0	0	0	0	0	0	0	0	0	0	0	0	0	0	0	0	0	0	0	0	0
00:45:00	2700	0	0	0	0	0	0	0	0	0	0	0	0	0	0	0	0	0	0	0	0	0	0	0	0	0	0	0	0	0	0	0	0	0	0	0	0	0	0	0	0
00:50:00	3000	0	0	0	0	0	0	0	0	0	0	0	0	0	0	0	0	0	0	0	0	0	0	0	0	0	0	0	0	0	0	0	0	0	0	0	0	0	0	0	0
00:55:00	3300	0	0	0	0	0	0	0	0	0	0	0	0	0	0	0	0	0	0	0	0	0	0	0	0	0	0	0	0	0	0	0	0	0	0	0	0	0	0	0	0
01:00:00	3600	0	0	0	0	0	0	0	0	0	0	0	0	0	0	0	0	0	0	0	0	0	0	0	0	0	0	0	0	0	0	0	0	0	0	0	0	0	0	0	0
01:05:00	3900	0	0	0	0	0	0	0	0	0	0	0	0	0	0	0	0	0	0	0	0	0	0	0	0	0	0	0	0	0	0	0	0	0	0	0	0	0	0	0	0
01:10:00	4200	0	0	0	0	0	0	0	0	0	0	0	0	0	0	0	0	0	0	0	0	0	0	0	0	0	0	0	0	0	0	0	0	0	0	0	0	0	0	0	0
01:15:00	4500	0	0	0	0	0	0	0	0	0	0	0	0	0	0	0	0	0	0	0	0	0	0	0	0	0	0	0	0	0	0	0	0	0	0	0	0	0	0	0	0
01:20:00	4800	0	0	0	0	0	0	0	0	0	0	0	0	0	0	0	0	0	0	0	0	0	0	0	0	0	0	0	0	0	0	0	0	0	0	0	0	0	0	0	0
01:25:00	5100	0	0	0	0	0	0	0	0	0	0	0	0	0	0	0	0	0	0	0	0	0	0	0	0	0	0	0	0	0	0	0	0	0	0	0	0	0	0	0	0
01:30:00	5400	0	0	0	0	0	0	0	0	0	0	0	0	0	0	0	0	0	0	0	0	0	0	0	0	0	0	0	0	0	0	0	0	0	0	0	0	0	0	0	0
01:35:00	5700	0	0	0	0	0	0	0	0	0	0	0	0	0	0	0	0	0	0	0	0	0	0	0	0	0	0	0	0	0	0	0	0	0	0	0	0	0	0	0	0
01:40:00	6000	0	0	0	0	0	0	0	0	0	0	0	0	0	0	0	0	0	0	0	0	0	0	0	0	0	0	0	0	0	0	0	0	0	0	0	0	0	0	0	0
01:45:00	6300	0	0	0	0	0	0	0	0	0	0	0	0	0	0	0	0	0	0	0	0	0	0	0	0	0	0	0	0	0	0	0	0	0	0	0	0	0	0	0	0
01:50:00	6600	0	0	0	0	0	0	0	0	0	0	0	0	0	0	0	0	0	0	0	0	0	0	0	0	0	0	0	0	0	0	0	0	0	0	0	0	0	0	0	0
01:55:00	6900	0	0	0	0	0	0	0	0	0	0	0	0	0	0	0	0	0	0	0	0	0	0	0	0	0	0	0	0	0	0	0	0	0	0	0	0	0	0	0	0
02:00:00	7200	0	0	0	0	0	0	0	0	0	0	0	0	0	0	0	0	0	0	0	0	0	0	0	0	0	0	0	0	0	0	0	0	0	0	0	0	0	0	0	0
02:05:00	7500	0	0	0	0	0	0	0	0	0	0	0	0	0	0	0	0	0	0	0	0	0	0	0	0	0	0	0	0	0	0	0	0	0	0	0	0	0	0	0	0
02:10:00	7800	0	0	0	0	0	0	0	0	0	0	0	0	0	0	0	0	0	0	0	0	0	0	0	0	0	0	0	0	0	0	0	0	0	0	0	0	0	0	0	0
02:15:00	8100	0	0	0	0	0	0	0	0	0	0	0	0	0	0	0	0	0	0	0	0	0	0	0	0	0	0	0	0	0	0	0	0	0	0	0	0	0	0	0	0
02:20:00	8400	0	0	0	0	0	0	0	0	0	0	0	0	0	0	0	0	0	0	0	0	0	0	0	0	0	0	0	0	0	0	0	0	0	0	0	0	0	0	0	0
02:25:00	8700	0	0	0	0	0	0	0	0	0	0	0	0	0	0	0	0	0	0	0	0	0	0	0	0	0	0	0	0	0	0	0	0	0	0	0	0	0	0	0	0
02:30:00	9000	0	0	0	0	0	0	0	0	0	0	0	0	0	0	0	0	0	0	0	0	0	0	0	0	0	0	0	0	0	0	0	0	0	0	0	0	0	0	0	0
02:35:00	9300	0	0	0	0	0	0	0	0	0	0	0	0	0	0	0	0	0	0	0	0	0	0	0	0	0	0	0	0	0	0	0	0	0	0	0	0	0	0	0	0
02:40:00	9600	0	0	0	0	0	0	0	0	0	0	0	0	0	0	0	0	0	0	0	0	0	0	0	0	0	0	0	0	0	0	0	0	0	0	0	0	0	0	0	0
02:45:00	9900	0	0	0	0	0	0	0	0	0	0	0	0	0	0	0	0	0	0	0	0	0	0	0	0	0	0	0	0	0	0	0	0	0	0	0	0	0	0	0	0
02:50:00	10200	0	0	0	0	0	0	0	0	0	0	0	0	0	0	0	0	0	0	0	0	0	0	0	0	0	0	0	0	0	0	0	0	0	0	0	0	0	0	0	0
02:55:00	10500	0	0	0	0	0	0	0	0	0	0	0	0	0	0	0	0	0	0	0	0	0	0	0	0	0	0	0	0	0	0	0	0	0	0	0	0	0	0	0	0
03:00:00	10800	0	0	0	0	0	0	0	0	0	0	0	0	0	0	0	0	0	0	0	0	0	0	0	0	0	0	0	0	0	0	0	0	0	0	0	0	0	0	0	0
03:05:00	11100	0	0	0	0	0	0	0	0	0	0	0	0	0	0	0	0	0	0	0	0	0	0	0	0	0	0	0	0	0	0	0	0	0	0	0	0	0	0	0	0
03:10:00	11400	0	0	0	0	0	0	0	0	0	0	0	0	0	0	0	0	0	0	0	0	0	0	0	0	0	0	0	0	0	0	0	0	0	0	0	0	0	0	0	0
03:15:00	11700	0	0	0	0	0	0	0	0	0	0	0	0	0	0	0	0	0	0	0	0	0	0	0	0	0	0	0	0	0	0	0	0	0	0	0	0	0	0	0	0
03:20:00	12000	0	0	0	0	0	0	0	0	0	0	0	0	0	0	0	0	0	0	0	0	0	0	0	0	0	0	0	0	0	0	0	0	0	0	0	0	0	0	0	0
03:25:00	12300	0	0	0	0	0	0	0	0	0	0	0	0	0	0	0	0	0	0	0	0	0	0	0	0	0	0	0	0	0	0	0	0	0	0	0	0	0	0	0	0
03:30:00	12600	0	0	0	0	0	0	0	0	0	0	0	0	0	0	0	0	0	0	0	0	0	0	0	0	0	0	0	0	0	0	0	0	0	0	0	0	0	0	0	0
03:35:00	12900	0	0	0	0	0	0	0	0	0	0	0	0	0	0	0	0	0	0	0	0	0	0	0	0	0	0	0	0	0	0	0	0	0	0	0	0	0	0	0	0
03:40:00	13200	0	0	0	0	0	0	0	0	0	0	0	0	0	0	0	0	0	0	0	0	0	0	0	0	0	0	0	0	0	0	0	0	0	0	0	0	0	0	0	0
03:45:00	13500	0	0	0	0	0	0	0	0	0	0	0	0	0	0	0	0	0	0	0	0	0	0	0	0	0	0	0	0	0	0	0	0	0	0	0	0	0	0	0	0
03:50:00	13800	0	0	0	0	0	0	0	0	0	0	0	0	0	0	0	0	0	0	0	0	0	0	0	0	0	0	0	0	0	0	0	0	0	0	0	0	0	0	0	0
03:55:00	14100	0	0	0	0	0	0	0	0	0	0	0	0	0	0	0	0	0	0	0	0	0	0	0	0	0	0	0	0	0	0	0	0	0	0	0	0	0	0	0	0
04:00:00	14400	0	0	0	0	0	0	0	0	0	0	0	0	0	0	0	0	0	0	0	0	0	0	0	0	0	0	0	0	0	0	0	0	0	0	0	0	0	0	0	0
04:05:00	14700	0	0	0	0	0	0	0	0	0	0	0	0	0	0	0	0	0	0	0	0	0	0	0	0	0	0	0	0	0	0	0	0	0	0	0	0	0	0	0	0
04:10:00	15000	0	0	0	0	0	0	0	0	0	0	0	0	0	0	0	0	0	0	0	0	0	0	0	0	0	0	0	0	0	0	0	0	0	0	0	0	0	0	0	0
04:15:00	15300	0	0	0	0	0	0	0	0	0	0	0	0	0	0	0	0	0	0	0	0	0	0	0	0	0	0	0	0	0	0	0	0	0	0	0	0	0	0	0	0
04:20:00	15600	0	0	0	0	0	0	0	0	0	0	0	0	0	0	0	0	0	0	0	0	0	0	0	0	0	0	0	0	0	0	0	0	0	0	0	0	0	0	0	0
04:25:00	15900	0	0	0	0	0	0	0	0	0	0	0	0	0	0	0	0	0	0	0	0	0	0	0	0	0	0	0	0	0	0	0	0	0	0	0	0	0	0	0	0
04:30:00	16200	0	0	0	0	0	0	0	0	0	0	0	0	0	0	0	0	0	0	0	0	0	0	0	0	0	0	0	0	0	0	0	0	0	0	0	0	0	0	0	0
04:35:00	16500	0	0	0	0	0	0	0	0	0	0	0	0	0	0	0	0	0	0	0	0	0	0	0	0	0	0	0	0	0	0	0	0	0	0	0	0	0	0	0	0
04:40:00	16800	0	0	0	0	0	0	0	0	0	0	0	0	0	0	0	0	0	0	0	0	0	0	0	0	0	0	0	0	0	0	0	0	0	0	0	0	0	0	0	0
04:45:00	17100	0	0	0	0	0	0	0	0	0	0	0	0	0	0	0	0	0	0	0	0	0	0	0	0	0	0	0	0	0	0	0	0	0	0	0	0	0	0	0	0
04:50:00	17400	0	0	0	0	0	0	0	0	0	0	0	0	0	0	0	0	0	0	0	0	0	0	0	0	0	0	0	0	0	0	0	0	0	0	0	0	0	0	0	0
04:55:00	17700	0	0	0	0	0	0	0	0	0	0	0	0	0	0	0	0	0	0	0	0	0	0	0	0	0	0	0	0	0	0	0	0	0	0	0	0	0	0	0	0
05:00:00	18000	0	0	0	0	0	0	0	0	0	0	0	0	0	0	0	0	0	0	0	0	0	0	0	0	0	0	0	0	0	0	0	0	0	0	0	0	0	0	0	0
05:05:00	18300	0	0	0	0	0	0	0	0	0	0	0	0	0	0	0	0	0	0	0	0	0	0	0	0	0	0	0	0	0	0	0	0	0	0	0	0	0	0	0	0
05:10:00	18600	0	0	0	0	0	0	0	0	0	0	0	0	0	0	0	0	0	0	0	0	0	0	0	0	0	0	0	0	0	0	0	0	0	0	0	0	0	0	0	0
05:15:00	18900	0	0	0	0	0	0	0	0	0	0	0	0	0	0	0	0	0	0	0	0	0	0	0	0	0	0	0	0	0	0	0	0	0	0	0	0	0	0	0	0
05:20:00	19200	0	0	0	0	0	0	0	0	0	0	0	0	0	0	0	0	0	0	0	0	0	0	0	0	0	0	0	0	0	0	0	0	0	0	0	0	0	0	0	0
05:25:00	19500	0	0	0	0	0	0	0	0	0	0	0	0	0	0	0	0	0	0	0	0	0	0	0	0	0	0	0	0	0	0	0	0	0	0	0	0	0	0	0	0
05:30:00	19800	0	0	0	0	0	0	0	0	0	0	0	0	0	0	0	0	0	0	0	0	0	0	0	0	0	0	0	0	0	0	0	0	0	0	0	0	0	0	0	0
05:35:00	20100	0	0	0	0	0	0	0	0	0	0	0	0	0	0	0	0	0	0	0	0	0	0	0	0	0	0	0	0	0	0	0	0	0	0	0	0	0	0	0	0
05:40:00	20400	0	0	0	0	0	0	0	0	0	0	0	0	0	0	0	0	0	0	0	0	0	0	0	0	0	0	0	0	0	0	0	0	0	0	0	0	0	0	0	0
05:45:00	20700	0	0	0	0	0	0	0	0	0	0	0	0	0	0	0	0	0	0	0	0	0	0	0	0	0	0	0	0	0	0	0	0	0	0	0	0	0	0	0	0
05:50:00	21000	0	0	0	0	0	0	0	0	0	0	0	0	0	0	0	0	0	0	0	0	0	0	0	0	0	0	0	0	0	0	0	0	0	0	0	0	0	0	0	0
05:55:00	21300	0	0	0	0	0	0	0	0	0	0	0	0	0	0	0	0	0	0	0	0	0	0	0	0	0	0	0	0	0	0	0	0	0	0	0	0	0	0	0	0
06:00:00	21600	4	0	0	4	0	0	0	0	0	0	0	0	3	0	0	3	0	0	0	0	0	0	0	0	0	0	0	0	0	0	0	0	0	0	0	0	1	0	0	1
06:05:00	21900	4	2	1	5	0	0	0	0	0	0	0	0	2	1	0	4	0	0	0	0	0	0	0	0	0	0	0	0	0	0	0	0	0	0	1	-1	2	1	0	2
06:10:00	22200	3	1	0	7	0	0	0	0	0	0	0	0	3	1	0	6	0	0	0	0	0	0	0	0	0	0	0	0	0	0	0	0	0	0	0	-1	0	0	0	2
06:15:00	22500	1	3	0	5	0	0	0	0	0	0	0	0	0	3	0	3	0	0	0	0	0	0	0	0	0	0	0	0	0	0	0	0	0	0	0	-1	1	0	0	3
06:20:00	22800	4	0	0	9	0	0	0	0	0	0	0	0	2	0	0	5	0	0	0	0	0	0	0	0	0	0	0	0	0	0	0	0	0	0	0	-1	2	0	0	5
06:25:00	23100	5	2	0	12	0	0	0	0	0	0	0	0	3	2	0	6	0	0	0	0	0	0	0	0	0	0	0	0	0	0	0	0	0	0	0	-1	2	0	0	7
06:30:00	23400	44	5	1	50	0	0	0	0	0	0	0	0	26	2	0	30	0	0	0	0	0	0	0	0	2	0	0	2	0	0	0	0	0	0	1	-2	16	3	0	20
06:35:00	23700	38	21	1	66	0	0	0	0	0	0	0	0	23	15	0	38	0	0	0	0	0	0	0	0	0	0	0	2	0	0	0	0	0	0	1	-3	15	6	0	29
06:40:00	24000	35	17	0	84	0	0	0	0	0	0	0	0	25	12	0	51	0	0	0	0	1	0	0	1	1	0	0	3	0	0	0	0	0	0	0	-3	8	5	0	32
06:45:00	24300	35	35	1	83	0	0	0	0	0	0	0	0	21	26	0	46	0	0	0	0	1	0	0	2	2	1	0	4	0	0	0	0	0	0	1	-4	11	8	0	35
06:50:00	24600	44	32	3	92	0	0	0	0	0	0	0	0	23	21	0	48	0	0	0	0	1	0	0	3	1	0	0	5	0	0	0	0	0	0	3	-7	19	11	0	43
06:55:00	24900	82	42	3	129	0	0	0	0	0	0	0	0	47	24	0	71	0	0	0	0	1	2	0	2	2	0	0	7	0	0	0	0	0	0	3	-10	32	16	0	59
07:00:00	25200	69	50	4	144	3	0	0	3	0	0	0	0	36	35	0	72	0	0	0	0	0	0	0	2	2	0	0	9	0	0	0	0	0	0	4	-14	28	15	0	72
07:05:00	25500	67	47	3	161	2	2	0	3	0	0	0	0	25	26	0	71	0	0	0	0	2	0	0	4	1	1	0	9	0	0	0	0	0	0	3	-17	37	18	0	91
07:10:00	25800	75	67	6	163	0	1	0	2	0	0	0	0	35	29	0	77	0	0	0	0	0	3	0	1	6	4	0	11	0	0	0	0	0	0	6	-23	34	30	0	95
07:15:00	26100	87	54	4	192	1	1	0	2	0	0	0	0	54	40	0	91	0	0	0	0	0	0	0	1	0	1	0	10	0	0	0	0	0	0	4	-27	32	12	0	115
07:20:00	26400	86	60	2	216	0	1	0	1	0	0	0	0	50	35	0	106	0	0	0	0	1	1	0	1	9	1	0	18	0	0	0	0	0	0	2	-29	26	22	0	119
07:25:00	26700	118	77	7	250	0	1	0	0	0	0	0	0	63	43	0	126	0	0	0	0	1	1	0	1	8	1	0	25	0	0	1	-1	0	0	6	-35	46	31	0	134
07:30:00	27000	77	84	5	238	1	0	0	1	0	0	0	0	45	54	0	117	0	0	0	0	1	1	0	1	5	3	0	27	0	0	0	-1	0	0	5	-40	25	26	0	133
07:35:00	27300	92	91	1	238	3	1	0	3	0	0	0	0	42	64	0	95	0	0	0	0	2	0	0	3	3	3	0	27	0	0	0	-1	0	0	1	-41	42	23	0	152
07:40:00	27600	95	72	7	254	0	1	0	2	0	0	0	0	48	36	0	107	0	0	0	0	1	1	0	3	6	1	0	32	0	0	1	-2	0	0	6	-47	40	33	0	159
07:45:00	27900	90	66	4	274	1	1	0	2	0	0	0	0	54	39	0	122	0	0	0	0	0	1	0	2	4	1	0	35	0	0	0	-2	0	0	4	-51	31	24	0	166
07:50:00	28200	118	87	6	299	1	1	0	2	0	0	0	0	62	49	0	135	0	0	0	0	1	0	0	3	9	6	0	38	0	0	0	-2	0	0	6	-57	45	31	0	180
07:55:00	28500	121	111	8	301	0	1	0	1	0	0	0	0	58	62	0	131	12	1	0	11	2	2	0	3	8	3	0	43	0	0	2	-4	0	0	6	-63	41	42	0	179
08:00:00	28800	131	112	4	316	0	1	0	0	0	0	0	0	50	64	0	117	24	6	0	29	2	2	0	3	6	5	0	44	0	0	0	-4	0	0	4	-67	49	34	0	194
08:05:00	29100	121	104	6	327	1	0	0	1	0	0	0	0	49	46	0	120	17	11	0	35	2	2	0	3	10	5	0	49	0	0	0	-4	0	0	6	-73	42	40	0	196
08:10:00	29400	134	116	7	338	0	0	0	1	0	0	0	0	61	66	0	115	26	16	0	45	1	1	0	3	6	7	0	48	0	0	0	-4	0	0	7	-80	40	26	0	210
08:15:00	29700	98	105	1	330	1	0	0	2	0	0	0	0	46	53	0	108	14	16	0	43	0	2	0	1	4	2	0	50	0	0	0	-4	0	0	1	-81	33	32	0	211
08:20:00	30000	110	103	3	334	0	2	0	0	0	0	0	0	60	48	0	120	16	17	0	42	1	0	0	2	6	1	0	55	0	0	0	-4	0	0	3	-84	27	35	0	203
08:25:00	30300	113	101	4	342	1	0	0	1	0	0	0	0	51	50	0	121	20	13	0	49	0	2	0	0	3	3	0	55	0	0	0	-4	0	0	4	-88	38	33	0	208
08:30:00	30600	100	100	4	338	2	0	0	3	0	0	0	0	34	55	0	100	21	15	0	55	2	0	0	2	6	6	0	55	0	0	0	-4	0	0	4	-92	35	24	0	219
08:35:00	30900	78	86	6	324	0	2	0	1	0	0	0	0	39	39	0	100	8	20	0	43	2	2	0	2	4	2	0	57	0	0	0	-4	0	0	6	-98	25	21	0	223
08:40:00	31200	84	72	1	335	0	0	0	1	0	0	0	0	33	32	0	101	24	18	0	49	0	0	0	2	5	3	0	59	0	0	0	-4	0	0	1	-99	22	19	0	226
08:45:00	31500	99	71	5	358	0	1	0	0	0	0	0	0	21	36	0	86	39	14	0	74	1	1	0	2	3	1	0	61	0	0	0	-4	0	0	5	-104	35	18	0	243
08:50:00	31800	86	89	6	349	0	0	0	0	0	0	0	0	35	33	0	88	13	22	0	65	4	1	0	5	6	0	0	67	0	0	0	-4	0	0	6	-110	28	33	0	238
08:55:00	32100	72	77	3	341	0	0	0	0	0	0	0	0	25	34	0	79	18	19	0	64	0	2	0	3	6	5	0	68	0	0	0	-4	0	0	3	-113	23	17	0	244
09:00:00	32400	85	78	5	343	1	0	0	1	0	0	0	0	44	35	0	88	4	17	0	51	0	0	0	3	5	1	0	72	0	0	0	-4	0	0	5	-118	31	25	0	250
09:05:00	32700	70	82	0	331	0	0	0	1	0	0	0	0	35	33	0	90	6	11	0	46	1	1	0	3	3	8	0	67	0	0	0	-4	0	0	0	-118	25	29	0	246
09:10:00	33000	53	73	2	309	0	0	0	1	0	0	0	0	24	35	0	79	3	11	0	38	0	0	0	3	3	3	0	67	0	0	0	-4	0	0	2	-120	23	24	0	245
09:15:00	33300	62	77	4	290	0	1	0	0	0	0	0	0	31	35	0	75	2	11	0	29	1	2	0	2	6	1	0	72	0	0	0	-4	0	0	4	-124	22	27	0	240
09:20:00	33600	46	82	3	251	1	0	0	1	0	0	0	0	17	32	0	60	2	11	0	20	0	2	0	0	8	3	0	77	0	0	0	-4	0	0	3	-127	18	34	0	224
09:25:00	33900	54	52	1	252	0	0	0	1	0	0	0	0	25	21	0	64	4	2	0	22	1	1	0	0	1	8	0	70	0	0	0	-4	0	0	1	-128	23	20	0	227
09:30:00	34200	45	66	1	230	0	1	0	0	0	0	0	0	22	26	0	60	1	8	0	15	1	1	0	0	1	4	0	67	0	0	0	-4	0	0	1	-129	20	26	0	221
09:35:00	34500	39	48	1	220	0	0	0	0	0	0	0	0	14	25	0	49	8	5	0	18	1	0	0	1	1	0	0	68	0	0	0	-4	0	0	1	-130	15	18	0	218
09:40:00	34800	34	47	1	206	0	0	0	0	0	0	0	0	16	19	0	46	2	5	0	15	0	1	0	0	2	2	0	68	0	0	0	-4	0	0	1	-131	14	20	0	212
09:45:00	35100	47	64	1	188	0	0	0	0	0	0	0	0	28	33	0	41	0	5	0	10	0	0	0	0	3	3	0	68	0	0	0	-4	0	0	1	-132	16	23	0	205
09:50:00	35400	43	47	2	182	0	0	0	0	0	0	0	0	23	16	0	48	0	4	0	6	1	1	0	0	6	0	0	74	0	0	0	-4	0	0	2	-134	13	26	0	192
09:55:00	35700	53	54	6	175	0	0	0	0	1	0	0	1	33	27	0	54	0	2	0	4	0	0	0	0	1	0	0	75	0	0	0	-4	0	0	6	-140	18	25	0	185
10:00:00	36000	76	74	4	173	0	0	0	0	0	1	0	0	32	31	0	55	0	2	0	2	0	0	0	0	2	13	0	64	0	0	0	-4	0	0	4	-144	42	27	0	200
10:05:00	36300	59	54	3	175	0	0	0	0	0	0	0	0	26	26	0	55	0	1	0	1	1	0	0	1	1	3	0	62	0	0	0	-4	0	0	3	-147	31	24	0	207
10:10:00	36600	89	88	5	171	0	0	0	0	0	0	0	0	46	36	0	65	0	1	0	0	0	1	0	0	3	5	0	60	0	0	0	-4	0	0	5	-152	40	45	0	202
10:15:00	36900	66	64	5	168	0	0	0	0	0	0	0	0	23	29	0	59	0	0	0	0	1	0	0	1	1	2	0	59	0	0	1	-5	0	0	4	-156	41	33	0	210
10:20:00	37200	74	73	4	165	0	0	0	0	0	0	0	0	29	25	0	63	0	0	0	0	0	0	0	1	4	2	0	61	0	0	0	-5	0	0	4	-160	41	46	0	205
10:25:00	37500	73	77	6	155	0	0	0	0	0	0	0	0	40	35	0	68	0	0	0	0	0	0	0	1	2	2	0	61	0	0	1	-6	0	0	5	-165	31	40	0	196
10:30:00	37800	64	72	5	142	0	0	0	0	0	0	0	0	30	32	0	66	0	0	0	0	0	0	0	1	1	2	0	60	0	0	0	-6	0	0	5	-170	33	38	0	191
10:35:00	38100	44	65	2	119	0	0	0	0	0	0	0	0	15	33	0	48	2	1	0	1	0	0	0	1	1	1	0	60	0	0	0	-6	0	0	2	-172	26	30	0	187
10:40:00	38400	59	74	3	101	1	1	0	0	0	0	0	0	17	28	0	37	1	1	0	1	1	0	0	2	2	1	0	61	0	0	0	-6	0	0	3	-175	37	43	0	181
10:45:00	38700	75	73	4	99	0	0	0	0	0	0	0	0	28	25	0	40	3	0	0	4	0	1	0	1	2	5	0	58	0	0	0	-6	0	0	4	-179	42	42	0	181
10:50:00	39000	47	68	5	73	0	0	0	0	0	0	0	0	17	23	0	34	0	3	0	1	0	0	0	1	2	1	0	59	0	0	0	-6	0	0	5	-184	28	41	0	168
10:55:00	39300	47	56	2	62	0	0	0	0	0	0	0	0	18	19	0	33	2	0	0	3	0	0	0	1	2	1	0	60	0	0	0	-6	0	0	2	-186	25	36	0	157
11:00:00	39600	53	50	2	63	0	0	0	0	0	0	0	0	21	15	0	39	4	1	0	6	2	1	0	2	1	1	0	60	0	0	0	-6	0	0	2	-188	25	32	0	150
11:05:00	39900	91	80	5	69	0	0	0	0	0	0	0	0	24	16	0	47	1	1	0	6	1	2	0	1	11	11	0	60	0	0	1	-7	0	0	4	-192	54	50	0	154
11:10:00	40200	78	57	2	88	0	0	0	0	0	0	0	0	39	20	0	66	2	1	0	7	0	0	0	1	3	2	0	61	0	0	0	-7	0	0	2	-194	34	34	0	154
11:15:00	40500	59	65	1	81	0	0	0	0	0	0	0	0	27	34	0	59	10	3	0	14	2	1	0	2	1	2	0	60	0	0	0	-7	0	0	1	-195	19	25	0	148
11:20:00	40800	64	56	2	87	0	0	0	0	0	0	0	0	33	26	0	66	2	2	0	14	0	0	0	2	3	4	0	59	0	0	0	-7	0	0	2	-197	26	24	0	150
11:25:00	41100	71	70	7	81	0	0	0	0	0	0	0	0	33	41	0	58	3	3	0	14	2	0	0	4	1	2	0	58	0	0	0	-7	0	0	7	-204	32	24	0	158
11:30:00	41400	76	72	3	82	0	0	0	0	0	0	0	0	37	28	0	67	1	5	0	10	0	2	0	2	5	2	0	61	0	0	2	-9	0	0	1	-205	33	35	0	156
11:35:00	41700	84	83	3	80	0	0	0	0	0	0	0	0	35	38	0	64	3	3	0	10	1	0	0	3	5	7	0	59	0	0	0	-9	0	0	3	-208	40	35	0	161
11:40:00	42000	83	74	3	86	1	0	0	1	0	0	0	0	24	24	0	64	0	4	0	6	1	2	0	2	2	17	0	44	0	0	0	-9	0	0	3	-211	55	27	0	189
11:45:00	42300	83	82	3	84	0	0	0	1	0	0	0	0	41	32	0	73	3	4	0	5	1	0	0	3	6	5	0	45	0	0	0	-9	0	0	3	-214	32	41	0	180
11:50:00	42600	91	77	1	97	0	1	0	0	0	0	0	0	41	32	0	82	5	2	0	8	1	2	0	2	2	2	0	45	0	0	0	-9	0	0	1	-215	42	38	0	184
11:55:00	42900	102	96	2	101	0	0	0	0	0	0	0	0	48	39	0	91	1	1	0	8	2	0	0	4	5	7	0	43	0	0	0	-9	0	0	2	-217	46	49	0	181
12:00:00	43200	79	81	4	95	0	0	0	0	1	0	0	1	44	44	0	91	2	2	0	8	0	0	0	4	2	0	0	45	0	0	0	-9	0	0	4	-221	30	35	0	176
12:05:00	43500	64	73	1	85	0	0	0	0	0	1	0	0	26	36	0	81	8	5	0	11	4	2	0	6	5	0	0	50	0	0	0	-9	0	0	1	-222	21	29	0	168
12:10:00	43800	65	63	0	87	0	0	0	0	0	0	0	0	29	34	0	76	2	0	0	13	0	3	0	3	5	1	0	54	0	0	0	-9	0	0	0	-222	29	25	0	172
12:15:00	44100	55	69	2	71	2	0	0	2	0	0	0	0	27	37	0	66	1	3	0	11	3	1	0	5	3	5	0	52	0	0	0	-9	0	0	2	-224	19	23	0	168
12:20:00	44400	48	64	3	52	1	2	0	1	0	0	0	0	20	32	0	54	0	4	0	7	1	2	0	4	1	3	0	50	0	0	0	-9	0	0	3	-227	25	21	0	172
12:25:00	44700	67	60	6	53	0	0	0	1	0	0	0	0	36	26	0	64	0	2	0	5	4	3	0	5	2	3	0	49	0	0	0	-9	0	0	6	-233	25	26	0	171
12:30:00	45000	37	43	0	47	0	0	0	1	0	0	0	0	23	26	0	61	0	1	0	4	1	1	0	5	2	2	0	49	0	0	0	-9	0	0	0	-233	11	13	0	169
12:35:00	45300	30	44	1	32	0	1	0	0	0	0	0	0	8	22	0	47	0	2	0	2	1	1	0	5	2	2	0	49	0	0	0	-9	0	0	1	-234	19	16	0	172
12:40:00	45600	36	35	4	29	0	0	0	0	0	0	0	0	20	17	0	50	0	1	0	1	1	0	0	6	4	1	0	52	0	0	1	-10	0	0	3	-237	11	16	0	167
12:45:00	45900	44	33	3	37	0	0	0	0	0	0	0	0	27	19	0	58	0	0	0	1	0	0	0	6	2	1	0	53	0	0	0	-10	0	0	3	-240	15	13	0	169
12:50:00	46200	29	34	1	31	0	0	0	0	0	0	0	0	20	22	0	56	0	1	0	0	1	1	0	6	2	0	0	55	0	0	0	-10	0	0	1	-241	6	10	0	165
12:55:00	46500	34	41	2	22	0	0	0	0	0	0	0	0	17	24	0	49	0	0	0	0	0	1	0	5	2	3	0	54	0	0	0	-10	0	0	2	-243	15	13	0	167
13:00:00	46800	7	32	3	-6	0	0	0	0	0	0	0	0	0	20	0	29	0	0	0	0	0	1	0	4	1	1	0	54	0	0	0	-10	0	0	3	-246	6	10	0	163
13:05:00	47100	4	31	0	-33	0	0	0	0	0	0	0	0	0	20	0	9	0	0	0	0	0	0	0	4	2	0	0	56	0	0	0	-10	0	0	0	-246	2	11	0	154
13:10:00	47400	3	17	0	-47	0	0	0	0	0	0	0	0	0	3	0	6	0	0	0	0	0	2	0	2	1	0	0	57	0	0	0	-10	0	0	0	-246	2	12	0	144
13:15:00	47700	18	12	1	-42	0	0	0	0	0	0	0	0	11	4	0	13	0	0	0	0	0	0	0	2	1	1	0	57	0	0	0	-10	0	0	1	-247	6	7	0	143
13:20:00	48000	11	12	1	-44	0	0	0	0	0	0	0	0	5	8	0	10	0	0	0	0	0	0	0	2	1	2	0	56	0	0	0	-10	0	0	1	-248	5	2	0	146
13:25:00	48300	14	18	0	-48	0	0	0	0	0	0	0	0	4	4	0	10	0	0	0	0	0	0	0	2	2	5	0	53	0	0	0	-10	0	0	0	-248	8	9	0	145
13:30:00	48600	53	19	0	-14	0	0	0	0	0	0	0	0	40	7	0	43	1	0	0	1	0	1	0	1	1	3	0	51	0	0	0	-10	0	0	0	-248	11	8	0	148
13:35:00	48900	61	56	4	-13	0	0	0	0	0	0	0	0	26	29	0	40	5	0	0	6	1	0	0	2	1	7	0	45	0	0	1	-11	0	0	3	-251	28	20	0	156
13:40:00	49200	46	47	4	-18	0	0	0	0	0	0	0	0	18	19	0	39	5	2	0	9	0	2	0	0	0	4	0	41	0	0	0	-11	0	0	4	-255	23	20	0	159
13:45:00	49500	54	45	3	-12	2	0	0	2	0	0	0	0	23	19	0	43	2	3	0	8	0	0	0	0	3	1	0	43	0	0	0	-11	0	0	3	-258	24	22	0	161
13:50:00	49800	94	54	0	28	1	1	0	2	0	0	0	0	42	18	0	67	15	7	0	16	5	1	0	4	2	2	0	43	0	0	0	-11	0	0	0	-258	29	25	0	165
13:55:00	50100	100	67	2	59	1	2	0	1	0	0	0	0	57	42	0	82	12	5	0	23	0	0	0	4	1	0	0	44	0	0	0	-11	0	0	2	-260	29	18	0	176
14:00:00	50400	76	74	3	58	2	0	0	3	0	0	0	0	44	36	0	90	3	9	0	17	1	2	0	3	2	0	0	46	0	0	1	-12	0	0	2	-262	24	27	0	173
14:05:00	50700	83	89	1	51	0	2	0	1	0	0	0	0	36	45	0	81	9	5	0	21	0	2	0	1	5	0	0	51	0	0	0	-12	0	0	1	-263	33	35	0	171
14:10:00	51000	73	70	3	51	1	1	0	1	0	0	0	0	36	36	0	81	14	14	0	21	0	0	0	1	4	0	0	55	0	0	0	-12	0	0	3	-266	18	19	0	170
14:15:00	51300	67	64	1	53	1	1	0	1	0	0	0	0	34	31	0	84	8	7	0	22	1	1	0	1	4	0	0	59	0	0	0	-12	0	0	1	-267	19	24	0	165
14:20:00	51600	79	63	4	65	0	1	0	0	0	0	0	0	39	30	0	93	14	8	0	28	0	0	0	1	3	5	0	57	0	0	1	-13	0	0	3	-270	23	19	0	169
14:25:00	51900	70	76	0	59	1	1	0	0	0	0	0	0	30	42	0	81	16	12	0	32	0	1	0	0	5	1	0	61	0	0	0	-13	0	0	0	-270	18	19	0	168
14:30:00	52200	55	70	3	41	2	0	0	2	0	0	0	0	16	28	0	69	12	12	0	32	0	0	0	0	2	1	0	62	0	0	0	-13	0	0	3	-273	23	29	0	162
14:35:00	52500	79	82	5	33	0	1	0	1	0	0	0	0	31	31	0	69	4	12	0	24	1	0	0	1	3	3	0	62	0	0	0	-13	0	0	5	-278	40	35	0	167
14:40:00	52800	61	76	5	13	0	1	0	0	0	0	0	0	21	37	0	53	8	8	0	24	1	1	0	1	1	3	0	60	0	0	0	-13	0	0	5	-283	30	26	0	171
14:45:00	53100	59	69	2	1	1	0	0	1	0	0	0	0	17	19	0	51	9	14	0	19	1	1	0	1	5	16	0	49	0	0	0	-13	0	0	2	-285	26	19	0	178
14:50:00	53400	55	63	4	-11	0	0	0	1	0	0	0	0	23	23	0	51	3	5	0	17	0	0	0	1	1	2	0	48	0	0	0	-13	0	0	4	-289	28	33	0	173
14:55:00	53700	46	53	2	-20	0	0	0	1	0	0	0	0	19	22	0	48	8	5	0	20	0	1	0	0	2	2	0	48	0	0	0	-13	0	0	2	-291	17	23	0	167
15:00:00	54000	45	59	3	-37	0	1	0	0	0	0	0	0	19	21	0	46	4	11	0	13	0	0	0	0	1	2	0	47	0	0	0	-13	0	0	3	-294	21	24	0	164
15:05:00	54300	50	55	6	-48	0	0	0	0	0	0	0	0	23	24	0	45	0	3	0	10	0	0	0	0	3	1	0	49	0	0	1	-14	0	0	5	-299	24	27	0	161
15:10:00	54600	48	56	4	-60	1	1	0	0	0	0	0	0	17	25	0	37	0	4	0	6	0	0	0	0	1	0	0	50	0	0	0	-14	0	0	4	-303	29	26	0	164
15:15:00	54900	61	48	1	-48	1	0	0	1	0	0	0	0	24	15	0	46	1	2	0	5	3	1	0	2	4	4	0	50	0	0	0	-14	0	0	1	-304	28	26	0	166
15:20:00	55200	55	53	6	-52	0	1	0	0	0	0	0	0	24	20	0	50	1	1	0	5	0	1	0	1	4	1	0	53	0	0	0	-14	0	0	6	-310	26	29	0	163
15:25:00	55500	47	59	2	-66	1	0	0	1	0	0	0	0	26	32	0	44	0	0	0	5	0	0	0	1	2	2	0	53	0	0	0	-14	0	0	2	-312	18	25	0	156
15:30:00	55800	76	45	3	-38	1	2	0	0	0	0	0	0	30	18	0	56	0	1	0	4	2	0	0	3	1	1	0	53	0	0	0	-14	0	0	3	-315	42	23	0	175
15:35:00	56100	86	64	3	-19	0	0	0	0	0	0	0	0	41	29	0	68	0	0	0	4	0	0	0	3	5	3	0	55	0	0	0	-14	0	0	3	-318	40	32	0	183
15:40:00	56400	98	83	3	-7	0	0	0	0	0	0	0	0	57	40	0	85	0	1	0	3	0	3	0	0	1	2	0	54	0	0	0	-14	0	0	3	-321	40	37	0	186
15:45:00	56700	73	74	4	-12	0	0	0	0	0	0	0	0	39	41	0	83	0	0	0	3	0	0	0	0	4	1	0	57	0	0	0	-14	0	0	4	-325	30	32	0	184
15:50:00	57000	77	72	1	-8	2	0	0	2	0	0	0	0	42	38	0	87	0	1	0	2	1	0	0	1	0	0	0	57	0	0	0	-14	0	0	1	-326	32	33	0	183
15:55:00	57300	59	77	4	-30	0	2	0	0	0	0	0	0	24	41	0	70	0	0	0	2	0	0	0	1	1	4	0	54	0	0	0	-14	0	0	4	-330	34	30	0	187
16:00:00	57600	81	82	4	-35	0	0	0	0	0	0	0	0	30	36	0	64	21	0	0	23	1	0	0	2	1	3	0	52	0	0	0	-14	0	0	4	-334	28	43	0	172
16:05:00	57900	83	74	4	-30	0	0	0	0	0	0	0	0	31	31	0	64	19	8	0	34	0	1	0	1	2	3	0	51	0	0	0	-14	0	0	4	-338	31	31	0	172
16:10:00	58200	72	80	1	-39	0	0	0	0	0	0	0	0	26	32	0	58	18	14	0	38	1	0	0	2	2	0	0	53	0	0	0	-14	0	0	1	-339	25	34	0	163
16:15:00	58500	80	85	1	-45	0	0	0	0	0	0	0	0	31	35	0	54	16	14	0	40	1	2	0	1	4	6	0	51	0	0	0	-14	0	0	1	-340	28	28	0	163
16:20:00	58800	92	64	1	-18	0	0	0	0	0	0	0	0	36	24	0	66	17	12	0	45	0	1	0	0	2	2	0	51	0	0	0	-14	0	0	1	-341	37	25	0	175
16:25:00	59100	99	88	3	-10	1	0	0	1	0	0	0	0	29	29	0	66	27	20	0	52	1	0	0	1	2	4	0	49	0	0	0	-14	0	0	3	-344	39	35	0	179
16:30:00	59400	113	82	4	17	0	1	0	0	0	0	0	0	32	30	0	68	31	14	0	69	2	0	0	3	4	5	0	48	0	0	0	-14	0	0	4	-348	44	32	0	191
16:35:00	59700	125	90	1	51	1	0	0	1	0	0	0	0	49	29	0	88	27	23	0	73	1	0	0	4	3	3	0	48	0	0	0	-14	0	0	1	-349	44	35	0	200
16:40:00	60000	125	122	5	49	0	0	0	1	0	0	0	0	51	43	0	96	20	25	0	68	1	1	0	4	3	5	0	46	0	0	0	-14	0	0	5	-354	50	48	0	202
16:45:00	60300	99	101	6	41	0	1	0	0	0	0	0	0	30	38	0	88	28	20	0	76	3	1	0	6	3	6	0	43	0	0	0	-14	0	0	6	-360	35	35	0	202
16:50:00	60600	137	108	5	65	0	0	0	0	0	0	0	0	49	43	0	94	47	31	0	92	0	1	0	5	3	2	0	44	0	0	0	-14	0	0	5	-365	38	31	0	209
16:55:00	60900	112	121	3	53	0	0	0	0	0	0	0	0	47	48	0	93	31	27	0	96	1	2	0	4	4	2	0	46	0	0	0	-14	0	0	3	-368	29	42	0	196
17:00:00	61200	149	112	7	83	0	0	0	0	0	0	0	0	75	41	0	127	20	30	0	86	1	1	0	4	2	7	0	41	0	0	0	-14	0	0	7	-375	51	33	0	214
17:05:00	61500	159	121	2	119	1	0	0	1	0	0	0	0	81	52	0	156	12	21	0	77	0	3	0	1	5	6	0	40	0	0	0	-14	0	0	2	-377	60	39	0	235
17:10:00	61800	132	129	7	115	0	0	0	1	0	0	0	0	61	60	0	157	16	21	0	72	1	0	0	2	2	3	0	39	0	0	0	-14	0	0	7	-384	52	45	0	242
17:15:00	62100	147	143	2	117	1	1	0	1	0	0	0	0	71	68	0	160	27	23	0	76	2	0	0	4	2	6	0	35	0	0	0	-14	0	0	2	-386	44	45	0	241
17:20:00	62400	151	143	8	117	0	1	0	0	1	0	0	1	74	69	0	165	13	21	0	68	0	1	0	3	3	2	0	36	0	0	0	-14	0	0	8	-394	60	49	0	252
17:25:00	62700	99	145	4	67	1	0	0	1	0	1	0	0	44	70	0	139	1	25	0	44	4	2	0	5	6	3	0	39	0	0	0	-14	0	0	4	-398	43	44	0	251
17:30:00	63000	84	110	2	39	0	1	0	0	0	0	0	0	52	58	0	133	1	12	0	33	0	1	0	4	6	1	0	44	0	0	0	-14	0	0	2	-400	25	37	0	239
17:35:00	63300	68	74	2	31	0	0	0	0	0	0	0	0	40	43	0	130	2	6	0	29	0	2	0	2	4	2	0	46	0	0	0	-14	0	0	2	-402	22	21	0	240
17:40:00	63600	51	69	4	9	0	0	0	0	0	0	0	0	25	42	0	113	1	5	0	25	0	0	0	2	3	3	0	46	0	0	0	-14	0	0	4	-406	22	19	0	243
17:45:00	63900	87	67	3	26	0	0	0	0	0	0	0	0	53	43	0	123	1	1	0	25	1	0	0	3	0	3	0	43	0	0	0	-14	0	0	3	-409	32	20	0	255
17:50:00	64200	72	81	6	11	0	0	0	0	0	0	0	0	44	45	0	122	0	6	0	19	0	1	0	2	5	3	0	45	0	0	0	-14	0	0	6	-415	23	26	0	252
17:55:00	64500	83	87	4	3	0	0	0	0	0	0	0	0	48	45	0	125	1	3	0	17	0	1	0	1	4	4	0	45	0	0	0	-14	0	0	4	-419	30	34	0	248
18:00:00	64800	68	95	3	-27	1	1	0	0	0	0	0	0	39	58	0	106	1	2	0	16	1	0	0	2	3	3	0	45	0	0	0	-14	0	0	3	-422	23	31	0	240
18:05:00	65100	59	74	2	-44	1	0	0	1	0	0	0	0	30	38	0	98	0	2	0	14	0	1	0	1	7	6	0	46	0	0	0	-14	0	0	2	-424	21	27	0	234
18:10:00	65400	43	65	2	-68	0	0	0	1	0	0	0	0	25	37	0	86	0	0	0	14	0	0	0	1	3	5	0	44	0	0	0	-14	0	0	2	-426	15	23	0	226
18:15:00	65700	38	55	3	-88	0	1	0	0	0	0	0	0	18	34	0	70	1	3	0	12	0	0	0	1	2	3	0	43	0	0	0	-14	0	0	3	-429	17	14	0	229
18:20:00	66000	54	47	0	-81	0	0	0	0	0	0	0	0	29	17	0	82	0	1	0	11	1	0	0	2	3	3	0	43	0	0	0	-14	0	0	0	-429	21	26	0	224
18:25:00	66300	40	56	1	-98	0	0	0	0	0	0	0	0	22	28	0	76	0	1	0	10	0	1	0	1	0	5	0	38	0	0	0	-14	0	0	1	-430	18	21	0	221
18:30:00	66600	39	56	4	-119	0	0	0	0	0	0	0	0	20	27	0	69	0	1	0	9	0	0	0	1	1	5	0	34	0	0	0	-14	0	0	4	-434	18	23	0	216
18:35:00	66900	52	57	3	-127	0	0	0	0	0	0	0	0	31	31	0	69	1	3	0	7	0	0	0	1	1	3	0	32	0	0	0	-14	0	0	3	-437	19	20	0	215
18:40:00	67200	23	46	0	-150	0	0	0	0	0	0	0	0	12	25	0	56	0	1	0	6	0	1	0	0	0	4	0	28	0	0	0	-14	0	0	0	-437	11	15	0	211
18:45:00	67500	30	50	2	-172	0	0	0	0	0	0	0	0	19	25	0	50	0	2	0	4	0	0	0	0	2	3	0	27	0	0	0	-14	0	0	2	-439	9	20	0	200
18:50:00	67800	16	34	3	-193	0	0	0	0	0	0	0	0	5	13	0	42	0	0	0	4	0	0	0	0	0	8	0	19	0	0	0	-14	0	0	3	-442	11	13	0	198
18:55:00	68100	21	32	0	-204	0	0	0	0	0	0	0	0	9	15	0	36	0	0	0	4	0	0	0	0	1	4	0	16	0	0	0	-14	0	0	0	-442	11	13	0	196
19:00:00	68400	49	33	4	-192	0	0	0	0	0	0	0	0	32	16	0	52	0	0	0	4	0	0	0	0	0	4	0	12	0	0	0	-14	0	0	4	-446	17	13	0	200
19:05:00	68700	69	41	5	-169	0	0	0	0	0	0	0	0	39	18	0	73	0	0	0	4	1	0	0	1	3	0	0	15	0	0	0	-14	0	0	5	-451	26	23	0	203
19:10:00	69000	49	46	4	-170	0	0	0	0	0	0	0	0	24	30	0	67	0	0	0	4	2	0	0	3	1	1	0	15	0	0	0	-14	0	0	4	-455	22	15	0	210
19:15:00	69300	50	61	2	-183	0	0	0	0	0	0	0	0	29	32	0	64	0	1	0	3	1	1	0	3	2	2	0	15	0	0	0	-14	0	0	2	-457	18	25	0	203
19:20:00	69600	52	50	3	-184	0	0	0	0	1	0	0	1	33	29	0	68	0	0	0	3	1	1	0	3	0	2	0	13	0	0	0	-14	0	0	3	-460	17	18	0	202
19:25:00	69900	79	61	3	-169	1	0	0	1	0	0	0	1	48	35	0	81	0	0	0	3	1	0	0	4	1	0	0	14	0	0	0	-14	0	0	3	-463	28	26	0	204
19:30:00	70200	54	39	0	-154	1	1	0	1	0	0	0	1	32	23	0	90	0	0	0	3	4	0	0	8	1	1	0	14	0	0	0	-14	0	0	0	-463	16	14	0	206
19:35:00	70500	43	71	1	-183	0	1	0	0	0	1	0	0	24	47	0	67	0	0	0	3	0	4	0	4	1	0	0	15	0	0	0	-14	0	0	1	-464	18	18	0	206
19:40:00	70800	38	54	1	-200	2	0	0	2	0	0	0	0	15	28	0	54	0	1	0	2	0	1	0	3	0	1	0	14	0	0	0	-14	0	0	1	-465	21	23	0	204
19:45:00	71100	63	46	3	-186	1	1	0	2	0	0	0	0	36	22	0	68	0	0	0	2	1	1	0	3	3	4	0	13	0	0	0	-14	0	0	3	-468	22	18	0	208
19:50:00	71400	38	55	1	-204	0	1	0	1	0	0	0	0	26	27	0	67	0	0	0	2	2	2	0	3	0	1	0	12	0	0	0	-14	0	0	1	-469	10	24	0	194
19:55:00	71700	46	52	0	-210	0	0	0	1	0	0	0	0	32	35	0	64	0	0	0	2	0	1	0	2	1	1	0	12	0	0	0	-14	0	0	0	-469	13	15	0	192
20:00:00	72000	13	47	1	-245	0	1	0	0	0	0	0	0	6	30	0	40	0	0	0	2	0	0	0	2	0	2	0	10	0	0	0	-14	0	0	1	-470	7	14	0	185
20:05:00	72300	8	31	0	-268	0	0	0	0	0	0	0	0	4	17	0	27	0	0	0	2	0	1	0	1	1	0	0	11	0	0	0	-14	0	0	0	-470	3	13	0	175
20:10:00	72600	3	17	0	-282	0	0	0	0	0	0	0	0	1	9	0	19	0	0	0	2	0	0	0	1	1	0	0	12	0	0	0	-14	0	0	0	-470	1	8	0	168
20:15:00	72900	12	24	3	-297	0	0	0	0	0	0	0	0	4	12	0	11	0	0	0	2	1	0	0	2	0	1	0	11	0	0	0	-14	0	0	3	-473	7	11	0	164
20:20:00	73200	7	18	1	-309	0	0	0	0	0	0	0	0	3	6	0	8	0	1	0	1	0	0	0	2	0	1	0	10	0	0	0	-14	0	0	1	-474	4	10	0	158
20:25:00	73500	8	10	1	-312	0	0	0	0	0	0	0	0	3	0	0	11	0	1	0	0	0	0	0	2	0	3	0	7	0	0	0	-14	0	0	1	-475	5	6	0	157
20:30:00	73800	10	17	2	-321	0	0	0	0	0	0	0	0	3	4	0	10	0	0	0	0	0	1	0	1	0	3	0	4	0	0	0	-14	0	0	2	-477	7	9	0	155
20:35:00	74100	7	12	1	-327	0	0	0	0	0	0	0	0	2	5	0	7	0	0	0	0	0	0	0	1	0	1	0	3	0	0	0	-14	0	0	1	-478	5	6	0	154
20:40:00	74400	6	7	0	-328	0	0	0	0	0	0	0	0	3	1	0	9	0	0	0	0	0	0	0	1	0	0	0	3	0	0	0	-14	0	0	0	-478	3	6	0	151
20:45:00	74700	4	9	1	-334	0	0	0	0	0	0	0	0	0	2	0	7	0	0	0	0	0	0	0	1	0	0	0	3	0	0	0	-14	0	0	1	-479	4	7	0	148
20:50:00	75000	6	7	1	-336	0	0	0	0	0	0	0	0	3	3	0	7	0	0	0	0	0	0	0	1	0	0	0	3	0	0	0	-14	0	0	1	-480	3	4	0	147
20:55:00	75300	2	7	0	-341	0	0	0	0	0	0	0	0	0	3	0	4	0	0	0	0	0	0	0	1	0	0	0	3	0	0	0	-14	0	0	0	-480	2	4	0	145
21:00:00	75600	10	13	2	-346	0	0	0	0	0	0	0	0	6	4	0	6	0	0	0	0	0	1	0	0	0	0	0	3	0	0	0	-14	0	0	2	-482	4	8	0	141
21:05:00	75900	6	10	1	-351	0	0	0	0	0	0	0	0	3	4	0	5	0	0	0	0	0	0	0	0	0	0	0	3	0	0	0	-14	0	0	1	-483	3	6	0	138
21:10:00	76200	0	7	0	-358	0	0	0	0	0	0	0	0	0	2	0	3	0	0	0	0	0	0	0	0	0	0	0	3	0	0	0	-14	0	0	0	-483	0	5	0	133
21:15:00	76500	5	7	2	-362	0	0	0	0	0	0	0	0	1	1	0	3	0	0	0	0	0	0	0	0	0	0	0	3	0	0	0	-14	0	0	2	-485	4	6	0	131
21:20:00	76800	1	4	1	-366	0	0	0	0	0	0	0	0	0	1	0	2	0	0	0	0	0	0	0	0	0	0	0	3	0	0	0	-14	0	0	1	-486	1	3	0	129
21:25:00	77100	1	5	1	-371	0	0	0	0	0	0	0	0	0	1	0	1	0	0	0	0	0	0	0	0	0	0	0	3	0	0	0	-14	0	0	1	-487	1	4	0	126
21:30:00	77400	2	2	1	-372	0	0	0	0	0	0	0	0	1	0	0	2	0	0	0	0	0	0	0	0	0	0	0	3	0	0	0	-14	0	0	1	-488	1	2	0	125
21:35:00	77700	0	2	0	-374	0	0	0	0	0	0	0	0	0	0	0	2	0	0	0	0	0	0	0	0	0	0	0	3	0	0	0	-14	0	0	0	-488	0	2	0	123
21:40:00	78000	1	2	1	-376	0	0	0	0	0	0	0	0	0	0	0	2	0	0	0	0	0	0	0	0	0	0	0	3	0	0	0	-14	0	0	1	-489	1	2	0	122
21:45:00	78300	1	5	0	-380	0	0	0	0	0	0	0	0	0	0	0	2	0	0	0	0	0	0	0	0	0	0	0	3	0	0	0	-14	0	0	0	-489	1	5	0	118
21:50:00	78600	3	5	0	-382	0	0	0	0	0	0	0	0	2	2	0	2	0	0	0	0	0	0	0	0	0	0	0	3	0	0	0	-14	0	0	0	-489	1	3	0	116
21:55:00	78900	1	2	0	-383	0	0	0	0	0	0	0	0	1	0	0	3	0	0	0	0	0	0	0	0	0	0	0	3	0	0	0	-14	0	0	0	-489	0	2	0	114
22:00:00	79200	2	5	1	-387	0	0	0	0	0	0	0	0	0	0	0	3	0	0	0	0	0	0	0	0	0	0	0	3	0	0	0	-14	0	0	1	-490	2	5	0	111
22:05:00	79500	2	4	1	-390	0	0	0	0	0	0	0	0	1	1	0	3	0	0	0	0	0	0	0	0	0	0	0	3	0	0	0	-14	0	0	1	-491	1	3	0	109
22:10:00	79800	1	2	1	-392	0	0	0	0	0	0	0	0	0	0	0	3	0	0	0	0	0	0	0	0	0	0	0	3	0	0	0	-14	0	0	1	-492	1	2	0	108
22:15:00	80100	3	4	0	-393	0	0	0	0	0	0	0	0	1	0	0	4	0	0	0	0	0	0	0	0	0	0	0	3	0	0	0	-14	0	0	0	-492	2	4	0	106
22:20:00	80400	5	6	0	-394	0	0	0	0	0	0	0	0	1	1	0	4	0	0	0	0	0	0	0	0	0	0	0	3	0	0	0	-14	0	0	0	-492	4	5	0	105
22:25:00	80700	1	4	1	-398	0	0	0	0	0	0	0	0	0	1	0	3	0	0	0	0	0	0	0	0	0	0	0	3	0	0	0	-14	0	0	1	-493	1	3	0	103
22:30:00	81000	0	1	0	-399	0	0	0	0	0	0	0	0	0	1	0	2	0	0	0	0	0	0	0	0	0	0	0	3	0	0	0	-14	0	0	0	-493	0	0	0	103
22:35:00	81300	1	1	0	-399	0	0	0	0	0	0	0	0	1	0	0	3	0	0	0	0	0	0	0	0	0	0	0	3	0	0	0	-14	0	0	0	-493	0	1	0	102
22:40:00	81600	2	2	0	-399	0	0	0	0	0	0	0	0	0	1	0	2	0	0	0	0	0	0	0	0	0	0	0	3	0	0	0	-14	0	0	0	-493	2	1	0	103
22:45:00	81900	0	1	0	-400	0	0	0	0	0	0	0	0	0	0	0	2	0	0	0	0	0	0	0	0	0	0	0	3	0	0	0	-14	0	0	0	-493	0	1	0	102
22:50:00	82200	1	4	0	-403	0	0	0	0	0	0	0	0	0	1	0	1	0	0	0	0	0	0	0	0	0	0	0	3	0	0	0	-14	0	0	0	-493	1	3	0	100
22:55:00	82500	1	1	1	-404	0	0	0	0	0	0	0	0	0	0	0	1	0	0	0	0	0	0	0	0	0	0	0	3	0	0	0	-14	0	0	1	-494	1	1	0	100
23:00:00	82800	0	1	0	-405	0	0	0	0	0	0	0	0	0	0	0	1	0	0	0	0	0	0	0	0	0	0	0	3	0	0	0	-14	0	0	0	-494	0	1	0	99
23:05:00	83100	0	2	0	-407	0	0	0	0	0	0	0	0	0	0	0	1	0	0	0	0	0	0	0	0	0	0	0	3	0	0	0	-14	0	0	0	-494	0	2	0	97
23:10:00	83400	2	3	2	-410	0	0	0	0	0	0	0	0	0	0	0	1	0	0	0	0	0	0	0	0	0	0	0	3	0	0	0	-14	0	0	2	-496	2	3	0	96
23:15:00	83700	2	3	0	-411	0	0	0	0	0	0	0	0	2	0	0	3	0	0	0	0	0	0	0	0	0	0	0	3	0	0	0	-14	0	0	0	-496	0	3	0	93
23:20:00	84000	5	6	3	-415	0	0	0	0	0	0	0	0	0	2	0	1	0	0	0	0	0	0	0	0	0	0	0	3	0	0	0	-14	0	0	3	-499	5	4	0	94
23:25:00	84300	5	2	0	-412	0	0	0	0	0	0	0	0	1	0	0	2	0	0	0	0	0	0	0	0	0	0	0	3	0	0	0	-14	0	0	0	-499	4	2	0	96
23:30:00	84600	1	4	0	-415	0	0	0	0	0	0	0	0	1	2	0	1	0	0	0	0	0	0	0	0	0	0	0	3	0	0	0	-14	0	0	0	-499	0	2	0	94
23:35:00	84900	1	1	0	-415	0	0	0	0	0	0	0	0	1	0	0	2	0	0	0	0	0	0	0	0	0	0	0	3	0	0	0	-14	0	0	0	-499	0	1	0	93
23:40:00	85200	3	2	0	-414	0	0	0	0	0	0	0	0	2	1	0	3	0	0	0	0	0	0	0	0	0	0	0	3	0	0	0	-14	0	0	0	-499	1	1	0	93
23:45:00	85500	3	3	0	-414	0	0	0	0	0	0	0	0	1	2	0	2	0	0	0	0	0	0	0	0	0	0	0	3	0	0	0	-14	0	0	0	-499	2	1	0	94
23:50:00	85800	1	3	0	-416	0	0	0	0	0	0	0	0	0	1	0	1	0	0	0	0	0	0	0	0	0	0	0	3	0	0	0	-14	0	0	0	-499	1	2	0	93
23:55:00	86100	2	4	0	-418	0	0	0	0	0	0	0	0	0	1	0	0	0	0	0	0	0	0	0	0	0	0	0	3	0	0	0	-14	0	0	0	-499	2	3	0	92
24:00:00	86400	4	2	0	-416	0	0	0	0	0	0	0	0	2	0	0	2	0	0	0	0	0	0	0	0	0	0	0	3	0	0	0	-14	0	0	0	-499	2	2	0	92
24:05:00	86700	2	4	0	-418	0	0	0	0	0	0	0	0	1	1	0	2	0	0	0	0	0	0	0	0	0	0	0	3	0	0	0	-14	0	0	0	-499	1	3	0	90
24:10:00	87000	5	7	2	-422	0	0	0	0	0	0	0	0	1	1	0	2	0	0	0	0	0	0	0	0	0	0	0	3	0	0	0	-14	0	0	2	-501	4	6	0	88
24:15:00	87300	3	5	1	-425	0	0	0	0	0	0	0	0	0	0	0	2	0	0	0	0	1	1	0	0	0	0	0	3	0	0	0	-14	0	0	1	-502	2	4	0	86
24:20:00	87600	2	4	0	-427	0	0	0	0	0	0	0	0	0	1	0	1	0	0	0	0	0	0	0	0	0	0	0	3	0	0	0	-14	0	0	0	-502	2	3	0	85
24:25:00	87900	1	2	1	-429	0	0	0	0	0	0	0	0	0	0	0	1	0	0	0	0	0	0	0	0	0	0	0	3	0	0	0	-14	0	0	1	-503	1	2	0	84
24:30:00	88200	2	4	1	-432	0	0	0	0	0	0	0	0	1	0	0	2	0	0	0	0	0	0	0	0	0	0	0	3	0	0	0	-14	0	0	1	-504	1	4	0	81
24:35:00	88500	1	3	0	-434	0	0	0	0	0	0	0	0	1	2	0	1	0	0	0	0	0	0	0	0	0	0	0	3	0	0	0	-14	0	0	0	-504	0	1	0	80
24:40:00	88800	0	1	0	-435	0	0	0	0	0	0	0	0	0	0	0	1	0	0	0	0	0	0	0	0	0	0	0	3	0	0	0	-14	0	0	0	-504	0	1	0	79
24:45:00	89100	1	1	0	-435	0	0	0	0	0	0	0	0	1	0	0	2	0	0	0	0	0	0	0	0	0	0	0	3	0	0	0	-14	0	0	0	-504	0	1	0	78
24:50:00	89400	0	0	0	-435	0	0	0	0	0	0	0	0	0	0	0	2	0	0	0	0	0	0	0	0	0	0	0	3	0	0	0	-14	0	0	0	-504	0	0	0	78
24:55:00	89700	0	1	0	-436	0	0	0	0	0	0	0	0	0	1	0	1	0	0	0	0	0	0	0	0	0	0	0	3	0	0	0	-14	0	0	0	-504	0	0	0	78
25:00:00	90000	0	0	0	-436	0	0	0	0	0	0	0	0	0	0	0	1	0	0	0	0	0	0	0	0	0	0	0	3	0	0	0	-14	0	0	0	-504	0	0	0	78
25:05:00	90300	1	1	0	-436	0	0	0	0	0	0	0	0	0	0	0	1	0	0	0	0	0	0	0	0	0	0	0	3	0	0	0	-14	0	0	0	-504	1	1	0	78
25:10:00	90600	1	1	0	-436	0	0	0	0	0	0	0	0	0	0	0	1	0	0	0	0	0	0	0	0	0	0	0	3	0	0	0	-14	0	0	0	-504	1	1	0	78
25:15:00	90900	3	3	0	-436	0	0	0	0	0	0	0	0	0	0	0	1	0	0	0	0	0	0	0	0	0	0	0	3	0	0	0	-14	0	0	0	-504	3	3	0	78
25:20:00	91200	0	1	0	-437	0	0	0	0	0	0	0	0	0	1	0	0	0	0	0	0	0	0	0	0	0	0	0	3	0	0	0	-14	0	0	0	-504	0	0	0	78
25:25:00	91500	1	2	0	-438	0	0	0	0	0	0	0	0	1	0	0	1	0	0	0	0	0	0	0	0	0	0	0	3	0	0	0	-14	0	0	0	-504	0	2	0	76
25:30:00	91800	0	0	0	-438	0	0	0	0	0	0	0	0	0	0	0	1	0	0	0	0	0	0	0	0	0	0	0	3	0	0	0	-14	0	0	0	-504	0	0	0	76
25:35:00	92100	0	0	0	-438	0	0	0	0	0	0	0	0	0	0	0	1	0	0	0	0	0	0	0	0	0	0	0	3	0	0	0	-14	0	0	0	-504	0	0	0	76
25:40:00	92400	0	1	0	-439	0	0	0	0	0	0	0	0	0	0	0	1	0	0	0	0	0	0	0	0	0	0	0	3	0	0	0	-14	0	0	0	-504	0	1	0	75
25:45:00	92700	3	2	0	-438	0	0	0	0	0	0	0	0	1	0	0	2	0	0	0	0	0	0	0	0	0	0	0	3	0	0	0	-14	0	0	0	-504	2	2	0	75
25:50:00	93000	1	1	0	-438	0	0	0	0	0	0	0	0	0	0	0	2	0	0	0	0	1	0	0	1	0	0	0	3	0	0	0	-14	0	0	0	-504	0	1	0	74
25:55:00	93300	2	4	0	-440	0	0	0	0	0	0	0	0	0	1	0	1	0	0	0	0	0	1	0	0	0	0	0	3	0	0	0	-14	0	0	0	-504	2	2	0	74
26:00:00	93600	1	4	0	-443	0	0	0	0	0	0	0	0	0	0	0	1	0	0	0	0	0	0	0	0	0	0	0	3	0	0	0	-14	0	0	0	-504	1	4	0	71
26:05:00	93900	4	4	3	-446	0	0	0	0	0	0	0	0	1	0	0	2	0	0	0	0	0	0	0	0	0	0	0	3	0	0	0	-14	0	0	3	-507	3	4	0	70
26:10:00	94200	1	1	0	-446	0	0	0	0	0	0	0	0	1	0	0	3	0	0	0	0	0	0	0	0	0	0	0	3	0	0	0	-14	0	0	0	-507	0	1	0	69
26:15:00	94500	0	0	0	-446	0	0	0	0	0	0	0	0	0	0	0	3	0	0	0	0	0	0	0	0	0	0	0	3	0	0	0	-14	0	0	0	-507	0	0	0	69
26:20:00	94800	1	4	0	-449	0	0	0	0	0	0	0	0	1	1	0	3	0	0	0	0	0	0	0	0	0	0	0	3	0	0	0	-14	0	0	0	-507	0	3	0	66
26:25:00	95100	2	3	1	-451	0	0	0	0	0	0	0	0	0	1	0	2	0	0	0	0	0	0	0	0	0	0	0	3	0	0	0	-14	0	0	1	-508	2	2	0	66
26:30:00	95400	1	2	1	-453	0	0	0	0	0	0	0	0	0	0	0	2	0	0	0	0	0	0	0	0	0	0	0	3	0	0	0	-14	0	0	1	-509	1	2	0	65
26:35:00	95700	0	0	0	-453	0	0	0	0	0	0	0	0	0	0	0	2	0	0	0	0	0	0	0	0	0	0	0	3	0	0	0	-14	0	0	0	-509	0	0	0	65
26:40:00	96000	0	0	0	-453	0	0	0	0	0	0	0	0	0	0	0	2	0	0	0	0	0	0	0	0	0	0	0	3	0	0	0	-14	0	0	0	-509	0	0	0	65
26:45:00	96300	1	2	0	-454	0	0	0	0	0	0	0	0	1	1	0	2	0	0	0	0	0	0	0	0	0	0	0	3	0	0	0	-14	0	0	0	-509	0	1	0	64
26:50:00	96600	0	2	0	-456	0	0	0	0	0	0	0	0	0	0	0	2	0	0	0	0	0	0	0	0	0	0	0	3	0	0	0	-14	0	0	0	-509	0	2	0	62
26:55:00	96900	4	4	2	-458	0	0	0	0	0	0	0	0	1	1	0	2	0	0	0	0	0	0	0	0	0	0	0	3	0	0	0	-14	0	0	2	-511	3	3	0	62
27:00:00	97200	1	2	1	-460	0	0	0	0	0	0	0	0	0	0	0	2	0	0	0	0	0	0	0	0	0	0	0	3	0	0	0	-14	0	0	1	-512	1	2	0	61
27:05:00	97500	0	0	0	-460	0	0	0	0	0	0	0	0	0	0	0	2	0	0	0	0	0	0	0	0	0	0	0	3	0	0	0	-14	0	0	0	-512	0	0	0	61
27:10:00	97800	1	2	0	-461	0	0	0	0	0	0	0	0	1	1	0	2	0	0	0	0	0	0	0	0	0	0	0	3	0	0	0	-14	0	0	0	-512	0	1	0	60
27:15:00	98100	0	0	0	-461	0	0	0	0	0	0	0	0	0	0	0	2	0	0	0	0	0	0	0	0	0	0	0	3	0	0	0	-14	0	0	0	-512	0	0	0	60
27:20:00	98400	0	1	0	-462	0	0	0	0	0	0	0	0	0	1	0	1	0	0	0	0	0	0	0	0	0	0	0	3	0	0	0	-14	0	0	0	-512	0	0	0	60
27:25:00	98700	0	1	0	-463	0	0	0	0	0	0	0	0	0	0	0	1	0	0	0	0	0	0	0	0	0	0	0	3	0	0	0	-14	0	0	0	-512	0	1	0	59
27:30:00	99000	1	2	1	-465	0	0	0	0	0	0	0	0	0	0	0	1	0	0	0	0	0	0	0	0	0	0	0	3	0	0	0	-14	0	0	1	-513	1	2	0	58
27:35:00	99300	1	2	0	-466	0	0	0	0	0	0	0	0	0	0	0	1	0	0	0	0	0	0	0	0	0	0	0	3	0	0	0	-14	0	0	0	-513	1	2	0	57
27:40:00	99600	3	3	1	-467	0	0	0	0	0	0	0	0	1	1	0	1	0	0	0	0	0	0	0	0	0	0	0	3	0	0	0	-14	0	0	1	-514	2	2	0	57
27:45:00	99900	1	4	1	-471	0	0	0	0	0	0	0	0	0	0	0	1	0	0	0	0	0	0	0	0	0	0	0	3	0	0	0	-14	0	0	1	-515	1	4	0	54
27:50:00	100200	2	2	2	-473	0	0	0	0	0	0	0	0	0	0	0	1	0	0	0	0	0	0	0	0	0	0	0	3	0	0	0	-14	0	0	2	-517	2	2	0	54
27:55:00	100500	0	0	0	-473	0	0	0	0	0	0	0	0	0	0	0	1	0	0	0	0	0	0	0	0	0	0	0	3	0	0	0	-14	0	0	0	-517	0	0	0	54
28:00:00	100800	1	1	0	-473	0	0	0	0	0	0	0	0	1	1	0	1	0	0	0	0	0	0	0	0	0	0	0	3	0	0	0	-14	0	0	0	-517	0	0	0	54
28:05:00	101100	0	0	0	-473	0	0	0	0	0	0	0	0	0	0	0	1	0	0	0	0	0	0	0	0	0	0	0	3	0	0	0	-14	0	0	0	-517	0	0	0	54
28:10:00	101400	1	2	0	-474	0	0	0	0	0	0	0	0	0	0	0	1	0	0	0	0	0	0	0	0	0	0	0	3	0	0	0	-14	0	0	0	-517	1	2	0	53
28:15:00	101700	0	1	0	-475	0	0	0	0	0	0	0	0	0	0	0	1	0	0	0	0	0	0	0	0	0	0	0	3	0	0	0	-14	0	0	0	-517	0	1	0	52
28:20:00	102000	0	1	0	-476	0	0	0	0	0	0	0	0	0	0	0	1	0	0	0	0	0	0	0	0	0	0	0	3	0	0	0	-14	0	0	0	-517	0	1	0	51
28:25:00	102300	1	1	0	-476	0	0	0	0	0	0	0	0	1	1	0	1	0	0	0	0	0	0	0	0	0	0	0	3	0	0	0	-14	0	0	0	-517	0	0	0	51
28:30:00	102600	0	0	0	-476	0	0	0	0	0	0	0	0	0	0	0	1	0	0	0	0	0	0	0	0	0	0	0	3	0	0	0	-14	0	0	0	-517	0	0	0	51
28:35:00	102900	3	3	0	-476	0	0	0	0	0	0	0	0	2	2	0	1	0	0	0	0	0	0	0	0	0	0	0	3	0	0	0	-14	0	0	0	-517	1	1	0	51
28:40:00	103200	0	1	0	-477	0	0	0	0	0	0	0	0	0	0	0	1	0	0	0	0	0	0	0	0	0	0	0	3	0	0	0	-14	0	0	0	-517	0	1	0	50
28:45:00	103500	1	1	0	-477	0	0	0	0	0	0	0	0	0	1	0	0	0	0	0	0	0	0	0	0	0	0	0	3	0	0	0	-14	0	0	0	-517	1	0	0	51
28:50:00	103800	1	2	0	-478	0	0	0	0	0	0	0	0	1	0	0	1	0	0	0	0	0	0	0	0	0	0	0	3	0	0	0	-14	0	0	0	-517	0	2	0	49
28:55:00	104100	2	3	1	-480	0	0	0	0	0	0	0	0	1	1	0	1	0	0	0	0	0	0	0	0	0	0	0	3	0	0	0	-14	0	0	1	-518	1	2	0	48
29:00:00	104400	3	3	1	-481	0	0	0	0	0	0	0	0	1	0	0	2	0	0	0	0	0	0	0	0	0	0	0	3	0	0	0	-14	0	0	1	-519	2	3	0	47
29:05:00	104700	1	2	0	-482	0	0	0	0	0	0	0	0	1	1	0	2	0	0	0	0	0	0	0	0	0	0	0	3	0	0	0	-14	0	0	0	-519	0	1	0	46
29:10:00	105000	1	3	0	-484	0	0	0	0	0	0	0	0	1	2	0	1	0	0	0	0	0	0	0	0	0	0	0	3	0	0	0	-14	0	0	0	-519	0	1	0	45
29:15:00	105300	1	1	0	-484	0	0	0	0	0	0	0	0	1	0	0	2	0	0	0	0	0	0	0	0	0	0	0	3	0	0	0	-14	0	0	0	-519	0	1	0	44
29:20:00	105600	0	1	0	-485	0	0	0	0	0	0	0	0	0	0	0	2	0	0	0	0	0	0	0	0	0	0	0	3	0	0	0	-14	0	0	0	-519	0	1	0	43
29:25:00	105900	0	1	0	-486	0	0	0	0	0	0	0	0	0	0	0	2	0	0	0	0	0	0	0	0	0	0	0	3	0	0	0	-14	0	0	0	-519	0	1	0	42
29:30:00	106200	0	0	0	-486	0	0	0	0	0	0	0	0	0	0	0	2	0	0	0	0	0	0	0	0	0	0	0	3	0	0	0	-14	0	0	0	-519	0	0	0	42
29:35:00	106500	0	2	0	-488	0	0	0	0	0	0	0	0	0	0	0	2	0	0	0	0	0	0	0	0	0	0	0	3	0	0	0	-14	0	0	0	-519	0	2	0	40
29:40:00	106800	2	2	2	-490	0	0	0	0	0	0	0	0	0	0	0	2	0	0	0	0	0	0	0	0	0	0	0	3	0	0	0	-14	0	0	2	-521	2	2	0	40
29:45:00	107100	0	0	0	-490	0	0	0	0	0	0	0	0	0	0	0	2	0	0	0	0	0	0	0	0	0	0	0	3	0	0	0	-14	0	0	0	-521	0	0	0	40
29:50:00	107400	0	0	0	-490	0	0	0	0	0	0	0	0	0	0	0	2	0	0	0	0	0	0	0	0	0	0	0	3	0	0	0	-14	0	0	0	-521	0	0	0	40
29:55:00	107700	1	3	0	-492	0	0	0	0	0	0	0	0	0	1	0	1	0	0	0	0	0	0	0	0	0	0	0	3	0	0	0	-14	0	0	0	-521	1	2	0	39
30:00:00	108000	0	0	43	-535	0	0	0	0	0	0	0	0	0	0	1	0	0	0	0	0	0	0	0	0	0	0	3	0	0	0	0	-14	0	0	0	-521	0	0	39	0
30:05:00	108300	0	0	0	-535	0	0	0	0	0	0	0	0	0	0	0	0	0	0	0	0	0	0	0	0	0	0	0	0	0	0	0	-14	0	0	0	-521	0	0	0	0
