time	time	departures_all	arrivals_all	stuck_all	en-route_all	departures_Shared-Bike	arrivals_Shared-Bike	stuck_Shared-Bike	en-route_Shared-Bike	departures_bike	arrivals_bike	stuck_bike	en-route_bike	departures_car	arrivals_car	stuck_car	en-route_car	departures_car_passenger	arrivals_car_passenger	stuck_car_passenger	en-route_car_passenger	departures_eScooter	arrivals_eScooter	stuck_eScooter	en-route_eScooter	departures_pt	arrivals_pt	stuck_pt	en-route_pt	departures_sharing:standardBikeShare	arrivals_sharing:standardBikeShare	stuck_sharing:standardBikeShare	en-route_sharing:standardBikeShare	departures_sharing:standardeScooter	arrivals_sharing:standardeScooter	stuck_sharing:standardeScooter	en-route_sharing:standardeScooter	departures_walk	arrivals_walk	stuck_walk	en-route_walk
00:00:00	0	0	0	0	0	0	0	0	0	0	0	0	0	0	0	0	0	0	0	0	0	0	0	0	0	0	0	0	0	0	0	0	0	0	0	0	0	0	0	0	0
00:05:00	300	0	0	0	0	0	0	0	0	0	0	0	0	0	0	0	0	0	0	0	0	0	0	0	0	0	0	0	0	0	0	0	0	0	0	0	0	0	0	0	0
00:10:00	600	0	0	0	0	0	0	0	0	0	0	0	0	0	0	0	0	0	0	0	0	0	0	0	0	0	0	0	0	0	0	0	0	0	0	0	0	0	0	0	0
00:15:00	900	0	0	0	0	0	0	0	0	0	0	0	0	0	0	0	0	0	0	0	0	0	0	0	0	0	0	0	0	0	0	0	0	0	0	0	0	0	0	0	0
00:20:00	1200	0	0	0	0	0	0	0	0	0	0	0	0	0	0	0	0	0	0	0	0	0	0	0	0	0	0	0	0	0	0	0	0	0	0	0	0	0	0	0	0
00:25:00	1500	0	0	0	0	0	0	0	0	0	0	0	0	0	0	0	0	0	0	0	0	0	0	0	0	0	0	0	0	0	0	0	0	0	0	0	0	0	0	0	0
00:30:00	1800	0	0	0	0	0	0	0	0	0	0	0	0	0	0	0	0	0	0	0	0	0	0	0	0	0	0	0	0	0	0	0	0	0	0	0	0	0	0	0	0
00:35:00	2100	0	0	0	0	0	0	0	0	0	0	0	0	0	0	0	0	0	0	0	0	0	0	0	0	0	0	0	0	0	0	0	0	0	0	0	0	0	0	0	0
00:40:00	2400	0	0	0	0	0	0	0	0	0	0	0	0	0	0	0	0	0	0	0	0	0	0	0	0	0	0	0	0	0	0	0	0	0	0	0	0	0	0	0	0
00:45:00	2700	0	0	0	0	0	0	0	0	0	0	0	0	0	0	0	0	0	0	0	0	0	0	0	0	0	0	0	0	0	0	0	0	0	0	0	0	0	0	0	0
00:50:00	3000	0	0	0	0	0	0	0	0	0	0	0	0	0	0	0	0	0	0	0	0	0	0	0	0	0	0	0	0	0	0	0	0	0	0	0	0	0	0	0	0
00:55:00	3300	0	0	0	0	0	0	0	0	0	0	0	0	0	0	0	0	0	0	0	0	0	0	0	0	0	0	0	0	0	0	0	0	0	0	0	0	0	0	0	0
01:00:00	3600	0	0	0	0	0	0	0	0	0	0	0	0	0	0	0	0	0	0	0	0	0	0	0	0	0	0	0	0	0	0	0	0	0	0	0	0	0	0	0	0
01:05:00	3900	0	0	0	0	0	0	0	0	0	0	0	0	0	0	0	0	0	0	0	0	0	0	0	0	0	0	0	0	0	0	0	0	0	0	0	0	0	0	0	0
01:10:00	4200	0	0	0	0	0	0	0	0	0	0	0	0	0	0	0	0	0	0	0	0	0	0	0	0	0	0	0	0	0	0	0	0	0	0	0	0	0	0	0	0
01:15:00	4500	0	0	0	0	0	0	0	0	0	0	0	0	0	0	0	0	0	0	0	0	0	0	0	0	0	0	0	0	0	0	0	0	0	0	0	0	0	0	0	0
01:20:00	4800	0	0	0	0	0	0	0	0	0	0	0	0	0	0	0	0	0	0	0	0	0	0	0	0	0	0	0	0	0	0	0	0	0	0	0	0	0	0	0	0
01:25:00	5100	0	0	0	0	0	0	0	0	0	0	0	0	0	0	0	0	0	0	0	0	0	0	0	0	0	0	0	0	0	0	0	0	0	0	0	0	0	0	0	0
01:30:00	5400	0	0	0	0	0	0	0	0	0	0	0	0	0	0	0	0	0	0	0	0	0	0	0	0	0	0	0	0	0	0	0	0	0	0	0	0	0	0	0	0
01:35:00	5700	0	0	0	0	0	0	0	0	0	0	0	0	0	0	0	0	0	0	0	0	0	0	0	0	0	0	0	0	0	0	0	0	0	0	0	0	0	0	0	0
01:40:00	6000	0	0	0	0	0	0	0	0	0	0	0	0	0	0	0	0	0	0	0	0	0	0	0	0	0	0	0	0	0	0	0	0	0	0	0	0	0	0	0	0
01:45:00	6300	0	0	0	0	0	0	0	0	0	0	0	0	0	0	0	0	0	0	0	0	0	0	0	0	0	0	0	0	0	0	0	0	0	0	0	0	0	0	0	0
01:50:00	6600	0	0	0	0	0	0	0	0	0	0	0	0	0	0	0	0	0	0	0	0	0	0	0	0	0	0	0	0	0	0	0	0	0	0	0	0	0	0	0	0
01:55:00	6900	0	0	0	0	0	0	0	0	0	0	0	0	0	0	0	0	0	0	0	0	0	0	0	0	0	0	0	0	0	0	0	0	0	0	0	0	0	0	0	0
02:00:00	7200	0	0	0	0	0	0	0	0	0	0	0	0	0	0	0	0	0	0	0	0	0	0	0	0	0	0	0	0	0	0	0	0	0	0	0	0	0	0	0	0
02:05:00	7500	0	0	0	0	0	0	0	0	0	0	0	0	0	0	0	0	0	0	0	0	0	0	0	0	0	0	0	0	0	0	0	0	0	0	0	0	0	0	0	0
02:10:00	7800	0	0	0	0	0	0	0	0	0	0	0	0	0	0	0	0	0	0	0	0	0	0	0	0	0	0	0	0	0	0	0	0	0	0	0	0	0	0	0	0
02:15:00	8100	0	0	0	0	0	0	0	0	0	0	0	0	0	0	0	0	0	0	0	0	0	0	0	0	0	0	0	0	0	0	0	0	0	0	0	0	0	0	0	0
02:20:00	8400	0	0	0	0	0	0	0	0	0	0	0	0	0	0	0	0	0	0	0	0	0	0	0	0	0	0	0	0	0	0	0	0	0	0	0	0	0	0	0	0
02:25:00	8700	0	0	0	0	0	0	0	0	0	0	0	0	0	0	0	0	0	0	0	0	0	0	0	0	0	0	0	0	0	0	0	0	0	0	0	0	0	0	0	0
02:30:00	9000	0	0	0	0	0	0	0	0	0	0	0	0	0	0	0	0	0	0	0	0	0	0	0	0	0	0	0	0	0	0	0	0	0	0	0	0	0	0	0	0
02:35:00	9300	0	0	0	0	0	0	0	0	0	0	0	0	0	0	0	0	0	0	0	0	0	0	0	0	0	0	0	0	0	0	0	0	0	0	0	0	0	0	0	0
02:40:00	9600	0	0	0	0	0	0	0	0	0	0	0	0	0	0	0	0	0	0	0	0	0	0	0	0	0	0	0	0	0	0	0	0	0	0	0	0	0	0	0	0
02:45:00	9900	0	0	0	0	0	0	0	0	0	0	0	0	0	0	0	0	0	0	0	0	0	0	0	0	0	0	0	0	0	0	0	0	0	0	0	0	0	0	0	0
02:50:00	10200	0	0	0	0	0	0	0	0	0	0	0	0	0	0	0	0	0	0	0	0	0	0	0	0	0	0	0	0	0	0	0	0	0	0	0	0	0	0	0	0
02:55:00	10500	0	0	0	0	0	0	0	0	0	0	0	0	0	0	0	0	0	0	0	0	0	0	0	0	0	0	0	0	0	0	0	0	0	0	0	0	0	0	0	0
03:00:00	10800	0	0	0	0	0	0	0	0	0	0	0	0	0	0	0	0	0	0	0	0	0	0	0	0	0	0	0	0	0	0	0	0	0	0	0	0	0	0	0	0
03:05:00	11100	0	0	0	0	0	0	0	0	0	0	0	0	0	0	0	0	0	0	0	0	0	0	0	0	0	0	0	0	0	0	0	0	0	0	0	0	0	0	0	0
03:10:00	11400	0	0	0	0	0	0	0	0	0	0	0	0	0	0	0	0	0	0	0	0	0	0	0	0	0	0	0	0	0	0	0	0	0	0	0	0	0	0	0	0
03:15:00	11700	0	0	0	0	0	0	0	0	0	0	0	0	0	0	0	0	0	0	0	0	0	0	0	0	0	0	0	0	0	0	0	0	0	0	0	0	0	0	0	0
03:20:00	12000	0	0	0	0	0	0	0	0	0	0	0	0	0	0	0	0	0	0	0	0	0	0	0	0	0	0	0	0	0	0	0	0	0	0	0	0	0	0	0	0
03:25:00	12300	0	0	0	0	0	0	0	0	0	0	0	0	0	0	0	0	0	0	0	0	0	0	0	0	0	0	0	0	0	0	0	0	0	0	0	0	0	0	0	0
03:30:00	12600	0	0	0	0	0	0	0	0	0	0	0	0	0	0	0	0	0	0	0	0	0	0	0	0	0	0	0	0	0	0	0	0	0	0	0	0	0	0	0	0
03:35:00	12900	0	0	0	0	0	0	0	0	0	0	0	0	0	0	0	0	0	0	0	0	0	0	0	0	0	0	0	0	0	0	0	0	0	0	0	0	0	0	0	0
03:40:00	13200	0	0	0	0	0	0	0	0	0	0	0	0	0	0	0	0	0	0	0	0	0	0	0	0	0	0	0	0	0	0	0	0	0	0	0	0	0	0	0	0
03:45:00	13500	0	0	0	0	0	0	0	0	0	0	0	0	0	0	0	0	0	0	0	0	0	0	0	0	0	0	0	0	0	0	0	0	0	0	0	0	0	0	0	0
03:50:00	13800	0	0	0	0	0	0	0	0	0	0	0	0	0	0	0	0	0	0	0	0	0	0	0	0	0	0	0	0	0	0	0	0	0	0	0	0	0	0	0	0
03:55:00	14100	0	0	0	0	0	0	0	0	0	0	0	0	0	0	0	0	0	0	0	0	0	0	0	0	0	0	0	0	0	0	0	0	0	0	0	0	0	0	0	0
04:00:00	14400	0	0	0	0	0	0	0	0	0	0	0	0	0	0	0	0	0	0	0	0	0	0	0	0	0	0	0	0	0	0	0	0	0	0	0	0	0	0	0	0
04:05:00	14700	0	0	0	0	0	0	0	0	0	0	0	0	0	0	0	0	0	0	0	0	0	0	0	0	0	0	0	0	0	0	0	0	0	0	0	0	0	0	0	0
04:10:00	15000	0	0	0	0	0	0	0	0	0	0	0	0	0	0	0	0	0	0	0	0	0	0	0	0	0	0	0	0	0	0	0	0	0	0	0	0	0	0	0	0
04:15:00	15300	0	0	0	0	0	0	0	0	0	0	0	0	0	0	0	0	0	0	0	0	0	0	0	0	0	0	0	0	0	0	0	0	0	0	0	0	0	0	0	0
04:20:00	15600	0	0	0	0	0	0	0	0	0	0	0	0	0	0	0	0	0	0	0	0	0	0	0	0	0	0	0	0	0	0	0	0	0	0	0	0	0	0	0	0
04:25:00	15900	0	0	0	0	0	0	0	0	0	0	0	0	0	0	0	0	0	0	0	0	0	0	0	0	0	0	0	0	0	0	0	0	0	0	0	0	0	0	0	0
04:30:00	16200	0	0	0	0	0	0	0	0	0	0	0	0	0	0	0	0	0	0	0	0	0	0	0	0	0	0	0	0	0	0	0	0	0	0	0	0	0	0	0	0
04:35:00	16500	0	0	0	0	0	0	0	0	0	0	0	0	0	0	0	0	0	0	0	0	0	0	0	0	0	0	0	0	0	0	0	0	0	0	0	0	0	0	0	0
04:40:00	16800	0	0	0	0	0	0	0	0	0	0	0	0	0	0	0	0	0	0	0	0	0	0	0	0	0	0	0	0	0	0	0	0	0	0	0	0	0	0	0	0
04:45:00	17100	0	0	0	0	0	0	0	0	0	0	0	0	0	0	0	0	0	0	0	0	0	0	0	0	0	0	0	0	0	0	0	0	0	0	0	0	0	0	0	0
04:50:00	17400	0	0	0	0	0	0	0	0	0	0	0	0	0	0	0	0	0	0	0	0	0	0	0	0	0	0	0	0	0	0	0	0	0	0	0	0	0	0	0	0
04:55:00	17700	0	0	0	0	0	0	0	0	0	0	0	0	0	0	0	0	0	0	0	0	0	0	0	0	0	0	0	0	0	0	0	0	0	0	0	0	0	0	0	0
05:00:00	18000	0	0	0	0	0	0	0	0	0	0	0	0	0	0	0	0	0	0	0	0	0	0	0	0	0	0	0	0	0	0	0	0	0	0	0	0	0	0	0	0
05:05:00	18300	0	0	0	0	0	0	0	0	0	0	0	0	0	0	0	0	0	0	0	0	0	0	0	0	0	0	0	0	0	0	0	0	0	0	0	0	0	0	0	0
05:10:00	18600	0	0	0	0	0	0	0	0	0	0	0	0	0	0	0	0	0	0	0	0	0	0	0	0	0	0	0	0	0	0	0	0	0	0	0	0	0	0	0	0
05:15:00	18900	0	0	0	0	0	0	0	0	0	0	0	0	0	0	0	0	0	0	0	0	0	0	0	0	0	0	0	0	0	0	0	0	0	0	0	0	0	0	0	0
05:20:00	19200	0	0	0	0	0	0	0	0	0	0	0	0	0	0	0	0	0	0	0	0	0	0	0	0	0	0	0	0	0	0	0	0	0	0	0	0	0	0	0	0
05:25:00	19500	0	0	0	0	0	0	0	0	0	0	0	0	0	0	0	0	0	0	0	0	0	0	0	0	0	0	0	0	0	0	0	0	0	0	0	0	0	0	0	0
05:30:00	19800	0	0	0	0	0	0	0	0	0	0	0	0	0	0	0	0	0	0	0	0	0	0	0	0	0	0	0	0	0	0	0	0	0	0	0	0	0	0	0	0
05:35:00	20100	0	0	0	0	0	0	0	0	0	0	0	0	0	0	0	0	0	0	0	0	0	0	0	0	0	0	0	0	0	0	0	0	0	0	0	0	0	0	0	0
05:40:00	20400	0	0	0	0	0	0	0	0	0	0	0	0	0	0	0	0	0	0	0	0	0	0	0	0	0	0	0	0	0	0	0	0	0	0	0	0	0	0	0	0
05:45:00	20700	0	0	0	0	0	0	0	0	0	0	0	0	0	0	0	0	0	0	0	0	0	0	0	0	0	0	0	0	0	0	0	0	0	0	0	0	0	0	0	0
05:50:00	21000	0	0	0	0	0	0	0	0	0	0	0	0	0	0	0	0	0	0	0	0	0	0	0	0	0	0	0	0	0	0	0	0	0	0	0	0	0	0	0	0
05:55:00	21300	0	0	0	0	0	0	0	0	0	0	0	0	0	0	0	0	0	0	0	0	0	0	0	0	0	0	0	0	0	0	0	0	0	0	0	0	0	0	0	0
06:00:00	21600	4	1	1	2	0	0	0	0	0	0	0	0	2	0	0	2	0	0	0	0	0	0	0	0	0	0	0	0	0	0	0	0	0	0	1	-1	2	1	0	1
06:05:00	21900	4	2	1	3	0	0	0	0	0	0	0	0	0	1	0	1	0	0	0	0	0	0	0	0	0	0	0	0	0	0	0	0	0	0	1	-2	4	1	0	4
06:10:00	22200	3	1	0	5	0	0	0	0	0	0	0	0	3	1	0	3	0	0	0	0	0	0	0	0	0	0	0	0	0	0	0	0	0	0	0	-2	0	0	0	4
06:15:00	22500	1	1	0	5	0	0	0	0	0	0	0	0	0	1	0	2	0	0	0	0	0	0	0	0	0	0	0	0	0	0	0	0	0	0	0	-2	1	0	0	5
06:20:00	22800	3	0	0	8	0	0	0	0	0	0	0	0	2	0	0	4	0	0	0	0	0	0	0	0	0	0	0	0	0	0	0	0	0	0	0	-2	1	0	0	6
06:25:00	23100	4	4	2	6	0	0	0	0	0	0	0	0	1	2	0	3	0	0	0	0	0	0	0	0	0	0	0	0	0	0	0	0	0	0	2	-4	3	2	0	7
06:30:00	23400	43	3	1	45	0	0	0	0	0	0	0	0	29	1	0	31	0	0	0	0	0	0	0	0	1	0	0	1	0	0	0	0	0	0	1	-5	13	2	0	18
06:35:00	23700	36	21	1	59	0	0	0	0	0	0	0	0	25	16	0	40	0	0	0	0	0	0	0	0	0	0	0	1	0	0	0	0	0	0	1	-6	11	5	0	24
06:40:00	24000	35	20	2	72	0	0	0	0	0	0	0	0	27	15	0	52	0	0	0	0	0	0	0	0	1	0	0	2	0	0	0	0	0	0	2	-8	7	5	0	26
06:45:00	24300	34	32	2	72	0	0	0	0	1	0	0	1	19	25	0	46	0	0	0	0	1	0	0	1	2	0	0	4	0	0	0	0	0	0	2	-10	11	7	0	30
06:50:00	24600	45	30	2	85	0	0	0	0	0	0	0	1	21	19	0	48	0	0	0	0	1	0	0	2	0	0	0	4	0	0	0	0	0	0	2	-12	23	11	0	42
06:55:00	24900	84	41	4	124	3	0	0	3	0	0	0	1	42	23	0	67	0	0	0	0	2	1	0	3	2	0	0	6	0	0	0	0	0	0	4	-16	35	17	0	60
07:00:00	25200	68	46	4	142	1	2	0	2	0	0	0	1	36	30	0	73	0	0	0	0	1	0	0	4	0	0	0	6	0	0	0	0	0	0	4	-20	30	14	0	76
07:05:00	25500	63	48	3	154	2	1	0	3	0	1	0	0	32	28	0	77	0	0	0	0	0	0	0	4	0	0	0	6	0	0	0	0	0	0	3	-23	29	18	0	87
07:10:00	25800	71	60	2	163	0	1	0	2	0	0	0	0	39	32	0	84	0	0	0	0	2	1	0	5	5	3	0	8	0	0	0	0	0	0	2	-25	25	23	0	89
07:15:00	26100	91	56	4	194	1	1	0	2	0	0	0	0	47	33	0	98	0	0	0	0	0	3	0	2	1	0	0	9	0	0	0	0	0	0	4	-29	42	19	0	112
07:20:00	26400	86	70	3	207	1	2	0	1	1	0	0	1	50	46	0	102	0	0	0	0	1	2	0	1	6	1	0	14	0	0	0	0	0	0	3	-32	27	19	0	120
07:25:00	26700	119	73	3	250	1	1	0	1	0	1	0	0	73	43	0	132	0	0	0	0	1	0	0	2	8	0	0	22	0	0	0	0	0	0	3	-35	36	28	0	128
07:30:00	27000	71	77	3	241	1	0	0	2	1	0	0	1	45	58	0	119	0	0	0	0	1	1	0	2	5	2	0	25	0	0	0	0	0	0	3	-38	18	16	0	130
07:35:00	27300	88	85	3	241	1	2	0	1	0	1	0	0	44	63	0	100	0	0	0	0	0	1	0	1	3	4	0	24	0	0	0	0	0	0	3	-41	40	14	0	156
07:40:00	27600	97	66	4	268	0	0	0	1	0	0	0	0	52	35	0	117	0	0	0	0	0	0	0	1	7	1	0	30	0	0	0	0	0	0	4	-45	38	30	0	164
07:45:00	27900	97	78	4	283	0	1	0	0	0	0	0	0	50	46	0	121	0	0	0	0	2	2	0	1	3	1	0	32	0	0	1	-1	0	0	3	-48	42	28	0	178
07:50:00	28200	129	98	9	305	1	0	0	1	0	0	0	0	57	49	0	129	0	0	0	0	2	2	0	1	12	7	0	37	0	0	0	-1	0	0	9	-57	57	40	0	195
07:55:00	28500	121	104	4	318	0	1	0	0	0	0	0	0	55	57	0	127	12	1	0	11	3	1	0	3	10	3	0	44	0	0	0	-1	0	0	4	-61	41	41	0	195
08:00:00	28800	132	115	5	330	1	1	0	0	0	0	0	0	54	64	0	117	24	7	0	28	1	2	0	2	6	5	0	45	0	0	0	-1	0	0	5	-66	46	36	0	205
08:05:00	29100	120	105	6	339	2	0	0	2	0	0	0	0	49	47	0	119	17	10	0	35	2	3	0	1	9	4	0	50	0	0	0	-1	0	0	6	-72	41	41	0	205
08:10:00	29400	134	112	1	360	0	2	0	0	0	0	0	0	58	65	0	112	26	16	0	45	0	0	0	1	6	7	0	49	0	0	0	-1	0	0	1	-73	44	22	0	227
08:15:00	29700	101	103	3	355	0	0	0	0	0	0	0	0	36	44	0	104	14	16	0	43	1	0	0	2	7	3	0	53	0	0	0	-1	0	0	3	-76	43	40	0	230
08:20:00	30000	115	102	5	363	1	0	0	1	0	0	0	0	55	43	0	116	16	17	0	42	2	1	0	3	8	2	0	59	0	0	0	-1	0	0	5	-81	33	39	0	224
08:25:00	30300	111	95	3	376	0	0	0	1	0	0	0	0	50	53	0	113	20	13	0	49	0	2	0	1	4	4	0	59	0	0	0	-1	0	0	3	-84	37	23	0	238
08:30:00	30600	101	115	7	355	2	1	0	2	0	0	0	0	32	53	0	92	21	16	0	54	1	1	0	1	10	6	0	63	0	0	0	-1	0	0	7	-91	35	38	0	235
08:35:00	30900	72	78	1	348	0	1	0	1	0	0	0	0	35	38	0	89	8	20	0	42	1	1	0	1	3	5	0	61	0	0	0	-1	0	0	1	-92	25	13	0	247
08:40:00	31200	90	81	5	352	0	0	0	1	1	0	0	1	26	34	0	81	24	17	0	49	0	0	0	1	9	3	0	67	0	0	0	-1	0	0	5	-97	30	27	0	250
08:45:00	31500	101	66	2	385	1	1	0	1	0	1	0	0	36	29	0	88	39	14	0	74	1	0	0	2	4	1	0	70	0	0	0	-1	0	0	2	-99	20	20	0	250
08:50:00	31800	75	85	5	370	0	1	0	0	0	0	0	0	29	34	0	83	13	22	0	65	1	0	0	3	7	0	0	77	0	0	0	-1	0	0	5	-104	25	28	0	247
08:55:00	32100	76	78	6	362	0	0	0	0	0	0	0	0	25	33	0	75	18	19	0	64	0	2	0	1	5	6	0	76	0	0	0	-1	0	0	6	-110	28	18	0	257
09:00:00	32400	82	76	3	365	0	0	0	0	0	0	0	0	35	30	0	80	4	16	0	52	1	0	0	2	4	3	0	77	0	0	0	-1	0	0	3	-113	38	27	0	268
09:05:00	32700	84	94	4	351	1	0	0	1	0	0	0	0	40	34	0	86	6	12	0	46	2	1	0	3	4	9	0	72	0	0	0	-1	0	0	4	-117	31	38	0	261
09:10:00	33000	52	80	2	321	1	1	0	1	0	0	0	0	21	35	0	72	3	12	0	37	0	0	0	3	3	2	0	73	0	0	0	-1	0	0	2	-119	24	30	0	255
09:15:00	33300	60	73	2	306	0	0	0	1	0	0	0	0	32	33	0	71	2	12	0	27	0	2	0	1	5	3	0	75	0	0	0	-1	0	0	2	-121	21	23	0	253
09:20:00	33600	58	83	4	277	0	0	0	1	0	0	0	0	25	32	0	64	2	9	0	20	1	1	0	1	9	4	0	80	0	0	0	-1	0	0	4	-125	21	37	0	237
09:25:00	33900	58	61	1	273	0	1	0	0	0	0	0	0	23	23	0	64	4	3	0	21	0	0	0	1	1	18	0	63	0	0	0	-1	0	0	1	-126	30	16	0	251
09:30:00	34200	46	66	1	252	0	0	0	0	0	0	0	0	24	28	0	60	1	7	0	15	0	0	0	1	1	5	0	59	0	0	0	-1	0	0	1	-127	20	26	0	245
09:35:00	34500	43	61	2	232	0	0	0	0	0	0	0	0	15	22	0	53	8	5	0	18	1	2	0	0	3	0	0	62	0	0	0	-1	0	0	2	-129	16	32	0	229
09:40:00	34800	31	46	1	216	0	0	0	0	0	0	0	0	19	22	0	50	2	5	0	15	0	0	0	0	1	1	0	62	0	0	0	-1	0	0	1	-130	9	18	0	220
09:45:00	35100	45	62	1	198	0	0	0	0	0	0	0	0	22	30	0	42	0	5	0	10	0	0	0	0	4	3	0	63	0	0	0	-1	0	0	1	-131	19	24	0	215
09:50:00	35400	40	52	2	184	0	0	0	0	1	0	0	1	23	19	0	46	0	5	0	5	0	0	0	0	5	0	0	68	0	0	0	-1	0	0	2	-133	11	28	0	198
09:55:00	35700	56	55	4	181	0	0	0	0	0	0	0	1	27	22	0	51	0	1	0	4	0	0	0	0	1	2	0	67	0	0	0	-1	0	0	4	-137	28	30	0	196
10:00:00	36000	72	66	2	185	0	0	0	0	0	1	0	0	26	28	0	49	0	2	0	2	1	1	0	0	4	11	0	60	0	0	0	-1	0	0	2	-139	41	23	0	214
10:05:00	36300	61	57	3	186	0	0	0	0	0	0	0	0	27	23	0	53	0	1	0	1	0	0	0	0	0	4	0	56	0	0	0	-1	0	0	3	-142	34	29	0	219
10:10:00	36600	84	87	6	177	1	0	0	1	0	0	0	0	44	32	0	65	0	1	0	0	0	0	0	0	3	5	0	54	0	0	1	-2	0	0	5	-147	36	49	0	206
10:15:00	36900	66	70	7	166	0	0	0	1	0	0	0	0	27	29	0	63	0	0	0	0	1	0	0	1	3	1	0	56	0	0	1	-3	0	0	6	-153	35	40	0	201
10:20:00	37200	75	83	5	153	0	1	0	0	0	0	0	0	36	37	0	62	0	0	0	0	0	0	0	1	1	2	0	55	0	0	0	-3	0	0	5	-158	38	43	0	196
10:25:00	37500	71	71	5	148	0	0	0	0	0	0	0	0	31	30	0	63	0	0	0	0	1	0	0	2	1	3	0	53	0	0	1	-4	0	0	4	-162	38	38	0	196
10:30:00	37800	66	72	7	135	1	0	0	1	0	0	0	0	32	24	0	71	0	0	0	0	0	1	0	1	1	2	0	52	0	0	0	-4	0	0	7	-169	32	45	0	183
10:35:00	38100	47	66	1	115	0	0	0	1	0	0	0	0	25	37	0	59	2	1	0	1	0	0	0	1	1	0	0	53	0	0	0	-4	0	0	1	-170	19	28	0	174
10:40:00	38400	58	69	2	102	0	0	0	1	0	0	0	0	19	30	0	48	1	1	0	1	0	0	0	1	2	0	0	55	0	0	0	-4	0	0	2	-172	36	38	0	172
10:45:00	38700	69	71	3	97	0	1	0	0	0	0	0	0	28	27	0	49	3	0	0	4	0	0	0	1	1	4	0	52	0	0	0	-4	0	0	3	-175	37	39	0	170
10:50:00	39000	52	70	5	74	1	0	0	1	0	0	0	0	19	26	0	42	0	3	0	1	2	0	0	3	3	1	0	54	0	0	1	-5	0	0	4	-179	27	40	0	157
10:55:00	39300	45	53	1	65	0	1	0	0	0	0	0	0	18	19	0	41	2	0	0	3	0	1	0	2	1	2	0	53	0	0	0	-5	0	0	1	-180	24	30	0	151
11:00:00	39600	52	52	4	61	0	0	0	0	0	0	0	0	23	19	0	45	4	1	0	6	0	1	0	1	1	0	0	54	0	0	0	-5	0	0	4	-184	24	31	0	144
11:05:00	39900	82	73	1	69	0	0	0	0	0	0	0	0	25	20	0	50	1	1	0	6	0	1	0	0	11	11	0	54	0	0	1	-6	0	0	0	-184	45	40	0	149
11:10:00	40200	76	53	6	86	0	0	0	0	0	0	0	0	36	17	0	69	2	1	0	7	0	0	0	0	2	1	0	55	0	0	0	-6	0	0	6	-190	36	34	0	151
11:15:00	40500	60	60	1	85	0	0	0	0	0	0	0	0	30	35	0	64	10	3	0	14	2	0	0	2	0	1	0	54	0	0	0	-6	0	0	1	-191	18	21	0	148
11:20:00	40800	65	58	3	89	0	0	0	0	0	0	0	0	24	23	0	65	2	2	0	14	1	0	0	3	3	4	0	53	0	0	0	-6	0	0	3	-194	35	29	0	154
11:25:00	41100	76	74	6	85	0	0	0	0	0	0	0	0	28	37	0	56	3	3	0	14	1	1	0	3	3	1	0	55	0	0	0	-6	0	0	6	-200	41	32	0	163
11:30:00	41400	77	73	5	84	0	0	0	0	1	1	0	0	34	24	0	66	1	5	0	10	1	1	0	3	4	5	0	54	0	0	2	-8	0	0	3	-203	36	37	0	162
11:35:00	41700	86	82	6	82	0	0	0	0	0	0	0	0	35	34	0	67	3	3	0	10	0	0	0	3	5	6	0	53	0	0	0	-8	0	0	6	-209	43	39	0	166
11:40:00	42000	85	79	3	85	1	0	0	1	0	0	0	0	31	28	0	70	0	4	0	6	2	2	0	3	2	13	0	42	0	0	0	-8	0	0	3	-212	49	32	0	183
11:45:00	42300	79	84	3	77	0	0	0	1	0	0	0	0	41	35	0	76	3	4	0	5	0	1	0	2	6	3	0	45	0	0	0	-8	0	0	3	-215	29	41	0	171
11:50:00	42600	91	80	2	86	0	1	0	0	0	0	0	0	43	38	0	81	5	2	0	8	2	1	0	3	3	1	0	47	0	0	0	-8	0	0	2	-217	38	37	0	172
11:55:00	42900	101	91	5	91	1	0	0	1	0	0	0	0	48	37	0	92	1	1	0	8	1	0	0	4	3	8	0	42	0	0	0	-8	0	0	5	-222	47	45	0	174
12:00:00	43200	75	80	3	83	0	0	0	1	0	0	0	0	40	44	0	88	2	2	0	8	0	1	0	3	1	0	0	43	0	0	0	-8	0	0	3	-225	32	33	0	173
12:05:00	43500	67	74	4	72	1	0	0	2	0	0	0	0	29	36	0	81	8	5	0	11	3	2	0	4	6	0	0	49	0	0	0	-8	0	0	4	-229	20	31	0	162
12:10:00	43800	64	69	0	67	0	1	0	1	0	0	0	0	31	32	0	80	2	0	0	13	2	2	0	4	4	2	0	51	0	0	0	-8	0	0	0	-229	25	32	0	155
12:15:00	44100	53	72	3	45	1	1	0	1	0	0	0	0	20	40	0	60	1	3	0	11	2	0	0	6	1	5	0	47	0	0	0	-8	0	0	3	-232	28	23	0	160
12:20:00	44400	44	55	1	33	0	1	0	0	0	0	0	0	27	35	0	52	0	3	0	8	2	1	0	7	0	1	0	46	0	0	0	-8	0	0	1	-233	15	14	0	161
12:25:00	44700	60	64	6	23	0	0	0	0	0	0	0	0	35	29	0	58	0	3	0	5	0	2	0	5	3	4	0	45	0	0	0	-8	0	0	6	-239	22	26	0	157
12:30:00	45000	42	43	1	21	1	0	0	1	0	0	0	0	20	25	0	53	0	1	0	4	2	2	0	5	2	1	0	46	0	0	0	-8	0	0	1	-240	17	14	0	160
12:35:00	45300	32	43	2	8	0	1	0	0	0	0	0	0	10	21	0	42	0	2	0	2	1	1	0	5	4	2	0	48	0	0	0	-8	0	0	2	-242	17	16	0	161
12:40:00	45600	33	29	0	12	0	0	0	0	0	0	0	0	18	12	0	48	0	1	0	1	1	0	0	6	1	2	0	47	0	0	0	-8	0	0	0	-242	13	14	0	160
12:45:00	45900	50	33	4	25	1	0	0	1	0	0	0	0	28	18	0	58	0	0	0	1	1	0	0	7	3	1	0	49	0	0	0	-8	0	0	4	-246	17	14	0	163
12:50:00	46200	28	40	1	12	0	0	0	1	0	0	0	0	16	25	0	49	0	1	0	0	0	2	0	5	2	0	0	51	0	0	0	-8	0	0	1	-247	10	12	0	161
12:55:00	46500	39	43	3	5	0	1	0	0	0	0	0	0	16	22	0	43	0	0	0	0	1	1	0	5	2	3	0	50	0	0	0	-8	0	0	3	-250	20	16	0	165
13:00:00	46800	8	28	4	-19	0	0	0	0	0	0	0	0	1	16	0	28	0	0	0	0	0	1	0	4	1	1	0	50	0	0	0	-8	0	0	4	-254	6	10	0	161
13:05:00	47100	6	26	0	-39	0	0	0	0	0	0	0	0	0	15	0	13	0	0	0	0	0	0	0	4	3	0	0	53	0	0	0	-8	0	0	0	-254	3	11	0	153
13:10:00	47400	2	16	0	-53	0	0	0	0	0	0	0	0	0	6	0	7	0	0	0	0	0	0	0	4	2	0	0	55	0	0	0	-8	0	0	0	-254	0	10	0	143
13:15:00	47700	19	13	2	-49	0	0	0	0	0	0	0	0	5	2	0	10	0	0	0	0	0	1	0	3	1	1	0	55	0	0	0	-8	0	0	2	-256	13	9	0	147
13:20:00	48000	15	15	0	-49	0	0	0	0	0	0	0	0	4	6	0	8	0	0	0	0	1	0	0	4	2	5	0	52	0	0	0	-8	0	0	0	-256	8	4	0	151
13:25:00	48300	16	22	1	-56	0	0	0	0	0	0	0	0	3	2	0	9	0	0	0	0	0	1	0	3	1	5	0	48	0	0	0	-8	0	0	1	-257	12	14	0	149
13:30:00	48600	54	22	2	-26	0	0	0	0	0	0	0	0	40	5	0	44	1	0	0	1	1	1	0	3	1	1	0	48	0	0	0	-8	0	0	2	-259	11	15	0	145
13:35:00	48900	61	53	0	-18	0	0	0	0	0	0	0	0	26	31	0	39	5	0	0	6	1	1	0	3	0	8	0	40	0	0	0	-8	0	0	0	-259	29	13	0	161
13:40:00	49200	49	50	4	-23	0	0	0	0	0	0	0	0	19	18	0	40	5	2	0	9	1	2	0	2	0	5	0	35	0	0	0	-8	0	0	4	-263	24	23	0	162
13:45:00	49500	52	40	3	-14	2	0	0	2	0	0	0	0	29	19	0	50	2	3	0	8	1	1	0	2	1	1	0	35	0	0	0	-8	0	0	3	-266	17	16	0	163
13:50:00	49800	93	58	3	18	0	2	0	0	0	0	0	0	44	23	0	71	15	7	0	16	2	1	0	3	3	1	0	37	0	0	0	-8	0	0	3	-269	29	24	0	168
13:55:00	50100	93	66	3	42	0	0	0	0	0	0	0	0	48	38	0	81	12	5	0	23	2	2	0	3	1	1	0	37	0	0	1	-9	0	0	2	-271	30	20	0	178
14:00:00	50400	75	75	2	40	1	0	0	1	0	0	0	0	40	37	0	84	3	9	0	17	2	1	0	4	3	0	0	40	0	0	1	-10	0	0	1	-272	26	28	0	176
14:05:00	50700	76	75	1	40	0	0	0	1	0	0	0	0	31	38	0	77	9	6	0	20	1	1	0	4	0	0	0	40	0	0	1	-11	0	0	0	-272	35	30	0	181
14:10:00	51000	74	72	3	39	1	1	0	1	0	0	0	0	32	34	0	75	14	12	0	22	1	2	0	3	3	0	0	43	0	0	0	-11	0	0	3	-275	23	23	0	181
14:15:00	51300	68	59	1	47	0	1	0	0	0	0	0	0	31	25	0	81	8	8	0	22	0	1	0	2	5	0	0	48	0	0	0	-11	0	0	1	-276	24	24	0	181
14:20:00	51600	86	72	1	60	1	0	0	1	0	0	0	0	34	31	0	84	14	8	0	28	2	0	0	4	4	3	0	49	0	0	0	-11	0	0	1	-277	31	30	0	182
14:25:00	51900	71	71	0	60	1	2	0	0	0	0	0	0	36	39	0	81	16	11	0	33	1	3	0	2	2	1	0	50	0	0	0	-11	0	0	0	-277	15	15	0	182
14:30:00	52200	54	74	2	38	0	0	0	0	0	0	0	0	14	29	0	66	12	13	0	32	0	1	0	1	3	2	0	51	0	0	0	-11	0	0	2	-279	25	29	0	178
14:35:00	52500	74	65	3	44	0	0	0	0	0	0	0	0	37	25	0	78	4	12	0	24	0	0	0	1	2	2	0	51	0	0	0	-11	0	0	3	-282	31	26	0	183
14:40:00	52800	70	85	5	24	0	0	0	0	0	0	0	0	26	42	0	62	8	8	0	24	1	1	0	1	3	4	0	50	0	0	0	-11	0	0	5	-287	32	30	0	185
14:45:00	53100	59	72	3	8	2	0	0	2	0	0	0	0	16	20	0	58	9	14	0	19	0	0	0	1	4	14	0	40	0	0	0	-11	0	0	3	-290	28	24	0	189
14:50:00	53400	57	70	4	-9	0	1	0	1	0	0	0	0	26	31	0	53	3	5	0	17	0	0	0	1	4	3	0	41	0	0	0	-11	0	0	4	-294	24	30	0	183
14:55:00	53700	50	58	3	-20	0	0	0	1	0	0	0	0	18	20	0	51	8	5	0	20	0	0	0	1	3	3	0	41	0	0	0	-11	0	0	3	-297	21	30	0	174
15:00:00	54000	40	60	1	-41	0	1	0	0	0	0	0	0	22	25	0	48	3	10	0	13	1	1	0	1	1	0	0	42	0	0	0	-11	0	0	1	-298	13	23	0	164
15:05:00	54300	49	55	5	-52	0	0	0	0	0	0	0	0	17	25	0	40	1	4	0	10	1	1	0	1	1	1	0	42	0	0	0	-11	0	0	5	-303	29	24	0	169
15:10:00	54600	45	46	3	-56	0	0	0	0	0	0	0	0	21	23	0	38	0	4	0	6	0	0	0	1	1	0	0	43	0	0	0	-11	0	0	3	-306	23	19	0	173
15:15:00	54900	58	44	2	-44	0	0	0	0	0	0	0	0	27	18	0	47	1	2	0	5	2	0	0	3	3	2	0	44	0	0	0	-11	0	0	2	-308	25	22	0	176
15:20:00	55200	52	42	1	-35	1	0	0	1	0	0	0	0	25	15	0	57	1	1	0	5	0	2	0	1	2	0	0	46	0	0	0	-11	0	0	1	-309	23	24	0	175
15:25:00	55500	48	58	3	-48	0	0	0	1	0	0	0	0	24	32	0	49	0	0	0	5	0	0	0	1	3	2	0	47	0	0	0	-11	0	0	3	-312	21	24	0	172
15:30:00	55800	72	48	2	-26	0	0	0	1	0	0	0	0	33	18	0	64	0	1	0	4	1	0	0	2	2	0	0	49	0	0	0	-11	0	0	2	-314	36	29	0	179
15:35:00	56100	95	66	3	0	0	1	0	0	0	0	0	0	38	29	0	73	0	0	0	4	1	0	0	3	6	4	0	51	0	0	0	-11	0	0	3	-317	50	32	0	197
15:40:00	56400	104	93	6	5	1	0	0	1	0	0	0	0	54	42	0	85	0	1	0	3	0	2	0	1	5	2	0	54	0	0	1	-12	0	0	5	-322	44	46	0	195
15:45:00	56700	83	83	3	2	1	1	0	1	0	0	0	0	38	41	0	82	0	0	0	3	2	0	0	3	6	5	0	55	0	0	0	-12	0	0	3	-325	36	36	0	195
15:50:00	57000	77	78	2	-1	0	0	0	1	0	0	0	0	38	45	0	75	0	1	0	2	1	1	0	3	1	0	0	56	0	0	0	-12	0	0	2	-327	37	31	0	201
15:55:00	57300	54	74	2	-23	0	0	0	1	0	0	0	0	22	34	0	63	0	0	0	2	0	0	0	3	3	2	0	57	0	0	0	-12	0	0	2	-329	29	38	0	192
16:00:00	57600	91	77	1	-10	0	1	0	0	0	0	0	0	31	27	0	67	21	0	0	23	1	1	0	3	2	8	0	51	0	0	0	-12	0	0	1	-330	36	40	0	188
16:05:00	57900	82	73	6	-7	0	0	0	0	0	0	0	0	35	29	0	73	19	8	0	34	0	1	0	2	0	4	0	47	0	0	0	-12	0	0	6	-336	28	31	0	185
16:10:00	58200	70	90	3	-30	0	0	0	0	0	0	0	0	22	32	0	63	18	15	0	37	0	0	0	2	2	0	0	49	0	0	0	-12	0	0	3	-339	28	43	0	170
16:15:00	58500	76	86	5	-45	0	0	0	0	0	0	0	0	21	32	0	52	16	13	0	40	0	0	0	2	4	5	0	48	0	0	0	-12	0	0	5	-344	35	36	0	169
16:20:00	58800	91	70	3	-27	0	0	0	0	1	0	0	1	34	24	0	62	17	12	0	45	0	0	0	2	2	1	0	49	0	0	0	-12	0	0	3	-347	37	33	0	173
16:25:00	59100	96	85	3	-19	1	0	0	1	0	1	0	0	29	25	0	66	28	21	0	52	0	0	0	2	2	4	0	47	0	0	0	-12	0	0	3	-350	36	34	0	175
16:30:00	59400	117	94	5	-1	0	1	0	0	0	0	0	0	31	35	0	62	30	13	0	69	2	1	0	3	6	4	0	49	0	0	0	-12	0	0	5	-355	48	40	0	183
16:35:00	59700	124	84	1	38	2	0	0	2	0	0	0	0	51	28	0	85	27	23	0	73	0	0	0	3	2	1	0	50	0	0	0	-12	0	0	1	-356	42	32	0	193
16:40:00	60000	116	107	1	46	0	0	0	2	0	0	0	0	50	38	0	97	20	25	0	68	0	0	0	3	6	5	0	51	0	0	0	-12	0	0	1	-357	40	39	0	194
16:45:00	60300	94	91	5	44	0	1	0	1	0	0	0	0	27	34	0	90	28	19	0	77	0	0	0	3	3	7	0	47	0	0	0	-12	0	0	5	-362	36	30	0	200
16:50:00	60600	139	115	3	65	0	1	0	0	0	0	0	0	52	44	0	98	47	33	0	91	0	0	0	3	2	4	0	45	0	0	0	-12	0	0	3	-365	38	33	0	205
16:55:00	60900	117	114	7	61	0	0	0	0	0	0	0	0	40	45	0	93	32	29	0	94	0	1	0	2	3	1	0	47	0	0	0	-12	0	0	7	-372	42	38	0	209
17:00:00	61200	149	109	2	99	0	0	0	0	0	0	0	0	77	44	0	126	19	27	0	86	2	0	0	4	3	8	0	42	0	0	0	-12	0	0	2	-374	48	30	0	227
17:05:00	61500	152	126	3	122	0	0	0	0	0	0	0	0	80	57	0	149	12	22	0	76	1	2	0	3	5	9	0	38	0	0	0	-12	0	0	3	-377	54	36	0	245
17:10:00	61800	133	140	5	110	0	0	0	0	0	0	0	0	61	62	0	148	17	20	0	73	1	2	0	2	3	3	0	38	0	0	0	-12	0	0	5	-382	51	53	0	243
17:15:00	62100	142	141	8	103	0	0	0	0	0	0	0	0	66	68	0	146	25	22	0	76	1	0	0	3	4	4	0	38	0	0	0	-12	0	0	8	-390	46	47	0	242
17:20:00	62400	139	123	5	114	0	0	0	0	0	0	0	0	77	58	0	165	14	22	0	68	0	1	0	2	3	2	0	39	0	0	0	-12	0	0	5	-395	45	40	0	247
17:25:00	62700	99	142	6	65	0	0	0	0	0	0	0	0	41	68	0	138	1	25	0	44	0	0	0	2	8	4	0	43	0	0	0	-12	0	0	6	-401	49	45	0	251
17:30:00	63000	69	87	1	46	0	0	0	0	0	0	0	0	42	52	0	128	1	11	0	34	1	0	0	3	4	1	0	46	0	0	0	-12	0	0	1	-402	21	23	0	249
17:35:00	63300	67	78	3	32	0	0	0	0	0	0	0	0	34	44	0	118	2	6	0	30	0	1	0	2	5	3	0	48	0	0	0	-12	0	0	3	-405	26	24	0	251
17:40:00	63600	60	79	3	10	0	0	0	0	0	0	0	0	22	43	0	97	1	6	0	25	0	1	0	1	7	5	0	50	0	0	0	-12	0	0	3	-408	30	24	0	257
17:45:00	63900	97	84	4	19	0	0	0	0	0	0	0	0	59	46	0	110	1	1	0	25	1	1	0	1	2	4	0	48	0	0	0	-12	0	0	4	-412	34	32	0	259
17:50:00	64200	77	80	7	9	0	0	0	0	0	0	0	0	42	41	0	111	0	7	0	18	2	1	0	2	4	3	0	49	0	0	0	-12	0	0	7	-419	29	28	0	260
17:55:00	64500	81	84	0	6	0	0	0	0	0	0	0	0	51	48	0	114	1	3	0	16	0	1	0	1	4	5	0	48	0	0	0	-12	0	0	0	-419	25	27	0	258
18:00:00	64800	64	84	5	-19	0	0	0	0	0	0	0	0	39	53	0	100	1	1	0	16	0	0	0	1	2	4	0	46	0	0	0	-12	0	0	5	-424	22	26	0	254
18:05:00	65100	58	71	2	-34	0	0	0	0	0	0	0	0	26	33	0	93	0	2	0	14	0	1	0	0	4	6	0	44	0	0	0	-12	0	0	2	-426	28	29	0	253
18:10:00	65400	43	66	5	-62	0	0	0	0	0	0	0	0	19	36	0	76	0	0	0	14	1	0	0	1	1	5	0	40	0	0	0	-12	0	0	5	-431	22	25	0	250
18:15:00	65700	38	65	2	-91	0	0	0	0	0	0	0	0	23	33	0	66	1	2	0	13	0	0	0	1	2	4	0	38	0	0	0	-12	0	0	2	-433	12	26	0	236
18:20:00	66000	61	64	2	-96	0	0	0	0	0	0	0	0	35	24	0	77	0	2	0	11	0	1	0	0	3	7	0	34	0	0	0	-12	0	0	2	-435	23	30	0	229
18:25:00	66300	41	54	4	-113	1	0	0	1	0	0	0	0	18	25	0	70	0	1	0	10	1	0	0	1	0	6	0	28	0	0	0	-12	0	0	4	-439	21	22	0	228
18:30:00	66600	38	49	5	-129	0	1	0	0	0	0	0	0	17	22	0	65	1	2	0	9	0	1	0	0	1	3	0	26	0	0	0	-12	0	0	5	-444	19	20	0	227
18:35:00	66900	53	52	3	-131	0	0	0	0	0	0	0	0	25	26	0	64	0	2	0	7	0	0	0	0	2	2	0	26	0	0	0	-12	0	0	3	-447	26	22	0	231
18:40:00	67200	18	43	1	-157	0	0	0	0	0	0	0	0	10	24	0	50	0	1	0	6	0	0	0	0	1	1	0	26	0	0	0	-12	0	0	1	-448	7	17	0	221
18:45:00	67500	28	47	3	-179	0	0	0	0	0	0	0	0	16	20	0	46	0	2	0	4	0	0	0	0	2	2	0	26	0	0	0	-12	0	0	3	-451	10	23	0	208
18:50:00	67800	15	30	2	-196	0	0	0	0	0	0	0	0	3	14	0	35	0	0	0	4	0	0	0	0	0	6	0	20	0	0	0	-12	0	0	2	-453	12	10	0	210
18:55:00	68100	20	29	0	-205	0	0	0	0	0	0	0	0	11	14	0	32	0	0	0	4	0	0	0	0	1	2	0	19	0	0	0	-12	0	0	0	-453	8	13	0	205
19:00:00	68400	55	36	2	-188	0	0	0	0	0	0	0	0	34	16	0	50	0	0	0	4	1	0	0	1	1	5	0	15	0	0	0	-12	0	0	2	-455	19	15	0	209
19:05:00	68700	64	35	2	-161	0	0	0	0	0	0	0	0	36	20	0	66	0	0	0	4	1	1	0	1	2	1	0	16	0	0	0	-12	0	0	2	-457	25	13	0	221
19:10:00	69000	57	50	4	-158	0	0	0	0	0	0	0	0	26	25	0	67	0	0	0	4	0	0	0	1	1	1	0	16	0	0	0	-12	0	0	4	-461	30	24	0	227
19:15:00	69300	52	56	3	-165	2	1	0	1	0	0	0	0	21	29	0	59	0	1	0	3	4	0	0	5	3	3	0	16	0	0	0	-12	0	0	3	-464	22	22	0	227
19:20:00	69600	52	53	3	-169	1	0	0	2	0	0	0	0	26	22	0	63	0	0	0	3	2	2	0	5	1	1	0	16	0	0	0	-12	0	0	3	-467	22	28	0	221
19:25:00	69900	69	54	3	-157	0	0	0	2	0	0	0	0	45	34	0	74	0	0	0	3	1	1	0	5	1	1	0	16	0	0	0	-12	0	0	3	-470	22	18	0	225
19:30:00	70200	63	55	3	-152	0	1	0	1	0	0	0	0	35	29	0	80	0	0	0	3	2	1	0	6	1	2	0	15	0	0	0	-12	0	0	3	-473	25	22	0	228
19:35:00	70500	40	54	0	-166	0	1	0	0	0	0	0	0	24	36	0	68	0	0	0	3	0	3	0	3	1	2	0	14	0	0	0	-12	0	0	0	-473	15	12	0	231
19:40:00	70800	41	54	3	-182	1	0	0	1	0	0	0	0	19	34	0	53	0	1	0	2	1	0	0	4	1	1	0	14	0	0	0	-12	0	0	3	-476	19	18	0	232
19:45:00	71100	57	50	0	-175	0	1	0	0	0	0	0	0	34	23	0	64	0	0	0	2	0	2	0	2	1	4	0	11	0	0	0	-12	0	0	0	-476	22	20	0	234
19:50:00	71400	37	45	0	-183	0	0	0	0	0	0	0	0	24	27	0	61	0	0	0	2	1	0	0	3	1	0	0	12	0	0	0	-12	0	0	0	-476	11	18	0	227
19:55:00	71700	43	53	1	-194	0	0	0	0	0	0	0	0	29	34	0	56	0	0	0	2	0	0	0	3	1	0	0	13	0	0	0	-12	0	0	1	-477	13	19	0	221
20:00:00	72000	9	40	0	-225	0	0	0	0	0	0	0	0	4	25	0	35	0	0	0	2	0	0	0	3	0	1	0	12	0	0	0	-12	0	0	0	-477	5	14	0	212
20:05:00	72300	8	35	0	-252	0	0	0	0	0	0	0	0	4	16	0	23	0	0	0	2	0	1	0	2	1	0	0	13	0	0	0	-12	0	0	0	-477	3	18	0	197
20:10:00	72600	8	19	1	-264	0	0	0	0	0	0	0	0	1	6	0	18	0	0	0	2	0	1	0	1	1	0	0	14	0	0	0	-12	0	0	1	-478	6	12	0	191
20:15:00	72900	14	25	1	-276	0	0	0	0	0	0	0	0	6	9	0	15	0	0	0	2	1	0	0	2	1	1	0	14	0	0	0	-12	0	0	1	-479	6	15	0	182
20:20:00	73200	7	18	1	-288	0	0	0	0	0	0	0	0	1	6	0	10	0	1	0	1	0	0	0	2	1	1	0	14	0	0	0	-12	0	0	1	-480	5	10	0	177
20:25:00	73500	9	20	2	-301	0	0	0	0	0	0	0	0	2	3	0	9	0	1	0	0	0	1	0	1	0	3	0	11	0	0	0	-12	0	0	2	-482	7	12	0	172
20:30:00	73800	9	17	3	-312	0	0	0	0	0	0	0	0	0	3	0	6	0	0	0	0	0	0	0	1	0	5	0	6	0	0	0	-12	0	0	3	-485	9	9	0	172
20:35:00	74100	8	12	0	-316	0	0	0	0	0	0	0	0	1	2	0	5	0	0	0	0	0	1	0	0	0	3	0	3	0	0	0	-12	0	0	0	-485	7	6	0	173
20:40:00	74400	10	14	0	-320	0	0	0	0	0	0	0	0	6	0	0	11	0	0	0	0	0	0	0	0	0	0	0	3	0	0	0	-12	0	0	0	-485	4	14	0	163
20:45:00	74700	7	11	3	-327	0	0	0	0	0	0	0	0	0	3	0	8	0	0	0	0	0	0	0	0	0	0	0	3	0	0	0	-12	0	0	3	-488	7	8	0	162
20:50:00	75000	8	8	0	-327	0	0	0	0	0	0	0	0	4	2	0	10	0	0	0	0	0	0	0	0	0	0	0	3	0	0	0	-12	0	0	0	-488	4	6	0	160
20:55:00	75300	4	12	0	-335	0	0	0	0	0	0	0	0	1	1	0	10	0	0	0	0	0	0	0	0	0	0	0	3	0	0	0	-12	0	0	0	-488	3	11	0	152
21:00:00	75600	4	7	0	-338	0	0	0	0	0	0	0	0	4	2	0	12	0	0	0	0	0	0	0	0	0	0	0	3	0	0	0	-12	0	0	0	-488	0	5	0	147
21:05:00	75900	3	8	0	-343	0	0	0	0	0	0	0	0	1	3	0	10	0	0	0	0	0	0	0	0	0	0	0	3	0	0	0	-12	0	0	0	-488	2	5	0	144
21:10:00	76200	1	5	1	-348	0	0	0	0	0	0	0	0	0	3	0	7	0	0	0	0	0	0	0	0	0	0	0	3	0	0	0	-12	0	0	1	-489	1	2	0	143
21:15:00	76500	2	5	0	-351	0	0	0	0	0	0	0	0	0	2	0	5	0	0	0	0	0	0	0	0	0	0	0	3	0	0	0	-12	0	0	0	-489	2	3	0	142
21:20:00	76800	2	7	2	-358	0	0	0	0	0	0	0	0	0	0	0	5	0	0	0	0	0	0	0	0	0	0	0	3	0	0	0	-12	0	0	2	-491	2	7	0	137
21:25:00	77100	4	7	1	-362	0	0	0	0	0	0	0	0	3	2	0	6	0	0	0	0	0	0	0	0	0	0	0	3	0	0	0	-12	0	0	1	-492	1	5	0	133
21:30:00	77400	1	2	1	-364	0	0	0	0	0	0	0	0	0	1	0	5	0	0	0	0	0	0	0	0	0	0	0	3	0	0	0	-12	0	0	1	-493	1	1	0	133
21:35:00	77700	0	3	0	-367	0	0	0	0	0	0	0	0	0	2	0	3	0	0	0	0	0	0	0	0	0	0	0	3	0	0	0	-12	0	0	0	-493	0	1	0	132
21:40:00	78000	2	4	1	-370	0	0	0	0	0	0	0	0	1	1	0	3	0	0	0	0	0	0	0	0	0	0	0	3	0	0	0	-12	0	0	1	-494	1	3	0	130
21:45:00	78300	2	7	1	-376	0	0	0	0	0	0	0	0	0	1	0	2	0	0	0	0	0	0	0	0	0	0	0	3	0	0	0	-12	0	0	1	-495	2	6	0	126
21:50:00	78600	0	4	0	-380	0	0	0	0	0	0	0	0	0	1	0	1	0	0	0	0	0	0	0	0	0	0	0	3	0	0	0	-12	0	0	0	-495	0	3	0	123
21:55:00	78900	0	2	0	-382	0	0	0	0	0	0	0	0	0	0	0	1	0	0	0	0	0	0	0	0	0	0	0	3	0	0	0	-12	0	0	0	-495	0	2	0	121
22:00:00	79200	2	2	1	-383	0	0	0	0	0	0	0	0	1	0	0	2	0	0	0	0	0	0	0	0	0	0	0	3	0	0	0	-12	0	0	1	-496	1	2	0	120
22:05:00	79500	1	3	0	-385	0	0	0	0	0	0	0	0	1	1	0	2	0	0	0	0	0	0	0	0	0	0	0	3	0	0	0	-12	0	0	0	-496	0	2	0	118
22:10:00	79800	1	5	0	-389	0	0	0	0	0	0	0	0	1	1	0	2	0	0	0	0	0	0	0	0	0	0	0	3	0	0	0	-12	0	0	0	-496	0	4	0	114
22:15:00	80100	4	5	2	-392	0	0	0	0	0	0	0	0	1	0	0	3	0	0	0	0	0	0	0	0	0	0	0	3	0	0	0	-12	0	0	2	-498	3	5	0	112
22:20:00	80400	3	4	1	-394	0	0	0	0	0	0	0	0	2	1	0	4	0	0	0	0	0	0	0	0	0	0	0	3	0	0	0	-12	0	0	1	-499	1	3	0	110
22:25:00	80700	0	1	0	-395	0	0	0	0	0	0	0	0	0	0	0	4	0	0	0	0	0	0	0	0	0	0	0	3	0	0	0	-12	0	0	0	-499	0	1	0	109
22:30:00	81000	3	7	0	-399	0	0	0	0	0	0	0	0	3	3	0	4	0	0	0	0	0	0	0	0	0	0	0	3	0	0	0	-12	0	0	0	-499	0	4	0	105
22:35:00	81300	4	8	3	-406	0	0	0	0	0	0	0	0	1	0	0	5	0	0	0	0	0	0	0	0	0	0	0	3	0	0	0	-12	0	0	3	-502	3	8	0	100
22:40:00	81600	3	5	1	-409	0	0	0	0	0	0	0	0	2	3	0	4	0	0	0	0	0	0	0	0	0	0	0	3	0	0	0	-12	0	0	1	-503	1	2	0	99
22:45:00	81900	1	3	0	-411	0	0	0	0	0	0	0	0	1	1	0	4	0	0	0	0	0	0	0	0	0	0	0	3	0	0	0	-12	0	0	0	-503	0	2	0	97
22:50:00	82200	3	7	1	-416	0	0	0	0	0	0	0	0	1	2	0	3	0	0	0	0	0	0	0	0	0	0	0	3	0	0	0	-12	0	0	1	-504	2	5	0	94
22:55:00	82500	2	4	1	-419	0	0	0	0	0	0	0	0	0	2	0	1	0	0	0	0	0	0	0	0	0	0	0	3	0	0	0	-12	0	0	1	-505	2	2	0	94
23:00:00	82800	0	1	0	-420	0	0	0	0	0	0	0	0	0	0	0	1	0	0	0	0	0	0	0	0	0	0	0	3	0	0	0	-12	0	0	0	-505	0	1	0	93
23:05:00	83100	0	1	0	-421	0	0	0	0	0	0	0	0	0	0	0	1	0	0	0	0	0	0	0	0	0	0	0	3	0	0	0	-12	0	0	0	-505	0	1	0	92
23:10:00	83400	0	2	0	-423	0	0	0	0	0	0	0	0	0	1	0	0	0	0	0	0	0	0	0	0	0	0	0	3	0	0	0	-12	0	0	0	-505	0	1	0	91
23:15:00	83700	5	3	1	-422	0	0	0	0	0	0	0	0	3	0	0	3	0	0	0	0	0	0	0	0	0	0	0	3	0	0	0	-12	0	0	1	-506	2	3	0	90
23:20:00	84000	2	5	2	-427	0	0	0	0	0	0	0	0	0	2	0	1	0	0	0	0	0	0	0	0	0	0	0	3	0	0	0	-12	0	0	2	-508	2	3	0	89
23:25:00	84300	2	1	0	-426	0	0	0	0	0	0	0	0	1	0	0	2	0	0	0	0	0	0	0	0	0	0	0	3	0	0	0	-12	0	0	0	-508	1	1	0	89
23:30:00	84600	2	5	1	-430	0	0	0	0	0	0	0	0	0	2	0	0	0	0	0	0	0	0	0	0	0	0	0	3	0	0	0	-12	0	0	1	-509	2	3	0	88
23:35:00	84900	1	1	0	-430	0	0	0	0	0	0	0	0	1	0	0	1	0	0	0	0	0	0	0	0	0	0	0	3	0	0	0	-12	0	0	0	-509	0	1	0	87
23:40:00	85200	3	1	0	-428	0	0	0	0	0	0	0	0	2	0	0	3	0	0	0	0	0	0	0	0	0	0	0	3	0	0	0	-12	0	0	0	-509	1	1	0	87
23:45:00	85500	2	2	1	-429	0	0	0	0	0	0	0	0	0	1	0	2	0	0	0	0	0	0	0	0	0	0	0	3	0	0	0	-12	0	0	1	-510	2	1	0	88
23:50:00	85800	3	5	0	-431	0	0	0	0	0	0	0	0	1	1	0	2	0	0	0	0	0	0	0	0	0	0	0	3	0	0	0	-12	0	0	0	-510	2	4	0	86
23:55:00	86100	3	5	1	-434	0	0	0	0	0	0	0	0	0	1	0	1	0	0	0	0	0	0	0	0	0	0	0	3	0	0	0	-12	0	0	1	-511	3	4	0	85
24:00:00	86400	5	2	0	-431	0	0	0	0	0	0	0	0	2	0	0	3	0	0	0	0	0	0	0	0	0	0	0	3	0	0	0	-12	0	0	0	-511	3	2	0	86
24:05:00	86700	3	5	0	-433	0	0	0	0	0	0	0	0	2	1	0	4	0	0	0	0	0	0	0	0	0	0	0	3	0	0	0	-12	0	0	0	-511	1	4	0	83
24:10:00	87000	3	6	0	-436	0	0	0	0	0	0	0	0	0	2	0	2	0	0	0	0	0	0	0	0	0	0	0	3	0	0	0	-12	0	0	0	-511	3	4	0	82
24:15:00	87300	4	5	1	-438	0	0	0	0	0	0	0	0	0	0	0	2	0	0	0	0	1	1	0	0	0	0	0	3	0	0	0	-12	0	0	1	-512	3	4	0	81
24:20:00	87600	2	5	0	-441	0	0	0	0	0	0	0	0	0	1	0	1	0	0	0	0	0	0	0	0	0	0	0	3	0	0	0	-12	0	0	0	-512	2	4	0	79
24:25:00	87900	3	4	2	-444	0	0	0	0	0	0	0	0	1	0	0	2	0	0	0	0	0	0	0	0	0	0	0	3	0	0	0	-12	0	0	2	-514	2	4	0	77
24:30:00	88200	4	5	0	-445	0	0	0	0	0	0	0	0	2	0	0	4	0	0	0	0	0	0	0	0	0	0	0	3	0	0	0	-12	0	0	0	-514	2	5	0	74
24:35:00	88500	3	4	0	-446	0	0	0	0	0	0	0	0	2	3	0	3	0	0	0	0	1	0	0	1	0	0	0	3	0	0	0	-12	0	0	0	-514	0	1	0	73
24:40:00	88800	0	0	0	-446	0	0	0	0	0	0	0	0	0	0	0	3	0	0	0	0	0	0	0	1	0	0	0	3	0	0	0	-12	0	0	0	-514	0	0	0	73
24:45:00	89100	0	1	0	-447	0	0	0	0	0	0	0	0	0	0	0	3	0	0	0	0	0	0	0	1	0	0	0	3	0	0	0	-12	0	0	0	-514	0	1	0	72
24:50:00	89400	3	4	0	-448	0	0	0	0	0	0	0	0	1	2	0	2	0	0	0	0	0	1	0	0	0	0	0	3	0	0	0	-12	0	0	0	-514	2	1	0	73
24:55:00	89700	1	2	0	-449	0	0	0	0	0	0	0	0	1	1	0	2	0	0	0	0	0	0	0	0	0	0	0	3	0	0	0	-12	0	0	0	-514	0	1	0	72
25:00:00	90000	1	1	0	-449	0	0	0	0	0	0	0	0	1	1	0	2	0	0	0	0	0	0	0	0	0	0	0	3	0	0	0	-12	0	0	0	-514	0	0	0	72
25:05:00	90300	0	0	0	-449	0	0	0	0	0	0	0	0	0	0	0	2	0	0	0	0	0	0	0	0	0	0	0	3	0	0	0	-12	0	0	0	-514	0	0	0	72
25:10:00	90600	3	5	0	-451	0	0	0	0	0	0	0	0	0	2	0	0	0	0	0	0	0	0	0	0	0	0	0	3	0	0	0	-12	0	0	0	-514	3	3	0	72
25:15:00	90900	4	4	1	-452	0	0	0	0	0	0	0	0	2	0	0	2	0	0	0	0	0	0	0	0	0	0	0	3	0	0	0	-12	0	0	1	-515	2	4	0	70
25:20:00	91200	0	1	0	-453	0	0	0	0	0	0	0	0	0	0	0	2	0	0	0	0	0	0	0	0	0	0	0	3	0	0	0	-12	0	0	0	-515	0	1	0	69
25:25:00	91500	2	2	0	-453	0	0	0	0	0	0	0	0	2	1	0	3	0	0	0	0	0	0	0	0	0	0	0	3	0	0	0	-12	0	0	0	-515	0	1	0	68
25:30:00	91800	0	0	0	-453	0	0	0	0	0	0	0	0	0	0	0	3	0	0	0	0	0	0	0	0	0	0	0	3	0	0	0	-12	0	0	0	-515	0	0	0	68
25:35:00	92100	0	1	0	-454	0	0	0	0	0	0	0	0	0	0	0	3	0	0	0	0	0	0	0	0	0	0	0	3	0	0	0	-12	0	0	0	-515	0	1	0	67
25:40:00	92400	0	1	0	-455	0	0	0	0	0	0	0	0	0	1	0	2	0	0	0	0	0	0	0	0	0	0	0	3	0	0	0	-12	0	0	0	-515	0	0	0	67
25:45:00	92700	1	3	0	-457	0	0	0	0	0	0	0	0	1	0	0	3	0	0	0	0	0	0	0	0	0	0	0	3	0	0	0	-12	0	0	0	-515	0	3	0	64
25:50:00	93000	2	2	0	-457	0	0	0	0	0	0	0	0	0	0	0	3	0	0	0	0	0	0	0	0	0	0	0	3	0	0	0	-12	0	0	0	-515	2	2	0	64
25:55:00	93300	0	2	0	-459	0	0	0	0	0	0	0	0	0	1	0	2	0	0	0	0	0	0	0	0	0	0	0	3	0	0	0	-12	0	0	0	-515	0	1	0	63
26:00:00	93600	2	4	1	-462	0	0	0	0	0	0	0	0	1	1	0	2	0	0	0	0	0	0	0	0	0	0	0	3	0	0	0	-12	0	0	1	-516	1	3	0	61
26:05:00	93900	3	3	2	-464	0	0	0	0	0	0	0	0	1	0	0	3	0	0	0	0	0	0	0	0	0	0	0	3	0	0	0	-12	0	0	2	-518	2	3	0	60
26:10:00	94200	2	2	0	-464	0	0	0	0	0	0	0	0	1	0	0	4	0	0	0	0	0	0	0	0	0	0	0	3	0	0	0	-12	0	0	0	-518	1	2	0	59
26:15:00	94500	1	3	1	-467	0	0	0	0	0	0	0	0	0	0	0	4	0	0	0	0	0	0	0	0	0	0	0	3	0	0	0	-12	0	0	1	-519	1	3	0	57
26:20:00	94800	2	4	1	-470	0	0	0	0	0	0	0	0	1	1	0	4	0	0	0	0	0	0	0	0	0	0	0	3	0	0	0	-12	0	0	1	-520	1	3	0	55
26:25:00	95100	2	2	1	-471	0	0	0	0	0	0	0	0	0	1	0	3	0	0	0	0	0	0	0	0	0	0	0	3	0	0	0	-12	0	0	1	-521	2	1	0	56
26:30:00	95400	1	2	0	-472	0	0	0	0	0	0	0	0	0	1	0	2	0	0	0	0	0	0	0	0	0	0	0	3	0	0	0	-12	0	0	0	-521	1	1	0	56
26:35:00	95700	0	0	0	-472	0	0	0	0	0	0	0	0	0	0	0	2	0	0	0	0	0	0	0	0	0	0	0	3	0	0	0	-12	0	0	0	-521	0	0	0	56
26:40:00	96000	0	0	0	-472	0	0	0	0	0	0	0	0	0	0	0	2	0	0	0	0	0	0	0	0	0	0	0	3	0	0	0	-12	0	0	0	-521	0	0	0	56
26:45:00	96300	1	2	0	-473	0	0	0	0	0	0	0	0	1	1	0	2	0	0	0	0	0	0	0	0	0	0	0	3	0	0	0	-12	0	0	0	-521	0	1	0	55
26:50:00	96600	1	2	0	-474	0	0	0	0	0	0	0	0	0	0	0	2	0	0	0	0	0	0	0	0	0	0	0	3	0	0	0	-12	0	0	0	-521	1	2	0	54
26:55:00	96900	3	3	1	-475	0	0	0	0	0	0	0	0	1	1	0	2	0	0	0	0	0	0	0	0	0	0	0	3	0	0	0	-12	0	0	1	-522	2	2	0	54
27:00:00	97200	0	0	0	-475	0	0	0	0	0	0	0	0	0	0	0	2	0	0	0	0	0	0	0	0	0	0	0	3	0	0	0	-12	0	0	0	-522	0	0	0	54
27:05:00	97500	0	0	0	-475	0	0	0	0	0	0	0	0	0	0	0	2	0	0	0	0	0	0	0	0	0	0	0	3	0	0	0	-12	0	0	0	-522	0	0	0	54
27:10:00	97800	1	1	0	-475	0	0	0	0	0	0	0	0	1	1	0	2	0	0	0	0	0	0	0	0	0	0	0	3	0	0	0	-12	0	0	0	-522	0	0	0	54
27:15:00	98100	0	1	0	-476	0	0	0	0	0	0	0	0	0	0	0	2	0	0	0	0	0	0	0	0	0	0	0	3	0	0	0	-12	0	0	0	-522	0	1	0	53
27:20:00	98400	0	2	0	-478	0	0	0	0	0	0	0	0	0	1	0	1	0	0	0	0	0	0	0	0	0	0	0	3	0	0	0	-12	0	0	0	-522	0	1	0	52
27:25:00	98700	0	0	0	-478	0	0	0	0	0	0	0	0	0	0	0	1	0	0	0	0	0	0	0	0	0	0	0	3	0	0	0	-12	0	0	0	-522	0	0	0	52
27:30:00	99000	0	0	0	-478	0	0	0	0	0	0	0	0	0	0	0	1	0	0	0	0	0	0	0	0	0	0	0	3	0	0	0	-12	0	0	0	-522	0	0	0	52
27:35:00	99300	0	2	0	-480	0	0	0	0	0	0	0	0	0	0	0	1	0	0	0	0	0	0	0	0	0	0	0	3	0	0	0	-12	0	0	0	-522	0	2	0	50
27:40:00	99600	5	5	2	-482	0	0	0	0	0	0	0	0	1	1	0	1	0	0	0	0	0	0	0	0	0	0	0	3	0	0	0	-12	0	0	2	-524	4	4	0	50
27:45:00	99900	0	1	0	-483	0	0	0	0	0	0	0	0	0	0	0	1	0	0	0	0	0	0	0	0	0	0	0	3	0	0	0	-12	0	0	0	-524	0	1	0	49
27:50:00	100200	0	0	0	-483	0	0	0	0	0	0	0	0	0	0	0	1	0	0	0	0	0	0	0	0	0	0	0	3	0	0	0	-12	0	0	0	-524	0	0	0	49
27:55:00	100500	0	0	0	-483	0	0	0	0	0	0	0	0	0	0	0	1	0	0	0	0	0	0	0	0	0	0	0	3	0	0	0	-12	0	0	0	-524	0	0	0	49
28:00:00	100800	1	1	0	-483	0	0	0	0	0	0	0	0	0	1	0	0	0	0	0	0	0	0	0	0	0	0	0	3	0	0	0	-12	0	0	0	-524	1	0	0	50
28:05:00	101100	0	1	0	-484	0	0	0	0	0	0	0	0	0	0	0	0	0	0	0	0	0	0	0	0	0	0	0	3	0	0	0	-12	0	0	0	-524	0	1	0	49
28:10:00	101400	3	3	1	-485	0	0	0	0	0	0	0	0	1	0	0	1	0	0	0	0	0	0	0	0	0	0	0	3	0	0	0	-12	0	0	1	-525	2	3	0	48
28:15:00	101700	0	1	0	-486	0	0	0	0	0	0	0	0	0	0	0	1	0	0	0	0	0	0	0	0	0	0	0	3	0	0	0	-12	0	0	0	-525	0	1	0	47
28:20:00	102000	0	0	0	-486	0	0	0	0	0	0	0	0	0	0	0	1	0	0	0	0	0	0	0	0	0	0	0	3	0	0	0	-12	0	0	0	-525	0	0	0	47
28:25:00	102300	0	0	0	-486	0	0	0	0	0	0	0	0	0	0	0	1	0	0	0	0	0	0	0	0	0	0	0	3	0	0	0	-12	0	0	0	-525	0	0	0	47
28:30:00	102600	0	0	0	-486	0	0	0	0	0	0	0	0	0	0	0	1	0	0	0	0	0	0	0	0	0	0	0	3	0	0	0	-12	0	0	0	-525	0	0	0	47
28:35:00	102900	1	1	0	-486	0	0	0	0	0	0	0	0	0	0	0	1	0	0	0	0	0	0	0	0	0	0	0	3	0	0	0	-12	0	0	0	-525	1	1	0	47
28:40:00	103200	1	1	0	-486	0	0	0	0	0	0	0	0	0	0	0	1	0	0	0	0	0	0	0	0	0	0	0	3	0	0	0	-12	0	0	0	-525	1	1	0	47
28:45:00	103500	0	0	0	-486	0	0	0	0	0	0	0	0	0	0	0	1	0	0	0	0	0	0	0	0	0	0	0	3	0	0	0	-12	0	0	0	-525	0	0	0	47
28:50:00	103800	0	1	0	-487	0	0	0	0	0	0	0	0	0	1	0	0	0	0	0	0	0	0	0	0	0	0	0	3	0	0	0	-12	0	0	0	-525	0	0	0	47
28:55:00	104100	1	2	0	-488	0	0	0	0	0	0	0	0	1	0	0	1	0	0	0	0	0	0	0	0	0	0	0	3	0	0	0	-12	0	0	0	-525	0	2	0	45
29:00:00	104400	1	1	1	-489	0	0	0	0	0	0	0	0	0	0	0	1	0	0	0	0	0	0	0	0	0	0	0	3	0	0	0	-12	0	0	1	-526	1	1	0	45
29:05:00	104700	2	2	0	-489	0	0	0	0	0	0	0	0	2	1	0	2	0	0	0	0	0	0	0	0	0	0	0	3	0	0	0	-12	0	0	0	-526	0	1	0	44
29:10:00	105000	1	3	0	-491	0	0	0	0	0	0	0	0	1	2	0	1	0	0	0	0	0	0	0	0	0	0	0	3	0	0	0	-12	0	0	0	-526	0	1	0	43
29:15:00	105300	0	1	0	-492	0	0	0	0	0	0	0	0	0	0	0	1	0	0	0	0	0	0	0	0	0	0	0	3	0	0	0	-12	0	0	0	-526	0	1	0	42
29:20:00	105600	1	1	0	-492	0	0	0	0	0	0	0	0	0	1	0	0	0	0	0	0	0	0	0	0	0	0	0	3	0	0	0	-12	0	0	0	-526	1	0	0	43
29:25:00	105900	0	1	0	-493	0	0	0	0	0	0	0	0	0	0	0	0	0	0	0	0	0	0	0	0	0	0	0	3	0	0	0	-12	0	0	0	-526	0	1	0	42
29:30:00	106200	0	0	0	-493	0	0	0	0	0	0	0	0	0	0	0	0	0	0	0	0	0	0	0	0	0	0	0	3	0	0	0	-12	0	0	0	-526	0	0	0	42
29:35:00	106500	0	0	0	-493	0	0	0	0	0	0	0	0	0	0	0	0	0	0	0	0	0	0	0	0	0	0	0	3	0	0	0	-12	0	0	0	-526	0	0	0	42
29:40:00	106800	0	0	0	-493	0	0	0	0	0	0	0	0	0	0	0	0	0	0	0	0	0	0	0	0	0	0	0	3	0	0	0	-12	0	0	0	-526	0	0	0	42
29:45:00	107100	0	1	0	-494	0	0	0	0	0	0	0	0	0	0	0	0	0	0	0	0	0	0	0	0	0	0	0	3	0	0	0	-12	0	0	0	-526	0	1	0	41
29:50:00	107400	2	3	1	-496	0	0	0	0	0	0	0	0	1	0	0	1	0	0	0	0	0	0	0	0	0	0	0	3	0	0	0	-12	0	0	1	-527	1	3	0	39
29:55:00	107700	0	0	0	-496	0	0	0	0	0	0	0	0	0	0	0	1	0	0	0	0	0	0	0	0	0	0	0	3	0	0	0	-12	0	0	0	-527	0	0	0	39
30:00:00	108000	0	0	43	-539	0	0	0	0	0	0	0	0	0	0	1	0	0	0	0	0	0	0	0	0	0	0	3	0	0	0	0	-12	0	0	0	-527	0	0	39	0
30:05:00	108300	0	0	0	-539	0	0	0	0	0	0	0	0	0	0	0	0	0	0	0	0	0	0	0	0	0	0	0	0	0	0	0	-12	0	0	0	-527	0	0	0	0
