time	time	departures_all	arrivals_all	stuck_all	en-route_all	departures_Shared-Bike	arrivals_Shared-Bike	stuck_Shared-Bike	en-route_Shared-Bike	departures_bike	arrivals_bike	stuck_bike	en-route_bike	departures_car	arrivals_car	stuck_car	en-route_car	departures_car_passenger	arrivals_car_passenger	stuck_car_passenger	en-route_car_passenger	departures_eScooter	arrivals_eScooter	stuck_eScooter	en-route_eScooter	departures_pt	arrivals_pt	stuck_pt	en-route_pt	departures_sharing:standardBikeShare	arrivals_sharing:standardBikeShare	stuck_sharing:standardBikeShare	en-route_sharing:standardBikeShare	departures_sharing:standardeScooter	arrivals_sharing:standardeScooter	stuck_sharing:standardeScooter	en-route_sharing:standardeScooter	departures_walk	arrivals_walk	stuck_walk	en-route_walk
00:00:00	0	0	0	0	0	0	0	0	0	0	0	0	0	0	0	0	0	0	0	0	0	0	0	0	0	0	0	0	0	0	0	0	0	0	0	0	0	0	0	0	0
00:05:00	300	0	0	0	0	0	0	0	0	0	0	0	0	0	0	0	0	0	0	0	0	0	0	0	0	0	0	0	0	0	0	0	0	0	0	0	0	0	0	0	0
00:10:00	600	0	0	0	0	0	0	0	0	0	0	0	0	0	0	0	0	0	0	0	0	0	0	0	0	0	0	0	0	0	0	0	0	0	0	0	0	0	0	0	0
00:15:00	900	0	0	0	0	0	0	0	0	0	0	0	0	0	0	0	0	0	0	0	0	0	0	0	0	0	0	0	0	0	0	0	0	0	0	0	0	0	0	0	0
00:20:00	1200	0	0	0	0	0	0	0	0	0	0	0	0	0	0	0	0	0	0	0	0	0	0	0	0	0	0	0	0	0	0	0	0	0	0	0	0	0	0	0	0
00:25:00	1500	0	0	0	0	0	0	0	0	0	0	0	0	0	0	0	0	0	0	0	0	0	0	0	0	0	0	0	0	0	0	0	0	0	0	0	0	0	0	0	0
00:30:00	1800	0	0	0	0	0	0	0	0	0	0	0	0	0	0	0	0	0	0	0	0	0	0	0	0	0	0	0	0	0	0	0	0	0	0	0	0	0	0	0	0
00:35:00	2100	0	0	0	0	0	0	0	0	0	0	0	0	0	0	0	0	0	0	0	0	0	0	0	0	0	0	0	0	0	0	0	0	0	0	0	0	0	0	0	0
00:40:00	2400	0	0	0	0	0	0	0	0	0	0	0	0	0	0	0	0	0	0	0	0	0	0	0	0	0	0	0	0	0	0	0	0	0	0	0	0	0	0	0	0
00:45:00	2700	0	0	0	0	0	0	0	0	0	0	0	0	0	0	0	0	0	0	0	0	0	0	0	0	0	0	0	0	0	0	0	0	0	0	0	0	0	0	0	0
00:50:00	3000	0	0	0	0	0	0	0	0	0	0	0	0	0	0	0	0	0	0	0	0	0	0	0	0	0	0	0	0	0	0	0	0	0	0	0	0	0	0	0	0
00:55:00	3300	0	0	0	0	0	0	0	0	0	0	0	0	0	0	0	0	0	0	0	0	0	0	0	0	0	0	0	0	0	0	0	0	0	0	0	0	0	0	0	0
01:00:00	3600	0	0	0	0	0	0	0	0	0	0	0	0	0	0	0	0	0	0	0	0	0	0	0	0	0	0	0	0	0	0	0	0	0	0	0	0	0	0	0	0
01:05:00	3900	0	0	0	0	0	0	0	0	0	0	0	0	0	0	0	0	0	0	0	0	0	0	0	0	0	0	0	0	0	0	0	0	0	0	0	0	0	0	0	0
01:10:00	4200	0	0	0	0	0	0	0	0	0	0	0	0	0	0	0	0	0	0	0	0	0	0	0	0	0	0	0	0	0	0	0	0	0	0	0	0	0	0	0	0
01:15:00	4500	0	0	0	0	0	0	0	0	0	0	0	0	0	0	0	0	0	0	0	0	0	0	0	0	0	0	0	0	0	0	0	0	0	0	0	0	0	0	0	0
01:20:00	4800	0	0	0	0	0	0	0	0	0	0	0	0	0	0	0	0	0	0	0	0	0	0	0	0	0	0	0	0	0	0	0	0	0	0	0	0	0	0	0	0
01:25:00	5100	0	0	0	0	0	0	0	0	0	0	0	0	0	0	0	0	0	0	0	0	0	0	0	0	0	0	0	0	0	0	0	0	0	0	0	0	0	0	0	0
01:30:00	5400	0	0	0	0	0	0	0	0	0	0	0	0	0	0	0	0	0	0	0	0	0	0	0	0	0	0	0	0	0	0	0	0	0	0	0	0	0	0	0	0
01:35:00	5700	0	0	0	0	0	0	0	0	0	0	0	0	0	0	0	0	0	0	0	0	0	0	0	0	0	0	0	0	0	0	0	0	0	0	0	0	0	0	0	0
01:40:00	6000	0	0	0	0	0	0	0	0	0	0	0	0	0	0	0	0	0	0	0	0	0	0	0	0	0	0	0	0	0	0	0	0	0	0	0	0	0	0	0	0
01:45:00	6300	0	0	0	0	0	0	0	0	0	0	0	0	0	0	0	0	0	0	0	0	0	0	0	0	0	0	0	0	0	0	0	0	0	0	0	0	0	0	0	0
01:50:00	6600	0	0	0	0	0	0	0	0	0	0	0	0	0	0	0	0	0	0	0	0	0	0	0	0	0	0	0	0	0	0	0	0	0	0	0	0	0	0	0	0
01:55:00	6900	0	0	0	0	0	0	0	0	0	0	0	0	0	0	0	0	0	0	0	0	0	0	0	0	0	0	0	0	0	0	0	0	0	0	0	0	0	0	0	0
02:00:00	7200	0	0	0	0	0	0	0	0	0	0	0	0	0	0	0	0	0	0	0	0	0	0	0	0	0	0	0	0	0	0	0	0	0	0	0	0	0	0	0	0
02:05:00	7500	0	0	0	0	0	0	0	0	0	0	0	0	0	0	0	0	0	0	0	0	0	0	0	0	0	0	0	0	0	0	0	0	0	0	0	0	0	0	0	0
02:10:00	7800	0	0	0	0	0	0	0	0	0	0	0	0	0	0	0	0	0	0	0	0	0	0	0	0	0	0	0	0	0	0	0	0	0	0	0	0	0	0	0	0
02:15:00	8100	0	0	0	0	0	0	0	0	0	0	0	0	0	0	0	0	0	0	0	0	0	0	0	0	0	0	0	0	0	0	0	0	0	0	0	0	0	0	0	0
02:20:00	8400	0	0	0	0	0	0	0	0	0	0	0	0	0	0	0	0	0	0	0	0	0	0	0	0	0	0	0	0	0	0	0	0	0	0	0	0	0	0	0	0
02:25:00	8700	0	0	0	0	0	0	0	0	0	0	0	0	0	0	0	0	0	0	0	0	0	0	0	0	0	0	0	0	0	0	0	0	0	0	0	0	0	0	0	0
02:30:00	9000	0	0	0	0	0	0	0	0	0	0	0	0	0	0	0	0	0	0	0	0	0	0	0	0	0	0	0	0	0	0	0	0	0	0	0	0	0	0	0	0
02:35:00	9300	0	0	0	0	0	0	0	0	0	0	0	0	0	0	0	0	0	0	0	0	0	0	0	0	0	0	0	0	0	0	0	0	0	0	0	0	0	0	0	0
02:40:00	9600	0	0	0	0	0	0	0	0	0	0	0	0	0	0	0	0	0	0	0	0	0	0	0	0	0	0	0	0	0	0	0	0	0	0	0	0	0	0	0	0
02:45:00	9900	0	0	0	0	0	0	0	0	0	0	0	0	0	0	0	0	0	0	0	0	0	0	0	0	0	0	0	0	0	0	0	0	0	0	0	0	0	0	0	0
02:50:00	10200	0	0	0	0	0	0	0	0	0	0	0	0	0	0	0	0	0	0	0	0	0	0	0	0	0	0	0	0	0	0	0	0	0	0	0	0	0	0	0	0
02:55:00	10500	0	0	0	0	0	0	0	0	0	0	0	0	0	0	0	0	0	0	0	0	0	0	0	0	0	0	0	0	0	0	0	0	0	0	0	0	0	0	0	0
03:00:00	10800	0	0	0	0	0	0	0	0	0	0	0	0	0	0	0	0	0	0	0	0	0	0	0	0	0	0	0	0	0	0	0	0	0	0	0	0	0	0	0	0
03:05:00	11100	0	0	0	0	0	0	0	0	0	0	0	0	0	0	0	0	0	0	0	0	0	0	0	0	0	0	0	0	0	0	0	0	0	0	0	0	0	0	0	0
03:10:00	11400	0	0	0	0	0	0	0	0	0	0	0	0	0	0	0	0	0	0	0	0	0	0	0	0	0	0	0	0	0	0	0	0	0	0	0	0	0	0	0	0
03:15:00	11700	0	0	0	0	0	0	0	0	0	0	0	0	0	0	0	0	0	0	0	0	0	0	0	0	0	0	0	0	0	0	0	0	0	0	0	0	0	0	0	0
03:20:00	12000	0	0	0	0	0	0	0	0	0	0	0	0	0	0	0	0	0	0	0	0	0	0	0	0	0	0	0	0	0	0	0	0	0	0	0	0	0	0	0	0
03:25:00	12300	0	0	0	0	0	0	0	0	0	0	0	0	0	0	0	0	0	0	0	0	0	0	0	0	0	0	0	0	0	0	0	0	0	0	0	0	0	0	0	0
03:30:00	12600	0	0	0	0	0	0	0	0	0	0	0	0	0	0	0	0	0	0	0	0	0	0	0	0	0	0	0	0	0	0	0	0	0	0	0	0	0	0	0	0
03:35:00	12900	0	0	0	0	0	0	0	0	0	0	0	0	0	0	0	0	0	0	0	0	0	0	0	0	0	0	0	0	0	0	0	0	0	0	0	0	0	0	0	0
03:40:00	13200	0	0	0	0	0	0	0	0	0	0	0	0	0	0	0	0	0	0	0	0	0	0	0	0	0	0	0	0	0	0	0	0	0	0	0	0	0	0	0	0
03:45:00	13500	0	0	0	0	0	0	0	0	0	0	0	0	0	0	0	0	0	0	0	0	0	0	0	0	0	0	0	0	0	0	0	0	0	0	0	0	0	0	0	0
03:50:00	13800	0	0	0	0	0	0	0	0	0	0	0	0	0	0	0	0	0	0	0	0	0	0	0	0	0	0	0	0	0	0	0	0	0	0	0	0	0	0	0	0
03:55:00	14100	0	0	0	0	0	0	0	0	0	0	0	0	0	0	0	0	0	0	0	0	0	0	0	0	0	0	0	0	0	0	0	0	0	0	0	0	0	0	0	0
04:00:00	14400	0	0	0	0	0	0	0	0	0	0	0	0	0	0	0	0	0	0	0	0	0	0	0	0	0	0	0	0	0	0	0	0	0	0	0	0	0	0	0	0
04:05:00	14700	0	0	0	0	0	0	0	0	0	0	0	0	0	0	0	0	0	0	0	0	0	0	0	0	0	0	0	0	0	0	0	0	0	0	0	0	0	0	0	0
04:10:00	15000	0	0	0	0	0	0	0	0	0	0	0	0	0	0	0	0	0	0	0	0	0	0	0	0	0	0	0	0	0	0	0	0	0	0	0	0	0	0	0	0
04:15:00	15300	0	0	0	0	0	0	0	0	0	0	0	0	0	0	0	0	0	0	0	0	0	0	0	0	0	0	0	0	0	0	0	0	0	0	0	0	0	0	0	0
04:20:00	15600	0	0	0	0	0	0	0	0	0	0	0	0	0	0	0	0	0	0	0	0	0	0	0	0	0	0	0	0	0	0	0	0	0	0	0	0	0	0	0	0
04:25:00	15900	0	0	0	0	0	0	0	0	0	0	0	0	0	0	0	0	0	0	0	0	0	0	0	0	0	0	0	0	0	0	0	0	0	0	0	0	0	0	0	0
04:30:00	16200	0	0	0	0	0	0	0	0	0	0	0	0	0	0	0	0	0	0	0	0	0	0	0	0	0	0	0	0	0	0	0	0	0	0	0	0	0	0	0	0
04:35:00	16500	0	0	0	0	0	0	0	0	0	0	0	0	0	0	0	0	0	0	0	0	0	0	0	0	0	0	0	0	0	0	0	0	0	0	0	0	0	0	0	0
04:40:00	16800	0	0	0	0	0	0	0	0	0	0	0	0	0	0	0	0	0	0	0	0	0	0	0	0	0	0	0	0	0	0	0	0	0	0	0	0	0	0	0	0
04:45:00	17100	0	0	0	0	0	0	0	0	0	0	0	0	0	0	0	0	0	0	0	0	0	0	0	0	0	0	0	0	0	0	0	0	0	0	0	0	0	0	0	0
04:50:00	17400	0	0	0	0	0	0	0	0	0	0	0	0	0	0	0	0	0	0	0	0	0	0	0	0	0	0	0	0	0	0	0	0	0	0	0	0	0	0	0	0
04:55:00	17700	0	0	0	0	0	0	0	0	0	0	0	0	0	0	0	0	0	0	0	0	0	0	0	0	0	0	0	0	0	0	0	0	0	0	0	0	0	0	0	0
05:00:00	18000	0	0	0	0	0	0	0	0	0	0	0	0	0	0	0	0	0	0	0	0	0	0	0	0	0	0	0	0	0	0	0	0	0	0	0	0	0	0	0	0
05:05:00	18300	0	0	0	0	0	0	0	0	0	0	0	0	0	0	0	0	0	0	0	0	0	0	0	0	0	0	0	0	0	0	0	0	0	0	0	0	0	0	0	0
05:10:00	18600	0	0	0	0	0	0	0	0	0	0	0	0	0	0	0	0	0	0	0	0	0	0	0	0	0	0	0	0	0	0	0	0	0	0	0	0	0	0	0	0
05:15:00	18900	0	0	0	0	0	0	0	0	0	0	0	0	0	0	0	0	0	0	0	0	0	0	0	0	0	0	0	0	0	0	0	0	0	0	0	0	0	0	0	0
05:20:00	19200	0	0	0	0	0	0	0	0	0	0	0	0	0	0	0	0	0	0	0	0	0	0	0	0	0	0	0	0	0	0	0	0	0	0	0	0	0	0	0	0
05:25:00	19500	0	0	0	0	0	0	0	0	0	0	0	0	0	0	0	0	0	0	0	0	0	0	0	0	0	0	0	0	0	0	0	0	0	0	0	0	0	0	0	0
05:30:00	19800	0	0	0	0	0	0	0	0	0	0	0	0	0	0	0	0	0	0	0	0	0	0	0	0	0	0	0	0	0	0	0	0	0	0	0	0	0	0	0	0
05:35:00	20100	0	0	0	0	0	0	0	0	0	0	0	0	0	0	0	0	0	0	0	0	0	0	0	0	0	0	0	0	0	0	0	0	0	0	0	0	0	0	0	0
05:40:00	20400	0	0	0	0	0	0	0	0	0	0	0	0	0	0	0	0	0	0	0	0	0	0	0	0	0	0	0	0	0	0	0	0	0	0	0	0	0	0	0	0
05:45:00	20700	0	0	0	0	0	0	0	0	0	0	0	0	0	0	0	0	0	0	0	0	0	0	0	0	0	0	0	0	0	0	0	0	0	0	0	0	0	0	0	0
05:50:00	21000	0	0	0	0	0	0	0	0	0	0	0	0	0	0	0	0	0	0	0	0	0	0	0	0	0	0	0	0	0	0	0	0	0	0	0	0	0	0	0	0
05:55:00	21300	0	0	0	0	0	0	0	0	0	0	0	0	0	0	0	0	0	0	0	0	0	0	0	0	0	0	0	0	0	0	0	0	0	0	0	0	0	0	0	0
06:00:00	21600	4	0	0	4	0	0	0	0	0	0	0	0	3	0	0	3	0	0	0	0	0	0	0	0	0	0	0	0	0	0	0	0	0	0	0	0	1	0	0	1
06:05:00	21900	4	1	0	7	0	0	0	0	0	0	0	0	2	1	0	4	0	0	0	0	0	0	0	0	0	0	0	0	0	0	0	0	0	0	0	0	2	0	0	3
06:10:00	22200	3	1	0	9	0	0	0	0	0	0	0	0	2	1	0	5	0	0	0	0	0	0	0	0	0	0	0	0	0	0	0	0	0	0	0	0	1	0	0	4
06:15:00	22500	1	3	0	7	0	0	0	0	0	0	0	0	0	3	0	2	0	0	0	0	0	0	0	0	0	0	0	0	0	0	0	0	0	0	0	0	1	0	0	5
06:20:00	22800	4	1	1	9	0	0	0	0	0	0	0	0	2	0	0	4	0	0	0	0	0	0	0	0	0	0	0	0	0	0	0	0	0	0	1	-1	2	1	0	6
06:25:00	23100	6	3	1	11	0	0	0	0	0	0	0	0	1	1	0	4	0	0	0	0	0	0	0	0	0	0	0	0	0	0	0	0	0	0	1	-2	5	2	0	9
06:30:00	23400	46	8	2	47	0	0	0	0	0	0	0	0	22	2	0	24	0	0	0	0	2	0	0	2	1	0	0	1	0	0	0	0	0	0	2	-4	21	6	0	24
06:35:00	23700	37	19	2	63	0	0	0	0	0	0	0	0	25	14	0	35	0	0	0	0	0	0	0	2	0	0	0	1	0	0	0	0	0	0	2	-6	12	5	0	31
06:40:00	24000	38	19	0	82	0	0	0	0	0	0	0	0	26	12	0	49	0	0	0	0	0	0	0	2	4	0	0	5	0	0	0	0	0	0	0	-6	8	7	0	32
06:45:00	24300	36	37	1	80	0	0	0	0	0	0	0	0	19	26	0	42	0	0	0	0	1	2	0	1	3	0	0	8	0	0	0	0	0	0	1	-7	13	9	0	36
06:50:00	24600	42	27	1	94	0	0	0	0	0	0	0	0	19	19	0	42	0	0	0	0	0	1	0	0	2	0	0	10	0	0	0	0	0	0	1	-8	21	7	0	50
06:55:00	24900	81	33	1	141	2	0	0	2	0	0	0	0	49	20	0	71	0	0	0	0	0	0	0	0	1	0	0	11	0	0	1	-1	0	0	0	-8	29	13	0	66
07:00:00	25200	63	46	3	155	1	0	0	3	0	0	0	0	37	38	0	70	0	0	0	0	1	1	0	0	0	0	0	11	0	0	0	-1	0	0	3	-11	24	7	0	83
07:05:00	25500	68	55	3	165	0	3	0	0	0	0	0	0	31	30	0	71	0	0	0	0	0	0	0	0	2	1	0	12	0	0	0	-1	0	0	3	-14	35	21	0	97
07:10:00	25800	69	56	0	178	0	0	0	0	0	0	0	0	42	29	0	84	0	0	0	0	2	0	0	2	6	3	0	15	0	0	0	-1	0	0	0	-14	19	24	0	92
07:15:00	26100	91	49	1	219	0	0	0	0	0	0	0	0	53	35	0	102	0	0	0	0	2	1	0	3	2	1	0	16	0	0	0	-1	0	0	1	-15	34	12	0	114
07:20:00	26400	84	65	3	235	0	0	0	0	0	0	0	0	48	43	0	107	0	0	0	0	2	1	0	4	8	1	0	23	0	0	0	-1	0	0	3	-18	26	20	0	120
07:25:00	26700	113	71	9	268	0	0	0	0	0	0	0	0	58	37	0	128	0	0	0	0	0	2	0	2	5	1	0	27	0	0	0	-1	0	0	9	-27	50	31	0	139
07:30:00	27000	76	86	4	254	0	0	0	0	0	0	0	0	41	55	0	114	0	0	0	0	2	1	0	3	4	3	0	28	0	0	0	-1	0	0	4	-31	29	27	0	141
07:35:00	27300	90	88	6	250	3	0	0	3	0	0	0	0	43	60	0	97	0	0	0	0	1	0	0	4	3	5	0	26	0	0	0	-1	0	0	6	-37	40	23	0	158
07:40:00	27600	92	68	4	270	1	1	0	3	0	0	0	0	51	36	0	112	0	0	0	0	1	2	0	3	6	1	0	31	0	0	0	-1	0	0	4	-41	33	28	0	163
07:45:00	27900	92	79	7	276	0	0	0	3	0	0	0	0	47	47	0	112	0	0	0	0	0	2	0	1	3	1	0	33	0	0	0	-1	0	0	7	-48	42	29	0	176
07:50:00	28200	114	79	5	306	1	3	0	1	0	0	0	0	60	42	0	130	0	0	0	0	1	0	0	2	7	5	0	35	0	0	0	-1	0	0	5	-53	45	29	0	192
07:55:00	28500	105	100	5	306	0	1	0	0	0	0	0	0	52	62	0	120	12	1	0	11	2	0	0	4	5	3	0	37	0	0	0	-1	0	0	5	-58	34	33	0	193
08:00:00	28800	127	106	3	324	0	0	0	0	0	0	0	0	60	58	0	122	24	8	0	27	1	1	0	4	6	2	0	41	0	0	0	-1	0	0	3	-61	36	37	0	192
08:05:00	29100	110	94	5	335	0	0	0	0	0	0	0	0	49	51	0	120	17	9	0	35	1	0	0	5	6	5	0	42	0	0	0	-1	0	0	5	-66	37	29	0	200
08:10:00	29400	134	102	3	364	1	0	0	1	0	0	0	0	58	53	0	125	26	16	0	45	1	0	0	6	7	4	0	45	0	0	0	-1	0	0	3	-69	41	29	0	212
08:15:00	29700	102	106	5	355	1	1	0	1	0	0	0	0	44	48	0	121	14	17	0	42	2	3	0	5	3	0	0	48	0	0	0	-1	0	0	5	-74	38	37	0	213
08:20:00	30000	111	101	6	359	0	1	0	0	0	0	0	0	58	48	0	131	16	17	0	41	0	2	0	3	7	1	0	54	0	0	0	-1	0	0	6	-80	30	32	0	211
08:25:00	30300	116	98	1	376	1	0	0	1	0	0	0	0	63	57	0	137	20	13	0	48	0	2	0	1	4	2	0	56	0	0	0	-1	0	0	1	-81	28	24	0	215
08:30:00	30600	93	103	4	362	0	0	0	1	0	0	0	0	32	50	0	119	21	15	0	54	2	0	0	3	6	5	0	57	0	0	0	-1	0	0	4	-85	32	33	0	214
08:35:00	30900	78	96	4	340	1	2	0	0	0	0	0	0	38	49	0	108	8	20	0	42	0	0	0	3	5	5	0	57	0	0	0	-1	0	0	4	-89	26	20	0	220
08:40:00	31200	88	89	6	333	0	0	0	0	0	0	0	0	26	42	0	92	24	16	0	50	1	1	0	3	5	2	0	60	0	0	0	-1	0	0	6	-95	32	28	0	224
08:45:00	31500	100	63	3	367	0	0	0	0	0	0	0	0	37	32	0	97	39	14	0	75	0	1	0	2	4	0	0	64	0	0	0	-1	0	0	3	-98	20	16	0	228
08:50:00	31800	68	87	3	345	0	0	0	0	0	0	0	0	26	40	0	83	13	23	0	65	1	1	0	2	5	1	0	68	0	0	0	-1	0	0	3	-101	23	22	0	229
08:55:00	32100	81	79	2	345	0	0	0	0	0	0	0	0	31	34	0	80	18	18	0	65	0	1	0	1	5	7	0	66	0	0	0	-1	0	0	2	-103	27	19	0	237
09:00:00	32400	88	84	6	343	0	0	0	0	0	0	0	0	37	33	0	84	4	18	0	51	1	0	0	2	9	1	0	74	0	0	0	-1	0	0	6	-109	37	32	0	242
09:05:00	32700	73	77	3	336	2	0	0	2	0	0	0	0	36	28	0	92	6	9	0	48	0	0	0	2	4	8	0	70	0	0	0	-1	0	0	3	-112	25	32	0	235
09:10:00	33000	56	83	5	304	0	1	0	1	0	0	0	0	24	37	0	79	3	14	0	37	1	1	0	2	2	1	0	71	0	0	0	-1	0	0	5	-117	26	29	0	232
09:15:00	33300	65	79	2	288	0	0	0	1	0	0	0	0	35	40	0	74	2	9	0	30	2	0	0	4	8	0	0	79	0	0	0	-1	0	0	2	-119	18	30	0	220
09:20:00	33600	49	86	5	246	0	1	0	0	0	0	0	0	20	39	0	55	2	12	0	20	0	2	0	2	6	2	0	83	0	0	0	-1	0	0	5	-124	21	30	0	211
09:25:00	33900	55	62	2	237	0	0	0	0	0	0	0	0	14	23	0	46	4	2	0	22	1	0	0	3	1	15	0	69	0	0	0	-1	0	0	2	-126	35	22	0	224
09:30:00	34200	50	60	2	225	0	0	0	0	0	0	0	0	24	15	0	55	1	7	0	16	0	3	0	0	1	3	0	67	0	0	0	-1	0	0	2	-128	24	32	0	216
09:35:00	34500	45	52	2	216	0	0	0	0	0	0	0	0	17	27	0	45	8	6	0	18	2	0	0	2	4	1	0	70	0	0	0	-1	0	0	2	-130	14	18	0	212
09:40:00	34800	41	55	0	202	0	0	0	0	0	0	0	0	16	21	0	40	2	5	0	15	0	1	0	1	1	4	0	67	0	0	0	-1	0	0	0	-130	22	24	0	210
09:45:00	35100	40	55	1	186	0	0	0	0	0	0	0	0	18	22	0	36	0	5	0	10	0	0	0	1	3	3	0	67	0	0	0	-1	0	0	1	-131	19	25	0	204
09:50:00	35400	40	45	3	178	0	0	0	0	0	0	0	0	20	14	0	42	0	4	0	6	0	1	0	0	4	0	0	71	0	0	0	-1	0	0	3	-134	16	26	0	194
09:55:00	35700	50	44	5	179	0	0	0	0	0	0	0	0	26	22	0	46	0	2	0	4	0	0	0	0	1	1	0	71	0	0	0	-1	0	0	5	-139	23	19	0	198
10:00:00	36000	79	70	6	182	0	0	0	0	0	0	0	0	36	27	0	55	0	2	0	2	0	0	0	0	3	10	0	64	0	0	0	-1	0	0	6	-145	40	31	0	207
10:05:00	36300	60	59	3	180	0	0	0	0	0	0	0	0	29	31	0	53	0	1	0	1	0	0	0	0	0	4	0	60	0	0	0	-1	0	0	3	-148	31	23	0	215
10:10:00	36600	88	80	6	182	0	0	0	0	0	0	0	0	42	30	0	65	0	1	0	0	1	0	0	1	2	6	0	56	0	0	0	-1	0	0	6	-154	43	43	0	215
10:15:00	36900	66	68	3	177	0	0	0	0	0	0	0	0	32	29	0	68	0	0	0	0	1	1	0	1	1	1	0	56	0	0	0	-1	0	0	3	-157	32	37	0	210
10:20:00	37200	73	92	6	152	1	1	0	0	0	0	0	0	33	42	0	59	0	0	0	0	0	1	0	0	3	2	0	57	0	0	0	-1	0	0	6	-163	36	46	0	200
10:25:00	37500	84	85	6	145	1	0	0	1	0	0	0	0	40	38	0	61	0	0	0	0	0	0	0	0	0	4	0	53	0	0	1	-2	0	0	5	-168	43	43	0	200
10:30:00	37800	70	77	5	133	0	0	0	1	0	0	0	0	27	30	0	58	0	0	0	0	2	1	0	1	3	2	0	54	0	0	0	-2	0	0	5	-173	38	44	0	194
10:35:00	38100	48	70	4	107	0	0	0	1	0	0	0	0	15	30	0	43	2	1	0	1	0	1	0	0	2	1	0	55	0	0	0	-2	0	0	4	-177	29	37	0	186
10:40:00	38400	58	58	3	104	1	1	0	1	0	0	0	0	23	22	0	44	1	1	0	1	0	0	0	0	1	1	0	55	0	0	0	-2	0	0	3	-180	32	33	0	185
10:45:00	38700	73	74	2	101	0	1	0	0	0	0	0	0	31	34	0	41	3	0	0	4	0	0	0	0	3	5	0	53	0	0	0	-2	0	0	2	-182	36	34	0	187
10:50:00	39000	50	61	3	87	1	1	0	0	0	0	0	0	19	20	0	40	0	3	0	1	0	0	0	0	3	1	0	55	0	0	0	-2	0	0	3	-185	27	36	0	178
10:55:00	39300	42	62	4	63	0	0	0	0	0	0	0	0	12	19	0	33	2	0	0	3	0	0	0	0	1	1	0	55	0	0	0	-2	0	0	4	-189	27	42	0	163
11:00:00	39600	60	54	5	64	0	0	0	0	0	0	0	0	17	17	0	33	4	1	0	6	3	1	0	2	1	1	0	55	0	0	1	-3	0	0	4	-193	35	34	0	164
11:05:00	39900	85	72	4	73	0	0	0	0	0	0	0	0	26	15	0	44	1	1	0	6	0	0	0	2	12	11	0	56	0	0	1	-4	0	0	3	-196	46	45	0	165
11:10:00	40200	76	59	2	88	0	0	0	0	0	0	0	0	34	22	0	56	2	1	0	7	1	0	0	3	2	2	0	56	0	0	0	-4	0	0	2	-198	37	34	0	168
11:15:00	40500	64	64	0	88	0	0	0	0	0	0	0	0	32	30	0	58	10	3	0	14	0	0	0	3	1	4	0	53	0	0	0	-4	0	0	0	-198	21	27	0	162
11:20:00	40800	63	62	2	87	0	0	0	0	1	1	0	0	22	28	0	52	2	2	0	14	1	2	0	2	4	1	0	56	0	0	1	-5	0	0	1	-199	33	28	0	167
11:25:00	41100	69	70	2	84	0	0	0	0	0	0	0	0	33	30	0	55	3	3	0	14	0	1	0	1	0	1	0	55	0	0	0	-5	0	0	2	-201	33	35	0	165
11:30:00	41400	78	72	2	88	0	0	0	0	0	0	0	0	30	25	0	60	1	5	0	10	3	1	0	3	3	3	0	55	0	0	0	-5	0	0	2	-203	41	38	0	168
11:35:00	41700	87	77	2	96	1	1	0	0	0	0	0	0	33	29	0	64	3	3	0	10	2	1	0	4	6	7	0	54	0	0	0	-5	0	0	2	-205	42	36	0	174
11:40:00	42000	80	75	0	101	0	0	0	0	0	0	0	0	27	22	0	69	0	4	0	6	3	2	0	5	2	13	0	43	0	0	0	-5	0	0	0	-205	48	34	0	188
11:45:00	42300	84	93	3	89	0	0	0	0	1	0	0	1	33	35	0	67	3	3	0	6	2	2	0	5	8	5	0	46	0	0	0	-5	0	0	3	-208	37	48	0	177
11:50:00	42600	83	70	1	101	0	0	0	0	0	0	0	1	41	28	0	80	5	3	0	8	2	1	0	6	2	1	0	47	0	0	0	-5	0	0	1	-209	33	37	0	173
11:55:00	42900	97	89	3	106	0	0	0	0	0	1	0	0	45	34	0	91	1	1	0	8	1	2	0	5	3	7	0	43	0	0	0	-5	0	0	3	-212	47	44	0	176
12:00:00	43200	74	87	1	92	2	0	0	2	0	0	0	0	44	48	0	87	2	2	0	8	0	2	0	3	2	0	0	45	0	0	0	-5	0	0	1	-213	24	35	0	165
12:05:00	43500	65	75	3	79	0	1	0	1	0	0	0	0	26	36	0	77	8	5	0	11	4	2	0	5	4	0	0	49	0	0	0	-5	0	0	3	-216	23	31	0	157
12:10:00	43800	68	61	1	85	0	0	0	1	0	0	0	0	35	29	0	83	2	0	0	13	1	4	0	2	3	1	0	51	0	0	0	-5	0	0	1	-217	27	27	0	157
12:15:00	44100	56	66	3	72	2	1	0	2	0	0	0	0	27	38	0	72	1	3	0	11	1	1	0	2	1	4	0	48	0	0	0	-5	0	0	3	-220	24	19	0	162
12:20:00	44400	44	54	3	59	0	2	0	0	0	0	0	0	23	31	0	64	0	3	0	8	2	1	0	3	1	0	0	49	0	0	0	-5	0	0	3	-223	18	17	0	163
12:25:00	44700	55	58	3	53	0	0	0	0	0	0	0	0	36	28	0	72	0	3	0	5	1	1	0	3	1	3	0	47	0	0	1	-6	0	0	2	-225	17	23	0	157
12:30:00	45000	39	40	1	51	0	0	0	0	0	0	0	0	24	27	0	69	0	1	0	4	1	0	0	4	1	3	0	45	0	0	0	-6	0	0	1	-226	13	9	0	161
12:35:00	45300	25	43	1	32	0	0	0	0	0	0	0	0	8	25	0	52	0	2	0	2	0	1	0	3	5	2	0	48	0	0	0	-6	0	0	1	-227	12	13	0	160
12:40:00	45600	36	30	0	38	0	0	0	0	0	0	0	0	21	16	0	57	0	1	0	1	1	1	0	3	2	1	0	49	0	0	0	-6	0	0	0	-227	12	11	0	161
12:45:00	45900	45	36	2	45	0	0	0	0	0	0	0	0	28	25	0	60	0	0	0	1	2	0	0	5	2	1	0	50	0	0	0	-6	0	0	2	-229	13	10	0	164
12:50:00	46200	31	45	3	28	0	0	0	0	0	0	0	0	16	27	0	49	0	1	0	0	0	2	0	3	3	0	0	53	0	0	0	-6	0	0	3	-232	12	15	0	161
12:55:00	46500	42	41	3	26	1	0	0	1	0	0	0	0	20	22	0	47	0	0	0	0	0	2	0	1	2	4	0	51	0	0	0	-6	0	0	3	-235	19	13	0	167
13:00:00	46800	6	30	1	1	1	0	0	2	0	0	0	0	0	21	0	26	0	0	0	0	0	0	0	1	0	1	0	50	0	0	0	-6	0	0	1	-236	5	8	0	164
13:05:00	47100	5	24	0	-18	1	2	0	1	0	0	0	0	1	15	0	12	0	0	0	0	0	0	0	1	0	0	0	50	0	0	0	-6	0	0	0	-236	3	7	0	160
13:10:00	47400	4	16	0	-30	0	1	0	0	0	0	0	0	0	4	0	8	0	0	0	0	0	0	0	1	2	0	0	52	0	0	0	-6	0	0	0	-236	2	11	0	151
13:15:00	47700	14	12	1	-29	0	0	0	0	0	0	0	0	9	7	0	10	0	0	0	0	0	0	0	1	1	0	0	53	0	0	0	-6	0	0	1	-237	4	5	0	150
13:20:00	48000	15	19	1	-34	0	0	0	0	0	0	0	0	4	6	0	8	0	0	0	0	0	0	0	1	1	5	0	49	0	0	0	-6	0	0	1	-238	10	8	0	152
13:25:00	48300	15	15	1	-35	0	0	0	0	0	0	0	0	7	3	0	12	0	0	0	0	0	1	0	0	1	4	0	46	0	0	0	-6	0	0	1	-239	7	7	0	152
13:30:00	48600	46	21	1	-11	0	0	0	0	0	0	0	0	34	5	0	41	1	0	0	1	0	0	0	0	1	3	0	44	0	0	0	-6	0	0	1	-240	10	13	0	149
13:35:00	48900	52	48	2	-9	0	0	0	0	0	0	0	0	26	29	0	38	5	0	0	6	0	0	0	0	0	6	0	38	0	0	1	-7	0	0	1	-241	21	13	0	157
13:40:00	49200	50	46	1	-6	0	0	0	0	0	0	0	0	19	20	0	37	5	2	0	9	1	0	0	1	0	3	0	35	0	0	0	-7	0	0	1	-242	25	21	0	161
13:45:00	49500	57	41	1	9	1	0	0	1	0	0	0	0	27	14	0	50	2	3	0	8	1	1	0	1	2	2	0	35	0	0	0	-7	0	0	1	-243	24	21	0	164
13:50:00	49800	90	50	3	46	1	0	0	2	0	0	0	0	39	20	0	69	15	7	0	16	3	1	0	3	4	1	0	38	0	0	1	-8	0	0	2	-245	28	21	0	171
13:55:00	50100	104	68	4	78	0	2	0	0	0	0	0	0	62	36	0	95	12	5	0	23	0	0	0	3	2	0	0	40	0	0	0	-8	0	0	4	-249	28	25	0	174
14:00:00	50400	78	79	3	74	1	0	0	1	0	0	0	0	44	47	0	92	3	9	0	17	1	0	0	4	3	0	0	43	0	0	0	-8	0	0	3	-252	26	23	0	177
14:05:00	50700	80	80	3	71	1	0	0	2	0	0	0	0	28	38	0	82	9	6	0	20	0	2	0	2	3	0	0	46	0	0	1	-9	0	0	2	-254	39	34	0	182
14:10:00	51000	78	72	3	74	2	1	0	3	0	0	0	0	35	31	0	86	14	12	0	22	1	1	0	2	3	0	0	49	0	0	0	-9	0	0	3	-257	23	27	0	178
14:15:00	51300	66	69	1	70	1	2	0	2	0	0	0	0	36	36	0	86	8	8	0	22	1	0	0	3	5	1	0	53	0	0	0	-9	0	0	1	-258	15	22	0	171
14:20:00	51600	86	84	4	68	0	1	0	1	0	0	0	0	30	31	0	85	14	8	0	28	0	3	0	0	6	8	0	51	0	0	1	-10	0	0	3	-261	36	33	0	174
14:25:00	51900	71	70	3	66	0	0	0	1	0	0	0	0	37	47	0	75	16	10	0	34	0	0	0	0	1	1	0	51	0	0	0	-10	0	0	3	-264	17	12	0	179
14:30:00	52200	51	63	4	50	0	1	0	0	0	0	0	0	18	25	0	68	12	15	0	31	0	0	0	0	3	1	0	53	0	0	0	-10	0	0	4	-268	18	21	0	176
14:35:00	52500	72	65	1	56	0	0	0	0	0	0	0	0	39	31	0	76	4	11	0	24	1	0	0	1	2	1	0	54	0	0	0	-10	0	0	1	-269	26	22	0	180
14:40:00	52800	59	72	1	42	0	0	0	0	0	0	0	0	22	38	0	60	8	7	0	25	1	0	0	2	2	4	0	52	0	0	0	-10	0	0	1	-270	26	23	0	183
14:45:00	53100	55	69	2	26	0	0	0	0	0	0	0	0	18	20	0	58	9	14	0	20	1	2	0	1	6	11	0	47	0	0	0	-10	0	0	2	-272	21	22	0	182
14:50:00	53400	53	64	3	12	0	0	0	0	0	0	0	0	25	32	0	51	3	6	0	17	0	1	0	0	0	1	0	46	0	0	0	-10	0	0	3	-275	25	24	0	183
14:55:00	53700	46	52	0	6	0	0	0	0	0	0	0	0	15	21	0	45	8	5	0	20	1	0	0	1	2	4	0	44	0	0	0	-10	0	0	0	-275	20	22	0	181
15:00:00	54000	40	48	1	-3	0	0	0	0	0	0	0	0	18	20	0	43	4	11	0	13	0	0	0	1	0	2	0	42	0	0	0	-10	0	0	1	-276	18	15	0	184
15:05:00	54300	51	53	2	-7	1	0	0	1	0	0	0	0	22	24	0	41	0	3	0	10	1	0	0	2	2	0	0	44	0	0	0	-10	0	0	2	-278	25	26	0	183
15:10:00	54600	50	51	1	-9	0	1	0	0	0	0	0	0	20	21	0	40	0	4	0	6	1	1	0	2	0	0	0	44	0	0	0	-10	0	0	1	-279	29	24	0	188
15:15:00	54900	59	55	1	-6	0	0	0	0	0	0	0	0	23	15	0	48	1	2	0	5	3	2	0	3	2	2	0	44	0	0	0	-10	0	0	1	-280	30	34	0	184
15:20:00	55200	57	61	4	-14	0	0	0	0	0	0	0	0	24	22	0	50	1	1	0	5	1	2	0	2	2	0	0	46	0	0	1	-11	0	0	3	-283	29	36	0	177
15:25:00	55500	47	49	3	-19	0	0	0	0	0	0	0	0	21	25	0	46	0	0	0	5	1	0	0	3	2	0	0	48	0	0	0	-11	0	0	3	-286	23	24	0	176
15:30:00	55800	75	49	2	5	0	0	0	0	0	0	0	0	39	20	0	65	0	1	0	4	1	3	0	1	1	2	0	47	0	0	0	-11	0	0	2	-288	34	23	0	187
15:35:00	56100	97	69	4	29	0	0	0	0	0	0	0	0	46	33	0	78	0	0	0	4	2	2	0	1	4	5	0	46	0	0	0	-11	0	0	4	-292	45	29	0	203
15:40:00	56400	99	99	6	23	0	0	0	0	0	0	0	0	46	46	0	78	0	1	0	3	1	0	0	2	2	0	0	48	0	0	1	-12	0	0	5	-297	50	52	0	201
15:45:00	56700	70	74	9	10	0	0	0	0	0	0	0	0	37	34	0	81	0	1	0	2	0	1	0	1	3	2	0	49	0	0	0	-12	0	0	9	-306	30	36	0	195
15:50:00	57000	80	74	1	15	0	0	0	0	2	1	0	1	35	40	0	76	0	0	0	2	0	1	0	0	2	0	0	51	0	0	0	-12	0	0	1	-307	41	32	0	204
15:55:00	57300	63	83	6	-11	0	0	0	0	0	1	0	0	23	37	0	62	0	0	0	2	0	0	0	0	4	4	0	51	0	0	0	-12	0	0	6	-313	36	41	0	199
16:00:00	57600	96	77	3	5	1	0	0	1	0	0	0	0	29	29	0	62	21	0	0	23	0	0	0	0	3	6	0	48	0	0	0	-12	0	0	3	-316	42	42	0	199
16:05:00	57900	85	72	1	17	0	1	0	0	0	0	0	0	29	33	0	58	19	7	0	35	2	0	0	2	0	3	0	45	0	0	0	-12	0	0	1	-317	35	28	0	206
16:10:00	58200	69	87	2	-3	0	0	0	0	0	0	0	0	24	32	0	50	18	16	0	37	0	1	0	1	4	0	0	49	0	0	0	-12	0	0	2	-319	23	38	0	191
16:15:00	58500	77	78	2	-6	0	0	0	0	0	0	0	0	20	27	0	43	16	13	0	40	0	0	0	1	4	6	0	47	0	0	0	-12	0	0	2	-321	37	32	0	196
16:20:00	58800	92	77	6	3	0	0	0	0	0	0	0	0	36	20	0	59	17	12	0	45	1	0	0	2	2	1	0	48	0	0	0	-12	0	0	6	-327	36	44	0	188
16:25:00	59100	89	87	3	2	0	0	0	0	0	0	0	0	35	30	0	64	27	19	0	53	0	2	0	0	1	4	0	45	0	0	0	-12	0	0	3	-330	26	32	0	182
16:30:00	59400	114	87	10	19	0	0	0	0	0	0	0	0	35	33	0	66	31	14	0	70	0	0	0	0	4	2	0	47	0	0	0	-12	0	0	10	-340	44	38	0	188
16:35:00	59700	123	85	4	53	0	0	0	0	0	0	0	0	40	25	0	81	28	23	0	75	2	0	0	2	0	1	0	46	0	0	0	-12	0	0	4	-344	53	36	0	205
16:40:00	60000	117	111	2	57	1	0	0	1	0	0	0	0	50	39	0	92	19	26	0	68	1	0	0	3	3	5	0	44	0	0	0	-12	0	0	2	-346	43	41	0	207
16:45:00	60300	92	98	6	45	1	1	0	1	0	0	0	0	27	36	0	83	29	21	0	76	0	0	0	3	3	4	0	43	0	0	0	-12	0	0	6	-352	32	36	0	203
16:50:00	60600	142	113	3	71	0	1	0	0	0	0	0	0	47	42	0	88	45	30	0	91	0	1	0	2	3	3	0	43	0	0	0	-12	0	0	3	-355	47	36	0	214
16:55:00	60900	122	125	4	64	1	0	0	1	0	0	0	0	41	49	0	80	32	27	0	96	4	2	0	4	5	1	0	47	0	0	0	-12	0	0	4	-359	39	46	0	207
17:00:00	61200	149	115	6	92	0	0	0	1	0	0	0	0	71	36	0	115	20	29	0	87	1	1	0	4	6	8	0	45	0	0	1	-13	0	0	5	-364	51	41	0	217
17:05:00	61500	143	108	4	123	1	0	0	2	0	0	0	0	80	44	0	151	12	23	0	76	0	0	0	4	4	7	0	42	0	0	0	-13	0	0	4	-368	46	34	0	229
17:10:00	61800	139	142	6	114	1	1	0	2	0	0	0	0	62	69	0	144	16	20	0	72	0	2	0	2	4	2	0	44	0	0	0	-13	0	0	6	-374	56	48	0	237
17:15:00	62100	153	149	6	112	2	1	0	3	0	0	0	0	56	72	0	128	27	23	0	76	3	1	0	4	5	6	0	43	0	0	0	-13	0	0	6	-380	60	46	0	251
17:20:00	62400	150	121	3	138	0	1	0	2	0	0	0	0	80	56	0	152	13	21	0	68	1	0	0	5	6	2	0	47	0	0	1	-14	0	0	2	-382	50	41	0	260
17:25:00	62700	98	153	5	78	0	2	0	0	0	0	0	0	44	64	0	132	1	25	0	44	1	1	0	5	8	3	0	52	0	0	0	-14	0	0	5	-387	44	58	0	246
17:30:00	63000	80	101	2	55	0	0	0	0	0	0	0	0	52	60	0	124	1	11	0	34	0	1	0	4	2	5	0	49	0	0	0	-14	0	0	2	-389	25	24	0	247
17:35:00	63300	76	78	4	49	0	0	0	0	0	0	0	0	38	46	0	116	2	8	0	28	0	0	0	4	7	2	0	54	0	0	0	-14	0	0	4	-393	29	22	0	254
17:40:00	63600	53	72	3	27	0	0	0	0	0	0	0	0	19	39	0	96	1	4	0	25	0	1	0	3	9	4	0	59	0	0	0	-14	0	0	3	-396	24	24	0	254
17:45:00	63900	88	76	2	37	0	0	0	0	0	0	0	0	56	44	0	108	1	2	0	24	0	0	0	3	2	4	0	57	0	0	0	-14	0	0	2	-398	29	26	0	257
17:50:00	64200	77	75	3	36	0	0	0	0	0	0	0	0	51	43	0	116	1	6	0	19	1	1	0	3	4	2	0	59	0	0	0	-14	0	0	3	-401	20	23	0	254
17:55:00	64500	81	75	2	40	0	0	0	0	0	0	0	0	50	39	0	127	0	3	0	16	0	1	0	2	3	8	0	54	0	0	0	-14	0	0	2	-403	28	24	0	258
18:00:00	64800	57	84	3	10	1	0	0	1	0	0	0	0	36	55	0	108	1	1	0	16	0	1	0	1	0	3	0	51	0	0	0	-14	0	0	3	-406	19	24	0	253
18:05:00	65100	63	81	3	-11	0	1	0	0	0	0	0	0	37	41	0	104	0	2	0	14	0	0	0	1	3	9	0	45	0	0	0	-14	0	0	3	-409	23	28	0	248
18:10:00	65400	45	74	4	-44	0	0	0	0	0	0	0	0	25	40	0	89	1	1	0	14	0	0	0	1	4	2	0	47	0	0	0	-14	0	0	4	-413	15	31	0	232
18:15:00	65700	34	69	4	-83	0	0	0	0	0	0	0	0	18	40	0	67	0	1	0	13	1	0	0	2	2	4	0	45	0	0	0	-14	0	0	4	-417	13	24	0	221
18:20:00	66000	49	56	1	-91	0	0	0	0	0	0	0	0	27	25	0	69	0	2	0	11	1	2	0	1	0	6	0	39	0	0	0	-14	0	0	1	-418	21	21	0	221
18:25:00	66300	46	57	6	-108	0	0	0	0	0	0	0	0	25	25	0	69	0	1	0	10	0	0	0	1	0	7	0	32	0	0	0	-14	0	0	6	-424	21	24	0	218
18:30:00	66600	35	48	5	-126	0	0	0	0	0	0	0	0	16	24	0	61	1	2	0	9	0	0	0	1	1	5	0	28	0	0	0	-14	0	0	5	-429	17	17	0	218
18:35:00	66900	51	52	2	-129	0	0	0	0	0	0	0	0	26	29	0	58	0	2	0	7	0	0	0	1	0	5	0	23	0	0	0	-14	0	0	2	-431	25	16	0	227
18:40:00	67200	26	45	4	-152	0	0	0	0	0	0	0	0	13	27	0	44	0	1	0	6	1	0	0	2	1	2	0	22	0	0	0	-14	0	0	4	-435	11	15	0	223
18:45:00	67500	29	42	1	-166	0	0	0	0	0	0	0	0	17	18	0	43	0	2	0	4	0	2	0	0	1	2	0	21	0	0	0	-14	0	0	1	-436	11	18	0	216
18:50:00	67800	15	27	1	-179	0	0	0	0	0	0	0	0	7	12	0	38	0	0	0	4	0	0	0	0	0	5	0	16	0	0	0	-14	0	0	1	-437	8	10	0	214
18:55:00	68100	24	30	0	-185	0	0	0	0	0	0	0	0	16	14	0	40	0	0	0	4	0	0	0	0	0	2	0	14	0	0	0	-14	0	0	0	-437	8	14	0	208
19:00:00	68400	47	31	0	-169	0	0	0	0	0	0	0	0	33	14	0	59	0	0	0	4	0	0	0	0	0	5	0	9	0	0	0	-14	0	0	0	-437	14	12	0	210
19:05:00	68700	68	46	5	-152	0	0	0	0	0	0	0	0	37	21	0	75	0	0	0	4	0	0	0	0	1	0	0	10	0	0	0	-14	0	0	5	-442	30	25	0	215
19:10:00	69000	56	54	4	-154	0	0	0	0	0	0	0	0	33	31	0	77	0	1	0	3	1	0	0	1	0	0	0	10	0	0	0	-14	0	0	4	-446	22	22	0	215
19:15:00	69300	47	54	1	-162	2	1	0	1	0	0	0	0	26	28	0	75	0	0	0	3	0	0	0	1	3	3	0	10	0	0	0	-14	0	0	1	-447	16	22	0	209
19:20:00	69600	54	60	2	-170	1	1	0	1	0	0	0	0	32	32	0	75	0	0	0	3	2	1	0	2	0	0	0	10	0	0	0	-14	0	0	2	-449	19	26	0	202
19:25:00	69900	74	56	3	-155	1	0	0	2	0	0	0	0	49	34	0	90	0	0	0	3	2	0	0	4	0	1	0	9	0	0	0	-14	0	0	3	-452	22	21	0	203
19:30:00	70200	55	52	1	-153	0	1	0	1	0	0	0	0	40	35	0	95	0	0	0	3	1	1	0	4	0	2	0	7	0	0	0	-14	0	0	1	-453	14	13	0	204
19:35:00	70500	35	59	2	-179	0	1	0	0	0	0	0	0	22	43	0	74	0	0	0	3	1	3	0	2	0	3	0	4	0	0	0	-14	0	0	2	-455	12	9	0	207
19:40:00	70800	34	45	0	-190	0	0	0	0	0	0	0	0	22	30	0	66	0	1	0	2	0	0	0	2	1	0	0	5	0	0	0	-14	0	0	0	-455	11	14	0	204
19:45:00	71100	54	37	1	-174	0	0	0	0	0	0	0	0	35	28	0	73	0	0	0	2	1	0	0	3	0	1	0	4	0	0	0	-14	0	0	1	-456	18	8	0	214
19:50:00	71400	38	50	2	-188	0	0	0	0	0	0	0	0	28	32	0	69	0	0	0	2	1	1	0	3	0	1	0	3	0	0	0	-14	0	0	2	-458	9	16	0	207
19:55:00	71700	40	48	1	-197	0	0	0	0	0	0	0	0	28	31	0	66	0	0	0	2	0	1	0	2	0	0	0	3	0	0	0	-14	0	0	1	-459	12	16	0	203
20:00:00	72000	8	41	1	-231	0	0	0	0	0	0	0	0	1	27	0	40	0	0	0	2	0	0	0	2	2	0	0	5	0	0	0	-14	0	0	1	-460	5	14	0	194
20:05:00	72300	3	27	0	-255	1	0	0	1	0	0	0	0	1	17	0	24	0	0	0	2	0	0	0	2	0	0	0	5	0	0	0	-14	0	0	0	-460	1	10	0	185
20:10:00	72600	10	21	0	-266	0	1	0	0	0	0	0	0	5	9	0	20	0	0	0	2	0	0	0	2	1	0	0	6	0	0	0	-14	0	0	0	-460	4	11	0	178
20:15:00	72900	9	28	1	-286	0	0	0	0	0	0	0	0	5	14	0	11	0	0	0	2	0	1	0	1	0	0	0	6	0	0	0	-14	0	0	1	-461	4	13	0	169
20:20:00	73200	11	20	2	-297	0	0	0	0	0	0	0	0	3	6	0	8	0	1	0	1	0	1	0	0	0	2	0	4	0	0	0	-14	0	0	2	-463	8	10	0	167
20:25:00	73500	6	14	2	-307	0	0	0	0	0	0	0	0	3	3	0	8	0	1	0	0	0	0	0	0	0	1	0	3	0	0	0	-14	0	0	2	-465	3	9	0	161
20:30:00	73800	8	11	2	-312	0	0	0	0	0	0	0	0	2	3	0	7	0	0	0	0	0	0	0	0	0	3	0	0	0	0	0	-14	0	0	2	-467	6	5	0	162
20:35:00	74100	5	13	0	-320	0	0	0	0	0	0	0	0	1	3	0	5	0	0	0	0	0	0	0	0	0	0	0	0	0	0	0	-14	0	0	0	-467	4	10	0	156
20:40:00	74400	7	9	0	-322	0	0	0	0	0	0	0	0	3	0	0	8	0	0	0	0	1	1	0	0	0	0	0	0	0	0	0	-14	0	0	0	-467	3	8	0	151
20:45:00	74700	3	5	1	-325	0	0	0	0	0	0	0	0	0	0	0	8	0	0	0	0	0	0	0	0	0	0	0	0	0	0	0	-14	0	0	1	-468	3	5	0	149
20:50:00	75000	8	8	0	-325	0	0	0	0	0	0	0	0	5	2	0	11	0	0	0	0	0	0	0	0	0	0	0	0	0	0	0	-14	0	0	0	-468	3	6	0	146
20:55:00	75300	3	7	1	-330	0	0	0	0	0	0	0	0	0	3	0	8	0	0	0	0	0	0	0	0	0	0	0	0	0	0	0	-14	0	0	1	-469	3	4	0	145
21:00:00	75600	9	10	1	-332	0	0	0	0	0	0	0	0	6	4	0	10	0	0	0	0	0	0	0	0	0	0	0	0	0	0	0	-14	0	0	1	-470	3	6	0	142
21:05:00	75900	4	6	1	-335	0	0	0	0	0	0	0	0	2	2	0	10	0	0	0	0	0	0	0	0	0	0	0	0	0	0	0	-14	0	0	1	-471	2	4	0	140
21:10:00	76200	4	9	0	-340	0	0	0	0	0	0	0	0	2	4	0	8	0	0	0	0	0	0	0	0	0	0	0	0	0	0	0	-14	0	0	0	-471	2	5	0	137
21:15:00	76500	4	3	0	-339	1	1	0	0	0	0	0	0	1	0	0	9	0	0	0	0	0	0	0	0	0	0	0	0	0	0	0	-14	0	0	0	-471	2	2	0	137
21:20:00	76800	0	6	0	-345	0	0	0	0	0	0	0	0	0	2	0	7	0	0	0	0	0	0	0	0	0	0	0	0	0	0	0	-14	0	0	0	-471	0	4	0	133
21:25:00	77100	1	2	1	-347	0	0	0	0	0	0	0	0	0	0	0	7	0	0	0	0	0	0	0	0	0	0	0	0	0	0	0	-14	0	0	1	-472	1	2	0	132
21:30:00	77400	2	2	0	-347	0	0	0	0	0	0	0	0	0	0	0	7	0	0	0	0	0	0	0	0	0	0	0	0	0	0	0	-14	0	0	0	-472	2	2	0	132
21:35:00	77700	0	4	0	-351	0	0	0	0	0	0	0	0	0	4	0	3	0	0	0	0	0	0	0	0	0	0	0	0	0	0	0	-14	0	0	0	-472	0	0	0	132
21:40:00	78000	0	0	0	-351	0	0	0	0	0	0	0	0	0	0	0	3	0	0	0	0	0	0	0	0	0	0	0	0	0	0	0	-14	0	0	0	-472	0	0	0	132
21:45:00	78300	2	4	0	-353	0	0	0	0	0	0	0	0	0	1	0	2	0	0	0	0	0	0	0	0	0	0	0	0	0	0	0	-14	0	0	0	-472	2	3	0	131
21:50:00	78600	4	6	1	-356	0	0	0	0	0	0	0	0	1	1	0	2	0	0	0	0	0	0	0	0	0	0	0	0	0	0	0	-14	0	0	1	-473	3	5	0	129
21:55:00	78900	1	2	0	-357	0	0	0	0	0	0	0	0	0	1	0	1	0	0	0	0	0	0	0	0	0	0	0	0	0	0	0	-14	0	0	0	-473	1	1	0	129
22:00:00	79200	2	5	0	-360	0	0	0	0	0	0	0	0	1	1	0	1	0	0	0	0	0	0	0	0	0	0	0	0	0	0	0	-14	0	0	0	-473	1	4	0	126
22:05:00	79500	3	8	0	-365	0	0	0	0	0	0	0	0	2	1	0	2	0	0	0	0	0	0	0	0	0	0	0	0	0	0	0	-14	0	0	0	-473	1	7	0	120
22:10:00	79800	2	5	0	-368	0	0	0	0	0	0	0	0	0	2	0	0	0	0	0	0	0	0	0	0	0	0	0	0	0	0	0	-14	0	0	0	-473	2	3	0	119
22:15:00	80100	6	7	1	-370	0	0	0	0	0	0	0	0	1	0	0	1	0	0	0	0	1	0	0	1	0	0	0	0	0	0	0	-14	0	0	1	-474	4	7	0	116
22:20:00	80400	7	9	1	-373	0	0	0	0	0	0	0	0	2	1	0	2	0	0	0	0	0	0	0	1	0	0	0	0	0	0	0	-14	0	0	1	-475	5	8	0	113
22:25:00	80700	3	6	1	-377	0	0	0	0	0	0	0	0	1	0	0	3	0	0	0	0	0	0	0	1	0	0	0	0	0	0	0	-14	0	0	1	-476	2	6	0	109
22:30:00	81000	1	6	0	-382	0	0	0	0	0	0	0	0	0	2	0	1	0	0	0	0	0	1	0	0	0	0	0	0	0	0	0	-14	0	0	0	-476	1	3	0	107
22:35:00	81300	4	4	0	-382	0	0	0	0	0	0	0	0	2	0	0	3	0	0	0	0	0	0	0	0	0	0	0	0	0	0	0	-14	0	0	0	-476	2	4	0	105
22:40:00	81600	4	5	1	-384	0	0	0	0	0	0	0	0	1	2	0	2	0	0	0	0	0	0	0	0	0	0	0	0	0	0	0	-14	0	0	1	-477	3	3	0	105
22:45:00	81900	0	0	0	-384	0	0	0	0	0	0	0	0	0	0	0	2	0	0	0	0	0	0	0	0	0	0	0	0	0	0	0	-14	0	0	0	-477	0	0	0	105
22:50:00	82200	1	3	0	-386	0	0	0	0	0	0	0	0	1	0	0	3	0	0	0	0	0	0	0	0	0	0	0	0	0	0	0	-14	0	0	0	-477	0	3	0	102
22:55:00	82500	1	2	1	-388	0	0	0	0	0	0	0	0	0	0	0	3	0	0	0	0	0	0	0	0	0	0	0	0	0	0	0	-14	0	0	1	-478	1	2	0	101
23:00:00	82800	1	5	1	-393	0	0	0	0	0	0	0	0	0	0	0	3	0	0	0	0	0	0	0	0	0	0	0	0	0	0	0	-14	0	0	1	-479	1	5	0	97
23:05:00	83100	1	2	1	-395	0	0	0	0	0	0	0	0	0	0	0	3	0	0	0	0	0	0	0	0	0	0	0	0	0	0	0	-14	0	0	1	-480	1	2	0	96
23:10:00	83400	1	3	1	-398	0	0	0	0	0	0	0	0	0	0	0	3	0	0	0	0	0	0	0	0	0	0	0	0	0	0	0	-14	0	0	1	-481	1	3	0	94
23:15:00	83700	3	1	1	-397	0	0	0	0	0	0	0	0	1	0	0	4	0	0	0	0	0	0	0	0	0	0	0	0	0	0	0	-14	0	0	1	-482	2	1	0	95
23:20:00	84000	4	4	2	-399	0	0	0	0	0	0	0	0	2	2	0	4	0	0	0	0	0	0	0	0	0	0	0	0	0	0	0	-14	0	0	2	-484	2	2	0	95
23:25:00	84300	3	1	0	-397	0	0	0	0	0	0	0	0	2	0	0	6	0	0	0	0	0	0	0	0	0	0	0	0	0	0	0	-14	0	0	0	-484	1	1	0	95
23:30:00	84600	2	7	0	-402	0	0	0	0	0	0	0	0	1	5	0	2	0	0	0	0	0	0	0	0	0	0	0	0	0	0	0	-14	0	0	0	-484	1	2	0	94
23:35:00	84900	3	2	1	-402	0	0	0	0	0	0	0	0	2	0	0	4	0	0	0	0	0	0	0	0	0	0	0	0	0	0	0	-14	0	0	1	-485	1	2	0	93
23:40:00	85200	2	2	0	-402	0	0	0	0	0	0	0	0	1	0	0	5	0	0	0	0	0	0	0	0	0	0	0	0	0	0	0	-14	0	0	0	-485	1	2	0	92
23:45:00	85500	6	8	1	-405	0	0	0	0	0	0	0	0	2	3	0	4	0	0	0	0	1	0	0	1	0	0	0	0	0	0	0	-14	0	0	1	-486	3	5	0	90
23:50:00	85800	1	2	0	-406	0	0	0	0	0	0	0	0	0	1	0	3	0	0	0	0	0	0	0	1	0	0	0	0	0	0	0	-14	0	0	0	-486	1	1	0	90
23:55:00	86100	3	3	0	-406	0	0	0	0	0	0	0	0	1	0	0	4	0	0	0	0	0	0	0	1	0	0	0	0	0	0	0	-14	0	0	0	-486	2	3	0	89
24:00:00	86400	6	4	1	-405	0	0	0	0	0	0	0	0	4	0	0	8	0	0	0	0	0	1	0	0	0	0	0	0	0	0	0	-14	0	0	1	-487	2	3	0	88
24:05:00	86700	3	6	0	-408	0	0	0	0	0	0	0	0	2	4	0	6	0	0	0	0	0	0	0	0	0	0	0	0	0	0	0	-14	0	0	0	-487	1	2	0	87
24:10:00	87000	1	2	0	-409	0	0	0	0	0	0	0	0	1	1	0	6	0	0	0	0	0	0	0	0	0	0	0	0	0	0	0	-14	0	0	0	-487	0	1	0	86
24:15:00	87300	0	3	0	-412	0	0	0	0	0	0	0	0	0	1	0	5	0	0	0	0	0	0	0	0	0	0	0	0	0	0	0	-14	0	0	0	-487	0	2	0	84
24:20:00	87600	1	2	0	-413	0	0	0	0	0	0	0	0	1	2	0	4	0	0	0	0	0	0	0	0	0	0	0	0	0	0	0	-14	0	0	0	-487	0	0	0	84
24:25:00	87900	1	1	0	-413	0	0	0	0	0	0	0	0	0	0	0	4	0	0	0	0	0	0	0	0	0	0	0	0	0	0	0	-14	0	0	0	-487	1	1	0	84
24:30:00	88200	1	4	0	-416	0	0	0	0	0	0	0	0	0	0	0	4	0	0	0	0	0	0	0	0	0	0	0	0	0	0	0	-14	0	0	0	-487	1	4	0	81
24:35:00	88500	3	6	0	-419	0	0	0	0	0	0	0	0	0	2	0	2	0	0	0	0	1	1	0	0	0	0	0	0	0	0	0	-14	0	0	0	-487	2	3	0	80
24:40:00	88800	2	1	0	-418	0	0	0	0	0	0	0	0	1	0	0	3	0	0	0	0	0	0	0	0	0	0	0	0	0	0	0	-14	0	0	0	-487	1	1	0	80
24:45:00	89100	0	1	0	-419	0	0	0	0	0	0	0	0	0	0	0	3	0	0	0	0	0	0	0	0	0	0	0	0	0	0	0	-14	0	0	0	-487	0	1	0	79
24:50:00	89400	0	1	0	-420	0	0	0	0	0	0	0	0	0	1	0	2	0	0	0	0	0	0	0	0	0	0	0	0	0	0	0	-14	0	0	0	-487	0	0	0	79
24:55:00	89700	0	1	0	-421	0	0	0	0	0	0	0	0	0	0	0	2	0	0	0	0	0	0	0	0	0	0	0	0	0	0	0	-14	0	0	0	-487	0	1	0	78
25:00:00	90000	1	1	0	-421	0	0	0	0	0	0	0	0	0	0	0	2	0	0	0	0	0	0	0	0	0	0	0	0	0	0	0	-14	0	0	0	-487	1	1	0	78
25:05:00	90300	1	1	0	-421	0	0	0	0	0	0	0	0	0	0	0	2	0	0	0	0	0	0	0	0	0	0	0	0	0	0	0	-14	0	0	0	-487	1	1	0	78
25:10:00	90600	1	2	0	-422	0	0	0	0	0	0	0	0	0	1	0	1	0	0	0	0	0	0	0	0	0	0	0	0	0	0	0	-14	0	0	0	-487	1	1	0	78
25:15:00	90900	4	5	0	-423	0	0	0	0	0	0	0	0	2	1	0	2	0	0	0	0	0	0	0	0	0	0	0	0	0	0	0	-14	0	0	0	-487	2	4	0	76
25:20:00	91200	0	0	0	-423	0	0	0	0	0	0	0	0	0	0	0	2	0	0	0	0	0	0	0	0	0	0	0	0	0	0	0	-14	0	0	0	-487	0	0	0	76
25:25:00	91500	1	1	0	-423	0	0	0	0	0	0	0	0	1	1	0	2	0	0	0	0	0	0	0	0	0	0	0	0	0	0	0	-14	0	0	0	-487	0	0	0	76
25:30:00	91800	1	1	0	-423	0	0	0	0	0	0	0	0	0	0	0	2	0	0	0	0	0	0	0	0	0	0	0	0	0	0	0	-14	0	0	0	-487	1	1	0	76
25:35:00	92100	0	1	0	-424	0	0	0	0	0	0	0	0	0	0	0	2	0	0	0	0	0	0	0	0	0	0	0	0	0	0	0	-14	0	0	0	-487	0	1	0	75
25:40:00	92400	0	2	0	-426	0	0	0	0	0	0	0	0	0	2	0	0	0	0	0	0	0	0	0	0	0	0	0	0	0	0	0	-14	0	0	0	-487	0	0	0	75
25:45:00	92700	0	0	0	-426	0	0	0	0	0	0	0	0	0	0	0	0	0	0	0	0	0	0	0	0	0	0	0	0	0	0	0	-14	0	0	0	-487	0	0	0	75
25:50:00	93000	2	2	0	-426	0	0	0	0	0	0	0	0	0	0	0	0	0	0	0	0	0	0	0	0	0	0	0	0	0	0	0	-14	0	0	0	-487	2	2	0	75
25:55:00	93300	0	2	0	-428	0	0	0	0	0	0	0	0	0	0	0	0	0	0	0	0	0	0	0	0	0	0	0	0	0	0	0	-14	0	0	0	-487	0	2	0	73
26:00:00	93600	1	1	1	-429	0	0	0	0	0	0	0	0	0	0	0	0	0	0	0	0	0	0	0	0	0	0	0	0	0	0	0	-14	0	0	1	-488	1	1	0	73
26:05:00	93900	1	2	0	-430	0	0	0	0	0	0	0	0	0	0	0	0	0	0	0	0	0	0	0	0	0	0	0	0	0	0	0	-14	0	0	0	-488	1	2	0	72
26:10:00	94200	3	4	1	-432	0	0	0	0	0	0	0	0	1	0	0	1	0	0	0	0	0	0	0	0	0	0	0	0	0	0	0	-14	0	0	1	-489	2	4	0	70
26:15:00	94500	2	2	1	-433	0	0	0	0	0	0	0	0	0	0	0	1	0	0	0	0	0	0	0	0	0	0	0	0	0	0	0	-14	0	0	1	-490	2	2	0	70
26:20:00	94800	0	2	0	-435	0	0	0	0	0	0	0	0	0	0	0	1	0	0	0	0	0	0	0	0	0	0	0	0	0	0	0	-14	0	0	0	-490	0	2	0	68
26:25:00	95100	2	3	1	-437	0	0	0	0	0	0	0	0	0	0	0	1	0	0	0	0	0	0	0	0	0	0	0	0	0	0	0	-14	0	0	1	-491	2	3	0	67
26:30:00	95400	1	1	0	-437	0	0	0	0	0	0	0	0	0	0	0	1	0	0	0	0	0	0	0	0	0	0	0	0	0	0	0	-14	0	0	0	-491	1	1	0	67
26:35:00	95700	0	0	0	-437	0	0	0	0	0	0	0	0	0	0	0	1	0	0	0	0	0	0	0	0	0	0	0	0	0	0	0	-14	0	0	0	-491	0	0	0	67
26:40:00	96000	0	0	0	-437	0	0	0	0	0	0	0	0	0	0	0	1	0	0	0	0	0	0	0	0	0	0	0	0	0	0	0	-14	0	0	0	-491	0	0	0	67
26:45:00	96300	0	0	0	-437	0	0	0	0	0	0	0	0	0	0	0	1	0	0	0	0	0	0	0	0	0	0	0	0	0	0	0	-14	0	0	0	-491	0	0	0	67
26:50:00	96600	0	3	0	-440	0	0	0	0	0	0	0	0	0	0	0	1	0	0	0	0	0	0	0	0	0	0	0	0	0	0	0	-14	0	0	0	-491	0	3	0	64
26:55:00	96900	6	6	2	-442	0	0	0	0	0	0	0	0	1	1	0	1	0	0	0	0	0	0	0	0	0	0	0	0	0	0	0	-14	0	0	2	-493	5	5	0	64
27:00:00	97200	4	6	2	-446	0	0	0	0	0	0	0	0	0	0	0	1	0	0	0	0	1	1	0	0	0	0	0	0	0	0	1	-15	0	0	1	-494	3	5	0	62
27:05:00	97500	0	0	0	-446	0	0	0	0	0	0	0	0	0	0	0	1	0	0	0	0	0	0	0	0	0	0	0	0	0	0	0	-15	0	0	0	-494	0	0	0	62
27:10:00	97800	1	3	0	-448	0	0	0	0	0	0	0	0	1	1	0	1	0	0	0	0	0	0	0	0	0	0	0	0	0	0	0	-15	0	0	0	-494	0	2	0	60
27:15:00	98100	1	1	0	-448	0	0	0	0	0	0	0	0	1	0	0	2	0	0	0	0	0	0	0	0	0	0	0	0	0	0	0	-15	0	0	0	-494	0	1	0	59
27:20:00	98400	0	0	0	-448	0	0	0	0	0	0	0	0	0	0	0	2	0	0	0	0	0	0	0	0	0	0	0	0	0	0	0	-15	0	0	0	-494	0	0	0	59
27:25:00	98700	0	0	0	-448	0	0	0	0	0	0	0	0	0	0	0	2	0	0	0	0	0	0	0	0	0	0	0	0	0	0	0	-15	0	0	0	-494	0	0	0	59
27:30:00	99000	0	1	0	-449	0	0	0	0	0	0	0	0	0	0	0	2	0	0	0	0	0	0	0	0	0	0	0	0	0	0	0	-15	0	0	0	-494	0	1	0	58
27:35:00	99300	2	2	1	-450	0	0	0	0	0	0	0	0	0	0	0	2	0	0	0	0	0	0	0	0	0	0	0	0	0	0	0	-15	0	0	1	-495	2	2	0	58
27:40:00	99600	5	6	0	-451	0	0	0	0	0	0	0	0	5	2	0	5	0	0	0	0	0	0	0	0	0	0	0	0	0	0	0	-15	0	0	0	-495	0	4	0	54
27:45:00	99900	2	3	1	-453	0	0	0	0	0	0	0	0	0	1	0	4	0	0	0	0	0	0	0	0	0	0	0	0	0	0	0	-15	0	0	1	-496	2	2	0	54
27:50:00	100200	1	1	0	-453	0	0	0	0	0	0	0	0	1	1	0	4	0	0	0	0	0	0	0	0	0	0	0	0	0	0	0	-15	0	0	0	-496	0	0	0	54
27:55:00	100500	0	0	0	-453	0	0	0	0	0	0	0	0	0	0	0	4	0	0	0	0	0	0	0	0	0	0	0	0	0	0	0	-15	0	0	0	-496	0	0	0	54
28:00:00	100800	1	1	0	-453	0	0	0	0	0	0	0	0	0	1	0	3	0	0	0	0	0	0	0	0	0	0	0	0	0	0	0	-15	0	0	0	-496	1	0	0	55
28:05:00	101100	1	3	0	-455	0	0	0	0	0	0	0	0	0	1	0	2	0	0	0	0	0	0	0	0	0	0	0	0	0	0	0	-15	0	0	0	-496	1	2	0	54
28:10:00	101400	2	2	1	-456	0	0	0	0	0	0	0	0	0	0	0	2	0	0	0	0	0	0	0	0	0	0	0	0	0	0	0	-15	0	0	1	-497	2	2	0	54
28:15:00	101700	0	1	0	-457	0	0	0	0	0	0	0	0	0	0	0	2	0	0	0	0	0	0	0	0	0	0	0	0	0	0	0	-15	0	0	0	-497	0	1	0	53
28:20:00	102000	0	0	0	-457	0	0	0	0	0	0	0	0	0	0	0	2	0	0	0	0	0	0	0	0	0	0	0	0	0	0	0	-15	0	0	0	-497	0	0	0	53
28:25:00	102300	0	1	0	-458	0	0	0	0	0	0	0	0	0	0	0	2	0	0	0	0	0	0	0	0	0	0	0	0	0	0	0	-15	0	0	0	-497	0	1	0	52
28:30:00	102600	0	0	0	-458	0	0	0	0	0	0	0	0	0	0	0	2	0	0	0	0	0	0	0	0	0	0	0	0	0	0	0	-15	0	0	0	-497	0	0	0	52
28:35:00	102900	2	2	0	-458	0	0	0	0	0	0	0	0	1	0	0	3	0	0	0	0	0	0	0	0	0	0	0	0	0	0	0	-15	0	0	0	-497	1	2	0	51
28:40:00	103200	0	1	0	-459	0	0	0	0	0	0	0	0	0	0	0	3	0	0	0	0	0	0	0	0	0	0	0	0	0	0	0	-15	0	0	0	-497	0	1	0	50
28:45:00	103500	3	2	0	-458	0	0	0	0	0	0	0	0	1	1	0	3	0	0	0	0	0	0	0	0	0	0	0	0	0	0	0	-15	0	0	0	-497	2	1	0	51
28:50:00	103800	1	2	0	-459	0	0	0	0	0	0	0	0	0	0	0	3	0	0	0	0	1	1	0	0	0	0	0	0	0	0	0	-15	0	0	0	-497	0	1	0	50
28:55:00	104100	3	4	0	-460	0	0	0	0	0	0	0	0	1	1	0	3	0	0	0	0	0	0	0	0	0	0	0	0	0	0	0	-15	0	0	0	-497	2	3	0	49
29:00:00	104400	1	2	1	-462	0	0	0	0	0	0	0	0	0	1	0	2	0	0	0	0	0	0	0	0	0	0	0	0	0	0	0	-15	0	0	1	-498	1	1	0	49
29:05:00	104700	0	0	0	-462	0	0	0	0	0	0	0	0	0	0	0	2	0	0	0	0	0	0	0	0	0	0	0	0	0	0	0	-15	0	0	0	-498	0	0	0	49
29:10:00	105000	0	0	0	-462	0	0	0	0	0	0	0	0	0	0	0	2	0	0	0	0	0	0	0	0	0	0	0	0	0	0	0	-15	0	0	0	-498	0	0	0	49
29:15:00	105300	1	2	0	-463	0	0	0	0	0	0	0	0	1	0	0	3	0	0	0	0	0	0	0	0	0	0	0	0	0	0	0	-15	0	0	0	-498	0	2	0	47
29:20:00	105600	2	2	1	-464	0	0	0	0	0	0	0	0	1	1	0	3	0	0	0	0	0	0	0	0	0	0	0	0	0	0	0	-15	0	0	1	-499	1	1	0	47
29:25:00	105900	2	4	0	-466	0	0	0	0	0	0	0	0	0	2	0	1	0	0	0	0	0	0	0	0	0	0	0	0	0	0	0	-15	0	0	0	-499	2	2	0	47
29:30:00	106200	0	0	0	-466	0	0	0	0	0	0	0	0	0	0	0	1	0	0	0	0	0	0	0	0	0	0	0	0	0	0	0	-15	0	0	0	-499	0	0	0	47
29:35:00	106500	0	1	0	-467	0	0	0	0	0	0	0	0	0	0	0	1	0	0	0	0	0	0	0	0	0	0	0	0	0	0	0	-15	0	0	0	-499	0	1	0	46
29:40:00	106800	1	1	1	-468	0	0	0	0	0	0	0	0	0	0	0	1	0	0	0	0	0	0	0	0	0	0	0	0	0	0	0	-15	0	0	1	-500	1	1	0	46
29:45:00	107100	0	0	0	-468	0	0	0	0	0	0	0	0	0	0	0	1	0	0	0	0	0	0	0	0	0	0	0	0	0	0	0	-15	0	0	0	-500	0	0	0	46
29:50:00	107400	0	1	0	-469	0	0	0	0	0	0	0	0	0	0	0	1	0	0	0	0	0	0	0	0	0	0	0	0	0	0	0	-15	0	0	0	-500	0	1	0	45
29:55:00	107700	0	0	0	-469	0	0	0	0	0	0	0	0	0	0	0	1	0	0	0	0	0	0	0	0	0	0	0	0	0	0	0	-15	0	0	0	-500	0	0	0	45
30:00:00	108000	0	0	46	-515	0	0	0	0	0	0	0	0	0	0	1	0	0	0	0	0	0	0	0	0	0	0	0	0	0	0	0	-15	0	0	0	-500	0	0	45	0
30:05:00	108300	0	0	0	-515	0	0	0	0	0	0	0	0	0	0	0	0	0	0	0	0	0	0	0	0	0	0	0	0	0	0	0	-15	0	0	0	-500	0	0	0	0
