time	time	departures_all	arrivals_all	stuck_all	en-route_all	departures_Shared-Bike	arrivals_Shared-Bike	stuck_Shared-Bike	en-route_Shared-Bike	departures_bike	arrivals_bike	stuck_bike	en-route_bike	departures_car	arrivals_car	stuck_car	en-route_car	departures_car_passenger	arrivals_car_passenger	stuck_car_passenger	en-route_car_passenger	departures_pt	arrivals_pt	stuck_pt	en-route_pt	departures_sharing:standardBikeShare	arrivals_sharing:standardBikeShare	stuck_sharing:standardBikeShare	en-route_sharing:standardBikeShare	departures_walk	arrivals_walk	stuck_walk	en-route_walk
00:00:00	0	0	0	0	0	0	0	0	0	0	0	0	0	0	0	0	0	0	0	0	0	0	0	0	0	0	0	0	0	0	0	0	0
00:05:00	300	0	0	0	0	0	0	0	0	0	0	0	0	0	0	0	0	0	0	0	0	0	0	0	0	0	0	0	0	0	0	0	0
00:10:00	600	0	0	0	0	0	0	0	0	0	0	0	0	0	0	0	0	0	0	0	0	0	0	0	0	0	0	0	0	0	0	0	0
00:15:00	900	0	0	0	0	0	0	0	0	0	0	0	0	0	0	0	0	0	0	0	0	0	0	0	0	0	0	0	0	0	0	0	0
00:20:00	1200	0	0	0	0	0	0	0	0	0	0	0	0	0	0	0	0	0	0	0	0	0	0	0	0	0	0	0	0	0	0	0	0
00:25:00	1500	0	0	0	0	0	0	0	0	0	0	0	0	0	0	0	0	0	0	0	0	0	0	0	0	0	0	0	0	0	0	0	0
00:30:00	1800	0	0	0	0	0	0	0	0	0	0	0	0	0	0	0	0	0	0	0	0	0	0	0	0	0	0	0	0	0	0	0	0
00:35:00	2100	0	0	0	0	0	0	0	0	0	0	0	0	0	0	0	0	0	0	0	0	0	0	0	0	0	0	0	0	0	0	0	0
00:40:00	2400	0	0	0	0	0	0	0	0	0	0	0	0	0	0	0	0	0	0	0	0	0	0	0	0	0	0	0	0	0	0	0	0
00:45:00	2700	0	0	0	0	0	0	0	0	0	0	0	0	0	0	0	0	0	0	0	0	0	0	0	0	0	0	0	0	0	0	0	0
00:50:00	3000	0	0	0	0	0	0	0	0	0	0	0	0	0	0	0	0	0	0	0	0	0	0	0	0	0	0	0	0	0	0	0	0
00:55:00	3300	0	0	0	0	0	0	0	0	0	0	0	0	0	0	0	0	0	0	0	0	0	0	0	0	0	0	0	0	0	0	0	0
01:00:00	3600	0	0	0	0	0	0	0	0	0	0	0	0	0	0	0	0	0	0	0	0	0	0	0	0	0	0	0	0	0	0	0	0
01:05:00	3900	0	0	0	0	0	0	0	0	0	0	0	0	0	0	0	0	0	0	0	0	0	0	0	0	0	0	0	0	0	0	0	0
01:10:00	4200	0	0	0	0	0	0	0	0	0	0	0	0	0	0	0	0	0	0	0	0	0	0	0	0	0	0	0	0	0	0	0	0
01:15:00	4500	0	0	0	0	0	0	0	0	0	0	0	0	0	0	0	0	0	0	0	0	0	0	0	0	0	0	0	0	0	0	0	0
01:20:00	4800	0	0	0	0	0	0	0	0	0	0	0	0	0	0	0	0	0	0	0	0	0	0	0	0	0	0	0	0	0	0	0	0
01:25:00	5100	0	0	0	0	0	0	0	0	0	0	0	0	0	0	0	0	0	0	0	0	0	0	0	0	0	0	0	0	0	0	0	0
01:30:00	5400	0	0	0	0	0	0	0	0	0	0	0	0	0	0	0	0	0	0	0	0	0	0	0	0	0	0	0	0	0	0	0	0
01:35:00	5700	0	0	0	0	0	0	0	0	0	0	0	0	0	0	0	0	0	0	0	0	0	0	0	0	0	0	0	0	0	0	0	0
01:40:00	6000	0	0	0	0	0	0	0	0	0	0	0	0	0	0	0	0	0	0	0	0	0	0	0	0	0	0	0	0	0	0	0	0
01:45:00	6300	0	0	0	0	0	0	0	0	0	0	0	0	0	0	0	0	0	0	0	0	0	0	0	0	0	0	0	0	0	0	0	0
01:50:00	6600	0	0	0	0	0	0	0	0	0	0	0	0	0	0	0	0	0	0	0	0	0	0	0	0	0	0	0	0	0	0	0	0
01:55:00	6900	0	0	0	0	0	0	0	0	0	0	0	0	0	0	0	0	0	0	0	0	0	0	0	0	0	0	0	0	0	0	0	0
02:00:00	7200	0	0	0	0	0	0	0	0	0	0	0	0	0	0	0	0	0	0	0	0	0	0	0	0	0	0	0	0	0	0	0	0
02:05:00	7500	0	0	0	0	0	0	0	0	0	0	0	0	0	0	0	0	0	0	0	0	0	0	0	0	0	0	0	0	0	0	0	0
02:10:00	7800	0	0	0	0	0	0	0	0	0	0	0	0	0	0	0	0	0	0	0	0	0	0	0	0	0	0	0	0	0	0	0	0
02:15:00	8100	0	0	0	0	0	0	0	0	0	0	0	0	0	0	0	0	0	0	0	0	0	0	0	0	0	0	0	0	0	0	0	0
02:20:00	8400	0	0	0	0	0	0	0	0	0	0	0	0	0	0	0	0	0	0	0	0	0	0	0	0	0	0	0	0	0	0	0	0
02:25:00	8700	0	0	0	0	0	0	0	0	0	0	0	0	0	0	0	0	0	0	0	0	0	0	0	0	0	0	0	0	0	0	0	0
02:30:00	9000	0	0	0	0	0	0	0	0	0	0	0	0	0	0	0	0	0	0	0	0	0	0	0	0	0	0	0	0	0	0	0	0
02:35:00	9300	0	0	0	0	0	0	0	0	0	0	0	0	0	0	0	0	0	0	0	0	0	0	0	0	0	0	0	0	0	0	0	0
02:40:00	9600	0	0	0	0	0	0	0	0	0	0	0	0	0	0	0	0	0	0	0	0	0	0	0	0	0	0	0	0	0	0	0	0
02:45:00	9900	0	0	0	0	0	0	0	0	0	0	0	0	0	0	0	0	0	0	0	0	0	0	0	0	0	0	0	0	0	0	0	0
02:50:00	10200	0	0	0	0	0	0	0	0	0	0	0	0	0	0	0	0	0	0	0	0	0	0	0	0	0	0	0	0	0	0	0	0
02:55:00	10500	0	0	0	0	0	0	0	0	0	0	0	0	0	0	0	0	0	0	0	0	0	0	0	0	0	0	0	0	0	0	0	0
03:00:00	10800	0	0	0	0	0	0	0	0	0	0	0	0	0	0	0	0	0	0	0	0	0	0	0	0	0	0	0	0	0	0	0	0
03:05:00	11100	0	0	0	0	0	0	0	0	0	0	0	0	0	0	0	0	0	0	0	0	0	0	0	0	0	0	0	0	0	0	0	0
03:10:00	11400	0	0	0	0	0	0	0	0	0	0	0	0	0	0	0	0	0	0	0	0	0	0	0	0	0	0	0	0	0	0	0	0
03:15:00	11700	0	0	0	0	0	0	0	0	0	0	0	0	0	0	0	0	0	0	0	0	0	0	0	0	0	0	0	0	0	0	0	0
03:20:00	12000	0	0	0	0	0	0	0	0	0	0	0	0	0	0	0	0	0	0	0	0	0	0	0	0	0	0	0	0	0	0	0	0
03:25:00	12300	0	0	0	0	0	0	0	0	0	0	0	0	0	0	0	0	0	0	0	0	0	0	0	0	0	0	0	0	0	0	0	0
03:30:00	12600	0	0	0	0	0	0	0	0	0	0	0	0	0	0	0	0	0	0	0	0	0	0	0	0	0	0	0	0	0	0	0	0
03:35:00	12900	0	0	0	0	0	0	0	0	0	0	0	0	0	0	0	0	0	0	0	0	0	0	0	0	0	0	0	0	0	0	0	0
03:40:00	13200	0	0	0	0	0	0	0	0	0	0	0	0	0	0	0	0	0	0	0	0	0	0	0	0	0	0	0	0	0	0	0	0
03:45:00	13500	0	0	0	0	0	0	0	0	0	0	0	0	0	0	0	0	0	0	0	0	0	0	0	0	0	0	0	0	0	0	0	0
03:50:00	13800	0	0	0	0	0	0	0	0	0	0	0	0	0	0	0	0	0	0	0	0	0	0	0	0	0	0	0	0	0	0	0	0
03:55:00	14100	0	0	0	0	0	0	0	0	0	0	0	0	0	0	0	0	0	0	0	0	0	0	0	0	0	0	0	0	0	0	0	0
04:00:00	14400	0	0	0	0	0	0	0	0	0	0	0	0	0	0	0	0	0	0	0	0	0	0	0	0	0	0	0	0	0	0	0	0
04:05:00	14700	0	0	0	0	0	0	0	0	0	0	0	0	0	0	0	0	0	0	0	0	0	0	0	0	0	0	0	0	0	0	0	0
04:10:00	15000	0	0	0	0	0	0	0	0	0	0	0	0	0	0	0	0	0	0	0	0	0	0	0	0	0	0	0	0	0	0	0	0
04:15:00	15300	0	0	0	0	0	0	0	0	0	0	0	0	0	0	0	0	0	0	0	0	0	0	0	0	0	0	0	0	0	0	0	0
04:20:00	15600	0	0	0	0	0	0	0	0	0	0	0	0	0	0	0	0	0	0	0	0	0	0	0	0	0	0	0	0	0	0	0	0
04:25:00	15900	0	0	0	0	0	0	0	0	0	0	0	0	0	0	0	0	0	0	0	0	0	0	0	0	0	0	0	0	0	0	0	0
04:30:00	16200	0	0	0	0	0	0	0	0	0	0	0	0	0	0	0	0	0	0	0	0	0	0	0	0	0	0	0	0	0	0	0	0
04:35:00	16500	0	0	0	0	0	0	0	0	0	0	0	0	0	0	0	0	0	0	0	0	0	0	0	0	0	0	0	0	0	0	0	0
04:40:00	16800	0	0	0	0	0	0	0	0	0	0	0	0	0	0	0	0	0	0	0	0	0	0	0	0	0	0	0	0	0	0	0	0
04:45:00	17100	0	0	0	0	0	0	0	0	0	0	0	0	0	0	0	0	0	0	0	0	0	0	0	0	0	0	0	0	0	0	0	0
04:50:00	17400	0	0	0	0	0	0	0	0	0	0	0	0	0	0	0	0	0	0	0	0	0	0	0	0	0	0	0	0	0	0	0	0
04:55:00	17700	0	0	0	0	0	0	0	0	0	0	0	0	0	0	0	0	0	0	0	0	0	0	0	0	0	0	0	0	0	0	0	0
05:00:00	18000	0	0	0	0	0	0	0	0	0	0	0	0	0	0	0	0	0	0	0	0	0	0	0	0	0	0	0	0	0	0	0	0
05:05:00	18300	0	0	0	0	0	0	0	0	0	0	0	0	0	0	0	0	0	0	0	0	0	0	0	0	0	0	0	0	0	0	0	0
05:10:00	18600	0	0	0	0	0	0	0	0	0	0	0	0	0	0	0	0	0	0	0	0	0	0	0	0	0	0	0	0	0	0	0	0
05:15:00	18900	0	0	0	0	0	0	0	0	0	0	0	0	0	0	0	0	0	0	0	0	0	0	0	0	0	0	0	0	0	0	0	0
05:20:00	19200	0	0	0	0	0	0	0	0	0	0	0	0	0	0	0	0	0	0	0	0	0	0	0	0	0	0	0	0	0	0	0	0
05:25:00	19500	0	0	0	0	0	0	0	0	0	0	0	0	0	0	0	0	0	0	0	0	0	0	0	0	0	0	0	0	0	0	0	0
05:30:00	19800	0	0	0	0	0	0	0	0	0	0	0	0	0	0	0	0	0	0	0	0	0	0	0	0	0	0	0	0	0	0	0	0
05:35:00	20100	0	0	0	0	0	0	0	0	0	0	0	0	0	0	0	0	0	0	0	0	0	0	0	0	0	0	0	0	0	0	0	0
05:40:00	20400	0	0	0	0	0	0	0	0	0	0	0	0	0	0	0	0	0	0	0	0	0	0	0	0	0	0	0	0	0	0	0	0
05:45:00	20700	0	0	0	0	0	0	0	0	0	0	0	0	0	0	0	0	0	0	0	0	0	0	0	0	0	0	0	0	0	0	0	0
05:50:00	21000	0	0	0	0	0	0	0	0	0	0	0	0	0	0	0	0	0	0	0	0	0	0	0	0	0	0	0	0	0	0	0	0
05:55:00	21300	0	0	0	0	0	0	0	0	0	0	0	0	0	0	0	0	0	0	0	0	0	0	0	0	0	0	0	0	0	0	0	0
06:00:00	21600	4	0	0	4	0	0	0	0	0	0	0	0	3	0	0	3	0	0	0	0	0	0	0	0	0	0	0	0	1	0	0	1
06:05:00	21900	4	1	0	7	0	0	0	0	0	0	0	0	2	1	0	4	0	0	0	0	0	0	0	0	0	0	0	0	2	0	0	3
06:10:00	22200	3	1	0	9	0	0	0	0	0	0	0	0	3	1	0	6	0	0	0	0	0	0	0	0	0	0	0	0	0	0	0	3
06:15:00	22500	1	1	0	9	0	0	0	0	0	0	0	0	1	1	0	6	0	0	0	0	0	0	0	0	0	0	0	0	0	0	0	3
06:20:00	22800	5	3	0	11	0	0	0	0	0	0	0	0	3	1	0	8	0	0	0	0	2	0	0	2	0	0	0	0	0	2	0	1
06:25:00	23100	6	4	0	13	0	0	0	0	0	0	0	0	4	3	0	9	0	0	0	0	0	1	0	1	0	0	0	0	2	0	0	3
06:30:00	23400	43	3	0	53	0	0	0	0	0	0	0	0	32	2	0	39	0	0	0	0	0	1	0	0	0	0	0	0	11	0	0	14
06:35:00	23700	38	20	0	71	0	0	0	0	0	0	0	0	30	15	0	54	0	0	0	0	0	0	0	0	0	0	0	0	8	5	0	17
06:40:00	24000	37	19	0	89	0	0	0	0	0	0	0	0	26	14	0	66	0	0	0	0	4	0	0	4	0	0	0	0	7	5	0	19
06:45:00	24300	36	36	0	89	0	0	0	0	0	0	0	0	27	29	0	64	0	0	0	0	4	0	0	8	0	0	0	0	5	7	0	17
06:50:00	24600	42	27	0	104	0	0	0	0	0	0	0	0	28	21	0	71	0	0	0	0	3	0	0	11	0	0	0	0	11	6	0	22
06:55:00	24900	78	34	1	147	0	0	0	0	0	0	0	0	61	26	0	106	0	0	0	0	1	0	0	12	0	0	1	-1	16	8	0	30
07:00:00	25200	64	47	0	164	1	0	0	1	0	0	0	0	50	39	0	117	0	0	0	0	1	0	0	13	0	0	0	-1	12	8	0	34
07:05:00	25500	67	51	0	180	0	1	0	0	1	0	0	1	37	33	0	121	0	0	0	0	2	1	0	14	0	0	0	-1	27	16	0	45
07:10:00	25800	73	62	0	191	3	1	0	2	0	0	0	1	48	39	0	130	0	0	0	0	4	5	0	13	0	0	0	-1	18	17	0	46
07:15:00	26100	85	55	0	221	0	1	0	1	0	0	0	1	69	42	0	157	0	0	0	0	1	1	0	13	0	0	0	-1	15	11	0	50
07:20:00	26400	83	71	0	233	0	1	0	0	0	1	0	0	63	55	0	165	0	0	0	0	8	1	0	20	0	0	0	-1	12	13	0	49
07:25:00	26700	123	84	0	272	1	0	0	1	0	0	0	0	83	60	0	188	0	0	0	0	11	1	0	30	0	0	0	-1	28	23	0	54
07:30:00	27000	82	97	0	257	2	0	0	3	0	0	0	0	60	74	0	174	0	0	0	0	7	2	0	35	0	0	0	-1	13	21	0	46
07:35:00	27300	102	101	0	258	1	3	0	1	0	0	0	0	62	74	0	162	0	0	0	0	3	8	0	30	0	0	0	-1	36	16	0	66
07:40:00	27600	102	77	0	283	1	1	0	1	0	0	0	0	70	53	0	179	0	0	0	0	6	2	0	34	0	0	0	-1	25	21	0	70
07:45:00	27900	96	79	0	300	0	1	0	0	0	0	0	0	75	56	0	198	0	0	0	0	5	0	0	39	0	0	0	-1	16	22	0	64
07:50:00	28200	116	91	0	325	0	0	0	0	1	0	0	1	78	63	0	213	0	0	0	0	6	7	0	38	0	0	0	-1	31	21	0	74
07:55:00	28500	122	109	0	338	1	0	0	1	1	0	0	2	75	83	0	205	12	1	0	11	6	2	0	42	0	0	0	-1	27	23	0	78
08:00:00	28800	137	130	0	345	2	1	0	2	0	1	0	1	75	82	0	198	24	8	0	27	8	9	0	41	0	0	0	-1	28	29	0	77
08:05:00	29100	116	104	2	355	1	2	0	1	0	0	0	1	67	66	0	199	17	9	0	35	7	4	0	44	0	0	2	-3	24	23	0	78
08:10:00	29400	141	126	0	370	0	1	0	0	0	0	0	1	72	78	0	193	26	16	0	45	6	8	0	42	0	0	0	-3	37	23	0	92
08:15:00	29700	97	104	0	363	0	0	0	0	0	0	0	1	55	66	0	182	14	15	0	44	6	0	0	48	0	0	0	-3	22	23	0	91
08:20:00	30000	113	105	0	371	0	0	0	0	0	0	0	1	74	56	0	200	16	18	0	42	10	2	0	56	0	0	0	-3	13	29	0	75
08:25:00	30300	116	104	0	383	0	0	0	0	0	0	0	1	73	74	0	199	20	12	0	50	7	2	0	61	0	0	0	-3	16	16	0	75
08:30:00	30600	103	112	0	374	2	1	0	1	0	1	0	0	46	64	0	181	21	16	0	55	11	7	0	65	0	0	0	-3	23	23	0	75
08:35:00	30900	77	92	0	359	0	1	0	0	0	0	0	0	54	56	0	179	8	19	0	44	4	2	0	67	0	0	0	-3	11	14	0	72
08:40:00	31200	92	93	0	358	0	0	0	0	0	0	0	0	52	54	0	177	24	18	0	50	7	3	0	71	0	0	0	-3	9	18	0	63
08:45:00	31500	104	74	0	388	1	1	0	0	0	0	0	0	43	49	0	171	39	14	0	75	4	1	0	74	0	0	0	-3	17	9	0	71
08:50:00	31800	86	93	0	381	0	0	0	0	0	0	0	0	54	55	0	170	13	22	0	66	6	0	0	80	0	0	0	-3	13	16	0	68
08:55:00	32100	88	98	0	371	0	0	0	0	1	0	0	1	44	60	0	154	18	19	0	65	9	5	0	84	0	0	0	-3	16	14	0	70
09:00:00	32400	95	88	0	378	0	0	0	0	0	0	0	1	68	50	0	172	4	16	0	53	7	2	0	89	0	0	0	-3	16	20	0	66
09:05:00	32700	75	92	0	361	0	0	0	0	0	0	0	1	43	50	0	165	6	13	0	46	2	8	0	83	0	0	0	-3	24	21	0	69
09:10:00	33000	68	91	0	338	3	0	0	3	0	0	0	1	44	51	0	158	3	11	0	38	4	4	0	83	0	0	0	-3	14	25	0	58
09:15:00	33300	63	75	0	326	0	0	0	3	0	0	0	1	47	50	0	155	2	11	0	29	5	3	0	85	0	0	0	-3	9	11	0	56
09:20:00	33600	53	88	0	291	0	1	0	2	1	0	0	2	33	56	0	132	2	11	0	20	5	3	0	87	0	0	0	-3	12	17	0	51
09:25:00	33900	62	69	0	284	0	2	0	0	0	1	0	1	33	41	0	124	4	2	0	22	1	12	0	76	0	0	0	-3	24	11	0	64
09:30:00	34200	45	64	0	265	0	0	0	0	0	0	0	1	33	39	0	118	1	6	0	17	1	3	0	74	0	0	0	-3	10	16	0	58
09:35:00	34500	53	64	0	254	0	0	0	0	0	0	0	1	25	38	0	105	8	6	0	19	5	4	0	75	0	0	0	-3	15	16	0	57
09:40:00	34800	44	61	0	237	0	0	0	0	0	0	0	1	30	38	0	97	2	5	0	16	2	2	0	75	0	0	0	-3	10	16	0	51
09:45:00	35100	42	72	0	207	0	0	0	0	0	1	0	0	28	44	0	81	0	6	0	10	3	1	0	77	0	0	0	-3	11	20	0	42
09:50:00	35400	39	47	0	199	0	0	0	0	0	0	0	0	25	23	0	83	0	4	0	6	6	0	0	83	0	0	0	-3	8	20	0	30
09:55:00	35700	46	37	0	208	0	0	0	0	0	0	0	0	35	26	0	92	0	2	0	4	0	1	0	82	0	0	0	-3	11	8	0	33
10:00:00	36000	75	69	1	213	0	0	0	0	0	0	0	0	42	39	0	95	0	2	0	2	2	10	0	74	0	0	1	-4	31	18	0	46
10:05:00	36300	58	55	0	216	0	0	0	0	0	0	0	0	42	39	0	98	0	1	0	1	0	2	0	72	0	0	0	-4	16	13	0	49
10:10:00	36600	82	75	0	223	0	0	0	0	0	0	0	0	52	40	0	110	0	1	0	0	2	8	0	66	0	0	0	-4	28	26	0	51
10:15:00	36900	63	71	0	215	0	0	0	0	0	0	0	0	36	39	0	107	0	0	0	0	1	1	0	66	0	0	0	-4	26	31	0	46
10:20:00	37200	66	72	0	209	0	0	0	0	0	0	0	0	37	40	0	104	0	0	0	0	3	1	0	68	0	0	0	-4	26	31	0	41
10:25:00	37500	79	79	0	209	0	0	0	0	1	0	0	1	51	49	0	106	0	0	0	0	2	3	0	67	0	0	0	-4	25	27	0	39
10:30:00	37800	61	71	0	199	0	0	0	0	0	0	0	1	43	43	0	106	0	0	0	0	1	0	0	68	0	0	0	-4	17	28	0	28
10:35:00	38100	45	70	0	174	0	0	0	0	0	0	0	1	24	51	0	79	2	1	0	1	2	1	0	69	0	0	0	-4	17	17	0	28
10:40:00	38400	55	59	0	170	0	0	0	0	0	0	0	1	22	29	0	72	1	1	0	1	2	0	0	71	0	0	0	-4	30	29	0	29
10:45:00	38700	63	63	0	170	0	0	0	0	0	1	0	0	34	36	0	70	3	0	0	4	1	4	0	68	0	0	0	-4	25	22	0	32
10:50:00	39000	47	57	0	160	0	0	0	0	1	0	0	1	23	27	0	66	0	3	0	1	3	2	0	69	0	0	0	-4	20	25	0	27
10:55:00	39300	36	43	0	153	0	0	0	0	0	0	0	1	18	22	0	62	2	0	0	3	1	1	0	69	0	0	0	-4	15	20	0	22
11:00:00	39600	50	44	0	159	0	0	0	0	0	0	0	1	27	27	0	62	4	1	0	6	0	1	0	68	0	0	0	-4	19	15	0	26
11:05:00	39900	94	78	0	175	1	1	0	0	0	0	0	1	39	25	0	76	1	1	0	6	13	14	0	67	0	0	0	-4	40	37	0	29
11:10:00	40200	78	53	0	200	0	0	0	0	0	0	0	1	51	29	0	98	2	1	0	7	3	1	0	69	0	0	0	-4	22	22	0	29
11:15:00	40500	63	61	0	202	1	0	0	1	0	0	0	1	35	39	0	94	10	3	0	14	2	2	0	69	0	0	0	-4	15	17	0	27
11:20:00	40800	60	53	0	209	0	1	0	0	0	1	0	0	29	31	0	92	2	1	0	15	2	2	0	69	0	0	0	-4	27	17	0	37
11:25:00	41100	73	65	0	217	0	0	0	0	1	0	0	1	42	37	0	97	3	4	0	14	2	1	0	70	0	0	0	-4	25	23	0	39
11:30:00	41400	81	65	0	233	0	0	0	0	0	0	0	1	52	32	0	117	1	4	0	11	2	2	0	70	0	0	0	-4	26	27	0	38
11:35:00	41700	101	96	0	238	0	0	0	0	0	0	0	1	47	50	0	114	3	4	0	10	9	12	0	67	0	0	0	-4	42	30	0	50
11:40:00	42000	83	76	0	245	0	0	0	0	0	1	0	0	49	37	0	126	0	3	0	7	2	13	0	56	0	0	0	-4	32	22	0	60
11:45:00	42300	86	91	0	240	1	0	0	1	0	0	0	0	48	44	0	130	3	5	0	5	6	6	0	56	0	0	0	-4	28	36	0	52
11:50:00	42600	87	82	0	245	1	1	0	1	0	0	0	0	46	44	0	132	5	2	0	8	1	2	0	55	0	0	0	-4	34	33	0	53
11:55:00	42900	106	91	0	260	1	1	0	1	0	0	0	0	59	46	0	145	1	1	0	8	3	6	0	52	0	0	0	-4	42	37	0	58
12:00:00	43200	84	88	0	256	1	1	0	1	0	0	0	0	58	55	0	148	2	1	0	9	4	0	0	56	0	0	0	-4	19	31	0	46
12:05:00	43500	67	82	0	241	1	1	0	1	0	0	0	0	38	46	0	140	8	6	0	11	6	0	0	62	0	0	0	-4	14	29	0	31
12:10:00	43800	73	61	0	253	1	1	0	1	0	0	0	0	45	39	0	146	2	0	0	13	7	1	0	68	0	0	0	-4	18	20	0	29
12:15:00	44100	60	77	0	236	2	0	0	3	0	0	0	0	35	54	0	127	1	3	0	11	3	5	0	66	0	0	0	-4	19	15	0	33
12:20:00	44400	52	64	1	223	1	2	0	2	0	0	0	0	35	44	0	118	0	3	0	8	4	1	0	69	0	0	1	-5	12	14	0	31
12:25:00	44700	70	72	0	221	2	2	0	2	0	0	0	0	46	37	0	127	0	3	0	5	5	8	0	66	0	0	0	-5	17	22	0	26
12:30:00	45000	40	43	0	218	1	0	0	3	0	0	0	0	27	35	0	119	0	1	0	4	2	2	0	66	0	0	0	-5	10	5	0	31
12:35:00	45300	29	55	0	192	0	2	0	1	0	0	0	0	14	37	0	96	0	2	0	2	4	3	0	67	0	0	0	-5	11	11	0	31
12:40:00	45600	34	38	0	188	1	0	0	2	0	0	0	0	26	28	0	94	0	1	0	1	2	1	0	68	0	0	0	-5	5	8	0	28
12:45:00	45900	46	39	0	195	0	1	0	1	0	0	0	0	38	29	0	103	0	0	0	1	3	2	0	69	0	0	0	-5	5	7	0	26
12:50:00	46200	31	50	0	176	0	1	0	0	0	0	0	0	21	37	0	87	0	1	0	0	5	0	0	74	0	0	0	-5	5	11	0	20
12:55:00	46500	34	33	0	177	0	0	0	0	0	0	0	0	24	27	0	84	0	0	0	0	0	4	0	70	0	0	0	-5	10	2	0	28
13:00:00	46800	6	35	0	148	1	1	0	0	0	0	0	0	0	25	0	59	0	0	0	0	4	1	0	73	0	0	0	-5	1	8	0	21
13:05:00	47100	5	29	0	124	0	0	0	0	0	0	0	0	2	21	0	40	0	0	0	0	1	0	0	74	0	0	0	-5	2	8	0	15
13:10:00	47400	4	17	0	111	0	0	0	0	0	0	0	0	0	11	0	29	0	0	0	0	3	0	0	77	0	0	0	-5	1	6	0	10
13:15:00	47700	25	13	0	123	0	0	0	0	0	0	0	0	16	8	0	37	0	0	0	0	1	3	0	75	0	0	0	-5	8	2	0	16
13:20:00	48000	18	22	0	119	0	0	0	0	0	0	0	0	10	13	0	34	0	0	0	0	0	4	0	71	0	0	0	-5	8	5	0	19
13:25:00	48300	21	17	0	123	0	0	0	0	0	0	0	0	8	6	0	36	0	0	0	0	1	6	0	66	0	0	0	-5	12	5	0	26
13:30:00	48600	57	23	0	157	0	0	0	0	0	0	0	0	45	15	0	66	1	0	0	1	2	2	0	66	0	0	0	-5	9	6	0	29
13:35:00	48900	67	53	0	171	1	0	0	1	0	0	0	0	36	30	0	72	5	0	0	6	1	8	0	59	0	0	0	-5	24	15	0	38
13:40:00	49200	46	42	0	175	0	0	0	1	1	0	0	1	31	26	0	77	5	2	0	9	1	3	0	57	0	0	0	-5	8	11	0	35
13:45:00	49500	58	52	1	180	1	1	0	1	0	1	0	0	34	26	0	85	2	3	0	8	2	2	0	57	0	0	1	-6	19	19	0	35
13:50:00	49800	102	54	0	228	0	1	0	0	0	0	0	0	59	28	0	116	15	7	0	16	5	2	0	60	0	0	0	-6	23	16	0	42
13:55:00	50100	115	68	0	275	2	0	0	2	0	0	0	0	76	44	0	148	12	5	0	23	2	2	0	60	0	0	0	-6	23	17	0	48
14:00:00	50400	91	87	0	279	1	0	0	3	0	0	0	0	60	56	0	152	3	9	0	17	3	0	0	63	0	0	0	-6	24	22	0	50
14:05:00	50700	90	85	1	283	2	3	0	2	0	0	0	0	50	50	0	152	9	6	0	20	1	0	0	64	0	0	1	-7	28	26	0	52
14:10:00	51000	88	91	0	280	1	2	0	1	0	0	0	0	54	51	0	155	14	11	0	23	4	0	0	68	0	0	0	-7	15	27	0	40
14:15:00	51300	71	76	0	275	1	2	0	0	0	0	0	0	38	50	0	143	8	8	0	23	4	2	0	70	0	0	0	-7	20	14	0	46
14:20:00	51600	83	76	0	282	0	0	0	0	0	0	0	0	45	47	0	141	14	8	0	29	7	2	0	75	0	0	0	-7	17	19	0	44
14:25:00	51900	81	83	0	280	0	0	0	0	0	0	0	0	49	57	0	133	16	11	0	34	7	1	0	81	0	0	0	-7	9	14	0	39
14:30:00	52200	56	70	0	266	0	0	0	0	0	0	0	0	24	36	0	121	11	13	0	32	7	3	0	85	0	0	0	-7	14	18	0	35
14:35:00	52500	76	70	1	271	0	0	0	0	0	0	0	0	43	36	0	128	5	13	0	24	3	3	0	85	0	0	1	-8	25	18	0	42
14:40:00	52800	63	86	0	248	0	0	0	0	0	0	0	0	33	53	0	108	8	7	0	25	3	3	0	85	0	0	0	-8	19	23	0	38
14:45:00	53100	59	71	0	236	0	0	0	0	0	0	0	0	26	29	0	105	9	13	0	21	8	12	0	81	0	0	0	-8	16	17	0	37
14:50:00	53400	53	69	0	220	0	0	0	0	0	0	0	0	24	36	0	93	3	6	0	18	3	2	0	82	0	0	0	-8	23	25	0	35
14:55:00	53700	48	59	0	209	0	0	0	0	0	0	0	0	19	29	0	83	8	6	0	20	6	5	0	83	0	0	0	-8	15	19	0	31
15:00:00	54000	44	53	0	200	0	0	0	0	0	0	0	0	24	28	0	79	3	9	0	14	1	5	0	79	0	0	0	-8	16	11	0	36
15:05:00	54300	51	53	0	198	0	0	0	0	0	0	0	0	31	37	0	73	1	4	0	11	2	1	0	80	0	0	0	-8	17	11	0	42
15:10:00	54600	50	55	0	193	0	0	0	0	0	0	0	0	31	31	0	73	0	5	0	6	2	1	0	81	0	0	0	-8	17	18	0	41
15:15:00	54900	60	48	0	205	1	0	0	1	0	0	0	0	30	22	0	81	1	2	0	5	5	1	0	85	0	0	0	-8	23	23	0	41
15:20:00	55200	57	56	0	206	0	1	0	0	0	0	0	0	35	29	0	87	1	1	0	5	4	2	0	87	0	0	0	-8	17	23	0	35
15:25:00	55500	54	57	0	203	0	0	0	0	0	0	0	0	37	38	0	86	0	0	0	5	2	3	0	86	0	0	0	-8	15	16	0	34
15:30:00	55800	80	49	0	234	0	0	0	0	0	0	0	0	45	27	0	104	0	1	0	4	2	3	0	85	0	0	0	-8	33	18	0	49
15:35:00	56100	101	74	0	261	1	0	0	1	0	0	0	0	64	40	0	128	0	0	0	4	3	5	0	83	0	0	0	-8	33	29	0	53
15:40:00	56400	109	97	0	273	0	0	0	1	0	0	0	0	67	54	0	141	0	1	0	3	3	5	0	81	0	0	0	-8	39	37	0	55
15:45:00	56700	79	90	0	262	0	0	0	1	0	0	0	0	51	53	0	139	0	0	0	3	4	5	0	80	0	0	0	-8	24	32	0	47
15:50:00	57000	86	87	0	261	2	2	0	1	0	0	0	0	55	50	0	144	0	1	0	2	2	0	0	82	0	0	0	-8	27	34	0	40
15:55:00	57300	67	89	0	239	0	1	0	0	0	0	0	0	37	58	0	123	0	0	0	2	2	6	0	78	0	0	0	-8	28	24	0	44
16:00:00	57600	90	83	0	246	0	0	0	0	0	0	0	0	39	50	0	112	21	0	0	23	4	6	0	76	0	0	0	-8	26	27	0	43
16:05:00	57900	81	74	0	253	0	0	0	0	0	0	0	0	43	46	0	109	19	8	0	34	2	1	0	77	0	0	0	-8	17	19	0	41
16:10:00	58200	67	81	0	239	0	0	0	0	0	0	0	0	27	41	0	95	18	14	0	38	1	1	0	77	0	0	0	-8	21	25	0	37
16:15:00	58500	85	89	0	235	0	0	0	0	0	0	0	0	34	38	0	91	16	14	0	40	6	11	0	72	0	0	0	-8	29	26	0	40
16:20:00	58800	96	72	0	259	0	0	0	0	0	0	0	0	48	32	0	107	17	11	0	46	1	2	0	71	0	0	0	-8	30	27	0	43
16:25:00	59100	108	81	0	286	1	1	0	0	0	0	0	0	49	35	0	121	27	20	0	53	3	5	0	69	0	0	0	-8	28	20	0	51
16:30:00	59400	120	92	0	314	0	0	0	0	0	0	0	0	62	51	0	132	31	14	0	70	5	3	0	71	0	0	0	-8	22	24	0	49
16:35:00	59700	136	92	0	358	1	0	0	1	0	0	0	0	63	39	0	156	27	20	0	77	4	3	0	72	0	0	0	-8	41	30	0	60
16:40:00	60000	139	127	0	370	1	0	0	2	0	0	0	0	86	61	0	181	20	29	0	68	4	5	0	71	0	0	0	-8	28	32	0	56
16:45:00	60300	105	104	0	371	0	2	0	0	0	0	0	0	50	55	0	176	28	19	0	77	4	4	0	71	0	0	0	-8	23	24	0	55
16:50:00	60600	159	136	0	394	0	0	0	0	0	0	0	0	73	65	0	184	47	31	0	93	3	5	0	69	0	0	0	-8	36	35	0	56
16:55:00	60900	134	131	0	397	0	0	0	0	0	0	0	0	72	71	0	185	31	26	0	98	3	3	0	69	0	0	0	-8	28	31	0	53
17:00:00	61200	184	132	0	449	0	0	0	0	0	0	0	0	115	66	0	234	20	31	0	87	6	10	0	65	0	0	0	-8	43	25	0	71
17:05:00	61500	190	135	0	504	0	0	0	0	0	0	0	0	127	77	0	284	11	19	0	79	7	13	0	59	0	0	0	-8	45	26	0	90
17:10:00	61800	165	157	0	512	0	0	0	0	1	0	0	1	100	92	0	292	16	23	0	72	6	3	0	62	0	0	0	-8	42	39	0	93
17:15:00	62100	179	175	0	516	1	1	0	0	0	0	0	1	109	105	0	296	25	20	0	77	4	6	0	60	0	0	0	-8	40	43	0	90
17:20:00	62400	183	161	0	538	0	0	0	0	0	0	0	1	125	97	0	324	14	22	0	69	6	2	0	64	0	0	0	-8	38	40	0	88
17:25:00	62700	128	172	0	494	0	0	0	0	0	0	0	1	83	101	0	306	3	24	0	48	9	5	0	68	0	0	0	-8	33	42	0	79
17:30:00	63000	110	135	0	469	0	0	0	0	0	0	0	1	77	90	0	293	1	13	0	36	6	6	0	68	0	0	0	-8	26	26	0	79
17:35:00	63300	103	106	0	466	0	0	0	0	0	0	0	1	76	76	0	293	0	4	0	32	9	3	0	74	0	0	0	-8	18	23	0	74
17:40:00	63600	80	117	0	429	0	0	0	0	1	1	0	1	42	75	0	260	3	10	0	25	14	7	0	81	0	0	0	-8	20	24	0	70
17:45:00	63900	114	108	0	435	0	0	0	0	0	0	0	1	86	77	0	269	1	1	0	25	4	8	0	77	0	0	0	-8	23	22	0	71
17:50:00	64200	92	95	0	432	0	0	0	0	0	0	0	1	74	75	0	268	0	3	0	22	5	1	0	81	0	0	0	-8	13	16	0	68
17:55:00	64500	106	117	0	421	1	0	0	1	0	0	0	1	81	86	0	263	1	6	0	17	8	5	0	84	0	0	0	-8	15	20	0	63
18:00:00	64800	70	109	0	382	0	1	0	0	0	0	0	1	50	88	0	225	1	2	0	16	3	2	0	85	0	0	0	-8	16	16	0	63
18:05:00	65100	68	93	0	357	1	0	0	1	0	0	0	1	41	63	0	203	0	2	0	14	6	11	0	80	0	0	0	-8	20	17	0	66
18:10:00	65400	56	80	0	333	1	1	0	1	0	1	0	0	34	54	0	183	0	0	0	14	5	6	0	79	0	0	0	-8	16	18	0	64
18:15:00	65700	46	88	0	291	0	1	0	0	0	0	0	0	27	58	0	152	1	2	0	13	3	9	0	73	0	0	0	-8	15	18	0	61
18:20:00	66000	60	60	0	291	0	0	0	0	0	0	0	0	39	33	0	158	0	1	0	12	2	10	0	65	0	0	0	-8	19	16	0	64
18:25:00	66300	45	62	0	274	0	0	0	0	0	0	0	0	30	40	0	148	0	1	0	11	0	8	0	57	0	0	0	-8	15	13	0	66
18:30:00	66600	41	63	0	252	0	0	0	0	0	0	0	0	24	36	0	136	0	0	0	11	1	10	0	48	0	0	0	-8	16	17	0	65
18:35:00	66900	61	72	0	241	0	0	0	0	0	0	0	0	35	43	0	128	1	3	0	9	1	8	0	41	0	0	0	-8	24	18	0	71
18:40:00	67200	36	54	0	223	0	0	0	0	0	0	0	0	25	29	0	124	0	2	0	7	3	2	0	42	0	0	0	-8	8	21	0	58
18:45:00	67500	36	60	0	199	0	0	0	0	0	0	0	0	25	35	0	114	0	3	0	4	4	5	0	41	0	0	0	-8	7	17	0	48
18:50:00	67800	18	45	0	172	0	0	0	0	0	0	0	0	7	27	0	94	0	0	0	4	1	7	0	35	0	0	0	-8	10	11	0	47
18:55:00	68100	32	46	0	158	0	0	0	0	1	0	0	1	19	21	0	92	0	0	0	4	1	8	0	28	0	0	0	-8	11	17	0	41
19:00:00	68400	68	38	0	188	0	0	0	0	0	0	0	1	55	23	0	124	0	0	0	4	1	9	0	20	0	0	0	-8	12	6	0	47
19:05:00	68700	83	45	0	226	0	0	0	0	0	1	0	0	67	31	0	160	0	0	0	4	3	0	0	23	0	0	0	-8	13	13	0	47
19:10:00	69000	67	67	0	226	1	0	0	1	0	0	0	0	55	51	0	164	0	0	0	4	1	1	0	23	0	0	0	-8	10	15	0	42
19:15:00	69300	58	70	0	214	1	1	0	1	0	0	0	0	42	51	0	155	0	1	0	3	4	4	0	23	0	0	0	-8	11	13	0	40
19:20:00	69600	61	65	1	209	0	1	0	0	0	0	0	0	47	48	0	154	0	0	0	3	0	4	0	19	0	0	1	-9	14	12	0	42
19:25:00	69900	85	60	0	234	0	0	0	0	0	0	0	0	74	49	0	179	0	0	0	3	0	1	0	18	0	0	0	-9	11	10	0	43
19:30:00	70200	67	64	0	237	1	0	0	1	0	0	0	0	58	47	0	190	0	0	0	3	0	3	0	15	0	0	0	-9	8	14	0	37
19:35:00	70500	48	78	0	207	0	0	0	1	0	0	0	0	36	69	0	157	0	0	0	3	0	2	0	13	0	0	0	-9	12	7	0	42
19:40:00	70800	39	57	0	189	0	0	0	1	0	0	0	0	34	46	0	145	0	0	0	3	1	0	0	14	0	0	0	-9	4	11	0	35
19:45:00	71100	68	61	0	196	0	1	0	0	0	0	0	0	54	46	0	153	0	1	0	2	5	3	0	16	0	0	0	-9	9	10	0	34
19:50:00	71400	46	57	0	185	0	0	0	0	0	0	0	0	35	46	0	142	0	0	0	2	1	2	0	15	0	0	0	-9	10	9	0	35
19:55:00	71700	52	59	0	178	1	0	0	1	0	0	0	0	41	53	0	130	0	0	0	2	0	1	0	14	0	0	0	-9	10	5	0	40
20:00:00	72000	7	43	0	142	0	0	0	1	0	0	0	0	3	32	0	101	0	0	0	2	1	1	0	14	0	0	0	-9	3	10	0	33
20:05:00	72300	5	39	0	108	0	0	0	1	0	0	0	0	4	29	0	76	0	0	0	2	0	1	0	13	0	0	0	-9	1	9	0	25
20:10:00	72600	6	19	0	95	0	1	0	0	0	0	0	0	3	14	0	65	0	0	0	2	0	0	0	13	0	0	0	-9	3	4	0	24
20:15:00	72900	6	21	0	80	0	0	0	0	0	0	0	0	4	14	0	55	0	0	0	2	1	0	0	14	0	0	0	-9	1	7	0	18
20:20:00	73200	11	21	0	70	0	0	0	0	0	0	0	0	6	14	0	47	0	1	0	1	1	2	0	13	0	0	0	-9	4	4	0	18
20:25:00	73500	10	10	0	70	0	0	0	0	0	0	0	0	7	5	0	49	0	0	0	1	0	3	0	10	0	0	0	-9	3	2	0	19
20:30:00	73800	10	22	0	58	0	0	0	0	0	0	0	0	4	13	0	40	0	1	0	0	0	5	0	5	0	0	0	-9	6	3	0	22
20:35:00	74100	5	10	0	53	0	0	0	0	0	0	0	0	3	6	0	37	0	0	0	0	0	2	0	3	0	0	0	-9	2	2	0	22
20:40:00	74400	3	9	0	47	0	0	0	0	0	0	0	0	3	6	0	34	0	0	0	0	0	0	0	3	0	0	0	-9	0	3	0	19
20:45:00	74700	5	8	0	44	0	0	0	0	0	0	0	0	3	2	0	35	0	0	0	0	0	0	0	3	0	0	0	-9	2	6	0	15
20:50:00	75000	10	14	0	40	0	0	0	0	0	0	0	0	6	8	0	33	0	0	0	0	0	0	0	3	0	0	0	-9	4	6	0	13
20:55:00	75300	5	9	0	36	0	0	0	0	0	0	0	0	4	5	0	32	0	0	0	0	0	0	0	3	0	0	0	-9	1	4	0	10
21:00:00	75600	11	13	0	34	0	0	0	0	0	0	0	0	9	10	0	31	0	0	0	0	0	0	0	3	0	0	0	-9	2	3	0	9
21:05:00	75900	6	7	0	33	0	0	0	0	0	0	0	0	6	5	0	32	0	0	0	0	0	0	0	3	0	0	0	-9	0	2	0	7
21:10:00	76200	3	5	0	31	0	0	0	0	0	0	0	0	3	4	0	31	0	0	0	0	0	0	0	3	0	0	0	-9	0	1	0	6
21:15:00	76500	1	5	0	27	0	0	0	0	0	0	0	0	1	5	0	27	0	0	0	0	0	0	0	3	0	0	0	-9	0	0	0	6
21:20:00	76800	2	4	0	25	0	0	0	0	0	0	0	0	2	3	0	26	0	0	0	0	0	0	0	3	0	0	0	-9	0	1	0	5
21:25:00	77100	1	3	0	23	0	0	0	0	0	0	0	0	1	3	0	24	0	0	0	0	0	0	0	3	0	0	0	-9	0	0	0	5
21:30:00	77400	0	4	0	19	0	0	0	0	0	0	0	0	0	4	0	20	0	0	0	0	0	0	0	3	0	0	0	-9	0	0	0	5
21:35:00	77700	0	3	0	16	0	0	0	0	0	0	0	0	0	3	0	17	0	0	0	0	0	0	0	3	0	0	0	-9	0	0	0	5
21:40:00	78000	2	4	0	14	0	0	0	0	0	0	0	0	2	4	0	15	0	0	0	0	0	0	0	3	0	0	0	-9	0	0	0	5
21:45:00	78300	2	4	0	12	0	0	0	0	0	0	0	0	2	2	0	15	0	0	0	0	0	0	0	3	0	0	0	-9	0	2	0	3
21:50:00	78600	3	5	0	10	0	0	0	0	0	0	0	0	3	5	0	13	0	0	0	0	0	0	0	3	0	0	0	-9	0	0	0	3
21:55:00	78900	1	1	0	10	0	0	0	0	0	0	0	0	1	1	0	13	0	0	0	0	0	0	0	3	0	0	0	-9	0	0	0	3
22:00:00	79200	0	1	0	9	0	0	0	0	0	0	0	0	0	1	0	12	0	0	0	0	0	0	0	3	0	0	0	-9	0	0	0	3
22:05:00	79500	0	1	0	8	0	0	0	0	0	0	0	0	0	0	0	12	0	0	0	0	0	0	0	3	0	0	0	-9	0	1	0	2
22:10:00	79800	1	2	0	7	0	0	0	0	0	0	0	0	1	2	0	11	0	0	0	0	0	0	0	3	0	0	0	-9	0	0	0	2
22:15:00	80100	2	4	0	5	0	0	0	0	0	0	0	0	1	3	0	9	0	0	0	0	0	0	0	3	0	0	0	-9	1	1	0	2
22:20:00	80400	1	3	0	3	0	0	0	0	0	0	0	0	1	1	0	9	0	0	0	0	0	0	0	3	0	0	0	-9	0	2	0	0
22:25:00	80700	0	3	0	0	0	0	0	0	0	0	0	0	0	3	0	6	0	0	0	0	0	0	0	3	0	0	0	-9	0	0	0	0
22:30:00	81000	0	0	0	0	0	0	0	0	0	0	0	0	0	0	0	6	0	0	0	0	0	0	0	3	0	0	0	-9	0	0	0	0
22:35:00	81300	0	0	0	0	0	0	0	0	0	0	0	0	0	0	0	6	0	0	0	0	0	0	0	3	0	0	0	-9	0	0	0	0
22:40:00	81600	0	1	0	-1	0	0	0	0	0	0	0	0	0	1	0	5	0	0	0	0	0	0	0	3	0	0	0	-9	0	0	0	0
22:45:00	81900	2	2	0	-1	0	0	0	0	0	0	0	0	1	2	0	4	0	0	0	0	0	0	0	3	0	0	0	-9	1	0	0	1
22:50:00	82200	0	0	0	-1	0	0	0	0	0	0	0	0	0	0	0	4	0	0	0	0	0	0	0	3	0	0	0	-9	0	0	0	1
22:55:00	82500	0	0	0	-1	0	0	0	0	0	0	0	0	0	0	0	4	0	0	0	0	0	0	0	3	0	0	0	-9	0	0	0	1
23:00:00	82800	0	0	0	-1	0	0	0	0	0	0	0	0	0	0	0	4	0	0	0	0	0	0	0	3	0	0	0	-9	0	0	0	1
23:05:00	83100	0	1	0	-2	0	0	0	0	0	0	0	0	0	0	0	4	0	0	0	0	0	0	0	3	0	0	0	-9	0	1	0	0
23:10:00	83400	0	0	0	-2	0	0	0	0	0	0	0	0	0	0	0	4	0	0	0	0	0	0	0	3	0	0	0	-9	0	0	0	0
23:15:00	83700	6	2	0	2	0	0	0	0	0	0	0	0	6	2	0	8	0	0	0	0	0	0	0	3	0	0	0	-9	0	0	0	0
23:20:00	84000	5	3	0	4	0	0	0	0	0	0	0	0	3	3	0	8	0	0	0	0	0	0	0	3	0	0	0	-9	2	0	0	2
23:25:00	84300	5	2	0	7	0	0	0	0	0	0	0	0	3	0	0	11	0	0	0	0	0	0	0	3	0	0	0	-9	2	2	0	2
23:30:00	84600	2	7	0	2	0	0	0	0	0	0	0	0	2	5	0	8	0	0	0	0	0	0	0	3	0	0	0	-9	0	2	0	0
23:35:00	84900	2	0	0	4	0	0	0	0	0	0	0	0	2	0	0	10	0	0	0	0	0	0	0	3	0	0	0	-9	0	0	0	0
23:40:00	85200	3	3	0	4	0	0	0	0	0	0	0	0	2	3	0	9	0	0	0	0	0	0	0	3	0	0	0	-9	1	0	0	1
23:45:00	85500	4	3	0	5	0	0	0	0	0	0	0	0	2	2	0	9	0	0	0	0	0	0	0	3	0	0	0	-9	2	1	0	2
23:50:00	85800	4	4	0	5	0	0	0	0	0	0	0	0	4	3	0	10	0	0	0	0	0	0	0	3	0	0	0	-9	0	1	0	1
23:55:00	86100	2	3	0	4	0	0	0	0	0	0	0	0	0	2	0	8	0	0	0	0	0	0	0	3	0	0	0	-9	2	1	0	2
24:00:00	86400	4	1	0	7	0	0	0	0	0	0	0	0	3	0	0	11	0	0	0	0	0	0	0	3	0	0	0	-9	1	1	0	2
24:05:00	86700	2	3	0	6	0	0	0	0	0	0	0	0	2	2	0	11	0	0	0	0	0	0	0	3	0	0	0	-9	0	1	0	1
24:10:00	87000	3	4	0	5	0	0	0	0	0	0	0	0	3	3	0	11	0	0	0	0	0	0	0	3	0	0	0	-9	0	1	0	0
24:15:00	87300	0	3	0	2	0	0	0	0	0	0	0	0	0	3	0	8	0	0	0	0	0	0	0	3	0	0	0	-9	0	0	0	0
24:20:00	87600	0	2	0	0	0	0	0	0	0	0	0	0	0	2	0	6	0	0	0	0	0	0	0	3	0	0	0	-9	0	0	0	0
24:25:00	87900	0	1	0	-1	0	0	0	0	0	0	0	0	0	1	0	5	0	0	0	0	0	0	0	3	0	0	0	-9	0	0	0	0
24:30:00	88200	0	0	0	-1	0	0	0	0	0	0	0	0	0	0	0	5	0	0	0	0	0	0	0	3	0	0	0	-9	0	0	0	0
24:35:00	88500	0	2	0	-3	0	0	0	0	0	0	0	0	0	2	0	3	0	0	0	0	0	0	0	3	0	0	0	-9	0	0	0	0
24:40:00	88800	0	0	0	-3	0	0	0	0	0	0	0	0	0	0	0	3	0	0	0	0	0	0	0	3	0	0	0	-9	0	0	0	0
24:45:00	89100	0	0	0	-3	0	0	0	0	0	0	0	0	0	0	0	3	0	0	0	0	0	0	0	3	0	0	0	-9	0	0	0	0
24:50:00	89400	0	2	0	-5	0	0	0	0	0	0	0	0	0	2	0	1	0	0	0	0	0	0	0	3	0	0	0	-9	0	0	0	0
24:55:00	89700	0	0	0	-5	0	0	0	0	0	0	0	0	0	0	0	1	0	0	0	0	0	0	0	3	0	0	0	-9	0	0	0	0
25:00:00	90000	0	0	0	-5	0	0	0	0	0	0	0	0	0	0	0	1	0	0	0	0	0	0	0	3	0	0	0	-9	0	0	0	0
25:05:00	90300	0	0	0	-5	0	0	0	0	0	0	0	0	0	0	0	1	0	0	0	0	0	0	0	3	0	0	0	-9	0	0	0	0
25:10:00	90600	0	0	0	-5	0	0	0	0	0	0	0	0	0	0	0	1	0	0	0	0	0	0	0	3	0	0	0	-9	0	0	0	0
25:15:00	90900	0	0	0	-5	0	0	0	0	0	0	0	0	0	0	0	1	0	0	0	0	0	0	0	3	0	0	0	-9	0	0	0	0
25:20:00	91200	0	0	0	-5	0	0	0	0	0	0	0	0	0	0	0	1	0	0	0	0	0	0	0	3	0	0	0	-9	0	0	0	0
25:25:00	91500	0	0	0	-5	0	0	0	0	0	0	0	0	0	0	0	1	0	0	0	0	0	0	0	3	0	0	0	-9	0	0	0	0
25:30:00	91800	0	0	0	-5	0	0	0	0	0	0	0	0	0	0	0	1	0	0	0	0	0	0	0	3	0	0	0	-9	0	0	0	0
25:35:00	92100	0	0	0	-5	0	0	0	0	0	0	0	0	0	0	0	1	0	0	0	0	0	0	0	3	0	0	0	-9	0	0	0	0
25:40:00	92400	0	0	0	-5	0	0	0	0	0	0	0	0	0	0	0	1	0	0	0	0	0	0	0	3	0	0	0	-9	0	0	0	0
25:45:00	92700	0	0	0	-5	0	0	0	0	0	0	0	0	0	0	0	1	0	0	0	0	0	0	0	3	0	0	0	-9	0	0	0	0
25:50:00	93000	0	0	0	-5	0	0	0	0	0	0	0	0	0	0	0	1	0	0	0	0	0	0	0	3	0	0	0	-9	0	0	0	0
25:55:00	93300	0	0	0	-5	0	0	0	0	0	0	0	0	0	0	0	1	0	0	0	0	0	0	0	3	0	0	0	-9	0	0	0	0
26:00:00	93600	0	0	0	-5	0	0	0	0	0	0	0	0	0	0	0	1	0	0	0	0	0	0	0	3	0	0	0	-9	0	0	0	0
26:05:00	93900	2	2	0	-5	0	0	0	0	0	0	0	0	2	2	0	1	0	0	0	0	0	0	0	3	0	0	0	-9	0	0	0	0
26:10:00	94200	0	1	0	-6	0	0	0	0	0	0	0	0	0	1	0	0	0	0	0	0	0	0	0	3	0	0	0	-9	0	0	0	0
26:15:00	94500	0	0	0	-6	0	0	0	0	0	0	0	0	0	0	0	0	0	0	0	0	0	0	0	3	0	0	0	-9	0	0	0	0
26:20:00	94800	0	0	0	-6	0	0	0	0	0	0	0	0	0	0	0	0	0	0	0	0	0	0	0	3	0	0	0	-9	0	0	0	0
26:25:00	95100	0	0	0	-6	0	0	0	0	0	0	0	0	0	0	0	0	0	0	0	0	0	0	0	3	0	0	0	-9	0	0	0	0
26:30:00	95400	0	0	0	-6	0	0	0	0	0	0	0	0	0	0	0	0	0	0	0	0	0	0	0	3	0	0	0	-9	0	0	0	0
26:35:00	95700	0	0	0	-6	0	0	0	0	0	0	0	0	0	0	0	0	0	0	0	0	0	0	0	3	0	0	0	-9	0	0	0	0
26:40:00	96000	0	0	0	-6	0	0	0	0	0	0	0	0	0	0	0	0	0	0	0	0	0	0	0	3	0	0	0	-9	0	0	0	0
26:45:00	96300	0	0	0	-6	0	0	0	0	0	0	0	0	0	0	0	0	0	0	0	0	0	0	0	3	0	0	0	-9	0	0	0	0
26:50:00	96600	0	0	0	-6	0	0	0	0	0	0	0	0	0	0	0	0	0	0	0	0	0	0	0	3	0	0	0	-9	0	0	0	0
26:55:00	96900	0	0	0	-6	0	0	0	0	0	0	0	0	0	0	0	0	0	0	0	0	0	0	0	3	0	0	0	-9	0	0	0	0
27:00:00	97200	0	0	0	-6	0	0	0	0	0	0	0	0	0	0	0	0	0	0	0	0	0	0	0	3	0	0	0	-9	0	0	0	0
27:05:00	97500	0	0	0	-6	0	0	0	0	0	0	0	0	0	0	0	0	0	0	0	0	0	0	0	3	0	0	0	-9	0	0	0	0
27:10:00	97800	0	0	0	-6	0	0	0	0	0	0	0	0	0	0	0	0	0	0	0	0	0	0	0	3	0	0	0	-9	0	0	0	0
27:15:00	98100	0	0	0	-6	0	0	0	0	0	0	0	0	0	0	0	0	0	0	0	0	0	0	0	3	0	0	0	-9	0	0	0	0
27:20:00	98400	0	0	0	-6	0	0	0	0	0	0	0	0	0	0	0	0	0	0	0	0	0	0	0	3	0	0	0	-9	0	0	0	0
27:25:00	98700	0	0	0	-6	0	0	0	0	0	0	0	0	0	0	0	0	0	0	0	0	0	0	0	3	0	0	0	-9	0	0	0	0
27:30:00	99000	0	0	0	-6	0	0	0	0	0	0	0	0	0	0	0	0	0	0	0	0	0	0	0	3	0	0	0	-9	0	0	0	0
27:35:00	99300	0	0	0	-6	0	0	0	0	0	0	0	0	0	0	0	0	0	0	0	0	0	0	0	3	0	0	0	-9	0	0	0	0
27:40:00	99600	0	0	0	-6	0	0	0	0	0	0	0	0	0	0	0	0	0	0	0	0	0	0	0	3	0	0	0	-9	0	0	0	0
27:45:00	99900	0	0	0	-6	0	0	0	0	0	0	0	0	0	0	0	0	0	0	0	0	0	0	0	3	0	0	0	-9	0	0	0	0
27:50:00	100200	0	0	0	-6	0	0	0	0	0	0	0	0	0	0	0	0	0	0	0	0	0	0	0	3	0	0	0	-9	0	0	0	0
27:55:00	100500	0	0	0	-6	0	0	0	0	0	0	0	0	0	0	0	0	0	0	0	0	0	0	0	3	0	0	0	-9	0	0	0	0
28:00:00	100800	0	0	0	-6	0	0	0	0	0	0	0	0	0	0	0	0	0	0	0	0	0	0	0	3	0	0	0	-9	0	0	0	0
28:05:00	101100	0	0	0	-6	0	0	0	0	0	0	0	0	0	0	0	0	0	0	0	0	0	0	0	3	0	0	0	-9	0	0	0	0
28:10:00	101400	0	0	0	-6	0	0	0	0	0	0	0	0	0	0	0	0	0	0	0	0	0	0	0	3	0	0	0	-9	0	0	0	0
28:15:00	101700	0	0	0	-6	0	0	0	0	0	0	0	0	0	0	0	0	0	0	0	0	0	0	0	3	0	0	0	-9	0	0	0	0
28:20:00	102000	0	0	0	-6	0	0	0	0	0	0	0	0	0	0	0	0	0	0	0	0	0	0	0	3	0	0	0	-9	0	0	0	0
28:25:00	102300	0	0	0	-6	0	0	0	0	0	0	0	0	0	0	0	0	0	0	0	0	0	0	0	3	0	0	0	-9	0	0	0	0
28:30:00	102600	0	0	0	-6	0	0	0	0	0	0	0	0	0	0	0	0	0	0	0	0	0	0	0	3	0	0	0	-9	0	0	0	0
28:35:00	102900	0	0	0	-6	0	0	0	0	0	0	0	0	0	0	0	0	0	0	0	0	0	0	0	3	0	0	0	-9	0	0	0	0
28:40:00	103200	0	0	0	-6	0	0	0	0	0	0	0	0	0	0	0	0	0	0	0	0	0	0	0	3	0	0	0	-9	0	0	0	0
28:45:00	103500	0	0	0	-6	0	0	0	0	0	0	0	0	0	0	0	0	0	0	0	0	0	0	0	3	0	0	0	-9	0	0	0	0
28:50:00	103800	0	0	0	-6	0	0	0	0	0	0	0	0	0	0	0	0	0	0	0	0	0	0	0	3	0	0	0	-9	0	0	0	0
28:55:00	104100	0	0	0	-6	0	0	0	0	0	0	0	0	0	0	0	0	0	0	0	0	0	0	0	3	0	0	0	-9	0	0	0	0
29:00:00	104400	0	0	0	-6	0	0	0	0	0	0	0	0	0	0	0	0	0	0	0	0	0	0	0	3	0	0	0	-9	0	0	0	0
29:05:00	104700	0	0	0	-6	0	0	0	0	0	0	0	0	0	0	0	0	0	0	0	0	0	0	0	3	0	0	0	-9	0	0	0	0
29:10:00	105000	0	0	0	-6	0	0	0	0	0	0	0	0	0	0	0	0	0	0	0	0	0	0	0	3	0	0	0	-9	0	0	0	0
29:15:00	105300	0	0	0	-6	0	0	0	0	0	0	0	0	0	0	0	0	0	0	0	0	0	0	0	3	0	0	0	-9	0	0	0	0
29:20:00	105600	0	0	0	-6	0	0	0	0	0	0	0	0	0	0	0	0	0	0	0	0	0	0	0	3	0	0	0	-9	0	0	0	0
29:25:00	105900	0	0	0	-6	0	0	0	0	0	0	0	0	0	0	0	0	0	0	0	0	0	0	0	3	0	0	0	-9	0	0	0	0
29:30:00	106200	0	0	0	-6	0	0	0	0	0	0	0	0	0	0	0	0	0	0	0	0	0	0	0	3	0	0	0	-9	0	0	0	0
29:35:00	106500	0	0	0	-6	0	0	0	0	0	0	0	0	0	0	0	0	0	0	0	0	0	0	0	3	0	0	0	-9	0	0	0	0
29:40:00	106800	0	0	0	-6	0	0	0	0	0	0	0	0	0	0	0	0	0	0	0	0	0	0	0	3	0	0	0	-9	0	0	0	0
29:45:00	107100	0	0	0	-6	0	0	0	0	0	0	0	0	0	0	0	0	0	0	0	0	0	0	0	3	0	0	0	-9	0	0	0	0
29:50:00	107400	0	0	0	-6	0	0	0	0	0	0	0	0	0	0	0	0	0	0	0	0	0	0	0	3	0	0	0	-9	0	0	0	0
29:55:00	107700	0	0	0	-6	0	0	0	0	0	0	0	0	0	0	0	0	0	0	0	0	0	0	0	3	0	0	0	-9	0	0	0	0
30:00:00	108000	0	0	3	-9	0	0	0	0	0	0	0	0	0	0	0	0	0	0	0	0	0	0	3	0	0	0	0	-9	0	0	0	0
30:05:00	108300	0	0	0	-9	0	0	0	0	0	0	0	0	0	0	0	0	0	0	0	0	0	0	0	0	0	0	0	-9	0	0	0	0
