time	time	departures_all	arrivals_all	stuck_all	en-route_all	departures_Shared-Bike	arrivals_Shared-Bike	stuck_Shared-Bike	en-route_Shared-Bike	departures_bike	arrivals_bike	stuck_bike	en-route_bike	departures_car	arrivals_car	stuck_car	en-route_car	departures_car_passenger	arrivals_car_passenger	stuck_car_passenger	en-route_car_passenger	departures_eScooter	arrivals_eScooter	stuck_eScooter	en-route_eScooter	departures_pt	arrivals_pt	stuck_pt	en-route_pt	departures_sharing:standardBikeShare	arrivals_sharing:standardBikeShare	stuck_sharing:standardBikeShare	en-route_sharing:standardBikeShare	departures_sharing:standardeScooter	arrivals_sharing:standardeScooter	stuck_sharing:standardeScooter	en-route_sharing:standardeScooter	departures_walk	arrivals_walk	stuck_walk	en-route_walk
00:00:00	0	0	0	0	0	0	0	0	0	0	0	0	0	0	0	0	0	0	0	0	0	0	0	0	0	0	0	0	0	0	0	0	0	0	0	0	0	0	0	0	0
00:05:00	300	0	0	0	0	0	0	0	0	0	0	0	0	0	0	0	0	0	0	0	0	0	0	0	0	0	0	0	0	0	0	0	0	0	0	0	0	0	0	0	0
00:10:00	600	0	0	0	0	0	0	0	0	0	0	0	0	0	0	0	0	0	0	0	0	0	0	0	0	0	0	0	0	0	0	0	0	0	0	0	0	0	0	0	0
00:15:00	900	0	0	0	0	0	0	0	0	0	0	0	0	0	0	0	0	0	0	0	0	0	0	0	0	0	0	0	0	0	0	0	0	0	0	0	0	0	0	0	0
00:20:00	1200	0	0	0	0	0	0	0	0	0	0	0	0	0	0	0	0	0	0	0	0	0	0	0	0	0	0	0	0	0	0	0	0	0	0	0	0	0	0	0	0
00:25:00	1500	0	0	0	0	0	0	0	0	0	0	0	0	0	0	0	0	0	0	0	0	0	0	0	0	0	0	0	0	0	0	0	0	0	0	0	0	0	0	0	0
00:30:00	1800	0	0	0	0	0	0	0	0	0	0	0	0	0	0	0	0	0	0	0	0	0	0	0	0	0	0	0	0	0	0	0	0	0	0	0	0	0	0	0	0
00:35:00	2100	0	0	0	0	0	0	0	0	0	0	0	0	0	0	0	0	0	0	0	0	0	0	0	0	0	0	0	0	0	0	0	0	0	0	0	0	0	0	0	0
00:40:00	2400	0	0	0	0	0	0	0	0	0	0	0	0	0	0	0	0	0	0	0	0	0	0	0	0	0	0	0	0	0	0	0	0	0	0	0	0	0	0	0	0
00:45:00	2700	0	0	0	0	0	0	0	0	0	0	0	0	0	0	0	0	0	0	0	0	0	0	0	0	0	0	0	0	0	0	0	0	0	0	0	0	0	0	0	0
00:50:00	3000	0	0	0	0	0	0	0	0	0	0	0	0	0	0	0	0	0	0	0	0	0	0	0	0	0	0	0	0	0	0	0	0	0	0	0	0	0	0	0	0
00:55:00	3300	0	0	0	0	0	0	0	0	0	0	0	0	0	0	0	0	0	0	0	0	0	0	0	0	0	0	0	0	0	0	0	0	0	0	0	0	0	0	0	0
01:00:00	3600	0	0	0	0	0	0	0	0	0	0	0	0	0	0	0	0	0	0	0	0	0	0	0	0	0	0	0	0	0	0	0	0	0	0	0	0	0	0	0	0
01:05:00	3900	0	0	0	0	0	0	0	0	0	0	0	0	0	0	0	0	0	0	0	0	0	0	0	0	0	0	0	0	0	0	0	0	0	0	0	0	0	0	0	0
01:10:00	4200	0	0	0	0	0	0	0	0	0	0	0	0	0	0	0	0	0	0	0	0	0	0	0	0	0	0	0	0	0	0	0	0	0	0	0	0	0	0	0	0
01:15:00	4500	0	0	0	0	0	0	0	0	0	0	0	0	0	0	0	0	0	0	0	0	0	0	0	0	0	0	0	0	0	0	0	0	0	0	0	0	0	0	0	0
01:20:00	4800	0	0	0	0	0	0	0	0	0	0	0	0	0	0	0	0	0	0	0	0	0	0	0	0	0	0	0	0	0	0	0	0	0	0	0	0	0	0	0	0
01:25:00	5100	0	0	0	0	0	0	0	0	0	0	0	0	0	0	0	0	0	0	0	0	0	0	0	0	0	0	0	0	0	0	0	0	0	0	0	0	0	0	0	0
01:30:00	5400	0	0	0	0	0	0	0	0	0	0	0	0	0	0	0	0	0	0	0	0	0	0	0	0	0	0	0	0	0	0	0	0	0	0	0	0	0	0	0	0
01:35:00	5700	0	0	0	0	0	0	0	0	0	0	0	0	0	0	0	0	0	0	0	0	0	0	0	0	0	0	0	0	0	0	0	0	0	0	0	0	0	0	0	0
01:40:00	6000	0	0	0	0	0	0	0	0	0	0	0	0	0	0	0	0	0	0	0	0	0	0	0	0	0	0	0	0	0	0	0	0	0	0	0	0	0	0	0	0
01:45:00	6300	0	0	0	0	0	0	0	0	0	0	0	0	0	0	0	0	0	0	0	0	0	0	0	0	0	0	0	0	0	0	0	0	0	0	0	0	0	0	0	0
01:50:00	6600	0	0	0	0	0	0	0	0	0	0	0	0	0	0	0	0	0	0	0	0	0	0	0	0	0	0	0	0	0	0	0	0	0	0	0	0	0	0	0	0
01:55:00	6900	0	0	0	0	0	0	0	0	0	0	0	0	0	0	0	0	0	0	0	0	0	0	0	0	0	0	0	0	0	0	0	0	0	0	0	0	0	0	0	0
02:00:00	7200	0	0	0	0	0	0	0	0	0	0	0	0	0	0	0	0	0	0	0	0	0	0	0	0	0	0	0	0	0	0	0	0	0	0	0	0	0	0	0	0
02:05:00	7500	0	0	0	0	0	0	0	0	0	0	0	0	0	0	0	0	0	0	0	0	0	0	0	0	0	0	0	0	0	0	0	0	0	0	0	0	0	0	0	0
02:10:00	7800	0	0	0	0	0	0	0	0	0	0	0	0	0	0	0	0	0	0	0	0	0	0	0	0	0	0	0	0	0	0	0	0	0	0	0	0	0	0	0	0
02:15:00	8100	0	0	0	0	0	0	0	0	0	0	0	0	0	0	0	0	0	0	0	0	0	0	0	0	0	0	0	0	0	0	0	0	0	0	0	0	0	0	0	0
02:20:00	8400	0	0	0	0	0	0	0	0	0	0	0	0	0	0	0	0	0	0	0	0	0	0	0	0	0	0	0	0	0	0	0	0	0	0	0	0	0	0	0	0
02:25:00	8700	0	0	0	0	0	0	0	0	0	0	0	0	0	0	0	0	0	0	0	0	0	0	0	0	0	0	0	0	0	0	0	0	0	0	0	0	0	0	0	0
02:30:00	9000	0	0	0	0	0	0	0	0	0	0	0	0	0	0	0	0	0	0	0	0	0	0	0	0	0	0	0	0	0	0	0	0	0	0	0	0	0	0	0	0
02:35:00	9300	0	0	0	0	0	0	0	0	0	0	0	0	0	0	0	0	0	0	0	0	0	0	0	0	0	0	0	0	0	0	0	0	0	0	0	0	0	0	0	0
02:40:00	9600	0	0	0	0	0	0	0	0	0	0	0	0	0	0	0	0	0	0	0	0	0	0	0	0	0	0	0	0	0	0	0	0	0	0	0	0	0	0	0	0
02:45:00	9900	0	0	0	0	0	0	0	0	0	0	0	0	0	0	0	0	0	0	0	0	0	0	0	0	0	0	0	0	0	0	0	0	0	0	0	0	0	0	0	0
02:50:00	10200	0	0	0	0	0	0	0	0	0	0	0	0	0	0	0	0	0	0	0	0	0	0	0	0	0	0	0	0	0	0	0	0	0	0	0	0	0	0	0	0
02:55:00	10500	0	0	0	0	0	0	0	0	0	0	0	0	0	0	0	0	0	0	0	0	0	0	0	0	0	0	0	0	0	0	0	0	0	0	0	0	0	0	0	0
03:00:00	10800	0	0	0	0	0	0	0	0	0	0	0	0	0	0	0	0	0	0	0	0	0	0	0	0	0	0	0	0	0	0	0	0	0	0	0	0	0	0	0	0
03:05:00	11100	0	0	0	0	0	0	0	0	0	0	0	0	0	0	0	0	0	0	0	0	0	0	0	0	0	0	0	0	0	0	0	0	0	0	0	0	0	0	0	0
03:10:00	11400	0	0	0	0	0	0	0	0	0	0	0	0	0	0	0	0	0	0	0	0	0	0	0	0	0	0	0	0	0	0	0	0	0	0	0	0	0	0	0	0
03:15:00	11700	0	0	0	0	0	0	0	0	0	0	0	0	0	0	0	0	0	0	0	0	0	0	0	0	0	0	0	0	0	0	0	0	0	0	0	0	0	0	0	0
03:20:00	12000	0	0	0	0	0	0	0	0	0	0	0	0	0	0	0	0	0	0	0	0	0	0	0	0	0	0	0	0	0	0	0	0	0	0	0	0	0	0	0	0
03:25:00	12300	0	0	0	0	0	0	0	0	0	0	0	0	0	0	0	0	0	0	0	0	0	0	0	0	0	0	0	0	0	0	0	0	0	0	0	0	0	0	0	0
03:30:00	12600	0	0	0	0	0	0	0	0	0	0	0	0	0	0	0	0	0	0	0	0	0	0	0	0	0	0	0	0	0	0	0	0	0	0	0	0	0	0	0	0
03:35:00	12900	0	0	0	0	0	0	0	0	0	0	0	0	0	0	0	0	0	0	0	0	0	0	0	0	0	0	0	0	0	0	0	0	0	0	0	0	0	0	0	0
03:40:00	13200	0	0	0	0	0	0	0	0	0	0	0	0	0	0	0	0	0	0	0	0	0	0	0	0	0	0	0	0	0	0	0	0	0	0	0	0	0	0	0	0
03:45:00	13500	0	0	0	0	0	0	0	0	0	0	0	0	0	0	0	0	0	0	0	0	0	0	0	0	0	0	0	0	0	0	0	0	0	0	0	0	0	0	0	0
03:50:00	13800	0	0	0	0	0	0	0	0	0	0	0	0	0	0	0	0	0	0	0	0	0	0	0	0	0	0	0	0	0	0	0	0	0	0	0	0	0	0	0	0
03:55:00	14100	0	0	0	0	0	0	0	0	0	0	0	0	0	0	0	0	0	0	0	0	0	0	0	0	0	0	0	0	0	0	0	0	0	0	0	0	0	0	0	0
04:00:00	14400	0	0	0	0	0	0	0	0	0	0	0	0	0	0	0	0	0	0	0	0	0	0	0	0	0	0	0	0	0	0	0	0	0	0	0	0	0	0	0	0
04:05:00	14700	0	0	0	0	0	0	0	0	0	0	0	0	0	0	0	0	0	0	0	0	0	0	0	0	0	0	0	0	0	0	0	0	0	0	0	0	0	0	0	0
04:10:00	15000	0	0	0	0	0	0	0	0	0	0	0	0	0	0	0	0	0	0	0	0	0	0	0	0	0	0	0	0	0	0	0	0	0	0	0	0	0	0	0	0
04:15:00	15300	0	0	0	0	0	0	0	0	0	0	0	0	0	0	0	0	0	0	0	0	0	0	0	0	0	0	0	0	0	0	0	0	0	0	0	0	0	0	0	0
04:20:00	15600	0	0	0	0	0	0	0	0	0	0	0	0	0	0	0	0	0	0	0	0	0	0	0	0	0	0	0	0	0	0	0	0	0	0	0	0	0	0	0	0
04:25:00	15900	0	0	0	0	0	0	0	0	0	0	0	0	0	0	0	0	0	0	0	0	0	0	0	0	0	0	0	0	0	0	0	0	0	0	0	0	0	0	0	0
04:30:00	16200	0	0	0	0	0	0	0	0	0	0	0	0	0	0	0	0	0	0	0	0	0	0	0	0	0	0	0	0	0	0	0	0	0	0	0	0	0	0	0	0
04:35:00	16500	0	0	0	0	0	0	0	0	0	0	0	0	0	0	0	0	0	0	0	0	0	0	0	0	0	0	0	0	0	0	0	0	0	0	0	0	0	0	0	0
04:40:00	16800	0	0	0	0	0	0	0	0	0	0	0	0	0	0	0	0	0	0	0	0	0	0	0	0	0	0	0	0	0	0	0	0	0	0	0	0	0	0	0	0
04:45:00	17100	0	0	0	0	0	0	0	0	0	0	0	0	0	0	0	0	0	0	0	0	0	0	0	0	0	0	0	0	0	0	0	0	0	0	0	0	0	0	0	0
04:50:00	17400	0	0	0	0	0	0	0	0	0	0	0	0	0	0	0	0	0	0	0	0	0	0	0	0	0	0	0	0	0	0	0	0	0	0	0	0	0	0	0	0
04:55:00	17700	0	0	0	0	0	0	0	0	0	0	0	0	0	0	0	0	0	0	0	0	0	0	0	0	0	0	0	0	0	0	0	0	0	0	0	0	0	0	0	0
05:00:00	18000	0	0	0	0	0	0	0	0	0	0	0	0	0	0	0	0	0	0	0	0	0	0	0	0	0	0	0	0	0	0	0	0	0	0	0	0	0	0	0	0
05:05:00	18300	0	0	0	0	0	0	0	0	0	0	0	0	0	0	0	0	0	0	0	0	0	0	0	0	0	0	0	0	0	0	0	0	0	0	0	0	0	0	0	0
05:10:00	18600	0	0	0	0	0	0	0	0	0	0	0	0	0	0	0	0	0	0	0	0	0	0	0	0	0	0	0	0	0	0	0	0	0	0	0	0	0	0	0	0
05:15:00	18900	0	0	0	0	0	0	0	0	0	0	0	0	0	0	0	0	0	0	0	0	0	0	0	0	0	0	0	0	0	0	0	0	0	0	0	0	0	0	0	0
05:20:00	19200	0	0	0	0	0	0	0	0	0	0	0	0	0	0	0	0	0	0	0	0	0	0	0	0	0	0	0	0	0	0	0	0	0	0	0	0	0	0	0	0
05:25:00	19500	0	0	0	0	0	0	0	0	0	0	0	0	0	0	0	0	0	0	0	0	0	0	0	0	0	0	0	0	0	0	0	0	0	0	0	0	0	0	0	0
05:30:00	19800	0	0	0	0	0	0	0	0	0	0	0	0	0	0	0	0	0	0	0	0	0	0	0	0	0	0	0	0	0	0	0	0	0	0	0	0	0	0	0	0
05:35:00	20100	0	0	0	0	0	0	0	0	0	0	0	0	0	0	0	0	0	0	0	0	0	0	0	0	0	0	0	0	0	0	0	0	0	0	0	0	0	0	0	0
05:40:00	20400	0	0	0	0	0	0	0	0	0	0	0	0	0	0	0	0	0	0	0	0	0	0	0	0	0	0	0	0	0	0	0	0	0	0	0	0	0	0	0	0
05:45:00	20700	0	0	0	0	0	0	0	0	0	0	0	0	0	0	0	0	0	0	0	0	0	0	0	0	0	0	0	0	0	0	0	0	0	0	0	0	0	0	0	0
05:50:00	21000	0	0	0	0	0	0	0	0	0	0	0	0	0	0	0	0	0	0	0	0	0	0	0	0	0	0	0	0	0	0	0	0	0	0	0	0	0	0	0	0
05:55:00	21300	0	0	0	0	0	0	0	0	0	0	0	0	0	0	0	0	0	0	0	0	0	0	0	0	0	0	0	0	0	0	0	0	0	0	0	0	0	0	0	0
06:00:00	21600	4	0	0	4	0	0	0	0	0	0	0	0	3	0	0	3	0	0	0	0	0	0	0	0	0	0	0	0	0	0	0	0	0	0	0	0	1	0	0	1
06:05:00	21900	4	2	1	5	0	0	0	0	0	0	0	0	1	1	0	3	0	0	0	0	0	0	0	0	0	0	0	0	0	0	0	0	0	0	1	-1	3	1	0	3
06:10:00	22200	3	1	0	7	0	0	0	0	0	0	0	0	3	1	0	5	0	0	0	0	0	0	0	0	0	0	0	0	0	0	0	0	0	0	0	-1	0	0	0	3
06:15:00	22500	1	3	0	5	0	0	0	0	0	0	0	0	0	3	0	2	0	0	0	0	0	0	0	0	0	0	0	0	0	0	0	0	0	0	0	-1	1	0	0	4
06:20:00	22800	4	1	1	7	0	0	0	0	0	0	0	0	2	0	0	4	0	0	0	0	0	0	0	0	0	0	0	0	0	0	0	0	0	0	1	-2	2	1	0	5
06:25:00	23100	5	3	1	8	0	0	0	0	0	0	0	0	1	2	0	3	0	0	0	0	0	0	0	0	0	0	0	0	0	0	0	0	0	0	1	-3	4	1	0	8
06:30:00	23400	44	5	1	46	0	0	0	0	0	0	0	0	26	2	0	27	0	0	0	0	0	0	0	0	2	0	0	2	0	0	0	0	0	0	1	-4	16	3	0	21
06:35:00	23700	36	19	1	62	0	0	0	0	0	0	0	0	24	14	0	37	0	0	0	0	0	0	0	0	0	0	0	2	0	0	0	0	0	0	1	-5	12	5	0	28
06:40:00	24000	37	21	0	78	0	0	0	0	0	0	0	0	27	14	0	50	0	0	0	0	1	0	0	1	1	0	0	3	0	0	0	0	0	0	0	-5	8	7	0	29
06:45:00	24300	37	36	2	77	0	0	0	0	1	0	0	1	19	23	0	46	0	0	0	0	2	1	0	2	2	1	0	4	0	0	0	0	0	0	2	-7	13	11	0	31
06:50:00	24600	48	32	4	89	0	0	0	0	0	0	0	1	24	21	0	49	0	0	0	0	2	0	0	4	2	0	0	6	0	0	0	0	0	0	4	-11	20	11	0	40
06:55:00	24900	82	42	4	125	1	0	0	1	0	0	0	1	43	24	0	68	0	0	0	0	1	2	0	3	3	0	0	9	0	0	0	0	0	0	4	-15	34	16	0	58
07:00:00	25200	66	43	4	144	2	0	0	3	0	0	0	1	35	31	0	72	0	0	0	0	0	0	0	3	0	0	0	9	0	0	0	0	0	0	4	-19	29	12	0	75
07:05:00	25500	66	54	3	153	2	2	0	3	0	1	0	0	32	27	0	77	0	0	0	0	0	1	0	2	1	1	0	9	0	0	0	0	0	0	3	-22	31	22	0	84
07:10:00	25800	73	58	3	165	0	1	0	2	0	0	0	0	40	33	0	84	0	0	0	0	2	0	0	4	5	4	0	10	0	0	0	0	0	0	3	-25	26	20	0	90
07:15:00	26100	86	51	5	195	0	1	0	1	0	0	0	0	51	31	0	104	0	0	0	0	0	2	0	2	1	0	0	11	0	0	0	0	0	0	5	-30	34	17	0	107
07:20:00	26400	88	71	2	210	1	2	0	0	1	0	0	1	52	47	0	109	0	0	0	0	0	2	0	0	6	1	0	16	0	0	0	0	0	0	2	-32	28	19	0	116
07:25:00	26700	122	76	6	250	0	0	0	0	0	1	0	0	69	44	0	134	0	0	0	0	2	0	0	2	9	1	0	24	0	0	2	-2	0	0	4	-36	42	30	0	128
07:30:00	27000	74	81	3	240	1	0	0	1	0	0	0	0	46	58	0	122	0	0	0	0	1	1	0	2	5	2	0	27	0	0	0	-2	0	0	3	-39	21	20	0	129
07:35:00	27300	90	85	0	245	2	1	0	2	0	0	0	0	46	62	0	106	0	0	0	0	1	1	0	2	3	4	0	26	0	0	0	-2	0	0	0	-39	38	17	0	150
07:40:00	27600	98	69	4	270	0	0	0	2	0	0	0	0	50	38	0	118	0	0	0	0	0	0	0	2	7	1	0	32	0	0	0	-2	0	0	4	-43	41	30	0	161
07:45:00	27900	93	71	4	288	0	1	0	1	0	0	0	0	50	40	0	128	0	0	0	0	3	2	0	3	3	1	0	34	0	0	0	-2	0	0	4	-47	37	27	0	171
07:50:00	28200	124	100	10	302	1	1	0	1	0	0	0	0	64	57	0	135	0	0	0	0	1	1	0	3	8	6	0	36	0	0	0	-2	0	0	10	-57	50	35	0	186
07:55:00	28500	125	105	3	319	0	1	0	0	0	0	0	0	58	56	0	137	12	1	0	11	2	2	0	3	7	4	0	39	0	0	0	-2	0	0	3	-60	46	41	0	191
08:00:00	28800	135	121	5	328	1	1	0	0	0	0	0	0	51	66	0	122	24	7	0	28	2	2	0	3	6	5	0	40	0	0	0	-2	0	0	5	-65	51	40	0	202
08:05:00	29100	121	105	6	338	3	0	0	3	0	0	0	0	51	49	0	124	17	10	0	35	2	2	0	3	9	3	0	46	0	0	0	-2	0	0	6	-71	39	41	0	200
08:10:00	29400	135	116	3	354	0	2	0	1	0	0	0	0	56	65	0	115	26	16	0	45	1	2	0	2	6	6	0	46	0	0	0	-2	0	0	3	-74	46	25	0	221
08:15:00	29700	104	109	3	346	1	0	0	2	0	0	0	0	39	48	0	106	14	15	0	44	0	1	0	1	7	3	0	50	0	0	0	-2	0	0	3	-77	43	42	0	222
08:20:00	30000	113	102	5	352	0	1	0	1	0	0	0	0	56	45	0	117	16	18	0	42	2	0	0	3	7	2	0	55	0	0	0	-2	0	0	5	-82	32	36	0	218
08:25:00	30300	112	94	4	366	0	1	0	0	0	0	0	0	47	48	0	116	20	13	0	49	0	3	0	0	4	3	0	56	0	0	0	-2	0	0	4	-86	41	26	0	233
08:30:00	30600	101	113	5	349	2	0	0	2	0	0	0	0	33	54	0	95	21	16	0	54	1	0	0	1	11	6	0	61	0	0	0	-2	0	0	5	-91	33	37	0	229
08:35:00	30900	76	81	4	340	0	0	0	2	0	0	0	0	41	40	0	96	8	20	0	42	1	2	0	0	4	4	0	61	0	0	0	-2	0	0	4	-95	22	15	0	236
08:40:00	31200	89	85	5	339	0	1	0	1	0	0	0	0	27	37	0	86	24	17	0	49	0	0	0	0	7	4	0	64	0	0	0	-2	0	0	5	-100	31	26	0	241
08:45:00	31500	99	67	4	367	0	1	0	0	0	0	0	0	28	29	0	85	39	14	0	74	1	0	0	1	4	1	0	67	0	0	0	-2	0	0	4	-104	27	22	0	246
08:50:00	31800	76	84	5	354	0	0	0	0	0	0	0	0	33	32	0	86	13	22	0	65	1	0	0	2	6	0	0	73	0	0	0	-2	0	0	5	-109	23	30	0	239
08:55:00	32100	76	80	6	344	0	0	0	0	0	0	0	0	25	36	0	75	18	19	0	64	1	1	0	2	5	6	0	72	0	0	0	-2	0	0	6	-115	27	18	0	248
09:00:00	32400	84	75	3	350	1	0	0	1	0	0	0	0	41	32	0	84	4	16	0	52	0	1	0	1	5	1	0	76	0	0	0	-2	0	0	3	-118	33	25	0	256
09:05:00	32700	72	81	2	339	1	0	0	2	0	0	0	0	32	26	0	90	6	12	0	46	1	0	0	2	2	9	0	69	0	0	0	-2	0	0	2	-120	30	34	0	252
09:10:00	33000	54	83	1	309	0	1	0	1	0	0	0	0	23	41	0	72	3	13	0	36	0	0	0	2	3	3	0	69	0	0	0	-2	0	0	1	-121	25	25	0	252
09:15:00	33300	56	67	3	295	0	1	0	0	0	0	0	0	31	30	0	73	2	11	0	27	0	1	0	1	7	2	0	74	0	0	0	-2	0	0	3	-124	16	22	0	246
09:20:00	33600	47	73	4	265	0	0	0	0	0	0	0	0	18	29	0	62	2	9	0	20	1	1	0	1	7	3	0	78	0	0	0	-2	0	0	4	-128	19	31	0	234
09:25:00	33900	58	61	1	261	0	0	0	0	0	0	0	0	24	26	0	60	4	3	0	21	1	0	0	2	1	14	0	65	0	0	0	-2	0	0	1	-129	28	18	0	244
09:30:00	34200	46	66	1	240	0	0	0	0	0	0	0	0	24	26	0	58	1	7	0	15	0	1	0	1	2	5	0	62	0	0	0	-2	0	0	1	-130	19	27	0	236
09:35:00	34500	44	57	3	224	1	1	0	0	0	0	0	0	14	24	0	48	8	5	0	18	1	1	0	1	2	0	0	64	0	0	0	-2	0	0	3	-133	18	26	0	228
09:40:00	34800	35	45	1	213	0	0	0	0	0	0	0	0	19	20	0	47	2	5	0	15	0	1	0	0	1	1	0	64	0	0	0	-2	0	0	1	-134	13	18	0	223
09:45:00	35100	49	67	1	194	0	0	0	0	0	0	0	0	25	31	0	41	0	5	0	10	0	0	0	0	5	4	0	65	0	0	0	-2	0	0	1	-135	19	27	0	215
09:50:00	35400	42	52	2	182	0	0	0	0	0	0	0	0	25	18	0	48	0	5	0	5	0	0	0	0	6	0	0	71	0	0	0	-2	0	0	2	-137	11	29	0	197
09:55:00	35700	54	50	5	181	0	0	0	0	0	0	0	0	35	23	0	60	0	1	0	4	0	0	0	0	1	0	0	72	0	0	0	-2	0	0	5	-142	18	26	0	189
10:00:00	36000	79	77	3	180	0	0	0	0	0	0	0	0	29	34	0	55	0	2	0	2	1	0	0	1	5	13	0	64	0	0	0	-2	0	0	3	-145	44	28	0	205
10:05:00	36300	62	59	2	181	0	0	0	0	0	0	0	0	31	29	0	57	0	1	0	1	0	0	0	1	0	5	0	59	0	0	0	-2	0	0	2	-147	31	24	0	212
10:10:00	36600	93	92	5	177	1	0	0	1	0	0	0	0	45	32	0	70	0	1	0	0	0	1	0	0	2	6	0	55	0	0	0	-2	0	0	5	-152	45	52	0	205
10:15:00	36900	63	72	6	162	0	0	0	1	0	0	0	0	25	32	0	63	0	0	0	0	2	1	0	1	1	1	0	55	0	0	1	-3	0	0	5	-157	35	38	0	202
10:20:00	37200	75	81	4	152	0	1	0	0	0	0	0	0	32	34	0	61	0	0	0	0	0	0	0	1	3	2	0	56	0	0	0	-3	0	0	4	-161	40	44	0	198
10:25:00	37500	73	73	6	146	0	0	0	0	0	0	0	0	34	36	0	59	0	0	0	0	1	0	0	2	2	2	0	56	0	0	1	-4	0	0	5	-166	36	35	0	199
10:30:00	37800	61	69	6	132	1	0	0	1	0	0	0	0	28	25	0	62	0	0	0	0	0	0	0	2	0	1	0	55	0	0	0	-4	0	0	6	-172	32	43	0	188
10:35:00	38100	47	68	1	110	0	0	0	1	0	0	0	0	18	35	0	45	2	1	0	1	0	1	0	1	2	1	0	56	0	0	0	-4	0	0	1	-173	25	30	0	183
10:40:00	38400	58	69	4	95	1	1	0	1	0	0	0	0	15	23	0	37	1	1	0	1	0	0	0	1	2	1	0	57	0	0	0	-4	0	0	4	-177	39	43	0	179
10:45:00	38700	77	75	3	94	0	1	0	0	0	0	0	0	28	22	0	43	3	0	0	4	0	0	0	1	2	7	0	52	0	0	0	-4	0	0	3	-180	44	45	0	178
10:50:00	39000	49	67	5	71	0	0	0	0	0	0	0	0	17	23	0	37	0	3	0	1	1	1	0	1	3	1	0	54	0	0	1	-5	0	0	4	-184	28	39	0	167
10:55:00	39300	45	54	1	61	0	0	0	0	0	0	0	0	18	19	0	36	2	0	0	3	0	0	0	1	2	2	0	54	0	0	0	-5	0	0	1	-185	23	33	0	157
11:00:00	39600	50	49	2	60	0	0	0	0	0	0	0	0	22	17	0	41	4	1	0	6	1	0	0	2	1	0	0	55	0	0	0	-5	0	0	2	-187	22	31	0	148
11:05:00	39900	83	72	1	70	0	0	0	0	0	0	0	0	25	17	0	49	1	1	0	6	1	2	0	1	10	10	0	55	0	0	1	-6	0	0	0	-187	46	42	0	152
11:10:00	40200	80	56	3	91	1	1	0	0	0	0	0	0	38	20	0	67	2	1	0	7	0	0	0	1	2	1	0	56	0	0	1	-7	0	0	2	-189	37	33	0	156
11:15:00	40500	62	61	0	92	0	0	0	0	0	0	0	0	26	29	0	64	10	3	0	14	3	1	0	3	1	2	0	55	0	0	0	-7	0	0	0	-189	22	26	0	152
11:20:00	40800	64	59	2	95	0	0	0	0	0	0	0	0	30	27	0	67	2	2	0	14	0	0	0	3	3	3	0	55	0	0	0	-7	0	0	2	-191	29	27	0	154
11:25:00	41100	73	73	5	90	0	0	0	0	0	0	0	0	32	43	0	56	3	3	0	14	2	1	0	4	2	1	0	56	0	0	0	-7	0	0	5	-196	34	25	0	163
11:30:00	41400	75	70	5	90	0	0	0	0	1	1	0	0	34	25	0	65	1	5	0	10	0	2	0	2	4	3	0	57	0	0	2	-9	0	0	3	-199	35	34	0	164
11:35:00	41700	86	86	5	85	0	0	0	0	0	0	0	0	36	39	0	62	3	3	0	10	0	0	0	2	4	8	0	53	0	0	0	-9	0	0	5	-204	43	36	0	171
11:40:00	42000	84	73	3	93	1	0	0	1	0	0	0	0	29	25	0	66	0	4	0	6	2	2	0	2	2	14	0	41	0	0	0	-9	0	0	3	-207	50	28	0	193
11:45:00	42300	81	80	3	91	0	0	0	1	0	0	0	0	39	30	0	75	3	4	0	5	0	1	0	1	7	4	0	44	0	0	0	-9	0	0	3	-210	32	41	0	184
11:50:00	42600	88	76	3	100	0	1	0	0	0	0	0	0	41	34	0	82	5	2	0	8	0	1	0	0	4	1	0	47	0	0	0	-9	0	0	3	-213	38	37	0	185
11:55:00	42900	96	91	5	100	1	0	0	1	0	0	0	0	46	37	0	91	1	1	0	8	1	0	0	1	2	7	0	42	0	0	0	-9	0	0	5	-218	45	46	0	184
12:00:00	43200	73	78	5	90	0	0	0	1	0	0	0	0	40	45	0	86	2	2	0	8	0	0	0	1	2	0	0	44	0	0	0	-9	0	0	5	-223	29	31	0	182
12:05:00	43500	64	75	2	77	1	0	0	2	0	0	0	0	30	39	0	77	8	5	0	11	0	1	0	0	6	0	0	50	0	0	0	-9	0	0	2	-225	19	30	0	171
12:10:00	43800	63	63	0	77	0	1	0	1	0	0	0	0	32	34	0	75	2	0	0	13	1	0	0	1	4	2	0	52	0	0	0	-9	0	0	0	-225	24	26	0	169
12:15:00	44100	50	71	3	53	1	1	0	1	0	0	0	0	24	40	0	59	1	3	0	11	1	0	0	2	2	4	0	50	0	0	0	-9	0	0	3	-228	21	23	0	167
12:20:00	44400	40	51	2	40	0	1	0	0	0	0	0	0	22	34	0	47	0	3	0	8	1	0	0	3	0	1	0	49	0	0	0	-9	0	0	2	-230	17	12	0	172
12:25:00	44700	58	60	6	32	0	0	0	0	0	0	0	0	31	25	0	53	0	3	0	5	2	1	0	4	3	4	0	48	0	0	0	-9	0	0	6	-236	22	27	0	167
12:30:00	45000	41	38	0	35	1	0	0	1	0	0	0	0	23	20	0	56	0	1	0	4	2	1	0	5	2	2	0	48	0	0	0	-9	0	0	0	-236	13	14	0	166
12:35:00	45300	32	40	2	25	0	1	0	0	0	0	0	0	9	19	0	46	0	2	0	2	1	1	0	5	2	3	0	47	0	0	0	-9	0	0	2	-238	20	14	0	172
12:40:00	45600	35	32	1	27	0	0	0	0	0	0	0	0	21	15	0	52	0	1	0	1	1	0	0	6	2	2	0	47	0	0	0	-9	0	0	1	-239	11	14	0	169
12:45:00	45900	47	37	3	34	0	0	0	0	0	0	0	0	30	21	0	61	0	0	0	1	1	0	0	7	3	1	0	49	0	0	0	-9	0	0	3	-242	13	15	0	167
12:50:00	46200	28	39	2	21	0	0	0	0	0	0	0	0	16	25	0	52	0	1	0	0	0	3	0	4	1	0	0	50	0	0	0	-9	0	0	2	-244	11	10	0	168
12:55:00	46500	36	41	1	15	0	0	0	0	0	0	0	0	17	23	0	46	0	0	0	0	0	1	0	3	1	3	0	48	0	0	0	-9	0	0	1	-245	18	14	0	172
13:00:00	46800	9	32	4	-12	0	0	0	0	0	0	0	0	0	18	0	28	0	0	0	0	1	1	0	3	1	1	0	48	0	0	0	-9	0	0	4	-249	7	12	0	167
13:05:00	47100	5	25	0	-32	0	0	0	0	0	0	0	0	0	15	0	13	0	0	0	0	0	0	0	3	3	0	0	51	0	0	0	-9	0	0	0	-249	2	10	0	159
13:10:00	47400	2	19	0	-49	0	0	0	0	0	0	0	0	0	7	0	6	0	0	0	0	0	0	0	3	2	0	0	53	0	0	0	-9	0	0	0	-249	0	12	0	147
13:15:00	47700	18	12	3	-46	0	0	0	0	0	0	0	0	9	4	0	11	0	0	0	0	0	0	0	3	1	1	0	53	0	0	0	-9	0	0	3	-252	8	7	0	148
13:20:00	48000	14	14	0	-46	0	0	0	0	0	0	0	0	5	6	0	10	0	0	0	0	0	1	0	2	2	3	0	52	0	0	0	-9	0	0	0	-252	7	4	0	151
13:25:00	48300	16	24	1	-55	0	0	0	0	0	0	0	0	1	2	0	9	0	0	0	0	1	1	0	2	2	6	0	48	0	0	0	-9	0	0	1	-253	12	15	0	148
13:30:00	48600	56	19	2	-20	0	0	0	0	0	0	0	0	40	5	0	44	1	0	0	1	0	0	0	2	1	3	0	46	0	0	0	-9	0	0	2	-255	14	11	0	151
13:35:00	48900	58	55	3	-20	1	0	0	1	0	0	0	0	24	30	0	38	5	0	0	6	1	1	0	2	0	6	0	40	0	0	1	-10	0	0	2	-257	27	18	0	160
13:40:00	49200	51	48	3	-20	0	1	0	0	0	0	0	0	19	18	0	39	5	2	0	9	1	1	0	2	0	5	0	35	0	0	0	-10	0	0	3	-260	26	21	0	165
13:45:00	49500	56	44	3	-11	2	0	0	2	0	0	0	0	26	16	0	49	2	3	0	8	3	2	0	3	2	0	0	37	0	0	0	-10	0	0	3	-263	21	23	0	163
13:50:00	49800	92	55	3	23	0	2	0	0	0	0	0	0	40	20	0	69	15	7	0	16	2	1	0	4	1	2	0	36	0	0	0	-10	0	0	3	-266	34	23	0	174
13:55:00	50100	96	63	1	55	0	0	0	0	0	0	0	0	52	39	0	82	12	5	0	23	4	1	0	7	1	0	0	37	0	0	0	-10	0	0	1	-267	27	18	0	183
14:00:00	50400	74	78	2	49	1	0	0	1	0	0	0	0	41	38	0	85	3	9	0	17	1	2	0	6	2	0	0	39	0	0	1	-11	0	0	1	-268	26	29	0	180
14:05:00	50700	77	81	1	44	0	0	0	1	0	0	0	0	34	44	0	75	9	6	0	20	1	1	0	6	1	0	0	40	0	0	0	-11	0	0	1	-269	32	30	0	182
14:10:00	51000	74	73	3	42	1	1	0	1	0	0	0	0	32	35	0	72	14	13	0	21	0	4	0	2	3	0	0	43	0	0	0	-11	0	0	3	-272	24	20	0	186
14:15:00	51300	72	62	0	52	0	1	0	0	0	0	0	0	34	27	0	79	8	7	0	22	0	1	0	1	7	0	0	50	0	0	0	-11	0	0	0	-272	23	26	0	183
14:20:00	51600	83	66	2	67	1	0	0	1	0	0	0	0	35	32	0	82	14	8	0	28	0	1	0	0	3	3	0	50	0	0	0	-11	0	0	2	-274	30	22	0	191
14:25:00	51900	66	68	0	65	1	2	0	0	0	0	0	0	30	38	0	74	16	12	0	32	0	0	0	0	2	1	0	51	0	0	0	-11	0	0	0	-274	17	15	0	193
14:30:00	52200	56	65	2	54	1	0	0	1	0	0	0	0	18	25	0	67	12	12	0	32	1	0	0	1	4	2	0	53	0	0	0	-11	0	0	2	-276	20	26	0	187
14:35:00	52500	73	70	4	53	0	0	0	1	0	0	0	0	36	26	0	77	4	12	0	24	0	0	0	1	2	2	0	53	0	0	0	-11	0	0	4	-280	31	30	0	188
14:40:00	52800	68	88	5	28	0	1	0	0	0	0	0	0	24	45	0	56	8	8	0	24	1	1	0	1	4	4	0	53	0	0	0	-11	0	0	5	-285	31	29	0	190
14:45:00	53100	60	73	2	13	2	0	0	2	0	0	0	0	16	19	0	53	9	15	0	18	0	1	0	0	6	13	0	46	0	0	0	-11	0	0	2	-287	27	25	0	192
14:50:00	53400	55	64	4	0	0	1	0	1	0	0	0	0	24	27	0	50	3	4	0	17	0	0	0	0	3	2	0	47	0	0	0	-11	0	0	4	-291	25	30	0	187
14:55:00	53700	46	52	3	-9	0	0	0	1	0	0	0	0	16	18	0	48	8	5	0	20	0	0	0	0	2	3	0	46	0	0	0	-11	0	0	3	-294	20	26	0	181
15:00:00	54000	41	58	2	-28	0	1	0	0	0	0	0	0	19	22	0	45	4	11	0	13	0	0	0	0	1	1	0	46	0	0	0	-11	0	0	2	-296	17	23	0	175
15:05:00	54300	43	51	5	-41	0	0	0	0	0	0	0	0	17	23	0	39	0	3	0	10	0	0	0	0	1	1	0	46	0	0	0	-11	0	0	5	-301	25	24	0	176
15:10:00	54600	46	52	6	-53	0	0	0	0	0	0	0	0	20	23	0	36	0	4	0	6	0	0	0	0	1	0	0	47	0	0	0	-11	0	0	6	-307	25	25	0	176
15:15:00	54900	63	49	3	-42	0	0	0	0	0	0	0	0	26	17	0	45	1	2	0	5	2	0	0	2	4	4	0	47	0	0	0	-11	0	0	3	-310	30	26	0	180
15:20:00	55200	48	40	2	-36	0	0	0	0	0	0	0	0	25	14	0	56	1	1	0	5	1	2	0	1	2	0	0	49	0	0	0	-11	0	0	2	-312	19	23	0	176
15:25:00	55500	45	52	2	-45	0	0	0	0	0	0	0	0	24	30	0	50	0	0	0	5	0	0	0	1	3	2	0	50	0	0	0	-11	0	0	2	-314	18	20	0	174
15:30:00	55800	70	46	3	-24	0	0	0	0	0	0	0	0	28	17	0	61	0	1	0	4	2	0	0	3	1	1	0	50	0	0	0	-11	0	0	3	-317	39	27	0	186
15:35:00	56100	93	67	3	-1	0	0	0	0	0	0	0	0	41	29	0	73	0	0	0	4	0	0	0	3	6	5	0	51	0	0	0	-11	0	0	3	-320	46	33	0	199
15:40:00	56400	101	90	6	4	1	0	0	1	0	0	0	0	57	44	0	86	0	1	0	3	0	2	0	1	4	2	0	53	0	0	0	-11	0	0	6	-326	39	41	0	197
15:45:00	56700	75	81	3	-5	0	1	0	0	0	0	0	0	39	42	0	83	0	0	0	3	0	0	0	1	5	4	0	54	0	0	0	-11	0	0	3	-329	31	34	0	194
15:50:00	57000	75	70	2	-2	0	0	0	0	0	0	0	0	37	40	0	80	0	1	0	2	1	0	0	2	1	0	0	55	0	0	0	-11	0	0	2	-331	36	29	0	201
15:55:00	57300	56	75	3	-24	0	0	0	0	0	0	0	0	23	37	0	66	0	0	0	2	0	0	0	2	3	2	0	56	0	0	0	-11	0	0	3	-334	30	36	0	195
16:00:00	57600	88	77	3	-16	0	0	0	0	0	0	0	0	31	31	0	66	21	0	0	23	0	0	0	2	2	6	0	52	0	0	0	-11	0	0	3	-337	34	40	0	189
16:05:00	57900	83	77	4	-14	0	0	0	0	0	0	0	0	32	30	0	68	19	8	0	34	1	1	0	2	0	4	0	48	0	0	0	-11	0	0	4	-341	31	34	0	186
16:10:00	58200	71	81	1	-25	0	0	0	0	0	0	0	0	23	29	0	62	18	14	0	38	1	1	0	2	2	0	0	50	0	0	0	-11	0	0	1	-342	27	37	0	176
16:15:00	58500	81	87	5	-36	0	0	0	0	0	0	0	0	23	29	0	56	16	14	0	40	0	1	0	1	4	5	0	49	0	0	0	-11	0	0	5	-347	38	38	0	176
16:20:00	58800	89	69	0	-16	1	0	0	1	0	0	0	0	34	27	0	63	17	12	0	45	0	0	0	1	1	2	0	48	0	0	0	-11	0	0	0	-347	36	28	0	184
16:25:00	59100	101	88	3	-6	0	0	0	1	0	0	0	0	35	29	0	69	28	21	0	52	1	0	0	2	3	4	0	47	0	0	0	-11	0	0	3	-350	34	34	0	184
16:30:00	59400	111	87	5	13	0	0	0	1	0	0	0	0	37	33	0	73	30	12	0	70	0	0	0	2	6	5	0	48	0	0	0	-11	0	0	5	-355	38	37	0	185
16:35:00	59700	130	95	2	46	1	1	0	1	0	0	0	0	54	26	0	101	27	24	0	73	0	0	0	2	3	4	0	47	0	0	0	-11	0	0	2	-357	45	40	0	190
16:40:00	60000	129	126	5	44	1	1	0	1	0	0	0	0	54	48	0	107	20	25	0	68	2	1	0	3	4	4	0	47	0	0	0	-11	0	0	5	-362	48	47	0	191
16:45:00	60300	94	97	7	34	0	1	0	0	0	0	0	0	29	36	0	100	28	20	0	76	1	1	0	3	2	7	0	42	0	0	0	-11	0	0	7	-369	34	32	0	193
16:50:00	60600	137	116	4	51	0	0	0	0	0	0	0	0	55	52	0	103	47	32	0	91	0	0	0	3	2	2	0	42	0	0	0	-11	0	0	4	-373	33	30	0	196
16:55:00	60900	116	111	6	50	0	0	0	0	1	0	0	1	45	47	0	101	32	27	0	96	0	0	0	3	5	1	0	46	0	0	0	-11	0	0	6	-379	33	36	0	193
17:00:00	61200	149	108	4	87	0	0	0	0	0	0	0	1	71	43	0	129	19	29	0	86	2	0	0	5	3	7	0	42	0	0	0	-11	0	0	4	-383	54	29	0	218
17:05:00	61500	154	119	1	121	1	0	0	1	0	0	0	1	80	49	0	160	12	22	0	76	1	1	0	5	7	8	0	41	0	0	0	-11	0	0	1	-384	53	39	0	232
17:10:00	61800	135	139	7	110	0	0	0	1	0	0	0	1	63	64	0	159	16	19	0	73	2	3	0	4	2	3	0	40	0	0	0	-11	0	0	7	-391	52	50	0	234
17:15:00	62100	149	147	3	109	1	1	0	1	0	1	0	0	70	73	0	156	26	23	0	76	1	0	0	5	3	7	0	36	0	0	0	-11	0	0	3	-394	48	42	0	240
17:20:00	62400	147	132	7	117	0	1	0	0	0	0	0	0	78	61	0	173	14	22	0	68	1	1	0	5	3	2	0	37	0	0	0	-11	0	0	7	-401	51	45	0	246
17:25:00	62700	99	147	7	62	1	0	0	1	0	0	0	0	42	72	0	143	1	25	0	44	0	0	0	5	8	4	0	41	0	0	0	-11	0	0	7	-408	47	46	0	247
17:30:00	63000	78	105	4	31	0	0	0	1	0	0	0	0	49	58	0	134	1	11	0	34	0	1	0	4	5	1	0	45	0	0	0	-11	0	0	4	-412	23	34	0	236
17:35:00	63300	67	76	3	19	0	0	0	1	0	0	0	0	37	44	0	127	2	7	0	29	0	1	0	3	5	3	0	47	0	0	0	-11	0	0	3	-415	23	21	0	238
17:40:00	63600	62	86	2	-7	0	1	0	0	0	0	0	0	29	48	0	108	1	5	0	25	0	3	0	0	8	3	0	52	0	0	0	-11	0	0	2	-417	24	26	0	236
17:45:00	63900	93	78	4	4	0	0	0	0	0	0	0	0	60	47	0	121	1	1	0	25	1	0	0	1	0	4	0	48	0	0	0	-11	0	0	4	-421	31	26	0	241
17:50:00	64200	70	77	7	-10	0	0	0	0	0	0	0	0	36	42	0	115	0	6	0	19	1	0	0	2	3	4	0	47	0	0	0	-11	0	0	7	-428	30	25	0	246
17:55:00	64500	83	79	2	-8	0	0	0	0	0	0	0	0	51	45	0	121	1	3	0	17	0	0	0	2	4	4	0	47	0	0	0	-11	0	0	2	-430	27	27	0	246
18:00:00	64800	64	87	5	-36	0	0	0	0	0	0	0	0	39	56	0	104	1	2	0	16	0	0	0	2	4	2	0	49	0	0	0	-11	0	0	5	-435	20	27	0	239
18:05:00	65100	60	78	2	-56	1	0	0	1	0	0	0	0	25	38	0	91	0	2	0	14	0	2	0	0	6	8	0	47	0	0	0	-11	0	0	2	-437	28	28	0	239
18:10:00	65400	37	64	3	-86	0	0	0	1	0	0	0	0	17	38	0	70	0	0	0	14	0	0	0	0	2	4	0	45	0	0	0	-11	0	0	3	-440	18	22	0	235
18:15:00	65700	37	58	2	-109	0	1	0	0	0	0	0	0	21	31	0	60	1	2	0	13	0	0	0	0	1	4	0	42	0	0	0	-11	0	0	2	-442	14	20	0	229
18:20:00	66000	70	66	2	-107	0	0	0	0	0	0	0	0	35	21	0	74	0	2	0	11	0	0	0	0	4	9	0	37	0	0	0	-11	0	0	2	-444	31	34	0	226
18:25:00	66300	43	51	3	-118	0	0	0	0	0	0	0	0	23	23	0	74	0	1	0	10	2	0	0	2	2	6	0	33	0	0	0	-11	0	0	3	-447	16	21	0	221
18:30:00	66600	40	54	4	-136	0	0	0	0	0	0	0	0	19	25	0	68	1	2	0	9	0	1	0	1	2	3	0	32	0	0	0	-11	0	0	4	-451	18	23	0	216
18:35:00	66900	52	56	2	-142	0	0	0	0	0	0	0	0	28	30	0	66	0	2	0	7	0	0	0	1	1	3	0	30	0	0	0	-11	0	0	2	-453	23	21	0	218
18:40:00	67200	26	52	2	-170	0	0	0	0	0	0	0	0	12	25	0	53	0	1	0	6	0	1	0	0	1	4	0	27	0	0	0	-11	0	0	2	-455	13	21	0	210
18:45:00	67500	27	45	2	-190	0	0	0	0	0	0	0	0	16	19	0	50	0	2	0	4	0	0	0	0	2	2	0	27	0	0	0	-11	0	0	2	-457	9	22	0	197
18:50:00	67800	15	32	3	-210	0	0	0	0	0	0	0	0	2	14	0	38	0	0	0	4	0	0	0	0	0	7	0	20	0	0	0	-11	0	0	3	-460	13	11	0	199
18:55:00	68100	19	29	0	-220	0	0	0	0	0	0	0	0	11	15	0	34	0	0	0	4	0	0	0	0	1	4	0	17	0	0	0	-11	0	0	0	-460	7	10	0	196
19:00:00	68400	59	36	0	-197	0	0	0	0	0	0	0	0	37	15	0	56	0	0	0	4	1	0	0	1	1	6	0	12	0	0	0	-11	0	0	0	-460	20	15	0	201
19:05:00	68700	64	37	6	-176	1	0	0	1	0	0	0	0	39	21	0	74	0	0	0	4	0	1	0	0	1	0	0	13	0	0	0	-11	0	0	6	-466	23	15	0	209
19:10:00	69000	52	48	6	-178	0	1	0	0	0	0	0	0	25	28	0	71	0	0	0	4	1	0	0	1	1	1	0	13	0	0	0	-11	0	0	6	-472	25	18	0	216
19:15:00	69300	54	66	4	-194	0	0	0	0	0	0	0	0	23	35	0	59	0	1	0	3	2	0	0	3	4	3	0	14	0	0	0	-11	0	0	4	-476	25	27	0	214
19:20:00	69600	56	53	2	-193	1	0	0	1	0	0	0	0	30	26	0	63	0	0	0	3	2	1	0	4	1	1	0	14	0	0	0	-11	0	0	2	-478	22	25	0	211
19:25:00	69900	73	55	4	-179	1	0	0	2	0	0	0	0	43	34	0	72	0	0	0	3	2	0	0	6	1	1	0	14	0	0	0	-11	0	0	4	-482	26	20	0	217
19:30:00	70200	57	54	0	-176	0	1	0	1	0	0	0	0	33	29	0	76	0	0	0	3	2	0	0	8	2	3	0	13	0	0	0	-11	0	0	0	-482	20	21	0	216
19:35:00	70500	42	59	0	-193	0	1	0	0	0	0	0	0	24	39	0	61	0	0	0	3	0	4	0	4	1	1	0	13	0	0	0	-11	0	0	0	-482	17	14	0	219
19:40:00	70800	35	44	2	-204	1	0	0	1	0	0	0	0	18	28	0	51	0	1	0	2	0	0	0	4	1	1	0	13	0	0	0	-11	0	0	2	-484	15	14	0	220
19:45:00	71100	57	49	3	-199	0	1	0	0	0	0	0	0	37	24	0	64	0	0	0	2	1	1	0	4	0	4	0	9	0	0	0	-11	0	0	3	-487	19	19	0	220
19:50:00	71400	37	46	2	-210	0	0	0	0	0	0	0	0	23	23	0	64	0	0	0	2	1	2	0	3	1	0	0	10	0	0	0	-11	0	0	2	-489	12	21	0	211
19:55:00	71700	44	50	0	-216	0	0	0	0	0	0	0	0	30	34	0	60	0	0	0	2	0	0	0	3	1	1	0	10	0	0	0	-11	0	0	0	-489	13	15	0	209
20:00:00	72000	10	43	1	-250	0	0	0	0	0	0	0	0	5	29	0	36	0	0	0	2	0	0	0	3	0	1	0	9	0	0	0	-11	0	0	1	-490	5	13	0	201
20:05:00	72300	12	34	0	-272	0	0	0	0	0	0	0	0	8	18	0	26	0	0	0	2	0	1	0	2	1	0	0	10	0	0	0	-11	0	0	0	-490	3	15	0	189
20:10:00	72600	5	16	1	-284	0	0	0	0	0	0	0	0	1	7	0	20	0	0	0	2	0	0	0	2	1	0	0	11	0	0	0	-11	0	0	1	-491	3	9	0	183
20:15:00	72900	9	24	1	-300	0	0	0	0	0	0	0	0	4	12	0	12	0	0	0	2	0	0	0	2	0	1	0	10	0	0	0	-11	0	0	1	-492	5	11	0	177
20:20:00	73200	4	13	0	-309	0	0	0	0	0	0	0	0	1	3	0	10	0	1	0	1	0	0	0	2	1	1	0	10	0	0	0	-11	0	0	0	-492	2	8	0	171
20:25:00	73500	8	16	2	-319	0	0	0	0	0	0	0	0	3	2	0	11	0	1	0	0	0	0	0	2	0	3	0	7	0	0	0	-11	0	0	2	-494	5	10	0	166
20:30:00	73800	10	16	3	-328	0	0	0	0	0	0	0	0	1	4	0	8	0	0	0	0	0	0	0	2	0	4	0	3	0	0	0	-11	0	0	3	-497	9	8	0	167
20:35:00	74100	7	11	0	-332	0	0	0	0	0	0	0	0	1	2	0	7	0	0	0	0	0	1	0	1	0	2	0	1	0	0	0	-11	0	0	0	-497	6	6	0	167
20:40:00	74400	5	8	0	-335	0	0	0	0	0	0	0	0	4	1	0	10	0	0	0	0	0	0	0	1	0	0	0	1	0	0	0	-11	0	0	0	-497	1	7	0	161
20:45:00	74700	6	10	2	-341	0	0	0	0	0	0	0	0	0	3	0	7	0	0	0	0	0	0	0	1	0	0	0	1	0	0	0	-11	0	0	2	-499	6	7	0	160
20:50:00	75000	5	5	0	-341	0	0	0	0	0	0	0	0	3	2	0	8	0	0	0	0	0	0	0	1	0	0	0	1	0	0	0	-11	0	0	0	-499	2	3	0	159
20:55:00	75300	3	12	0	-350	0	0	0	0	0	0	0	0	0	2	0	6	0	0	0	0	0	0	0	1	0	0	0	1	0	0	0	-11	0	0	0	-499	3	10	0	152
21:00:00	75600	7	12	2	-357	0	0	0	0	0	0	0	0	3	3	0	6	0	0	0	0	0	1	0	0	0	0	0	1	0	0	0	-11	0	0	2	-501	4	8	0	148
21:05:00	75900	3	8	0	-362	0	0	0	0	0	0	0	0	1	2	0	5	0	0	0	0	0	0	0	0	0	0	0	1	0	0	0	-11	0	0	0	-501	2	6	0	144
21:10:00	76200	2	8	2	-370	0	0	0	0	0	0	0	0	0	2	0	3	0	0	0	0	0	0	0	0	0	0	0	1	0	0	0	-11	0	0	2	-503	2	6	0	140
21:15:00	76500	3	7	1	-375	0	0	0	0	0	0	0	0	0	0	0	3	0	0	0	0	0	0	0	0	0	0	0	1	0	0	0	-11	0	0	1	-504	3	7	0	136
21:20:00	76800	3	6	2	-380	0	0	0	0	0	0	0	0	1	0	0	4	0	0	0	0	0	0	0	0	0	0	0	1	0	0	0	-11	0	0	2	-506	2	6	0	132
21:25:00	77100	2	6	1	-385	0	0	0	0	0	0	0	0	1	2	0	3	0	0	0	0	0	0	0	0	0	0	0	1	0	0	0	-11	0	0	1	-507	1	4	0	129
21:30:00	77400	2	2	1	-386	0	0	0	0	0	0	0	0	1	0	0	4	0	0	0	0	0	0	0	0	0	0	0	1	0	0	0	-11	0	0	1	-508	1	2	0	128
21:35:00	77700	0	3	0	-389	0	0	0	0	0	0	0	0	0	1	0	3	0	0	0	0	0	0	0	0	0	0	0	1	0	0	0	-11	0	0	0	-508	0	2	0	126
21:40:00	78000	1	3	1	-392	0	0	0	0	0	0	0	0	0	0	0	3	0	0	0	0	0	0	0	0	0	0	0	1	0	0	0	-11	0	0	1	-509	1	3	0	124
21:45:00	78300	1	7	1	-399	0	0	0	0	0	0	0	0	0	0	0	3	0	0	0	0	0	0	0	0	0	0	0	1	0	0	0	-11	0	0	1	-510	1	7	0	118
21:50:00	78600	1	3	0	-401	0	0	0	0	0	0	0	0	0	0	0	3	0	0	0	0	0	0	0	0	0	0	0	1	0	0	0	-11	0	0	0	-510	1	3	0	116
21:55:00	78900	1	3	0	-403	0	0	0	0	0	0	0	0	1	0	0	4	0	0	0	0	0	0	0	0	0	0	0	1	0	0	0	-11	0	0	0	-510	0	3	0	113
22:00:00	79200	3	3	1	-404	0	0	0	0	0	0	0	0	0	0	0	4	0	0	0	0	0	0	0	0	0	0	0	1	0	0	0	-11	0	0	1	-511	3	3	0	113
22:05:00	79500	1	4	0	-407	0	0	0	0	0	0	0	0	0	0	0	4	0	0	0	0	0	0	0	0	0	0	0	1	0	0	0	-11	0	0	0	-511	1	4	0	110
22:10:00	79800	1	4	0	-410	0	0	0	0	0	0	0	0	1	0	0	5	0	0	0	0	0	0	0	0	0	0	0	1	0	0	0	-11	0	0	0	-511	0	4	0	106
22:15:00	80100	4	5	1	-412	0	0	0	0	0	0	0	0	1	1	0	5	0	0	0	0	0	0	0	0	0	0	0	1	0	0	0	-11	0	0	1	-512	3	4	0	105
22:20:00	80400	5	6	1	-414	0	0	0	0	0	0	0	0	1	1	0	5	0	0	0	0	0	0	0	0	0	0	0	1	0	0	0	-11	0	0	1	-513	4	5	0	104
22:25:00	80700	0	2	0	-416	0	0	0	0	0	0	0	0	0	0	0	5	0	0	0	0	0	0	0	0	0	0	0	1	0	0	0	-11	0	0	0	-513	0	2	0	102
22:30:00	81000	2	5	0	-419	0	0	0	0	0	0	0	0	2	2	0	5	0	0	0	0	0	0	0	0	0	0	0	1	0	0	0	-11	0	0	0	-513	0	3	0	99
22:35:00	81300	2	2	1	-420	0	0	0	0	0	0	0	0	1	0	0	6	0	0	0	0	0	0	0	0	0	0	0	1	0	0	0	-11	0	0	1	-514	1	2	0	98
22:40:00	81600	3	4	0	-421	0	0	0	0	0	0	0	0	2	3	0	5	0	0	0	0	0	0	0	0	0	0	0	1	0	0	0	-11	0	0	0	-514	1	1	0	98
22:45:00	81900	2	4	1	-424	0	0	0	0	0	0	0	0	0	2	0	3	0	0	0	0	0	0	0	0	0	0	0	1	0	0	0	-11	0	0	1	-515	2	2	0	98
22:50:00	82200	2	4	1	-427	0	0	0	0	0	0	0	0	0	1	0	2	0	0	0	0	0	0	0	0	0	0	0	1	0	0	0	-11	0	0	1	-516	2	3	0	97
22:55:00	82500	1	2	0	-428	0	0	0	0	0	0	0	0	0	1	0	1	0	0	0	0	0	0	0	0	0	0	0	1	0	0	0	-11	0	0	0	-516	1	1	0	97
23:00:00	82800	0	0	0	-428	0	0	0	0	0	0	0	0	0	0	0	1	0	0	0	0	0	0	0	0	0	0	0	1	0	0	0	-11	0	0	0	-516	0	0	0	97
23:05:00	83100	0	1	0	-429	0	0	0	0	0	0	0	0	0	0	0	1	0	0	0	0	0	0	0	0	0	0	0	1	0	0	0	-11	0	0	0	-516	0	1	0	96
23:10:00	83400	1	4	1	-433	0	0	0	0	0	0	0	0	0	1	0	0	0	0	0	0	0	0	0	0	0	0	0	1	0	0	0	-11	0	0	1	-517	1	3	0	94
23:15:00	83700	3	3	1	-434	0	0	0	0	0	0	0	0	2	0	0	2	0	0	0	0	0	0	0	0	0	0	0	1	0	0	0	-11	0	0	1	-518	1	3	0	92
23:20:00	84000	4	5	3	-438	0	0	0	0	0	0	0	0	1	1	0	2	0	0	0	0	0	0	0	0	0	0	0	1	0	0	0	-11	0	0	3	-521	3	4	0	91
23:25:00	84300	3	2	0	-437	0	0	0	0	0	0	0	0	1	0	0	3	0	0	0	0	0	0	0	0	0	0	0	1	0	0	0	-11	0	0	0	-521	2	2	0	91
23:30:00	84600	1	6	1	-443	0	0	0	0	0	0	0	0	0	3	0	0	0	0	0	0	0	0	0	0	0	0	0	1	0	0	0	-11	0	0	1	-522	1	3	0	89
23:35:00	84900	1	1	0	-443	0	0	0	0	0	0	0	0	1	0	0	1	0	0	0	0	0	0	0	0	0	0	0	1	0	0	0	-11	0	0	0	-522	0	1	0	88
23:40:00	85200	3	1	1	-442	0	0	0	0	0	0	0	0	2	0	0	3	0	0	0	0	0	0	0	0	0	0	0	1	0	0	0	-11	0	0	1	-523	1	1	0	88
23:45:00	85500	4	3	0	-441	0	0	0	0	0	0	0	0	1	2	0	2	0	0	0	0	0	0	0	0	0	0	0	1	0	0	0	-11	0	0	0	-523	3	1	0	90
23:50:00	85800	3	6	0	-444	0	0	0	0	0	0	0	0	0	1	0	1	0	0	0	0	1	0	0	1	0	0	0	1	0	0	0	-11	0	0	0	-523	2	5	0	87
23:55:00	86100	4	7	1	-448	0	0	0	0	0	0	0	0	0	1	0	0	0	0	0	0	0	1	0	0	0	0	0	1	0	0	0	-11	0	0	1	-524	4	5	0	86
24:00:00	86400	4	2	0	-446	0	0	0	0	0	0	0	0	2	0	0	2	0	0	0	0	0	0	0	0	0	0	0	1	0	0	0	-11	0	0	0	-524	2	2	0	86
24:05:00	86700	2	3	0	-447	0	0	0	0	0	0	0	0	2	1	0	3	0	0	0	0	0	0	0	0	0	0	0	1	0	0	0	-11	0	0	0	-524	0	2	0	84
24:10:00	87000	3	5	1	-450	0	0	0	0	0	0	0	0	0	1	0	2	0	0	0	0	0	0	0	0	0	0	0	1	0	0	0	-11	0	0	1	-525	3	4	0	83
24:15:00	87300	4	5	1	-452	0	0	0	0	0	0	0	0	1	0	0	3	0	0	0	0	1	1	0	0	0	0	0	1	0	0	0	-11	0	0	1	-526	2	4	0	81
24:20:00	87600	2	3	0	-453	0	0	0	0	0	0	0	0	0	1	0	2	0	0	0	0	0	0	0	0	0	0	0	1	0	0	0	-11	0	0	0	-526	2	2	0	81
24:25:00	87900	1	1	1	-454	0	0	0	0	0	0	0	0	0	0	0	2	0	0	0	0	0	0	0	0	0	0	0	1	0	0	0	-11	0	0	1	-527	1	1	0	81
24:30:00	88200	2	5	0	-457	0	0	0	0	0	0	0	0	2	0	0	4	0	0	0	0	0	0	0	0	0	0	0	1	0	0	0	-11	0	0	0	-527	0	5	0	76
24:35:00	88500	2	3	0	-458	0	0	0	0	0	0	0	0	2	3	0	3	0	0	0	0	0	0	0	0	0	0	0	1	0	0	0	-11	0	0	0	-527	0	0	0	76
24:40:00	88800	0	1	0	-459	0	0	0	0	0	0	0	0	0	0	0	3	0	0	0	0	0	0	0	0	0	0	0	1	0	0	0	-11	0	0	0	-527	0	1	0	75
24:45:00	89100	1	2	0	-460	0	0	0	0	0	0	0	0	1	0	0	4	0	0	0	0	0	0	0	0	0	0	0	1	0	0	0	-11	0	0	0	-527	0	2	0	73
24:50:00	89400	2	3	0	-461	0	0	0	0	0	0	0	0	1	2	0	3	0	0	0	0	0	0	0	0	0	0	0	1	0	0	0	-11	0	0	0	-527	1	1	0	73
24:55:00	89700	0	0	0	-461	0	0	0	0	0	0	0	0	0	0	0	3	0	0	0	0	0	0	0	0	0	0	0	1	0	0	0	-11	0	0	0	-527	0	0	0	73
25:00:00	90000	1	1	0	-461	0	0	0	0	0	0	0	0	1	1	0	3	0	0	0	0	0	0	0	0	0	0	0	1	0	0	0	-11	0	0	0	-527	0	0	0	73
25:05:00	90300	0	1	0	-462	0	0	0	0	0	0	0	0	0	1	0	2	0	0	0	0	0	0	0	0	0	0	0	1	0	0	0	-11	0	0	0	-527	0	0	0	73
25:10:00	90600	2	4	0	-464	0	0	0	0	0	0	0	0	0	1	0	1	0	0	0	0	0	0	0	0	0	0	0	1	0	0	0	-11	0	0	0	-527	2	3	0	72
25:15:00	90900	4	4	1	-465	0	0	0	0	0	0	0	0	2	0	0	3	0	0	0	0	0	0	0	0	0	0	0	1	0	0	0	-11	0	0	1	-528	2	4	0	70
25:20:00	91200	0	2	0	-467	0	0	0	0	0	0	0	0	0	1	0	2	0	0	0	0	0	0	0	0	0	0	0	1	0	0	0	-11	0	0	0	-528	0	1	0	69
25:25:00	91500	2	3	0	-468	0	0	0	0	0	0	0	0	2	1	0	3	0	0	0	0	0	0	0	0	0	0	0	1	0	0	0	-11	0	0	0	-528	0	2	0	67
25:30:00	91800	0	0	0	-468	0	0	0	0	0	0	0	0	0	0	0	3	0	0	0	0	0	0	0	0	0	0	0	1	0	0	0	-11	0	0	0	-528	0	0	0	67
25:35:00	92100	0	0	0	-468	0	0	0	0	0	0	0	0	0	0	0	3	0	0	0	0	0	0	0	0	0	0	0	1	0	0	0	-11	0	0	0	-528	0	0	0	67
25:40:00	92400	0	2	0	-470	0	0	0	0	0	0	0	0	0	1	0	2	0	0	0	0	0	0	0	0	0	0	0	1	0	0	0	-11	0	0	0	-528	0	1	0	66
25:45:00	92700	2	2	1	-471	0	0	0	0	0	0	0	0	1	0	0	3	0	0	0	0	0	0	0	0	0	0	0	1	0	0	0	-11	0	0	1	-529	1	2	0	65
25:50:00	93000	1	1	0	-471	0	0	0	0	0	0	0	0	0	0	0	3	0	0	0	0	0	0	0	0	0	0	0	1	0	0	0	-11	0	0	0	-529	1	1	0	65
25:55:00	93300	0	2	0	-473	0	0	0	0	0	0	0	0	0	1	0	2	0	0	0	0	0	0	0	0	0	0	0	1	0	0	0	-11	0	0	0	-529	0	1	0	64
26:00:00	93600	3	5	1	-476	0	0	0	0	0	0	0	0	1	1	0	2	0	0	0	0	0	0	0	0	0	0	0	1	0	0	0	-11	0	0	1	-530	2	4	0	62
26:05:00	93900	3	3	2	-478	0	0	0	0	0	0	0	0	1	0	0	3	0	0	0	0	0	0	0	0	0	0	0	1	0	0	0	-11	0	0	2	-532	2	3	0	61
26:10:00	94200	1	1	0	-478	0	0	0	0	0	0	0	0	1	0	0	4	0	0	0	0	0	0	0	0	0	0	0	1	0	0	0	-11	0	0	0	-532	0	1	0	60
26:15:00	94500	1	2	1	-480	0	0	0	0	0	0	0	0	0	0	0	4	0	0	0	0	0	0	0	0	0	0	0	1	0	0	0	-11	0	0	1	-533	1	2	0	59
26:20:00	94800	1	3	0	-482	0	0	0	0	0	0	0	0	1	1	0	4	0	0	0	0	0	0	0	0	0	0	0	1	0	0	0	-11	0	0	0	-533	0	2	0	57
26:25:00	95100	2	2	1	-483	0	0	0	0	0	0	0	0	0	1	0	3	0	0	0	0	0	0	0	0	0	0	0	1	0	0	0	-11	0	0	1	-534	2	1	0	58
26:30:00	95400	1	2	0	-484	0	0	0	0	0	0	0	0	0	1	0	2	0	0	0	0	0	0	0	0	0	0	0	1	0	0	0	-11	0	0	0	-534	1	1	0	58
26:35:00	95700	0	0	0	-484	0	0	0	0	0	0	0	0	0	0	0	2	0	0	0	0	0	0	0	0	0	0	0	1	0	0	0	-11	0	0	0	-534	0	0	0	58
26:40:00	96000	0	0	0	-484	0	0	0	0	0	0	0	0	0	0	0	2	0	0	0	0	0	0	0	0	0	0	0	1	0	0	0	-11	0	0	0	-534	0	0	0	58
26:45:00	96300	1	1	0	-484	0	0	0	0	0	0	0	0	1	1	0	2	0	0	0	0	0	0	0	0	0	0	0	1	0	0	0	-11	0	0	0	-534	0	0	0	58
26:50:00	96600	1	2	0	-485	0	0	0	0	0	0	0	0	0	0	0	2	0	0	0	0	0	0	0	0	0	0	0	1	0	0	0	-11	0	0	0	-534	1	2	0	57
26:55:00	96900	3	3	1	-486	0	0	0	0	0	0	0	0	1	1	0	2	0	0	0	0	0	0	0	0	0	0	0	1	0	0	0	-11	0	0	1	-535	2	2	0	57
27:00:00	97200	1	2	1	-488	0	0	0	0	0	0	0	0	0	0	0	2	0	0	0	0	0	0	0	0	0	0	0	1	0	0	0	-11	0	0	1	-536	1	2	0	56
27:05:00	97500	0	0	0	-488	0	0	0	0	0	0	0	0	0	0	0	2	0	0	0	0	0	0	0	0	0	0	0	1	0	0	0	-11	0	0	0	-536	0	0	0	56
27:10:00	97800	1	2	0	-489	0	0	0	0	0	0	0	0	1	1	0	2	0	0	0	0	0	0	0	0	0	0	0	1	0	0	0	-11	0	0	0	-536	0	1	0	55
27:15:00	98100	0	0	0	-489	0	0	0	0	0	0	0	0	0	0	0	2	0	0	0	0	0	0	0	0	0	0	0	1	0	0	0	-11	0	0	0	-536	0	0	0	55
27:20:00	98400	0	1	0	-490	0	0	0	0	0	0	0	0	0	1	0	1	0	0	0	0	0	0	0	0	0	0	0	1	0	0	0	-11	0	0	0	-536	0	0	0	55
27:25:00	98700	0	0	0	-490	0	0	0	0	0	0	0	0	0	0	0	1	0	0	0	0	0	0	0	0	0	0	0	1	0	0	0	-11	0	0	0	-536	0	0	0	55
27:30:00	99000	0	0	0	-490	0	0	0	0	0	0	0	0	0	0	0	1	0	0	0	0	0	0	0	0	0	0	0	1	0	0	0	-11	0	0	0	-536	0	0	0	55
27:35:00	99300	1	2	0	-491	0	0	0	0	0	0	0	0	0	0	0	1	0	0	0	0	0	0	0	0	0	0	0	1	0	0	0	-11	0	0	0	-536	1	2	0	54
27:40:00	99600	4	4	1	-492	0	0	0	0	0	0	0	0	1	1	0	1	0	0	0	0	0	0	0	0	0	0	0	1	0	0	0	-11	0	0	1	-537	3	3	0	54
27:45:00	99900	1	2	1	-494	0	0	0	0	0	0	0	0	0	0	0	1	0	0	0	0	0	0	0	0	0	0	0	1	0	0	0	-11	0	0	1	-538	1	2	0	53
27:50:00	100200	0	0	0	-494	0	0	0	0	0	0	0	0	0	0	0	1	0	0	0	0	0	0	0	0	0	0	0	1	0	0	0	-11	0	0	0	-538	0	0	0	53
27:55:00	100500	0	0	0	-494	0	0	0	0	0	0	0	0	0	0	0	1	0	0	0	0	0	0	0	0	0	0	0	1	0	0	0	-11	0	0	0	-538	0	0	0	53
28:00:00	100800	1	1	0	-494	0	0	0	0	0	0	0	0	0	1	0	0	0	0	0	0	0	0	0	0	0	0	0	1	0	0	0	-11	0	0	0	-538	1	0	0	54
28:05:00	101100	0	0	0	-494	0	0	0	0	0	0	0	0	0	0	0	0	0	0	0	0	0	0	0	0	0	0	0	1	0	0	0	-11	0	0	0	-538	0	0	0	54
28:10:00	101400	2	3	0	-495	0	0	0	0	0	0	0	0	1	0	0	1	0	0	0	0	0	0	0	0	0	0	0	1	0	0	0	-11	0	0	0	-538	1	3	0	52
28:15:00	101700	0	1	0	-496	0	0	0	0	0	0	0	0	0	0	0	1	0	0	0	0	0	0	0	0	0	0	0	1	0	0	0	-11	0	0	0	-538	0	1	0	51
28:20:00	102000	0	0	0	-496	0	0	0	0	0	0	0	0	0	0	0	1	0	0	0	0	0	0	0	0	0	0	0	1	0	0	0	-11	0	0	0	-538	0	0	0	51
28:25:00	102300	0	0	0	-496	0	0	0	0	0	0	0	0	0	0	0	1	0	0	0	0	0	0	0	0	0	0	0	1	0	0	0	-11	0	0	0	-538	0	0	0	51
28:30:00	102600	0	0	0	-496	0	0	0	0	0	0	0	0	0	0	0	1	0	0	0	0	0	0	0	0	0	0	0	1	0	0	0	-11	0	0	0	-538	0	0	0	51
28:35:00	102900	1	1	0	-496	0	0	0	0	0	0	0	0	0	0	0	1	0	0	0	0	0	0	0	0	0	0	0	1	0	0	0	-11	0	0	0	-538	1	1	0	51
28:40:00	103200	0	0	0	-496	0	0	0	0	0	0	0	0	0	0	0	1	0	0	0	0	0	0	0	0	0	0	0	1	0	0	0	-11	0	0	0	-538	0	0	0	51
28:45:00	103500	0	0	0	-496	0	0	0	0	0	0	0	0	0	0	0	1	0	0	0	0	0	0	0	0	0	0	0	1	0	0	0	-11	0	0	0	-538	0	0	0	51
28:50:00	103800	1	3	0	-498	0	0	0	0	0	0	0	0	1	1	0	1	0	0	0	0	0	0	0	0	0	0	0	1	0	0	0	-11	0	0	0	-538	0	2	0	49
28:55:00	104100	2	3	0	-499	0	0	0	0	0	0	0	0	2	1	0	2	0	0	0	0	0	0	0	0	0	0	0	1	0	0	0	-11	0	0	0	-538	0	2	0	47
29:00:00	104400	2	2	1	-500	0	0	0	0	0	0	0	0	0	0	0	2	0	0	0	0	0	0	0	0	0	0	0	1	0	0	0	-11	0	0	1	-539	2	2	0	47
29:05:00	104700	2	3	0	-501	0	0	0	0	0	0	0	0	2	2	0	2	0	0	0	0	0	0	0	0	0	0	0	1	0	0	0	-11	0	0	0	-539	0	1	0	46
29:10:00	105000	1	3	0	-503	0	0	0	0	0	0	0	0	1	2	0	1	0	0	0	0	0	0	0	0	0	0	0	1	0	0	0	-11	0	0	0	-539	0	1	0	45
29:15:00	105300	0	0	0	-503	0	0	0	0	0	0	0	0	0	0	0	1	0	0	0	0	0	0	0	0	0	0	0	1	0	0	0	-11	0	0	0	-539	0	0	0	45
29:20:00	105600	1	1	0	-503	0	0	0	0	0	0	0	0	0	1	0	0	0	0	0	0	0	0	0	0	0	0	0	1	0	0	0	-11	0	0	0	-539	1	0	0	46
29:25:00	105900	1	2	0	-504	0	0	0	0	0	0	0	0	0	0	0	0	0	0	0	0	0	0	0	0	0	0	0	1	0	0	0	-11	0	0	0	-539	1	2	0	45
29:30:00	106200	1	2	0	-505	0	0	0	0	0	0	0	0	1	1	0	0	0	0	0	0	0	0	0	0	0	0	0	1	0	0	0	-11	0	0	0	-539	0	1	0	44
29:35:00	106500	0	0	0	-505	0	0	0	0	0	0	0	0	0	0	0	0	0	0	0	0	0	0	0	0	0	0	0	1	0	0	0	-11	0	0	0	-539	0	0	0	44
29:40:00	106800	1	1	0	-505	0	0	0	0	0	0	0	0	0	0	0	0	0	0	0	0	0	0	0	0	0	0	0	1	0	0	0	-11	0	0	0	-539	1	1	0	44
29:45:00	107100	0	1	0	-506	0	0	0	0	0	0	0	0	0	0	0	0	0	0	0	0	0	0	0	0	0	0	0	1	0	0	0	-11	0	0	0	-539	0	1	0	43
29:50:00	107400	1	2	1	-508	0	0	0	0	0	0	0	0	0	0	0	0	0	0	0	0	0	0	0	0	0	0	0	1	0	0	0	-11	0	0	1	-540	1	2	0	42
29:55:00	107700	0	0	0	-508	0	0	0	0	0	0	0	0	0	0	0	0	0	0	0	0	0	0	0	0	0	0	0	1	0	0	0	-11	0	0	0	-540	0	0	0	42
30:00:00	108000	0	0	43	-551	0	0	0	0	0	0	0	0	0	0	0	0	0	0	0	0	0	0	0	0	0	0	1	0	0	0	0	-11	0	0	0	-540	0	0	42	0
30:05:00	108300	0	0	0	-551	0	0	0	0	0	0	0	0	0	0	0	0	0	0	0	0	0	0	0	0	0	0	0	0	0	0	0	-11	0	0	0	-540	0	0	0	0
