time	time	departures_all	arrivals_all	stuck_all	en-route_all	departures_Shared-Bike	arrivals_Shared-Bike	stuck_Shared-Bike	en-route_Shared-Bike	departures_bike	arrivals_bike	stuck_bike	en-route_bike	departures_car	arrivals_car	stuck_car	en-route_car	departures_car_passenger	arrivals_car_passenger	stuck_car_passenger	en-route_car_passenger	departures_pt	arrivals_pt	stuck_pt	en-route_pt	departures_sharing:standardBikeShare	arrivals_sharing:standardBikeShare	stuck_sharing:standardBikeShare	en-route_sharing:standardBikeShare	departures_walk	arrivals_walk	stuck_walk	en-route_walk
00:00:00	0	0	0	0	0	0	0	0	0	0	0	0	0	0	0	0	0	0	0	0	0	0	0	0	0	0	0	0	0	0	0	0	0
00:05:00	300	0	0	0	0	0	0	0	0	0	0	0	0	0	0	0	0	0	0	0	0	0	0	0	0	0	0	0	0	0	0	0	0
00:10:00	600	0	0	0	0	0	0	0	0	0	0	0	0	0	0	0	0	0	0	0	0	0	0	0	0	0	0	0	0	0	0	0	0
00:15:00	900	0	0	0	0	0	0	0	0	0	0	0	0	0	0	0	0	0	0	0	0	0	0	0	0	0	0	0	0	0	0	0	0
00:20:00	1200	0	0	0	0	0	0	0	0	0	0	0	0	0	0	0	0	0	0	0	0	0	0	0	0	0	0	0	0	0	0	0	0
00:25:00	1500	0	0	0	0	0	0	0	0	0	0	0	0	0	0	0	0	0	0	0	0	0	0	0	0	0	0	0	0	0	0	0	0
00:30:00	1800	0	0	0	0	0	0	0	0	0	0	0	0	0	0	0	0	0	0	0	0	0	0	0	0	0	0	0	0	0	0	0	0
00:35:00	2100	0	0	0	0	0	0	0	0	0	0	0	0	0	0	0	0	0	0	0	0	0	0	0	0	0	0	0	0	0	0	0	0
00:40:00	2400	0	0	0	0	0	0	0	0	0	0	0	0	0	0	0	0	0	0	0	0	0	0	0	0	0	0	0	0	0	0	0	0
00:45:00	2700	0	0	0	0	0	0	0	0	0	0	0	0	0	0	0	0	0	0	0	0	0	0	0	0	0	0	0	0	0	0	0	0
00:50:00	3000	0	0	0	0	0	0	0	0	0	0	0	0	0	0	0	0	0	0	0	0	0	0	0	0	0	0	0	0	0	0	0	0
00:55:00	3300	0	0	0	0	0	0	0	0	0	0	0	0	0	0	0	0	0	0	0	0	0	0	0	0	0	0	0	0	0	0	0	0
01:00:00	3600	0	0	0	0	0	0	0	0	0	0	0	0	0	0	0	0	0	0	0	0	0	0	0	0	0	0	0	0	0	0	0	0
01:05:00	3900	0	0	0	0	0	0	0	0	0	0	0	0	0	0	0	0	0	0	0	0	0	0	0	0	0	0	0	0	0	0	0	0
01:10:00	4200	0	0	0	0	0	0	0	0	0	0	0	0	0	0	0	0	0	0	0	0	0	0	0	0	0	0	0	0	0	0	0	0
01:15:00	4500	0	0	0	0	0	0	0	0	0	0	0	0	0	0	0	0	0	0	0	0	0	0	0	0	0	0	0	0	0	0	0	0
01:20:00	4800	0	0	0	0	0	0	0	0	0	0	0	0	0	0	0	0	0	0	0	0	0	0	0	0	0	0	0	0	0	0	0	0
01:25:00	5100	0	0	0	0	0	0	0	0	0	0	0	0	0	0	0	0	0	0	0	0	0	0	0	0	0	0	0	0	0	0	0	0
01:30:00	5400	0	0	0	0	0	0	0	0	0	0	0	0	0	0	0	0	0	0	0	0	0	0	0	0	0	0	0	0	0	0	0	0
01:35:00	5700	0	0	0	0	0	0	0	0	0	0	0	0	0	0	0	0	0	0	0	0	0	0	0	0	0	0	0	0	0	0	0	0
01:40:00	6000	0	0	0	0	0	0	0	0	0	0	0	0	0	0	0	0	0	0	0	0	0	0	0	0	0	0	0	0	0	0	0	0
01:45:00	6300	0	0	0	0	0	0	0	0	0	0	0	0	0	0	0	0	0	0	0	0	0	0	0	0	0	0	0	0	0	0	0	0
01:50:00	6600	0	0	0	0	0	0	0	0	0	0	0	0	0	0	0	0	0	0	0	0	0	0	0	0	0	0	0	0	0	0	0	0
01:55:00	6900	0	0	0	0	0	0	0	0	0	0	0	0	0	0	0	0	0	0	0	0	0	0	0	0	0	0	0	0	0	0	0	0
02:00:00	7200	0	0	0	0	0	0	0	0	0	0	0	0	0	0	0	0	0	0	0	0	0	0	0	0	0	0	0	0	0	0	0	0
02:05:00	7500	0	0	0	0	0	0	0	0	0	0	0	0	0	0	0	0	0	0	0	0	0	0	0	0	0	0	0	0	0	0	0	0
02:10:00	7800	0	0	0	0	0	0	0	0	0	0	0	0	0	0	0	0	0	0	0	0	0	0	0	0	0	0	0	0	0	0	0	0
02:15:00	8100	0	0	0	0	0	0	0	0	0	0	0	0	0	0	0	0	0	0	0	0	0	0	0	0	0	0	0	0	0	0	0	0
02:20:00	8400	0	0	0	0	0	0	0	0	0	0	0	0	0	0	0	0	0	0	0	0	0	0	0	0	0	0	0	0	0	0	0	0
02:25:00	8700	0	0	0	0	0	0	0	0	0	0	0	0	0	0	0	0	0	0	0	0	0	0	0	0	0	0	0	0	0	0	0	0
02:30:00	9000	0	0	0	0	0	0	0	0	0	0	0	0	0	0	0	0	0	0	0	0	0	0	0	0	0	0	0	0	0	0	0	0
02:35:00	9300	0	0	0	0	0	0	0	0	0	0	0	0	0	0	0	0	0	0	0	0	0	0	0	0	0	0	0	0	0	0	0	0
02:40:00	9600	0	0	0	0	0	0	0	0	0	0	0	0	0	0	0	0	0	0	0	0	0	0	0	0	0	0	0	0	0	0	0	0
02:45:00	9900	0	0	0	0	0	0	0	0	0	0	0	0	0	0	0	0	0	0	0	0	0	0	0	0	0	0	0	0	0	0	0	0
02:50:00	10200	0	0	0	0	0	0	0	0	0	0	0	0	0	0	0	0	0	0	0	0	0	0	0	0	0	0	0	0	0	0	0	0
02:55:00	10500	0	0	0	0	0	0	0	0	0	0	0	0	0	0	0	0	0	0	0	0	0	0	0	0	0	0	0	0	0	0	0	0
03:00:00	10800	0	0	0	0	0	0	0	0	0	0	0	0	0	0	0	0	0	0	0	0	0	0	0	0	0	0	0	0	0	0	0	0
03:05:00	11100	0	0	0	0	0	0	0	0	0	0	0	0	0	0	0	0	0	0	0	0	0	0	0	0	0	0	0	0	0	0	0	0
03:10:00	11400	0	0	0	0	0	0	0	0	0	0	0	0	0	0	0	0	0	0	0	0	0	0	0	0	0	0	0	0	0	0	0	0
03:15:00	11700	0	0	0	0	0	0	0	0	0	0	0	0	0	0	0	0	0	0	0	0	0	0	0	0	0	0	0	0	0	0	0	0
03:20:00	12000	0	0	0	0	0	0	0	0	0	0	0	0	0	0	0	0	0	0	0	0	0	0	0	0	0	0	0	0	0	0	0	0
03:25:00	12300	0	0	0	0	0	0	0	0	0	0	0	0	0	0	0	0	0	0	0	0	0	0	0	0	0	0	0	0	0	0	0	0
03:30:00	12600	0	0	0	0	0	0	0	0	0	0	0	0	0	0	0	0	0	0	0	0	0	0	0	0	0	0	0	0	0	0	0	0
03:35:00	12900	0	0	0	0	0	0	0	0	0	0	0	0	0	0	0	0	0	0	0	0	0	0	0	0	0	0	0	0	0	0	0	0
03:40:00	13200	0	0	0	0	0	0	0	0	0	0	0	0	0	0	0	0	0	0	0	0	0	0	0	0	0	0	0	0	0	0	0	0
03:45:00	13500	0	0	0	0	0	0	0	0	0	0	0	0	0	0	0	0	0	0	0	0	0	0	0	0	0	0	0	0	0	0	0	0
03:50:00	13800	0	0	0	0	0	0	0	0	0	0	0	0	0	0	0	0	0	0	0	0	0	0	0	0	0	0	0	0	0	0	0	0
03:55:00	14100	0	0	0	0	0	0	0	0	0	0	0	0	0	0	0	0	0	0	0	0	0	0	0	0	0	0	0	0	0	0	0	0
04:00:00	14400	0	0	0	0	0	0	0	0	0	0	0	0	0	0	0	0	0	0	0	0	0	0	0	0	0	0	0	0	0	0	0	0
04:05:00	14700	0	0	0	0	0	0	0	0	0	0	0	0	0	0	0	0	0	0	0	0	0	0	0	0	0	0	0	0	0	0	0	0
04:10:00	15000	0	0	0	0	0	0	0	0	0	0	0	0	0	0	0	0	0	0	0	0	0	0	0	0	0	0	0	0	0	0	0	0
04:15:00	15300	0	0	0	0	0	0	0	0	0	0	0	0	0	0	0	0	0	0	0	0	0	0	0	0	0	0	0	0	0	0	0	0
04:20:00	15600	0	0	0	0	0	0	0	0	0	0	0	0	0	0	0	0	0	0	0	0	0	0	0	0	0	0	0	0	0	0	0	0
04:25:00	15900	0	0	0	0	0	0	0	0	0	0	0	0	0	0	0	0	0	0	0	0	0	0	0	0	0	0	0	0	0	0	0	0
04:30:00	16200	0	0	0	0	0	0	0	0	0	0	0	0	0	0	0	0	0	0	0	0	0	0	0	0	0	0	0	0	0	0	0	0
04:35:00	16500	0	0	0	0	0	0	0	0	0	0	0	0	0	0	0	0	0	0	0	0	0	0	0	0	0	0	0	0	0	0	0	0
04:40:00	16800	0	0	0	0	0	0	0	0	0	0	0	0	0	0	0	0	0	0	0	0	0	0	0	0	0	0	0	0	0	0	0	0
04:45:00	17100	0	0	0	0	0	0	0	0	0	0	0	0	0	0	0	0	0	0	0	0	0	0	0	0	0	0	0	0	0	0	0	0
04:50:00	17400	0	0	0	0	0	0	0	0	0	0	0	0	0	0	0	0	0	0	0	0	0	0	0	0	0	0	0	0	0	0	0	0
04:55:00	17700	0	0	0	0	0	0	0	0	0	0	0	0	0	0	0	0	0	0	0	0	0	0	0	0	0	0	0	0	0	0	0	0
05:00:00	18000	0	0	0	0	0	0	0	0	0	0	0	0	0	0	0	0	0	0	0	0	0	0	0	0	0	0	0	0	0	0	0	0
05:05:00	18300	0	0	0	0	0	0	0	0	0	0	0	0	0	0	0	0	0	0	0	0	0	0	0	0	0	0	0	0	0	0	0	0
05:10:00	18600	0	0	0	0	0	0	0	0	0	0	0	0	0	0	0	0	0	0	0	0	0	0	0	0	0	0	0	0	0	0	0	0
05:15:00	18900	0	0	0	0	0	0	0	0	0	0	0	0	0	0	0	0	0	0	0	0	0	0	0	0	0	0	0	0	0	0	0	0
05:20:00	19200	0	0	0	0	0	0	0	0	0	0	0	0	0	0	0	0	0	0	0	0	0	0	0	0	0	0	0	0	0	0	0	0
05:25:00	19500	0	0	0	0	0	0	0	0	0	0	0	0	0	0	0	0	0	0	0	0	0	0	0	0	0	0	0	0	0	0	0	0
05:30:00	19800	0	0	0	0	0	0	0	0	0	0	0	0	0	0	0	0	0	0	0	0	0	0	0	0	0	0	0	0	0	0	0	0
05:35:00	20100	0	0	0	0	0	0	0	0	0	0	0	0	0	0	0	0	0	0	0	0	0	0	0	0	0	0	0	0	0	0	0	0
05:40:00	20400	0	0	0	0	0	0	0	0	0	0	0	0	0	0	0	0	0	0	0	0	0	0	0	0	0	0	0	0	0	0	0	0
05:45:00	20700	0	0	0	0	0	0	0	0	0	0	0	0	0	0	0	0	0	0	0	0	0	0	0	0	0	0	0	0	0	0	0	0
05:50:00	21000	0	0	0	0	0	0	0	0	0	0	0	0	0	0	0	0	0	0	0	0	0	0	0	0	0	0	0	0	0	0	0	0
05:55:00	21300	0	0	0	0	0	0	0	0	0	0	0	0	0	0	0	0	0	0	0	0	0	0	0	0	0	0	0	0	0	0	0	0
06:00:00	21600	4	0	0	4	0	0	0	0	0	0	0	0	4	0	0	4	0	0	0	0	0	0	0	0	0	0	0	0	0	0	0	0
06:05:00	21900	4	1	0	7	0	0	0	0	0	0	0	0	4	1	0	7	0	0	0	0	0	0	0	0	0	0	0	0	0	0	0	0
06:10:00	22200	3	1	0	9	0	0	0	0	0	0	0	0	3	1	0	9	0	0	0	0	0	0	0	0	0	0	0	0	0	0	0	0
06:15:00	22500	1	3	0	7	0	0	0	0	0	0	0	0	1	3	0	7	0	0	0	0	0	0	0	0	0	0	0	0	0	0	0	0
06:20:00	22800	4	1	0	10	0	0	0	0	0	0	0	0	4	1	0	10	0	0	0	0	0	0	0	0	0	0	0	0	0	0	0	0
06:25:00	23100	6	3	0	13	0	0	0	0	0	0	0	0	5	3	0	12	0	0	0	0	0	0	0	0	0	0	0	0	1	0	0	1
06:30:00	23400	42	3	0	52	0	0	0	0	0	0	0	0	35	3	0	44	0	0	0	0	0	0	0	0	0	0	0	0	7	0	0	8
06:35:00	23700	37	21	0	68	0	0	0	0	0	0	0	0	28	18	0	54	0	0	0	0	0	0	0	0	0	0	0	0	9	3	0	14
06:40:00	24000	37	20	0	85	1	0	0	1	0	0	0	0	29	14	0	69	0	0	0	0	2	0	0	2	0	0	0	0	5	6	0	13
06:45:00	24300	37	38	0	84	0	1	0	0	0	0	0	0	28	29	0	68	0	0	0	0	3	0	0	5	0	0	0	0	6	8	0	11
06:50:00	24600	42	30	0	96	1	0	0	1	0	0	0	0	27	22	0	73	0	0	0	0	2	0	0	7	0	0	0	0	12	8	0	15
06:55:00	24900	79	31	0	144	1	0	0	2	0	0	0	0	61	27	0	107	0	0	0	0	0	0	0	7	0	0	0	0	17	4	0	28
07:00:00	25200	64	47	0	161	1	0	0	3	0	0	0	0	49	41	0	115	0	0	0	0	1	0	0	8	0	0	0	0	13	6	0	35
07:05:00	25500	64	48	0	177	0	2	0	1	0	0	0	0	37	32	0	120	0	0	0	0	1	1	0	8	0	0	0	0	26	13	0	48
07:10:00	25800	69	58	0	188	1	2	0	0	0	0	0	0	53	40	0	133	0	0	0	0	5	0	0	13	0	0	0	0	10	16	0	42
07:15:00	26100	91	62	0	217	0	0	0	0	0	0	0	0	73	46	0	160	0	0	0	0	2	0	0	15	0	0	0	0	16	16	0	42
07:20:00	26400	85	74	1	227	1	1	0	0	0	0	0	0	56	58	0	158	0	0	0	0	8	1	0	22	0	0	1	-1	20	14	0	48
07:25:00	26700	112	72	1	266	1	0	0	1	0	0	0	0	80	52	0	186	0	0	0	0	6	1	0	27	0	0	1	-2	25	19	0	54
07:30:00	27000	79	90	0	255	1	0	0	2	0	0	0	0	62	71	0	177	0	0	0	0	5	2	0	30	0	0	0	-2	11	17	0	48
07:35:00	27300	98	97	0	256	1	3	0	0	0	0	0	0	55	71	0	161	0	0	0	0	4	6	0	28	0	0	0	-2	38	17	0	69
07:40:00	27600	100	75	0	281	1	0	0	1	0	0	0	0	73	51	0	183	0	0	0	0	5	1	0	32	0	0	0	-2	21	23	0	67
07:45:00	27900	102	86	0	297	0	1	0	0	0	0	0	0	73	61	0	195	0	0	0	0	7	1	0	38	0	0	0	-2	22	23	0	66
07:50:00	28200	114	91	0	320	2	0	0	2	1	0	0	1	81	66	0	210	0	0	0	0	3	5	0	36	0	0	0	-2	27	20	0	73
07:55:00	28500	120	108	0	332	0	1	0	1	1	0	0	2	75	84	0	201	12	1	0	11	9	1	0	44	0	0	0	-2	23	21	0	75
08:00:00	28800	135	120	0	347	2	1	0	2	0	1	0	1	82	81	0	202	24	6	0	29	9	4	0	49	0	0	0	-2	18	27	0	66
08:05:00	29100	122	113	2	354	0	2	0	0	0	0	0	1	66	67	0	201	17	11	0	35	7	6	0	50	0	0	2	-4	32	27	0	71
08:10:00	29400	134	118	0	370	0	0	0	0	0	0	0	1	78	79	0	200	26	16	0	45	4	4	0	50	0	0	0	-4	26	19	0	78
08:15:00	29700	100	105	0	365	0	0	0	0	0	0	0	1	56	65	0	191	14	15	0	44	7	1	0	56	0	0	0	-4	23	24	0	77
08:20:00	30000	112	104	0	373	1	0	0	1	0	0	0	1	73	61	0	203	16	18	0	42	8	1	0	63	0	0	0	-4	14	24	0	67
08:25:00	30300	110	102	1	380	0	0	0	1	0	0	0	1	65	71	0	197	20	12	0	50	6	3	0	66	0	0	1	-5	19	16	0	70
08:30:00	30600	103	112	0	371	0	1	0	0	0	1	0	0	47	61	0	183	21	16	0	55	12	7	0	71	0	0	0	-5	23	26	0	67
08:35:00	30900	77	95	0	353	1	0	0	1	0	0	0	0	49	56	0	176	8	19	0	44	5	5	0	71	0	0	0	-5	14	15	0	66
08:40:00	31200	90	85	0	358	0	1	0	0	0	0	0	0	47	52	0	171	24	18	0	50	6	2	0	75	0	0	0	-5	13	12	0	67
08:45:00	31500	106	79	0	385	0	0	0	0	0	0	0	0	44	52	0	163	39	14	0	75	5	1	0	79	0	0	0	-5	18	12	0	73
08:50:00	31800	85	93	0	377	1	1	0	0	0	0	0	0	49	51	0	161	13	23	0	65	6	0	0	85	0	0	0	-5	16	18	0	71
08:55:00	32100	91	93	0	375	0	0	0	0	0	0	0	0	51	55	0	157	18	18	0	65	7	6	0	86	0	0	0	-5	15	14	0	72
09:00:00	32400	96	87	0	384	0	0	0	0	0	0	0	0	69	52	0	174	4	16	0	53	7	2	0	91	0	0	0	-5	16	17	0	71
09:05:00	32700	82	100	0	366	1	0	0	1	0	0	0	0	46	52	0	168	6	11	0	48	4	12	0	83	0	0	0	-5	25	25	0	71
09:10:00	33000	62	91	0	337	1	1	0	1	0	0	0	0	40	53	0	155	3	12	0	39	5	2	0	86	0	0	0	-5	13	23	0	61
09:15:00	33300	62	76	0	323	0	1	0	0	0	0	0	0	43	48	0	150	2	12	0	29	7	3	0	90	0	0	0	-5	10	12	0	59
09:20:00	33600	52	84	0	291	1	0	0	1	1	0	0	1	30	50	0	130	2	11	0	20	3	4	0	89	0	0	0	-5	15	19	0	55
09:25:00	33900	64	68	0	287	0	1	0	0	0	0	0	1	34	40	0	124	4	2	0	22	3	12	0	80	0	0	0	-5	23	13	0	65
09:30:00	34200	50	69	0	268	0	0	0	0	0	0	0	1	34	39	0	119	1	6	0	17	1	6	0	75	0	0	0	-5	14	18	0	61
09:35:00	34500	52	66	0	254	0	0	0	0	0	0	0	1	25	37	0	107	8	6	0	19	6	3	0	78	0	0	0	-5	13	20	0	54
09:40:00	34800	40	59	0	235	0	0	0	0	0	0	0	1	29	39	0	97	2	5	0	16	1	2	0	77	0	0	0	-5	8	13	0	49
09:45:00	35100	45	69	0	211	0	0	0	0	0	1	0	0	28	42	0	83	0	6	0	10	5	0	0	82	0	0	0	-5	12	20	0	41
09:50:00	35400	38	46	0	203	0	0	0	0	0	0	0	0	27	27	0	83	0	4	0	6	5	0	0	87	0	0	0	-5	6	15	0	32
09:55:00	35700	46	38	0	211	0	0	0	0	0	0	0	0	32	24	0	91	0	2	0	4	0	1	0	86	0	0	0	-5	14	11	0	35
10:00:00	36000	77	64	0	224	0	0	0	0	0	0	0	0	46	34	0	103	0	2	0	2	3	11	0	78	0	0	0	-5	28	17	0	46
10:05:00	36300	58	60	0	222	0	0	0	0	0	0	0	0	40	42	0	101	0	1	0	1	0	2	0	76	0	0	0	-5	18	15	0	49
10:10:00	36600	85	82	0	225	0	0	0	0	0	0	0	0	57	46	0	112	0	1	0	0	2	9	0	69	0	0	0	-5	26	26	0	49
10:15:00	36900	65	72	0	218	0	0	0	0	0	0	0	0	36	44	0	104	0	0	0	0	2	2	0	69	0	0	0	-5	27	26	0	50
10:20:00	37200	67	69	0	216	0	0	0	0	0	0	0	0	36	38	0	102	0	0	0	0	4	1	0	72	0	0	0	-5	27	30	0	47
10:25:00	37500	76	77	0	215	0	0	0	0	0	0	0	0	54	48	0	108	0	0	0	0	1	3	0	70	0	0	0	-5	21	26	0	42
10:30:00	37800	61	72	0	204	0	0	0	0	0	0	0	0	38	44	0	102	0	0	0	0	1	0	0	71	0	0	0	-5	22	28	0	36
10:35:00	38100	48	71	0	181	1	0	0	1	0	0	0	0	22	47	0	77	2	1	0	1	3	1	0	73	0	0	0	-5	20	22	0	34
10:40:00	38400	56	64	0	173	0	1	0	0	0	0	0	0	24	31	0	70	1	1	0	1	2	0	0	75	0	0	0	-5	29	31	0	32
10:45:00	38700	69	68	0	174	0	0	0	0	0	0	0	0	39	38	0	71	3	0	0	4	2	6	0	71	0	0	0	-5	25	24	0	33
10:50:00	39000	45	58	0	161	0	0	0	0	1	0	0	1	17	26	0	62	0	3	0	1	3	3	0	71	0	0	0	-5	24	26	0	31
10:55:00	39300	37	47	0	151	0	0	0	0	0	0	0	1	22	23	0	61	2	0	0	3	1	1	0	71	0	0	0	-5	12	23	0	20
11:00:00	39600	48	39	0	160	0	0	0	0	2	0	0	3	29	26	0	64	4	1	0	6	0	1	0	70	0	0	0	-5	13	11	0	22
11:05:00	39900	92	78	0	174	1	0	0	1	0	2	0	1	36	25	0	75	1	1	0	6	11	13	0	68	0	0	0	-5	43	37	0	28
11:10:00	40200	77	49	0	202	0	0	0	1	0	0	0	1	52	28	0	99	2	1	0	7	4	1	0	71	0	0	0	-5	19	19	0	28
11:15:00	40500	63	59	0	206	0	1	0	0	0	0	0	1	32	37	0	94	10	3	0	14	0	3	0	68	0	0	0	-5	21	15	0	34
11:20:00	40800	60	56	0	210	0	0	0	0	1	1	0	1	30	30	0	94	2	1	0	15	2	2	0	68	0	0	0	-5	25	22	0	37
11:25:00	41100	72	68	0	214	0	0	0	0	1	1	0	1	45	39	0	100	3	4	0	14	2	1	0	69	0	0	0	-5	21	23	0	35
11:30:00	41400	84	64	0	234	0	0	0	0	0	0	0	1	45	29	0	116	1	5	0	10	5	3	0	71	0	0	0	-5	33	27	0	41
11:35:00	41700	100	95	0	239	0	0	0	0	0	0	0	1	50	48	0	118	3	3	0	10	8	13	0	66	0	0	0	-5	39	31	0	49
11:40:00	42000	86	81	0	244	0	0	0	0	0	1	0	0	45	37	0	126	0	3	0	7	4	14	0	56	0	0	0	-5	37	26	0	60
11:45:00	42300	85	94	0	235	0	0	0	0	0	0	0	0	48	48	0	126	3	5	0	5	7	6	0	57	0	0	0	-5	27	35	0	52
11:50:00	42600	89	79	0	245	2	0	0	2	0	0	0	0	48	43	0	131	5	2	0	8	1	2	0	56	0	0	0	-5	33	32	0	53
11:55:00	42900	111	98	0	258	0	1	0	1	0	0	0	0	66	51	0	146	1	1	0	8	4	10	0	50	0	0	0	-5	40	35	0	58
12:00:00	43200	87	92	0	253	2	0	0	3	0	0	0	0	58	59	0	145	2	1	0	9	5	0	0	55	0	0	0	-5	20	32	0	46
12:05:00	43500	68	78	0	243	2	2	0	3	0	0	0	0	37	44	0	138	8	6	0	11	6	0	0	61	0	0	0	-5	15	26	0	35
12:10:00	43800	70	59	0	254	1	1	0	3	0	0	0	0	44	37	0	145	2	0	0	13	5	1	0	65	0	0	0	-5	18	20	0	33
12:15:00	44100	56	76	0	234	1	2	0	2	0	0	0	0	34	54	0	125	1	3	0	11	2	2	0	65	0	0	0	-5	18	15	0	36
12:20:00	44400	50	61	1	222	0	1	0	1	0	0	0	0	33	45	0	113	0	3	0	8	2	1	0	66	0	0	1	-6	15	11	0	40
12:25:00	44700	64	66	0	220	1	1	0	1	0	0	0	0	48	35	0	126	0	3	0	5	5	6	0	65	0	0	0	-6	10	21	0	29
12:30:00	45000	42	49	0	213	1	0	0	2	0	0	0	0	27	38	0	115	0	1	0	4	4	2	0	67	0	0	0	-6	10	8	0	31
12:35:00	45300	28	48	0	193	0	0	0	2	0	0	0	0	13	34	0	94	0	2	0	2	4	5	0	66	0	0	0	-6	11	7	0	35
12:40:00	45600	36	37	0	192	0	1	0	1	0	0	0	0	21	24	0	91	0	1	0	1	3	2	0	67	0	0	0	-6	12	9	0	38
12:45:00	45900	50	41	0	201	0	1	0	0	1	0	0	1	32	29	0	94	0	0	0	1	7	1	0	73	0	0	0	-6	10	10	0	38
12:50:00	46200	33	51	0	183	1	0	0	1	0	0	0	1	21	33	0	82	0	1	0	0	7	0	0	80	0	0	0	-6	4	17	0	25
12:55:00	46500	36	38	0	181	0	0	0	1	0	0	0	1	26	29	0	79	0	0	0	0	3	4	0	79	0	0	0	-6	7	5	0	27
13:00:00	46800	6	33	0	154	0	1	0	0	0	0	0	1	0	23	0	56	0	0	0	0	5	0	0	84	0	0	0	-6	1	9	0	19
13:05:00	47100	4	27	0	131	0	0	0	0	0	0	0	1	3	20	0	39	0	0	0	0	1	0	0	85	0	0	0	-6	0	7	0	12
13:10:00	47400	3	16	0	118	0	0	0	0	0	0	0	1	0	11	0	28	0	0	0	0	2	1	0	86	0	0	0	-6	1	4	0	9
13:15:00	47700	24	10	0	132	0	0	0	0	0	0	0	1	15	6	0	37	0	0	0	0	0	3	0	83	0	0	0	-6	9	1	0	17
13:20:00	48000	19	23	0	128	0	0	0	0	0	0	0	1	9	11	0	35	0	0	0	0	1	4	0	80	0	0	0	-6	9	8	0	18
13:25:00	48300	25	23	0	130	0	0	0	0	0	0	0	1	9	8	0	36	0	0	0	0	2	9	0	73	0	0	0	-6	14	6	0	26
13:30:00	48600	54	23	0	161	0	0	0	0	1	0	0	2	44	14	0	66	1	0	0	1	1	2	0	72	0	0	0	-6	7	7	0	26
13:35:00	48900	67	56	0	172	0	0	0	0	0	1	0	1	41	33	0	74	5	0	0	6	1	9	0	64	0	0	0	-6	20	13	0	33
13:40:00	49200	48	45	0	175	1	0	0	1	0	0	0	1	31	27	0	78	5	2	0	9	1	4	0	61	0	0	0	-6	10	12	0	31
13:45:00	49500	59	50	0	184	0	0	0	1	0	1	0	0	43	30	0	91	2	3	0	8	2	3	0	60	0	0	0	-6	12	13	0	30
13:50:00	49800	100	58	0	226	1	1	0	1	0	0	0	0	61	32	0	120	15	7	0	16	2	2	0	60	0	0	0	-6	21	16	0	35
13:55:00	50100	117	63	0	280	3	1	0	3	0	0	0	0	77	44	0	153	12	5	0	23	2	1	0	61	0	0	0	-6	23	12	0	46
14:00:00	50400	86	83	0	283	0	0	0	3	0	0	0	0	62	54	0	161	3	9	0	17	3	0	0	64	0	0	0	-6	18	20	0	44
14:05:00	50700	86	89	0	280	0	2	0	1	0	0	0	0	48	53	0	156	9	6	0	20	2	0	0	66	0	0	0	-6	27	28	0	43
14:10:00	51000	82	83	0	279	0	0	0	1	0	0	0	0	53	52	0	157	14	11	0	23	4	0	0	70	0	0	0	-6	11	20	0	34
14:15:00	51300	67	72	0	274	1	1	0	1	0	0	0	0	37	49	0	145	8	8	0	23	4	0	0	74	0	0	0	-6	17	14	0	37
14:20:00	51600	84	75	0	283	1	1	0	1	0	0	0	0	41	43	0	143	14	8	0	29	5	6	0	73	0	0	0	-6	23	17	0	43
14:25:00	51900	80	87	0	276	0	1	0	0	1	0	0	1	50	61	0	132	16	11	0	34	3	1	0	75	0	0	0	-6	10	13	0	40
14:30:00	52200	58	71	0	263	0	0	0	0	0	0	0	1	24	34	0	122	12	13	0	33	7	4	0	78	0	0	0	-6	15	20	0	35
14:35:00	52500	75	70	1	267	0	0	0	0	0	0	0	1	40	36	0	126	4	13	0	24	2	3	0	77	0	0	1	-7	29	18	0	46
14:40:00	52800	63	82	0	248	0	0	0	0	0	0	0	1	33	48	0	111	8	7	0	25	4	3	0	78	0	0	0	-7	18	24	0	40
14:45:00	53100	57	66	0	239	0	0	0	0	0	0	0	1	25	27	0	109	9	13	0	21	6	10	0	74	0	0	0	-7	17	16	0	41
14:50:00	53400	54	77	0	216	0	0	0	0	0	0	0	1	31	45	0	95	3	6	0	18	5	1	0	78	0	0	0	-7	15	25	0	31
14:55:00	53700	48	57	0	207	0	0	0	0	0	0	0	1	19	27	0	87	8	6	0	20	4	6	0	76	0	0	0	-7	17	18	0	30
15:00:00	54000	43	52	0	198	0	0	0	0	2	1	0	2	19	29	0	77	3	9	0	14	1	3	0	74	0	0	0	-7	18	10	0	38
15:05:00	54300	53	59	0	192	1	0	0	1	0	1	0	1	26	37	0	66	1	4	0	11	2	1	0	75	0	0	0	-7	23	16	0	45
15:10:00	54600	52	50	0	194	0	1	0	0	0	0	0	1	28	24	0	70	0	5	0	6	2	1	0	76	0	0	0	-7	22	19	0	48
15:15:00	54900	61	48	0	207	1	0	0	1	0	0	0	1	35	21	0	84	1	2	0	5	5	1	0	80	0	0	0	-7	19	24	0	43
15:20:00	55200	59	59	0	207	1	1	0	1	0	0	0	1	33	28	0	89	1	1	0	5	5	2	0	83	0	0	0	-7	19	27	0	35
15:25:00	55500	52	61	0	198	0	0	0	1	0	0	0	1	37	44	0	82	0	0	0	5	2	1	0	84	0	0	0	-7	13	16	0	32
15:30:00	55800	77	51	1	223	0	0	0	1	0	0	0	1	44	29	0	97	0	1	0	4	1	2	0	83	0	0	1	-8	32	19	0	45
15:35:00	56100	102	72	0	253	0	1	0	0	0	0	0	1	67	37	0	127	0	0	0	4	4	5	0	82	0	0	0	-8	31	29	0	47
15:40:00	56400	110	96	0	267	0	0	0	0	0	0	0	1	71	54	0	144	0	1	0	3	3	4	0	81	0	0	0	-8	36	37	0	46
15:45:00	56700	78	91	0	254	0	0	0	0	0	0	0	1	48	56	0	136	0	0	0	3	4	5	0	80	0	0	0	-8	26	30	0	42
15:50:00	57000	87	86	0	255	2	1	0	1	0	0	0	1	55	52	0	139	0	1	0	2	2	0	0	82	0	0	0	-8	28	32	0	38
15:55:00	57300	69	84	0	240	1	2	0	0	0	0	0	1	31	51	0	119	0	0	0	2	2	7	0	77	0	0	0	-8	35	24	0	49
16:00:00	57600	91	82	0	249	0	0	0	0	0	0	0	1	42	46	0	115	21	0	0	23	4	6	0	75	0	0	0	-8	24	30	0	43
16:05:00	57900	81	75	0	255	0	0	0	0	0	0	0	1	42	46	0	111	19	7	0	35	0	3	0	72	0	0	0	-8	20	19	0	44
16:10:00	58200	68	86	0	237	0	0	0	0	0	0	0	1	28	45	0	94	18	15	0	38	2	1	0	73	0	0	0	-8	20	25	0	39
16:15:00	58500	86	93	0	230	0	0	0	0	0	0	0	1	34	40	0	88	16	14	0	40	5	12	0	66	0	0	0	-8	31	27	0	43
16:20:00	58800	97	68	0	259	0	0	0	0	0	0	0	1	55	30	0	113	17	11	0	46	2	2	0	66	0	0	0	-8	23	25	0	41
16:25:00	59100	104	85	0	278	0	0	0	0	0	0	0	1	46	38	0	121	27	20	0	53	2	4	0	64	0	0	0	-8	29	23	0	47
16:30:00	59400	117	89	0	306	1	0	0	1	0	0	0	1	58	49	0	130	31	14	0	70	4	2	0	66	0	0	0	-8	23	24	0	46
16:35:00	59700	139	97	0	348	0	1	0	0	0	1	0	0	70	42	0	158	27	20	0	77	6	4	0	68	0	0	0	-8	36	29	0	53
16:40:00	60000	142	128	0	362	0	0	0	0	0	0	0	0	86	63	0	181	20	29	0	68	5	5	0	68	0	0	0	-8	31	31	0	53
16:45:00	60300	103	94	0	371	1	0	0	1	0	0	0	0	54	53	0	182	28	19	0	77	3	2	0	69	0	0	0	-8	17	20	0	50
16:50:00	60600	158	135	0	394	0	1	0	0	0	0	0	0	71	69	0	184	47	31	0	93	4	3	0	70	0	0	0	-8	36	31	0	55
16:55:00	60900	138	133	1	398	1	0	0	1	0	0	0	0	70	68	0	186	31	27	0	97	3	6	0	67	0	0	1	-9	33	32	0	56
17:00:00	61200	180	131	0	447	0	0	0	1	0	0	0	0	115	64	0	237	20	29	0	88	5	7	0	65	0	0	0	-9	40	31	0	65
17:05:00	61500	187	142	0	492	1	1	0	1	0	0	0	0	126	76	0	287	12	22	0	78	5	11	0	59	0	0	0	-9	43	32	0	76
17:10:00	61800	161	157	0	496	0	0	0	1	1	0	0	1	105	99	0	293	15	21	0	72	4	3	0	60	0	0	0	-9	36	34	0	78
17:15:00	62100	185	169	0	512	2	2	0	1	0	0	0	1	106	101	0	298	25	20	0	77	7	5	0	62	0	0	0	-9	45	41	0	82
17:20:00	62400	184	161	0	535	1	2	0	0	1	0	0	2	122	94	0	326	14	22	0	69	4	2	0	64	0	0	0	-9	42	41	0	83
17:25:00	62700	129	171	0	493	1	0	0	1	0	0	0	2	83	100	0	309	3	25	0	47	10	5	0	69	0	0	0	-9	32	41	0	74
17:30:00	63000	109	145	0	457	0	1	0	0	0	1	0	1	81	97	0	293	1	12	0	36	2	8	0	63	0	0	0	-9	25	26	0	73
17:35:00	63300	104	100	0	461	0	0	0	0	0	0	0	1	73	73	0	293	1	5	0	32	9	4	0	68	0	0	0	-9	21	18	0	76
17:40:00	63600	81	118	0	424	0	0	0	0	1	1	0	1	44	73	0	264	2	9	0	25	13	8	0	73	0	0	0	-9	21	27	0	70
17:45:00	63900	113	103	0	434	0	0	0	0	0	0	0	1	83	74	0	273	1	1	0	25	6	5	0	74	0	0	0	-9	23	23	0	70
17:50:00	64200	92	100	0	426	0	0	0	0	0	0	0	1	68	75	0	266	0	5	0	20	6	3	0	77	0	0	0	-9	18	17	0	71
17:55:00	64500	112	120	0	418	1	0	0	1	0	0	0	1	84	83	0	267	1	4	0	17	7	5	0	79	0	0	0	-9	19	28	0	62
18:00:00	64800	72	117	0	373	0	1	0	0	0	0	0	1	55	88	0	234	1	2	0	16	5	2	0	82	0	0	0	-9	11	24	0	49
18:05:00	65100	71	88	1	355	0	0	0	0	0	0	0	1	42	61	0	215	0	2	0	14	6	12	0	76	0	0	1	-10	23	13	0	59
18:10:00	65400	52	86	0	321	0	0	0	0	0	1	0	0	36	60	0	191	0	0	0	14	3	5	0	74	0	0	0	-10	13	20	0	52
18:15:00	65700	46	90	0	277	0	0	0	0	0	0	0	0	30	63	0	158	1	2	0	13	2	9	0	67	0	0	0	-10	13	16	0	49
18:20:00	66000	57	61	0	273	1	1	0	0	0	0	0	0	42	39	0	161	0	1	0	12	2	5	0	64	0	0	0	-10	12	15	0	46
18:25:00	66300	43	59	0	257	0	0	0	0	0	0	0	0	30	40	0	151	0	1	0	11	0	8	0	56	0	0	0	-10	13	10	0	49
18:30:00	66600	41	58	0	240	0	0	0	0	0	0	0	0	27	37	0	141	0	0	0	11	1	7	0	50	0	0	0	-10	13	14	0	48
18:35:00	66900	60	70	0	230	0	0	0	0	0	0	0	0	39	47	0	133	1	4	0	8	0	9	0	41	0	0	0	-10	20	10	0	58
18:40:00	67200	33	47	0	216	0	0	0	0	0	0	0	0	23	29	0	127	0	1	0	7	2	2	0	41	0	0	0	-10	8	15	0	51
18:45:00	67500	35	58	0	193	0	0	0	0	0	0	0	0	25	33	0	119	0	3	0	4	2	6	0	37	0	0	0	-10	8	16	0	43
18:50:00	67800	19	46	0	166	0	0	0	0	0	0	0	0	7	25	0	101	0	0	0	4	0	9	0	28	0	0	0	-10	12	12	0	43
18:55:00	68100	23	39	0	150	0	0	0	0	0	0	0	0	15	23	0	93	0	0	0	4	0	5	0	23	0	0	0	-10	8	11	0	40
19:00:00	68400	67	44	0	173	0	0	0	0	0	0	0	0	54	26	0	121	0	0	0	4	1	8	0	16	0	0	0	-10	12	10	0	42
19:05:00	68700	82	40	0	215	0	0	0	0	0	0	0	0	66	29	0	158	0	0	0	4	3	0	0	19	0	0	0	-10	13	11	0	44
19:10:00	69000	63	61	0	217	0	0	0	0	0	0	0	0	52	49	0	161	0	0	0	4	1	1	0	19	0	0	0	-10	10	11	0	43
19:15:00	69300	55	68	0	204	0	0	0	0	0	0	0	0	42	48	0	155	0	1	0	3	1	3	0	17	0	0	0	-10	12	16	0	39
19:20:00	69600	62	64	0	202	1	0	0	1	0	0	0	0	52	51	0	156	0	0	0	3	0	2	0	15	0	0	0	-10	9	11	0	37
19:25:00	69900	87	57	0	232	0	0	0	1	0	0	0	0	70	46	0	180	0	0	0	3	1	1	0	15	0	0	0	-10	16	10	0	43
19:30:00	70200	68	62	0	238	0	0	0	1	0	0	0	0	57	47	0	190	0	0	0	3	1	3	0	13	0	0	0	-10	10	12	0	41
19:35:00	70500	50	81	0	207	0	0	0	1	0	0	0	0	38	68	0	160	0	0	0	3	1	2	0	12	0	0	0	-10	11	11	0	41
19:40:00	70800	38	59	0	186	0	1	0	0	0	0	0	0	34	47	0	147	0	0	0	3	0	0	0	12	0	0	0	-10	4	11	0	34
19:45:00	71100	69	62	0	193	0	0	0	0	0	0	0	0	54	45	0	156	0	1	0	2	3	4	0	11	0	0	0	-10	12	12	0	34
19:50:00	71400	46	59	0	180	2	0	0	2	0	0	0	0	35	48	0	143	0	0	0	2	1	1	0	11	0	0	0	-10	8	10	0	32
19:55:00	71700	51	59	0	172	0	1	0	1	0	0	0	0	40	51	0	132	0	0	0	2	0	2	0	9	0	0	0	-10	11	5	0	38
20:00:00	72000	6	42	0	136	0	0	0	1	0	0	0	0	2	32	0	102	0	0	0	2	1	0	0	10	0	0	0	-10	3	10	0	31
20:05:00	72300	4	43	0	97	0	1	0	0	0	0	0	0	3	31	0	74	0	0	0	2	0	0	0	10	0	0	0	-10	1	11	0	21
20:10:00	72600	5	17	0	85	0	0	0	0	0	0	0	0	4	13	0	65	0	0	0	2	0	0	0	10	0	0	0	-10	1	4	0	18
20:15:00	72900	5	19	0	71	0	0	0	0	0	0	0	0	2	16	0	51	0	0	0	2	1	1	0	10	0	0	0	-10	2	2	0	18
20:20:00	73200	10	19	0	62	0	0	0	0	0	0	0	0	6	13	0	44	0	1	0	1	1	2	0	9	0	0	0	-10	3	3	0	18
20:25:00	73500	10	9	0	63	0	0	0	0	0	0	0	0	6	4	0	46	0	0	0	1	0	3	0	6	0	0	0	-10	4	2	0	20
20:30:00	73800	6	18	0	51	0	0	0	0	0	0	0	0	3	12	0	37	0	1	0	0	0	2	0	4	0	0	0	-10	3	3	0	20
20:35:00	74100	2	10	0	43	0	0	0	0	0	0	0	0	1	5	0	33	0	0	0	0	0	1	0	3	0	0	0	-10	1	4	0	17
20:40:00	74400	4	9	0	38	0	0	0	0	0	0	0	0	4	7	0	30	0	0	0	0	0	0	0	3	0	0	0	-10	0	2	0	15
20:45:00	74700	6	6	0	38	0	0	0	0	0	0	0	0	4	3	0	31	0	0	0	0	0	0	0	3	0	0	0	-10	2	3	0	14
20:50:00	75000	9	14	0	33	0	0	0	0	0	0	0	0	6	8	0	29	0	0	0	0	0	0	0	3	0	0	0	-10	3	6	0	11
20:55:00	75300	4	7	0	30	0	0	0	0	0	0	0	0	2	4	0	27	0	0	0	0	0	0	0	3	0	0	0	-10	2	3	0	10
21:00:00	75600	9	9	0	30	0	0	0	0	0	0	0	0	7	7	0	27	0	0	0	0	0	0	0	3	0	0	0	-10	2	2	0	10
21:05:00	75900	6	6	0	30	0	0	0	0	0	0	0	0	5	4	0	28	0	0	0	0	0	0	0	3	0	0	0	-10	1	2	0	9
21:10:00	76200	3	6	0	27	0	0	0	0	0	0	0	0	3	3	0	28	0	0	0	0	0	0	0	3	0	0	0	-10	0	3	0	6
21:15:00	76500	2	6	0	23	0	0	0	0	0	0	0	0	2	5	0	25	0	0	0	0	0	0	0	3	0	0	0	-10	0	1	0	5
21:20:00	76800	1	3	0	21	0	0	0	0	0	0	0	0	1	3	0	23	0	0	0	0	0	0	0	3	0	0	0	-10	0	0	0	5
21:25:00	77100	1	2	0	20	0	0	0	0	0	0	0	0	1	2	0	22	0	0	0	0	0	0	0	3	0	0	0	-10	0	0	0	5
21:30:00	77400	0	4	0	16	0	0	0	0	0	0	0	0	0	4	0	18	0	0	0	0	0	0	0	3	0	0	0	-10	0	0	0	5
21:35:00	77700	0	3	0	13	0	0	0	0	0	0	0	0	0	3	0	15	0	0	0	0	0	0	0	3	0	0	0	-10	0	0	0	5
21:40:00	78000	2	3	0	12	0	0	0	0	0	0	0	0	2	3	0	14	0	0	0	0	0	0	0	3	0	0	0	-10	0	0	0	5
21:45:00	78300	1	3	0	10	0	0	0	0	0	0	0	0	1	1	0	14	0	0	0	0	0	0	0	3	0	0	0	-10	0	2	0	3
21:50:00	78600	3	5	0	8	0	0	0	0	0	0	0	0	3	5	0	12	0	0	0	0	0	0	0	3	0	0	0	-10	0	0	0	3
21:55:00	78900	0	0	0	8	0	0	0	0	0	0	0	0	0	0	0	12	0	0	0	0	0	0	0	3	0	0	0	-10	0	0	0	3
22:00:00	79200	0	1	0	7	0	0	0	0	0	0	0	0	0	1	0	11	0	0	0	0	0	0	0	3	0	0	0	-10	0	0	0	3
22:05:00	79500	0	1	0	6	0	0	0	0	0	0	0	0	0	0	0	11	0	0	0	0	0	0	0	3	0	0	0	-10	0	1	0	2
22:10:00	79800	1	1	0	6	0	0	0	0	0	0	0	0	1	1	0	11	0	0	0	0	0	0	0	3	0	0	0	-10	0	0	0	2
22:15:00	80100	2	4	0	4	0	0	0	0	0	0	0	0	1	3	0	9	0	0	0	0	0	0	0	3	0	0	0	-10	1	1	0	2
22:20:00	80400	1	3	0	2	0	0	0	0	0	0	0	0	0	1	0	8	0	0	0	0	0	0	0	3	0	0	0	-10	1	2	0	1
22:25:00	80700	0	3	0	-1	0	0	0	0	0	0	0	0	0	2	0	6	0	0	0	0	0	0	0	3	0	0	0	-10	0	1	0	0
22:30:00	81000	0	0	0	-1	0	0	0	0	0	0	0	0	0	0	0	6	0	0	0	0	0	0	0	3	0	0	0	-10	0	0	0	0
22:35:00	81300	0	0	0	-1	0	0	0	0	0	0	0	0	0	0	0	6	0	0	0	0	0	0	0	3	0	0	0	-10	0	0	0	0
22:40:00	81600	1	2	0	-2	0	0	0	0	0	0	0	0	1	2	0	5	0	0	0	0	0	0	0	3	0	0	0	-10	0	0	0	0
22:45:00	81900	1	1	0	-2	0	0	0	0	0	0	0	0	1	1	0	5	0	0	0	0	0	0	0	3	0	0	0	-10	0	0	0	0
22:50:00	82200	0	1	0	-3	0	0	0	0	0	0	0	0	0	1	0	4	0	0	0	0	0	0	0	3	0	0	0	-10	0	0	0	0
22:55:00	82500	0	0	0	-3	0	0	0	0	0	0	0	0	0	0	0	4	0	0	0	0	0	0	0	3	0	0	0	-10	0	0	0	0
23:00:00	82800	0	0	0	-3	0	0	0	0	0	0	0	0	0	0	0	4	0	0	0	0	0	0	0	3	0	0	0	-10	0	0	0	0
23:05:00	83100	0	0	0	-3	0	0	0	0	0	0	0	0	0	0	0	4	0	0	0	0	0	0	0	3	0	0	0	-10	0	0	0	0
23:10:00	83400	0	0	0	-3	0	0	0	0	0	0	0	0	0	0	0	4	0	0	0	0	0	0	0	3	0	0	0	-10	0	0	0	0
23:15:00	83700	6	2	0	1	0	0	0	0	0	0	0	0	6	2	0	8	0	0	0	0	0	0	0	3	0	0	0	-10	0	0	0	0
23:20:00	84000	5	4	0	2	0	0	0	0	0	0	0	0	5	4	0	9	0	0	0	0	0	0	0	3	0	0	0	-10	0	0	0	0
23:25:00	84300	5	2	0	5	0	0	0	0	0	0	0	0	4	1	0	12	0	0	0	0	0	0	0	3	0	0	0	-10	1	1	0	0
23:30:00	84600	2	6	0	1	0	0	0	0	0	0	0	0	2	6	0	8	0	0	0	0	0	0	0	3	0	0	0	-10	0	0	0	0
23:35:00	84900	2	0	0	3	0	0	0	0	0	0	0	0	2	0	0	10	0	0	0	0	0	0	0	3	0	0	0	-10	0	0	0	0
23:40:00	85200	3	3	0	3	0	0	0	0	0	0	0	0	2	3	0	9	0	0	0	0	0	0	0	3	0	0	0	-10	1	0	0	1
23:45:00	85500	4	2	0	5	0	0	0	0	0	0	0	0	2	1	0	10	0	0	0	0	0	0	0	3	0	0	0	-10	2	1	0	2
23:50:00	85800	4	6	0	3	0	0	0	0	0	0	0	0	3	3	0	10	0	0	0	0	0	0	0	3	0	0	0	-10	1	3	0	0
23:55:00	86100	2	3	0	2	0	0	0	0	0	0	0	0	1	3	0	8	0	0	0	0	0	0	0	3	0	0	0	-10	1	0	0	1
24:00:00	86400	4	0	0	6	0	0	0	0	0	0	0	0	4	0	0	12	0	0	0	0	0	0	0	3	0	0	0	-10	0	0	0	1
24:05:00	86700	2	4	0	4	0	0	0	0	0	0	0	0	2	3	0	11	0	0	0	0	0	0	0	3	0	0	0	-10	0	1	0	0
24:10:00	87000	2	3	0	3	0	0	0	0	0	0	0	0	2	3	0	10	0	0	0	0	0	0	0	3	0	0	0	-10	0	0	0	0
24:15:00	87300	0	3	0	0	0	0	0	0	0	0	0	0	0	3	0	7	0	0	0	0	0	0	0	3	0	0	0	-10	0	0	0	0
24:20:00	87600	0	1	0	-1	0	0	0	0	0	0	0	0	0	1	0	6	0	0	0	0	0	0	0	3	0	0	0	-10	0	0	0	0
24:25:00	87900	0	1	0	-2	0	0	0	0	0	0	0	0	0	1	0	5	0	0	0	0	0	0	0	3	0	0	0	-10	0	0	0	0
24:30:00	88200	0	0	0	-2	0	0	0	0	0	0	0	0	0	0	0	5	0	0	0	0	0	0	0	3	0	0	0	-10	0	0	0	0
24:35:00	88500	0	2	0	-4	0	0	0	0	0	0	0	0	0	2	0	3	0	0	0	0	0	0	0	3	0	0	0	-10	0	0	0	0
24:40:00	88800	0	0	0	-4	0	0	0	0	0	0	0	0	0	0	0	3	0	0	0	0	0	0	0	3	0	0	0	-10	0	0	0	0
24:45:00	89100	0	0	0	-4	0	0	0	0	0	0	0	0	0	0	0	3	0	0	0	0	0	0	0	3	0	0	0	-10	0	0	0	0
24:50:00	89400	0	2	0	-6	0	0	0	0	0	0	0	0	0	2	0	1	0	0	0	0	0	0	0	3	0	0	0	-10	0	0	0	0
24:55:00	89700	0	0	0	-6	0	0	0	0	0	0	0	0	0	0	0	1	0	0	0	0	0	0	0	3	0	0	0	-10	0	0	0	0
25:00:00	90000	0	0	0	-6	0	0	0	0	0	0	0	0	0	0	0	1	0	0	0	0	0	0	0	3	0	0	0	-10	0	0	0	0
25:05:00	90300	0	0	0	-6	0	0	0	0	0	0	0	0	0	0	0	1	0	0	0	0	0	0	0	3	0	0	0	-10	0	0	0	0
25:10:00	90600	0	0	0	-6	0	0	0	0	0	0	0	0	0	0	0	1	0	0	0	0	0	0	0	3	0	0	0	-10	0	0	0	0
25:15:00	90900	0	0	0	-6	0	0	0	0	0	0	0	0	0	0	0	1	0	0	0	0	0	0	0	3	0	0	0	-10	0	0	0	0
25:20:00	91200	0	0	0	-6	0	0	0	0	0	0	0	0	0	0	0	1	0	0	0	0	0	0	0	3	0	0	0	-10	0	0	0	0
25:25:00	91500	0	0	0	-6	0	0	0	0	0	0	0	0	0	0	0	1	0	0	0	0	0	0	0	3	0	0	0	-10	0	0	0	0
25:30:00	91800	0	0	0	-6	0	0	0	0	0	0	0	0	0	0	0	1	0	0	0	0	0	0	0	3	0	0	0	-10	0	0	0	0
25:35:00	92100	0	0	0	-6	0	0	0	0	0	0	0	0	0	0	0	1	0	0	0	0	0	0	0	3	0	0	0	-10	0	0	0	0
25:40:00	92400	0	0	0	-6	0	0	0	0	0	0	0	0	0	0	0	1	0	0	0	0	0	0	0	3	0	0	0	-10	0	0	0	0
25:45:00	92700	0	0	0	-6	0	0	0	0	0	0	0	0	0	0	0	1	0	0	0	0	0	0	0	3	0	0	0	-10	0	0	0	0
25:50:00	93000	0	0	0	-6	0	0	0	0	0	0	0	0	0	0	0	1	0	0	0	0	0	0	0	3	0	0	0	-10	0	0	0	0
25:55:00	93300	0	0	0	-6	0	0	0	0	0	0	0	0	0	0	0	1	0	0	0	0	0	0	0	3	0	0	0	-10	0	0	0	0
26:00:00	93600	0	0	0	-6	0	0	0	0	0	0	0	0	0	0	0	1	0	0	0	0	0	0	0	3	0	0	0	-10	0	0	0	0
26:05:00	93900	2	2	0	-6	0	0	0	0	0	0	0	0	2	2	0	1	0	0	0	0	0	0	0	3	0	0	0	-10	0	0	0	0
26:10:00	94200	0	1	0	-7	0	0	0	0	0	0	0	0	0	1	0	0	0	0	0	0	0	0	0	3	0	0	0	-10	0	0	0	0
26:15:00	94500	0	0	0	-7	0	0	0	0	0	0	0	0	0	0	0	0	0	0	0	0	0	0	0	3	0	0	0	-10	0	0	0	0
26:20:00	94800	0	0	0	-7	0	0	0	0	0	0	0	0	0	0	0	0	0	0	0	0	0	0	0	3	0	0	0	-10	0	0	0	0
26:25:00	95100	0	0	0	-7	0	0	0	0	0	0	0	0	0	0	0	0	0	0	0	0	0	0	0	3	0	0	0	-10	0	0	0	0
26:30:00	95400	0	0	0	-7	0	0	0	0	0	0	0	0	0	0	0	0	0	0	0	0	0	0	0	3	0	0	0	-10	0	0	0	0
26:35:00	95700	0	0	0	-7	0	0	0	0	0	0	0	0	0	0	0	0	0	0	0	0	0	0	0	3	0	0	0	-10	0	0	0	0
26:40:00	96000	0	0	0	-7	0	0	0	0	0	0	0	0	0	0	0	0	0	0	0	0	0	0	0	3	0	0	0	-10	0	0	0	0
26:45:00	96300	0	0	0	-7	0	0	0	0	0	0	0	0	0	0	0	0	0	0	0	0	0	0	0	3	0	0	0	-10	0	0	0	0
26:50:00	96600	0	0	0	-7	0	0	0	0	0	0	0	0	0	0	0	0	0	0	0	0	0	0	0	3	0	0	0	-10	0	0	0	0
26:55:00	96900	0	0	0	-7	0	0	0	0	0	0	0	0	0	0	0	0	0	0	0	0	0	0	0	3	0	0	0	-10	0	0	0	0
27:00:00	97200	0	0	0	-7	0	0	0	0	0	0	0	0	0	0	0	0	0	0	0	0	0	0	0	3	0	0	0	-10	0	0	0	0
27:05:00	97500	0	0	0	-7	0	0	0	0	0	0	0	0	0	0	0	0	0	0	0	0	0	0	0	3	0	0	0	-10	0	0	0	0
27:10:00	97800	0	0	0	-7	0	0	0	0	0	0	0	0	0	0	0	0	0	0	0	0	0	0	0	3	0	0	0	-10	0	0	0	0
27:15:00	98100	0	0	0	-7	0	0	0	0	0	0	0	0	0	0	0	0	0	0	0	0	0	0	0	3	0	0	0	-10	0	0	0	0
27:20:00	98400	0	0	0	-7	0	0	0	0	0	0	0	0	0	0	0	0	0	0	0	0	0	0	0	3	0	0	0	-10	0	0	0	0
27:25:00	98700	0	0	0	-7	0	0	0	0	0	0	0	0	0	0	0	0	0	0	0	0	0	0	0	3	0	0	0	-10	0	0	0	0
27:30:00	99000	0	0	0	-7	0	0	0	0	0	0	0	0	0	0	0	0	0	0	0	0	0	0	0	3	0	0	0	-10	0	0	0	0
27:35:00	99300	0	0	0	-7	0	0	0	0	0	0	0	0	0	0	0	0	0	0	0	0	0	0	0	3	0	0	0	-10	0	0	0	0
27:40:00	99600	0	0	0	-7	0	0	0	0	0	0	0	0	0	0	0	0	0	0	0	0	0	0	0	3	0	0	0	-10	0	0	0	0
27:45:00	99900	0	0	0	-7	0	0	0	0	0	0	0	0	0	0	0	0	0	0	0	0	0	0	0	3	0	0	0	-10	0	0	0	0
27:50:00	100200	0	0	0	-7	0	0	0	0	0	0	0	0	0	0	0	0	0	0	0	0	0	0	0	3	0	0	0	-10	0	0	0	0
27:55:00	100500	0	0	0	-7	0	0	0	0	0	0	0	0	0	0	0	0	0	0	0	0	0	0	0	3	0	0	0	-10	0	0	0	0
28:00:00	100800	0	0	0	-7	0	0	0	0	0	0	0	0	0	0	0	0	0	0	0	0	0	0	0	3	0	0	0	-10	0	0	0	0
28:05:00	101100	0	0	0	-7	0	0	0	0	0	0	0	0	0	0	0	0	0	0	0	0	0	0	0	3	0	0	0	-10	0	0	0	0
28:10:00	101400	0	0	0	-7	0	0	0	0	0	0	0	0	0	0	0	0	0	0	0	0	0	0	0	3	0	0	0	-10	0	0	0	0
28:15:00	101700	0	0	0	-7	0	0	0	0	0	0	0	0	0	0	0	0	0	0	0	0	0	0	0	3	0	0	0	-10	0	0	0	0
28:20:00	102000	0	0	0	-7	0	0	0	0	0	0	0	0	0	0	0	0	0	0	0	0	0	0	0	3	0	0	0	-10	0	0	0	0
28:25:00	102300	0	0	0	-7	0	0	0	0	0	0	0	0	0	0	0	0	0	0	0	0	0	0	0	3	0	0	0	-10	0	0	0	0
28:30:00	102600	0	0	0	-7	0	0	0	0	0	0	0	0	0	0	0	0	0	0	0	0	0	0	0	3	0	0	0	-10	0	0	0	0
28:35:00	102900	0	0	0	-7	0	0	0	0	0	0	0	0	0	0	0	0	0	0	0	0	0	0	0	3	0	0	0	-10	0	0	0	0
28:40:00	103200	0	0	0	-7	0	0	0	0	0	0	0	0	0	0	0	0	0	0	0	0	0	0	0	3	0	0	0	-10	0	0	0	0
28:45:00	103500	0	0	0	-7	0	0	0	0	0	0	0	0	0	0	0	0	0	0	0	0	0	0	0	3	0	0	0	-10	0	0	0	0
28:50:00	103800	0	0	0	-7	0	0	0	0	0	0	0	0	0	0	0	0	0	0	0	0	0	0	0	3	0	0	0	-10	0	0	0	0
28:55:00	104100	0	0	0	-7	0	0	0	0	0	0	0	0	0	0	0	0	0	0	0	0	0	0	0	3	0	0	0	-10	0	0	0	0
29:00:00	104400	0	0	0	-7	0	0	0	0	0	0	0	0	0	0	0	0	0	0	0	0	0	0	0	3	0	0	0	-10	0	0	0	0
29:05:00	104700	0	0	0	-7	0	0	0	0	0	0	0	0	0	0	0	0	0	0	0	0	0	0	0	3	0	0	0	-10	0	0	0	0
29:10:00	105000	0	0	0	-7	0	0	0	0	0	0	0	0	0	0	0	0	0	0	0	0	0	0	0	3	0	0	0	-10	0	0	0	0
29:15:00	105300	0	0	0	-7	0	0	0	0	0	0	0	0	0	0	0	0	0	0	0	0	0	0	0	3	0	0	0	-10	0	0	0	0
29:20:00	105600	0	0	0	-7	0	0	0	0	0	0	0	0	0	0	0	0	0	0	0	0	0	0	0	3	0	0	0	-10	0	0	0	0
29:25:00	105900	0	0	0	-7	0	0	0	0	0	0	0	0	0	0	0	0	0	0	0	0	0	0	0	3	0	0	0	-10	0	0	0	0
29:30:00	106200	0	0	0	-7	0	0	0	0	0	0	0	0	0	0	0	0	0	0	0	0	0	0	0	3	0	0	0	-10	0	0	0	0
29:35:00	106500	0	0	0	-7	0	0	0	0	0	0	0	0	0	0	0	0	0	0	0	0	0	0	0	3	0	0	0	-10	0	0	0	0
29:40:00	106800	0	0	0	-7	0	0	0	0	0	0	0	0	0	0	0	0	0	0	0	0	0	0	0	3	0	0	0	-10	0	0	0	0
29:45:00	107100	0	0	0	-7	0	0	0	0	0	0	0	0	0	0	0	0	0	0	0	0	0	0	0	3	0	0	0	-10	0	0	0	0
29:50:00	107400	0	0	0	-7	0	0	0	0	0	0	0	0	0	0	0	0	0	0	0	0	0	0	0	3	0	0	0	-10	0	0	0	0
29:55:00	107700	0	0	0	-7	0	0	0	0	0	0	0	0	0	0	0	0	0	0	0	0	0	0	0	3	0	0	0	-10	0	0	0	0
30:00:00	108000	0	0	3	-10	0	0	0	0	0	0	0	0	0	0	0	0	0	0	0	0	0	0	3	0	0	0	0	-10	0	0	0	0
30:05:00	108300	0	0	0	-10	0	0	0	0	0	0	0	0	0	0	0	0	0	0	0	0	0	0	0	0	0	0	0	-10	0	0	0	0
