time	time	departures_all	arrivals_all	stuck_all	en-route_all	departures_Shared-Bike	arrivals_Shared-Bike	stuck_Shared-Bike	en-route_Shared-Bike	departures_bike	arrivals_bike	stuck_bike	en-route_bike	departures_car	arrivals_car	stuck_car	en-route_car	departures_car_passenger	arrivals_car_passenger	stuck_car_passenger	en-route_car_passenger	departures_eScooter	arrivals_eScooter	stuck_eScooter	en-route_eScooter	departures_pt	arrivals_pt	stuck_pt	en-route_pt	departures_sharing:standardBikeShare	arrivals_sharing:standardBikeShare	stuck_sharing:standardBikeShare	en-route_sharing:standardBikeShare	departures_sharing:standardeScooter	arrivals_sharing:standardeScooter	stuck_sharing:standardeScooter	en-route_sharing:standardeScooter	departures_walk	arrivals_walk	stuck_walk	en-route_walk
00:00:00	0	0	0	0	0	0	0	0	0	0	0	0	0	0	0	0	0	0	0	0	0	0	0	0	0	0	0	0	0	0	0	0	0	0	0	0	0	0	0	0	0
00:05:00	300	0	0	0	0	0	0	0	0	0	0	0	0	0	0	0	0	0	0	0	0	0	0	0	0	0	0	0	0	0	0	0	0	0	0	0	0	0	0	0	0
00:10:00	600	0	0	0	0	0	0	0	0	0	0	0	0	0	0	0	0	0	0	0	0	0	0	0	0	0	0	0	0	0	0	0	0	0	0	0	0	0	0	0	0
00:15:00	900	0	0	0	0	0	0	0	0	0	0	0	0	0	0	0	0	0	0	0	0	0	0	0	0	0	0	0	0	0	0	0	0	0	0	0	0	0	0	0	0
00:20:00	1200	0	0	0	0	0	0	0	0	0	0	0	0	0	0	0	0	0	0	0	0	0	0	0	0	0	0	0	0	0	0	0	0	0	0	0	0	0	0	0	0
00:25:00	1500	0	0	0	0	0	0	0	0	0	0	0	0	0	0	0	0	0	0	0	0	0	0	0	0	0	0	0	0	0	0	0	0	0	0	0	0	0	0	0	0
00:30:00	1800	0	0	0	0	0	0	0	0	0	0	0	0	0	0	0	0	0	0	0	0	0	0	0	0	0	0	0	0	0	0	0	0	0	0	0	0	0	0	0	0
00:35:00	2100	0	0	0	0	0	0	0	0	0	0	0	0	0	0	0	0	0	0	0	0	0	0	0	0	0	0	0	0	0	0	0	0	0	0	0	0	0	0	0	0
00:40:00	2400	0	0	0	0	0	0	0	0	0	0	0	0	0	0	0	0	0	0	0	0	0	0	0	0	0	0	0	0	0	0	0	0	0	0	0	0	0	0	0	0
00:45:00	2700	0	0	0	0	0	0	0	0	0	0	0	0	0	0	0	0	0	0	0	0	0	0	0	0	0	0	0	0	0	0	0	0	0	0	0	0	0	0	0	0
00:50:00	3000	0	0	0	0	0	0	0	0	0	0	0	0	0	0	0	0	0	0	0	0	0	0	0	0	0	0	0	0	0	0	0	0	0	0	0	0	0	0	0	0
00:55:00	3300	0	0	0	0	0	0	0	0	0	0	0	0	0	0	0	0	0	0	0	0	0	0	0	0	0	0	0	0	0	0	0	0	0	0	0	0	0	0	0	0
01:00:00	3600	0	0	0	0	0	0	0	0	0	0	0	0	0	0	0	0	0	0	0	0	0	0	0	0	0	0	0	0	0	0	0	0	0	0	0	0	0	0	0	0
01:05:00	3900	0	0	0	0	0	0	0	0	0	0	0	0	0	0	0	0	0	0	0	0	0	0	0	0	0	0	0	0	0	0	0	0	0	0	0	0	0	0	0	0
01:10:00	4200	0	0	0	0	0	0	0	0	0	0	0	0	0	0	0	0	0	0	0	0	0	0	0	0	0	0	0	0	0	0	0	0	0	0	0	0	0	0	0	0
01:15:00	4500	0	0	0	0	0	0	0	0	0	0	0	0	0	0	0	0	0	0	0	0	0	0	0	0	0	0	0	0	0	0	0	0	0	0	0	0	0	0	0	0
01:20:00	4800	0	0	0	0	0	0	0	0	0	0	0	0	0	0	0	0	0	0	0	0	0	0	0	0	0	0	0	0	0	0	0	0	0	0	0	0	0	0	0	0
01:25:00	5100	0	0	0	0	0	0	0	0	0	0	0	0	0	0	0	0	0	0	0	0	0	0	0	0	0	0	0	0	0	0	0	0	0	0	0	0	0	0	0	0
01:30:00	5400	0	0	0	0	0	0	0	0	0	0	0	0	0	0	0	0	0	0	0	0	0	0	0	0	0	0	0	0	0	0	0	0	0	0	0	0	0	0	0	0
01:35:00	5700	0	0	0	0	0	0	0	0	0	0	0	0	0	0	0	0	0	0	0	0	0	0	0	0	0	0	0	0	0	0	0	0	0	0	0	0	0	0	0	0
01:40:00	6000	0	0	0	0	0	0	0	0	0	0	0	0	0	0	0	0	0	0	0	0	0	0	0	0	0	0	0	0	0	0	0	0	0	0	0	0	0	0	0	0
01:45:00	6300	0	0	0	0	0	0	0	0	0	0	0	0	0	0	0	0	0	0	0	0	0	0	0	0	0	0	0	0	0	0	0	0	0	0	0	0	0	0	0	0
01:50:00	6600	0	0	0	0	0	0	0	0	0	0	0	0	0	0	0	0	0	0	0	0	0	0	0	0	0	0	0	0	0	0	0	0	0	0	0	0	0	0	0	0
01:55:00	6900	0	0	0	0	0	0	0	0	0	0	0	0	0	0	0	0	0	0	0	0	0	0	0	0	0	0	0	0	0	0	0	0	0	0	0	0	0	0	0	0
02:00:00	7200	0	0	0	0	0	0	0	0	0	0	0	0	0	0	0	0	0	0	0	0	0	0	0	0	0	0	0	0	0	0	0	0	0	0	0	0	0	0	0	0
02:05:00	7500	0	0	0	0	0	0	0	0	0	0	0	0	0	0	0	0	0	0	0	0	0	0	0	0	0	0	0	0	0	0	0	0	0	0	0	0	0	0	0	0
02:10:00	7800	0	0	0	0	0	0	0	0	0	0	0	0	0	0	0	0	0	0	0	0	0	0	0	0	0	0	0	0	0	0	0	0	0	0	0	0	0	0	0	0
02:15:00	8100	0	0	0	0	0	0	0	0	0	0	0	0	0	0	0	0	0	0	0	0	0	0	0	0	0	0	0	0	0	0	0	0	0	0	0	0	0	0	0	0
02:20:00	8400	0	0	0	0	0	0	0	0	0	0	0	0	0	0	0	0	0	0	0	0	0	0	0	0	0	0	0	0	0	0	0	0	0	0	0	0	0	0	0	0
02:25:00	8700	0	0	0	0	0	0	0	0	0	0	0	0	0	0	0	0	0	0	0	0	0	0	0	0	0	0	0	0	0	0	0	0	0	0	0	0	0	0	0	0
02:30:00	9000	0	0	0	0	0	0	0	0	0	0	0	0	0	0	0	0	0	0	0	0	0	0	0	0	0	0	0	0	0	0	0	0	0	0	0	0	0	0	0	0
02:35:00	9300	0	0	0	0	0	0	0	0	0	0	0	0	0	0	0	0	0	0	0	0	0	0	0	0	0	0	0	0	0	0	0	0	0	0	0	0	0	0	0	0
02:40:00	9600	0	0	0	0	0	0	0	0	0	0	0	0	0	0	0	0	0	0	0	0	0	0	0	0	0	0	0	0	0	0	0	0	0	0	0	0	0	0	0	0
02:45:00	9900	0	0	0	0	0	0	0	0	0	0	0	0	0	0	0	0	0	0	0	0	0	0	0	0	0	0	0	0	0	0	0	0	0	0	0	0	0	0	0	0
02:50:00	10200	0	0	0	0	0	0	0	0	0	0	0	0	0	0	0	0	0	0	0	0	0	0	0	0	0	0	0	0	0	0	0	0	0	0	0	0	0	0	0	0
02:55:00	10500	0	0	0	0	0	0	0	0	0	0	0	0	0	0	0	0	0	0	0	0	0	0	0	0	0	0	0	0	0	0	0	0	0	0	0	0	0	0	0	0
03:00:00	10800	0	0	0	0	0	0	0	0	0	0	0	0	0	0	0	0	0	0	0	0	0	0	0	0	0	0	0	0	0	0	0	0	0	0	0	0	0	0	0	0
03:05:00	11100	0	0	0	0	0	0	0	0	0	0	0	0	0	0	0	0	0	0	0	0	0	0	0	0	0	0	0	0	0	0	0	0	0	0	0	0	0	0	0	0
03:10:00	11400	0	0	0	0	0	0	0	0	0	0	0	0	0	0	0	0	0	0	0	0	0	0	0	0	0	0	0	0	0	0	0	0	0	0	0	0	0	0	0	0
03:15:00	11700	0	0	0	0	0	0	0	0	0	0	0	0	0	0	0	0	0	0	0	0	0	0	0	0	0	0	0	0	0	0	0	0	0	0	0	0	0	0	0	0
03:20:00	12000	0	0	0	0	0	0	0	0	0	0	0	0	0	0	0	0	0	0	0	0	0	0	0	0	0	0	0	0	0	0	0	0	0	0	0	0	0	0	0	0
03:25:00	12300	0	0	0	0	0	0	0	0	0	0	0	0	0	0	0	0	0	0	0	0	0	0	0	0	0	0	0	0	0	0	0	0	0	0	0	0	0	0	0	0
03:30:00	12600	0	0	0	0	0	0	0	0	0	0	0	0	0	0	0	0	0	0	0	0	0	0	0	0	0	0	0	0	0	0	0	0	0	0	0	0	0	0	0	0
03:35:00	12900	0	0	0	0	0	0	0	0	0	0	0	0	0	0	0	0	0	0	0	0	0	0	0	0	0	0	0	0	0	0	0	0	0	0	0	0	0	0	0	0
03:40:00	13200	0	0	0	0	0	0	0	0	0	0	0	0	0	0	0	0	0	0	0	0	0	0	0	0	0	0	0	0	0	0	0	0	0	0	0	0	0	0	0	0
03:45:00	13500	0	0	0	0	0	0	0	0	0	0	0	0	0	0	0	0	0	0	0	0	0	0	0	0	0	0	0	0	0	0	0	0	0	0	0	0	0	0	0	0
03:50:00	13800	0	0	0	0	0	0	0	0	0	0	0	0	0	0	0	0	0	0	0	0	0	0	0	0	0	0	0	0	0	0	0	0	0	0	0	0	0	0	0	0
03:55:00	14100	0	0	0	0	0	0	0	0	0	0	0	0	0	0	0	0	0	0	0	0	0	0	0	0	0	0	0	0	0	0	0	0	0	0	0	0	0	0	0	0
04:00:00	14400	0	0	0	0	0	0	0	0	0	0	0	0	0	0	0	0	0	0	0	0	0	0	0	0	0	0	0	0	0	0	0	0	0	0	0	0	0	0	0	0
04:05:00	14700	0	0	0	0	0	0	0	0	0	0	0	0	0	0	0	0	0	0	0	0	0	0	0	0	0	0	0	0	0	0	0	0	0	0	0	0	0	0	0	0
04:10:00	15000	0	0	0	0	0	0	0	0	0	0	0	0	0	0	0	0	0	0	0	0	0	0	0	0	0	0	0	0	0	0	0	0	0	0	0	0	0	0	0	0
04:15:00	15300	0	0	0	0	0	0	0	0	0	0	0	0	0	0	0	0	0	0	0	0	0	0	0	0	0	0	0	0	0	0	0	0	0	0	0	0	0	0	0	0
04:20:00	15600	0	0	0	0	0	0	0	0	0	0	0	0	0	0	0	0	0	0	0	0	0	0	0	0	0	0	0	0	0	0	0	0	0	0	0	0	0	0	0	0
04:25:00	15900	0	0	0	0	0	0	0	0	0	0	0	0	0	0	0	0	0	0	0	0	0	0	0	0	0	0	0	0	0	0	0	0	0	0	0	0	0	0	0	0
04:30:00	16200	0	0	0	0	0	0	0	0	0	0	0	0	0	0	0	0	0	0	0	0	0	0	0	0	0	0	0	0	0	0	0	0	0	0	0	0	0	0	0	0
04:35:00	16500	0	0	0	0	0	0	0	0	0	0	0	0	0	0	0	0	0	0	0	0	0	0	0	0	0	0	0	0	0	0	0	0	0	0	0	0	0	0	0	0
04:40:00	16800	0	0	0	0	0	0	0	0	0	0	0	0	0	0	0	0	0	0	0	0	0	0	0	0	0	0	0	0	0	0	0	0	0	0	0	0	0	0	0	0
04:45:00	17100	0	0	0	0	0	0	0	0	0	0	0	0	0	0	0	0	0	0	0	0	0	0	0	0	0	0	0	0	0	0	0	0	0	0	0	0	0	0	0	0
04:50:00	17400	0	0	0	0	0	0	0	0	0	0	0	0	0	0	0	0	0	0	0	0	0	0	0	0	0	0	0	0	0	0	0	0	0	0	0	0	0	0	0	0
04:55:00	17700	0	0	0	0	0	0	0	0	0	0	0	0	0	0	0	0	0	0	0	0	0	0	0	0	0	0	0	0	0	0	0	0	0	0	0	0	0	0	0	0
05:00:00	18000	0	0	0	0	0	0	0	0	0	0	0	0	0	0	0	0	0	0	0	0	0	0	0	0	0	0	0	0	0	0	0	0	0	0	0	0	0	0	0	0
05:05:00	18300	0	0	0	0	0	0	0	0	0	0	0	0	0	0	0	0	0	0	0	0	0	0	0	0	0	0	0	0	0	0	0	0	0	0	0	0	0	0	0	0
05:10:00	18600	0	0	0	0	0	0	0	0	0	0	0	0	0	0	0	0	0	0	0	0	0	0	0	0	0	0	0	0	0	0	0	0	0	0	0	0	0	0	0	0
05:15:00	18900	0	0	0	0	0	0	0	0	0	0	0	0	0	0	0	0	0	0	0	0	0	0	0	0	0	0	0	0	0	0	0	0	0	0	0	0	0	0	0	0
05:20:00	19200	0	0	0	0	0	0	0	0	0	0	0	0	0	0	0	0	0	0	0	0	0	0	0	0	0	0	0	0	0	0	0	0	0	0	0	0	0	0	0	0
05:25:00	19500	0	0	0	0	0	0	0	0	0	0	0	0	0	0	0	0	0	0	0	0	0	0	0	0	0	0	0	0	0	0	0	0	0	0	0	0	0	0	0	0
05:30:00	19800	0	0	0	0	0	0	0	0	0	0	0	0	0	0	0	0	0	0	0	0	0	0	0	0	0	0	0	0	0	0	0	0	0	0	0	0	0	0	0	0
05:35:00	20100	0	0	0	0	0	0	0	0	0	0	0	0	0	0	0	0	0	0	0	0	0	0	0	0	0	0	0	0	0	0	0	0	0	0	0	0	0	0	0	0
05:40:00	20400	0	0	0	0	0	0	0	0	0	0	0	0	0	0	0	0	0	0	0	0	0	0	0	0	0	0	0	0	0	0	0	0	0	0	0	0	0	0	0	0
05:45:00	20700	0	0	0	0	0	0	0	0	0	0	0	0	0	0	0	0	0	0	0	0	0	0	0	0	0	0	0	0	0	0	0	0	0	0	0	0	0	0	0	0
05:50:00	21000	0	0	0	0	0	0	0	0	0	0	0	0	0	0	0	0	0	0	0	0	0	0	0	0	0	0	0	0	0	0	0	0	0	0	0	0	0	0	0	0
05:55:00	21300	0	0	0	0	0	0	0	0	0	0	0	0	0	0	0	0	0	0	0	0	0	0	0	0	0	0	0	0	0	0	0	0	0	0	0	0	0	0	0	0
06:00:00	21600	4	0	0	4	0	0	0	0	0	0	0	0	2	0	0	2	0	0	0	0	0	0	0	0	0	0	0	0	0	0	0	0	0	0	0	0	2	0	0	2
06:05:00	21900	4	0	0	8	0	0	0	0	0	0	0	0	3	0	0	5	0	0	0	0	0	0	0	0	0	0	0	0	0	0	0	0	0	0	0	0	1	0	0	3
06:10:00	22200	3	2	0	9	0	0	0	0	0	0	0	0	3	1	0	7	0	0	0	0	0	0	0	0	0	0	0	0	0	0	0	0	0	0	0	0	0	1	0	2
06:15:00	22500	1	2	0	8	0	0	0	0	0	0	0	0	0	2	0	5	0	0	0	0	0	0	0	0	0	0	0	0	0	0	0	0	0	0	0	0	1	0	0	3
06:20:00	22800	4	2	1	9	0	0	0	0	0	0	0	0	3	1	0	7	0	0	0	0	0	0	0	0	0	0	0	0	0	0	0	0	0	0	1	-1	1	1	0	3
06:25:00	23100	5	3	0	11	0	0	0	0	0	0	0	0	3	3	0	7	0	0	0	0	0	0	0	0	0	0	0	0	0	0	0	0	0	0	0	-1	2	0	0	5
06:30:00	23400	42	2	1	50	0	0	0	0	0	0	0	0	31	1	0	37	0	0	0	0	0	0	0	0	0	0	0	0	0	0	0	0	0	0	1	-2	11	1	0	15
06:35:00	23700	37	23	3	61	0	0	0	0	0	0	0	0	26	17	0	46	0	0	0	0	0	0	0	0	0	0	0	0	0	0	0	0	0	0	3	-5	11	6	0	20
06:40:00	24000	37	20	0	78	0	0	0	0	0	0	0	0	26	15	0	57	0	0	0	0	0	0	0	0	3	0	0	3	0	0	0	0	0	0	0	-5	8	5	0	23
06:45:00	24300	37	36	0	79	0	0	0	0	0	0	0	0	17	26	0	48	0	0	0	0	1	0	0	1	2	0	0	5	0	0	0	0	0	0	0	-5	17	10	0	30
06:50:00	24600	46	28	0	97	1	0	0	1	0	0	0	0	23	21	0	50	0	0	0	0	3	0	0	4	1	0	0	6	0	0	0	0	0	0	0	-5	18	7	0	41
06:55:00	24900	86	42	2	139	0	0	0	1	0	0	0	0	48	24	0	74	0	0	0	0	2	1	0	5	1	1	0	6	0	0	0	0	0	0	2	-7	35	16	0	60
07:00:00	25200	73	50	2	160	2	1	0	2	0	0	0	0	43	33	0	84	0	0	0	0	3	2	0	6	2	0	0	8	0	0	0	0	0	0	2	-9	23	14	0	69
07:05:00	25500	69	59	8	162	0	2	0	0	0	0	0	0	31	30	0	85	0	0	0	0	0	2	0	4	3	0	0	11	0	0	0	0	0	0	8	-17	35	25	0	79
07:10:00	25800	71	49	1	183	0	0	0	0	0	0	0	0	37	23	0	99	0	0	0	0	2	2	0	4	5	3	0	13	0	0	0	0	0	0	1	-18	27	21	0	85
07:15:00	26100	88	56	4	211	0	0	0	0	0	0	0	0	55	41	0	113	0	0	0	0	0	1	0	3	1	0	0	14	0	0	0	0	0	0	4	-22	32	14	0	103
07:20:00	26400	88	65	1	233	1	1	0	0	0	0	0	0	51	40	0	124	0	0	0	0	4	2	0	5	6	1	0	19	0	0	0	0	0	0	1	-23	26	21	0	108
07:25:00	26700	120	90	8	255	0	0	0	0	0	0	0	0	73	49	0	148	0	0	0	0	0	3	0	2	11	0	0	30	0	0	1	-1	0	0	7	-30	36	38	0	106
07:30:00	27000	75	84	5	241	0	0	0	0	0	0	0	0	37	62	0	123	0	0	0	0	0	0	0	2	4	2	0	32	0	0	0	-1	0	0	5	-35	34	20	0	120
07:35:00	27300	95	94	4	238	3	0	0	3	0	0	0	0	48	62	0	109	0	0	0	0	1	0	0	3	5	6	0	31	0	0	0	-1	0	0	4	-39	38	26	0	132
07:40:00	27600	98	76	2	258	1	0	0	4	0	0	0	0	59	44	0	124	0	0	0	0	0	2	0	1	6	3	0	34	0	0	0	-1	0	0	2	-41	32	27	0	137
07:45:00	27900	96	78	2	274	0	3	0	1	0	0	0	0	54	47	0	131	0	0	0	0	3	1	0	3	5	0	0	39	0	0	0	-1	0	0	2	-43	34	27	0	144
07:50:00	28200	116	85	4	301	1	1	0	1	0	0	0	0	60	51	0	140	0	0	0	0	2	0	0	5	6	7	0	38	0	0	0	-1	0	0	4	-47	47	26	0	165
07:55:00	28500	116	101	2	314	1	0	0	2	0	0	0	0	69	63	0	146	12	1	0	11	1	2	0	4	6	2	0	42	0	0	1	-2	0	0	1	-48	27	33	0	159
08:00:00	28800	130	121	3	320	1	2	0	1	0	0	0	0	62	70	0	138	24	8	0	27	0	2	0	2	6	9	0	39	0	0	0	-2	0	0	3	-51	37	30	0	166
08:05:00	29100	100	90	4	326	0	1	0	0	0	0	0	0	51	48	0	141	17	9	0	35	0	0	0	2	3	2	0	40	0	0	0	-2	0	0	4	-55	29	30	0	165
08:10:00	29400	138	108	3	353	0	0	0	0	0	0	0	0	63	61	0	143	26	16	0	45	2	2	0	2	5	4	0	41	0	0	0	-2	0	0	3	-58	42	25	0	182
08:15:00	29700	100	104	2	347	1	0	0	1	0	0	0	0	50	62	0	131	14	15	0	44	3	2	0	3	2	2	0	41	0	0	0	-2	0	0	2	-60	30	23	0	189
08:20:00	30000	107	93	4	357	0	1	0	0	0	0	0	0	62	48	0	145	16	18	0	42	0	1	0	2	2	2	0	41	0	0	0	-2	0	0	4	-64	27	23	0	193
08:25:00	30300	113	92	0	378	0	0	0	0	0	0	0	0	60	55	0	150	20	15	0	47	0	2	0	0	5	0	0	46	0	0	0	-2	0	0	0	-64	28	20	0	201
08:30:00	30600	93	97	4	370	2	0	0	2	0	0	0	0	37	50	0	137	21	13	0	55	1	0	0	1	5	5	0	46	0	0	0	-2	0	0	4	-68	27	29	0	199
08:35:00	30900	71	90	2	349	1	2	0	1	0	0	0	0	37	50	0	124	8	21	0	42	0	0	0	1	3	3	0	46	0	0	0	-2	0	0	2	-70	22	14	0	207
08:40:00	31200	89	80	1	357	0	0	0	1	0	0	0	0	37	42	0	119	24	16	0	50	1	0	0	2	3	4	0	45	0	0	0	-2	0	0	1	-71	24	18	0	213
08:45:00	31500	110	79	3	385	0	1	0	0	0	0	0	0	43	37	0	125	39	15	0	74	0	1	0	1	4	0	0	49	0	0	0	-2	0	0	3	-74	24	25	0	212
08:50:00	31800	73	86	3	369	0	0	0	0	0	0	0	0	35	42	0	118	13	22	0	65	2	0	0	3	3	0	0	52	0	0	0	-2	0	0	3	-77	20	22	0	210
08:55:00	32100	86	95	3	357	0	0	0	0	0	0	0	0	36	45	0	109	18	19	0	64	0	2	0	1	7	7	0	52	0	0	0	-2	0	0	3	-80	25	22	0	213
09:00:00	32400	96	91	2	360	0	0	0	0	0	0	0	0	61	51	0	119	4	17	0	51	0	0	0	1	7	2	0	57	0	0	0	-2	0	0	2	-82	24	21	0	216
09:05:00	32700	68	84	1	343	0	0	0	0	0	0	0	0	32	35	0	116	6	10	0	47	1	0	0	2	3	7	0	53	0	0	0	-2	0	0	1	-83	26	32	0	210
09:10:00	33000	64	86	4	317	0	0	0	0	0	0	0	0	34	43	0	107	3	12	0	38	0	1	0	1	3	1	0	55	0	0	0	-2	0	0	4	-87	24	29	0	205
09:15:00	33300	59	82	2	292	0	0	0	0	0	0	0	0	33	42	0	98	2	11	0	29	0	1	0	0	4	1	0	58	0	0	0	-2	0	0	2	-89	20	27	0	198
09:20:00	33600	53	79	1	265	2	0	0	2	0	0	0	0	26	41	0	83	2	11	0	20	1	0	0	1	4	3	0	59	0	0	0	-2	0	0	1	-90	18	24	0	192
09:25:00	33900	65	65	1	264	0	0	0	2	0	0	0	0	23	27	0	79	4	2	0	22	3	1	0	3	3	10	0	52	0	0	0	-2	0	0	1	-91	32	25	0	199
09:30:00	34200	49	71	2	240	1	1	0	2	0	0	0	0	25	28	0	76	1	7	0	16	1	4	0	0	1	2	0	51	0	0	0	-2	0	0	2	-93	20	29	0	190
09:35:00	34500	53	72	3	218	0	1	0	1	0	0	0	0	21	38	0	59	8	6	0	18	2	1	0	1	2	4	0	49	0	0	0	-2	0	0	3	-96	20	22	0	188
09:40:00	34800	41	52	0	207	0	1	0	0	0	0	0	0	17	25	0	51	2	4	0	16	0	1	0	0	2	1	0	50	0	0	0	-2	0	0	0	-96	20	20	0	188
09:45:00	35100	46	60	1	192	0	0	0	0	0	0	0	0	21	29	0	43	0	7	0	9	0	0	0	0	3	2	0	51	0	0	0	-2	0	0	1	-97	22	22	0	188
09:50:00	35400	48	58	5	177	0	0	0	0	0	0	0	0	24	16	0	51	0	5	0	4	1	1	0	0	6	1	0	56	0	0	0	-2	0	0	5	-102	17	35	0	170
09:55:00	35700	48	44	4	177	0	0	0	0	0	0	0	0	25	20	0	56	0	0	0	4	0	0	0	0	1	1	0	56	0	0	0	-2	0	0	4	-106	22	23	0	169
10:00:00	36000	78	71	1	183	0	0	0	0	0	0	0	0	35	28	0	63	0	2	0	2	0	0	0	0	3	10	0	49	0	0	0	-2	0	0	1	-107	40	31	0	178
10:05:00	36300	60	53	3	187	0	0	0	0	0	0	0	0	31	28	0	66	0	1	0	1	0	0	0	0	0	2	0	47	0	0	0	-2	0	0	3	-110	29	22	0	185
10:10:00	36600	82	80	7	182	0	0	0	0	0	0	0	0	37	35	0	68	0	1	0	0	0	0	0	0	2	5	0	44	0	0	1	-3	0	0	6	-116	43	39	0	189
10:15:00	36900	65	70	2	175	0	0	0	0	0	0	0	0	31	36	0	63	0	0	0	0	0	0	0	0	1	1	0	44	0	0	0	-3	0	0	2	-118	33	33	0	189
10:20:00	37200	66	65	4	172	0	0	0	0	0	0	0	0	32	31	0	64	0	0	0	0	0	0	0	0	2	1	0	45	0	0	0	-3	0	0	4	-122	32	33	0	188
10:25:00	37500	74	74	0	172	1	0	0	1	0	0	0	0	39	37	0	66	0	0	0	0	0	0	0	0	1	1	0	45	0	0	0	-3	0	0	0	-122	33	36	0	185
10:30:00	37800	62	67	1	166	0	1	0	0	0	0	0	0	29	28	0	67	0	0	0	0	0	0	0	0	1	1	0	45	0	0	0	-3	0	0	1	-123	32	37	0	180
10:35:00	38100	45	69	2	140	0	0	0	0	0	0	0	0	17	33	0	51	2	1	0	1	0	0	0	0	3	0	0	48	0	0	0	-3	0	0	2	-125	23	35	0	168
10:40:00	38400	54	60	1	133	0	0	0	0	0	0	0	0	23	26	0	48	1	1	0	1	0	0	0	0	2	0	0	50	0	0	0	-3	0	0	1	-126	28	33	0	163
10:45:00	38700	72	67	1	137	1	1	0	0	0	0	0	0	25	26	0	47	3	0	0	4	0	0	0	0	2	6	0	46	0	0	0	-3	0	0	1	-127	41	34	0	170
10:50:00	39000	49	59	2	125	1	1	0	0	0	0	0	0	19	22	0	44	0	3	0	1	0	0	0	0	2	0	0	48	0	0	1	-4	0	0	1	-128	27	33	0	164
10:55:00	39300	38	55	0	108	0	0	0	0	0	0	0	0	15	20	0	39	2	0	0	3	0	0	0	0	1	1	0	48	0	0	0	-4	0	0	0	-128	20	34	0	150
11:00:00	39600	48	45	1	110	0	0	0	0	0	0	0	0	18	17	0	40	4	1	0	6	0	0	0	0	1	0	0	49	0	0	0	-4	0	0	1	-129	25	27	0	148
11:05:00	39900	83	69	2	122	0	0	0	0	0	0	0	0	29	19	0	50	1	1	0	6	0	0	0	0	11	10	0	50	0	0	0	-4	0	0	2	-131	42	39	0	151
11:10:00	40200	75	45	5	147	0	0	0	0	0	0	0	0	38	19	0	69	2	1	0	7	0	0	0	0	1	1	0	50	0	0	0	-4	0	0	5	-136	34	24	0	161
11:15:00	40500	58	60	1	144	1	0	0	1	0	0	0	0	26	32	0	63	10	3	0	14	0	0	0	0	0	2	0	48	0	0	0	-4	0	0	1	-137	21	23	0	159
11:20:00	40800	62	63	2	141	0	0	0	1	0	0	0	0	22	25	0	60	2	2	0	14	1	0	0	1	3	2	0	49	0	0	0	-4	0	0	2	-139	34	34	0	159
11:25:00	41100	76	75	3	139	0	1	0	0	0	0	0	0	37	33	0	64	3	4	0	13	0	1	0	0	1	1	0	49	0	0	0	-4	0	0	3	-142	35	35	0	159
11:30:00	41400	78	64	1	152	0	0	0	0	0	0	0	0	37	27	0	74	1	4	0	10	2	0	0	2	4	1	0	52	0	0	0	-4	0	0	1	-143	34	32	0	161
11:35:00	41700	80	73	1	158	0	0	0	0	0	0	0	0	30	28	0	76	3	3	0	10	2	0	0	4	4	8	0	48	0	0	0	-4	0	0	1	-144	41	34	0	168
11:40:00	42000	78	66	1	169	1	0	0	1	0	0	0	0	34	21	0	89	0	3	0	7	1	0	0	5	2	12	0	38	0	0	0	-4	0	0	1	-145	40	30	0	178
11:45:00	42300	84	100	3	150	0	1	0	0	0	0	0	0	41	40	0	90	3	6	0	4	0	3	0	2	4	5	0	37	0	0	1	-5	0	0	2	-147	36	45	0	169
11:50:00	42600	84	86	4	144	0	0	0	0	0	0	0	0	44	41	0	93	5	1	0	8	0	1	0	1	2	1	0	38	0	0	0	-5	0	0	4	-151	33	42	0	160
11:55:00	42900	99	89	3	151	1	0	0	1	0	0	0	0	54	40	0	107	1	1	0	8	0	1	0	0	4	4	0	38	0	0	0	-5	0	0	3	-154	39	43	0	156
12:00:00	43200	70	74	1	146	1	1	0	1	0	0	0	0	46	46	0	107	2	3	0	7	0	0	0	0	0	0	0	38	0	0	0	-5	0	0	1	-155	21	24	0	153
12:05:00	43500	60	67	2	137	0	0	0	1	0	0	0	0	28	41	0	94	8	4	0	11	1	0	0	1	3	0	0	41	0	0	0	-5	0	0	2	-157	20	22	0	151
12:10:00	43800	66	62	3	138	0	1	0	0	0	0	0	0	38	38	0	94	2	0	0	13	0	0	0	1	4	1	0	44	0	0	0	-5	0	0	3	-160	22	22	0	151
12:15:00	44100	60	67	1	130	1	0	0	1	0	0	0	0	28	39	0	83	1	3	0	11	2	0	0	3	2	2	0	44	0	0	0	-5	0	0	1	-161	26	23	0	154
12:20:00	44400	49	65	6	108	1	1	0	1	0	0	0	0	28	37	0	74	0	4	0	7	1	0	0	4	2	1	0	45	0	0	0	-5	0	0	6	-167	17	22	0	149
12:25:00	44700	58	63	3	100	1	1	0	1	0	0	0	0	38	28	0	84	0	2	0	5	0	1	0	3	2	3	0	44	0	0	0	-5	0	0	3	-170	17	28	0	138
12:30:00	45000	42	46	2	94	0	0	0	1	0	0	0	0	24	25	0	83	0	1	0	4	2	1	0	4	2	2	0	44	0	0	0	-5	0	0	2	-172	14	17	0	135
12:35:00	45300	29	45	1	77	1	1	0	1	0	0	0	0	9	26	0	66	0	2	0	2	0	1	0	3	3	2	0	45	0	0	0	-5	0	0	1	-173	16	13	0	138
12:40:00	45600	36	39	3	71	1	0	0	2	0	0	0	0	19	19	0	66	0	1	0	1	0	0	0	3	2	0	0	47	0	0	1	-6	0	0	2	-175	14	19	0	133
12:45:00	45900	46	37	2	78	0	0	0	2	0	0	0	0	27	25	0	68	0	0	0	1	1	0	0	4	2	1	0	48	0	0	1	-7	0	0	1	-176	16	11	0	138
12:50:00	46200	32	46	0	64	2	2	0	2	0	0	0	0	21	27	0	62	0	1	0	0	1	3	0	2	0	0	0	48	0	0	0	-7	0	0	0	-176	8	13	0	133
12:55:00	46500	39	44	0	59	0	1	0	1	0	0	0	0	24	26	0	60	0	0	0	0	0	1	0	1	3	3	0	48	0	0	0	-7	0	0	0	-176	12	13	0	132
13:00:00	46800	5	30	1	33	0	1	0	0	0	0	0	0	0	21	0	39	0	0	0	0	0	0	0	1	0	1	0	47	0	0	0	-7	0	0	1	-177	5	7	0	130
13:05:00	47100	4	27	1	9	0	0	0	0	0	0	0	0	0	18	0	21	0	0	0	0	0	0	0	1	1	0	0	48	0	0	0	-7	0	0	1	-178	3	9	0	124
13:10:00	47400	3	14	1	-3	0	0	0	0	0	0	0	0	0	6	0	15	0	0	0	0	0	0	0	1	2	0	0	50	0	0	0	-7	0	0	1	-179	1	8	0	117
13:15:00	47700	20	18	0	-1	0	0	0	0	0	0	0	0	10	9	0	16	0	0	0	0	0	0	0	1	1	2	0	49	0	0	0	-7	0	0	0	-179	9	7	0	119
13:20:00	48000	14	12	0	1	1	0	0	1	0	0	0	0	7	8	0	15	0	0	0	0	0	0	0	1	0	1	0	48	0	0	0	-7	0	0	0	-179	6	3	0	122
13:25:00	48300	16	22	0	-5	0	0	0	1	0	0	0	0	8	6	0	17	0	0	0	0	1	0	0	2	2	5	0	45	0	0	0	-7	0	0	0	-179	5	11	0	116
13:30:00	48600	52	16	2	29	0	0	0	1	0	0	0	0	37	5	0	49	1	0	0	1	0	0	0	2	1	1	0	45	0	0	0	-7	0	0	2	-181	13	10	0	119
13:35:00	48900	60	58	4	27	0	1	0	0	0	0	0	0	29	31	0	47	5	0	0	6	0	1	0	1	1	7	0	39	0	0	0	-7	0	0	4	-185	25	18	0	126
13:40:00	49200	49	39	1	36	2	0	0	2	0	0	0	0	24	21	0	50	5	2	0	9	1	0	0	2	0	2	0	37	0	0	0	-7	0	0	1	-186	17	14	0	129
13:45:00	49500	62	52	1	45	1	2	0	1	0	0	0	0	32	27	0	55	2	3	0	8	2	0	0	4	1	3	0	35	0	0	1	-8	0	0	0	-186	24	17	0	136
13:50:00	49800	91	53	3	80	0	0	0	1	0	0	0	0	45	26	0	74	15	6	0	17	2	1	0	5	2	0	0	37	0	0	0	-8	0	0	3	-189	27	20	0	143
13:55:00	50100	104	68	2	114	1	0	0	2	0	0	0	0	54	35	0	93	12	6	0	23	3	3	0	5	2	0	0	39	0	0	0	-8	0	0	2	-191	32	24	0	151
14:00:00	50400	84	83	2	113	1	2	0	1	0	0	0	0	56	45	0	104	3	10	0	16	0	2	0	3	3	0	0	42	0	0	0	-8	0	0	2	-193	21	24	0	148
14:05:00	50700	85	79	2	117	0	1	0	0	0	0	0	0	31	36	0	99	9	6	0	19	1	2	0	2	3	0	0	45	0	0	0	-8	0	0	2	-195	41	34	0	155
14:10:00	51000	75	80	9	103	0	0	0	0	0	0	0	0	33	39	0	93	14	12	0	21	1	1	0	2	5	0	0	50	0	0	1	-9	0	0	8	-203	22	28	0	149
14:15:00	51300	61	54	2	108	0	0	0	0	0	0	0	0	37	32	0	98	8	7	0	22	0	1	0	1	2	1	0	51	0	0	0	-9	0	0	2	-205	14	13	0	150
14:20:00	51600	78	63	2	121	0	0	0	0	0	0	0	0	39	29	0	108	14	8	0	28	0	1	0	0	2	8	0	45	0	0	0	-9	0	0	2	-207	23	17	0	156
14:25:00	51900	70	75	1	115	1	1	0	0	0	0	0	0	42	47	0	103	16	12	0	32	0	0	0	0	2	1	0	46	0	0	0	-9	0	0	1	-208	9	14	0	151
14:30:00	52200	54	66	3	100	0	0	0	0	0	0	0	0	20	27	0	96	12	12	0	32	0	0	0	0	3	3	0	46	0	0	0	-9	0	0	3	-211	19	24	0	146
14:35:00	52500	73	69	2	102	0	0	0	0	0	0	0	0	38	32	0	102	4	12	0	24	1	0	0	1	1	0	0	47	0	0	0	-9	0	0	2	-213	29	25	0	150
14:40:00	52800	61	88	2	73	0	0	0	0	0	0	0	0	28	44	0	86	8	10	0	22	1	1	0	1	2	2	0	47	0	0	0	-9	0	0	2	-215	22	31	0	141
14:45:00	53100	47	57	2	61	0	0	0	0	0	0	0	0	21	26	0	81	9	12	0	19	0	0	0	1	4	5	0	46	0	0	0	-9	0	0	2	-217	13	14	0	140
14:50:00	53400	52	64	3	46	0	0	0	0	0	0	0	0	21	37	0	65	3	4	0	18	0	1	0	0	1	1	0	46	0	0	0	-9	0	0	3	-220	27	21	0	146
14:55:00	53700	45	55	1	35	0	0	0	0	0	0	0	0	18	27	0	56	8	6	0	20	0	0	0	0	3	2	0	47	0	0	0	-9	0	0	1	-221	16	20	0	142
15:00:00	54000	44	59	3	17	1	0	0	1	0	0	0	0	18	26	0	48	4	10	0	14	0	0	0	0	0	4	0	43	0	0	0	-9	0	0	3	-224	21	19	0	144
15:05:00	54300	47	49	4	11	0	1	0	0	0	0	0	0	17	22	0	43	0	4	0	10	1	0	0	1	1	1	0	43	0	0	0	-9	0	0	4	-228	28	21	0	151
15:10:00	54600	52	55	3	5	0	0	0	0	0	0	0	0	19	23	0	39	0	4	0	6	1	1	0	1	3	0	0	46	0	0	0	-9	0	0	3	-231	29	27	0	153
15:15:00	54900	59	46	1	17	0	0	0	0	0	0	0	0	30	15	0	54	1	2	0	5	0	1	0	0	3	2	0	47	0	0	0	-9	0	0	1	-232	25	26	0	152
15:20:00	55200	56	52	2	19	0	0	0	0	0	0	0	0	30	24	0	60	1	1	0	5	1	0	0	1	2	0	0	49	0	0	0	-9	0	0	2	-234	22	27	0	147
15:25:00	55500	50	60	3	6	0	0	0	0	0	0	0	0	30	33	0	57	0	0	0	5	1	0	0	2	2	1	0	50	0	0	0	-9	0	0	3	-237	17	26	0	138
15:30:00	55800	74	52	7	21	0	0	0	0	0	0	0	0	34	24	0	67	0	1	0	4	2	1	0	3	1	0	0	51	0	0	0	-9	0	0	7	-244	37	26	0	149
15:35:00	56100	92	62	1	50	0	0	0	0	0	0	0	0	52	32	0	87	0	0	0	4	0	0	0	3	4	5	0	50	0	0	0	-9	0	0	1	-245	36	25	0	160
15:40:00	56400	101	82	5	64	0	0	0	0	0	0	0	0	44	39	0	92	0	1	0	3	0	2	0	1	2	1	0	51	0	0	1	-10	0	0	4	-249	55	39	0	176
15:45:00	56700	75	76	2	61	0	0	0	0	0	0	0	0	38	40	0	90	0	0	0	3	0	0	0	1	5	2	0	54	0	0	1	-11	0	0	1	-250	32	34	0	174
15:50:00	57000	75	79	1	56	0	0	0	0	1	0	0	1	37	44	0	83	0	1	0	2	2	1	0	2	0	0	0	54	0	0	0	-11	0	0	1	-251	35	33	0	176
15:55:00	57300	65	79	4	38	0	0	0	0	0	1	0	0	22	36	0	69	0	0	0	2	0	1	0	1	2	4	0	52	0	0	0	-11	0	0	4	-255	41	37	0	180
16:00:00	57600	95	82	4	47	0	0	0	0	0	0	0	0	31	32	0	68	21	0	0	23	2	1	0	2	2	6	0	48	0	0	0	-11	0	0	4	-259	39	43	0	176
16:05:00	57900	85	80	4	48	1	0	0	1	0	0	0	0	36	32	0	72	19	8	0	34	0	0	0	2	0	4	0	44	0	0	0	-11	0	0	4	-263	29	36	0	169
16:10:00	58200	73	88	2	31	0	0	0	1	0	0	0	0	18	29	0	61	18	14	0	38	0	2	0	0	1	1	0	44	0	0	0	-11	0	0	2	-265	36	42	0	163
16:15:00	58500	83	84	6	24	0	1	0	0	0	0	0	0	19	27	0	53	16	14	0	40	0	0	0	0	7	6	0	45	0	0	0	-11	0	0	6	-271	41	36	0	168
16:20:00	58800	88	73	2	37	0	0	0	0	0	0	0	0	43	25	0	71	17	13	0	44	0	0	0	0	1	2	0	44	0	0	0	-11	0	0	2	-273	27	33	0	162
16:25:00	59100	103	83	4	53	0	0	0	0	0	0	0	0	32	31	0	72	28	20	0	52	0	0	0	0	3	3	0	44	0	0	0	-11	0	0	4	-277	40	29	0	173
16:30:00	59400	109	79	4	79	0	0	0	0	0	0	0	0	34	32	0	74	30	14	0	68	1	0	0	1	5	2	0	47	0	0	0	-11	0	0	4	-281	39	31	0	181
16:35:00	59700	125	96	2	106	0	0	0	0	0	0	0	0	49	27	0	96	28	23	0	73	0	0	0	1	6	3	0	50	0	0	0	-11	0	0	2	-283	42	43	0	180
16:40:00	60000	126	126	5	101	0	0	0	0	0	0	0	0	56	52	0	100	19	24	0	68	1	1	0	1	4	5	0	49	0	0	0	-11	0	0	5	-288	46	44	0	182
16:45:00	60300	92	84	3	106	0	0	0	0	0	0	0	0	37	36	0	101	28	21	0	75	0	0	0	1	0	4	0	45	0	0	0	-11	0	0	3	-291	27	23	0	186
16:50:00	60600	148	118	3	133	0	0	0	0	0	0	0	0	46	48	0	99	47	30	0	92	0	1	0	0	3	3	0	45	0	0	0	-11	0	0	3	-294	52	36	0	202
16:55:00	60900	126	115	0	144	1	0	0	1	0	0	0	0	47	44	0	102	32	29	0	95	4	0	0	4	2	2	0	45	0	0	0	-11	0	0	0	-294	40	40	0	202
17:00:00	61200	157	128	7	166	0	0	0	1	1	0	0	1	76	47	0	131	19	27	0	87	1	2	0	3	4	7	0	42	0	0	0	-11	0	0	7	-301	56	45	0	213
17:05:00	61500	160	114	4	208	0	1	0	0	0	0	0	1	95	50	0	176	12	21	0	78	0	0	0	3	4	9	0	37	0	0	0	-11	0	0	4	-305	49	33	0	229
17:10:00	61800	143	143	4	204	0	0	0	0	0	1	0	0	63	65	0	174	16	23	0	71	1	2	0	2	7	2	0	42	0	0	0	-11	0	0	4	-309	56	50	0	235
17:15:00	62100	144	140	7	201	0	0	0	0	0	0	0	0	68	68	0	174	25	19	0	77	0	1	0	1	1	4	0	39	0	0	0	-11	0	0	7	-316	50	48	0	237
17:20:00	62400	153	132	3	219	0	0	0	0	0	0	0	0	81	63	0	192	16	24	0	69	3	1	0	3	3	1	0	41	0	0	0	-11	0	0	3	-319	50	43	0	244
17:25:00	62700	106	152	1	172	0	0	0	0	0	0	0	0	57	78	0	171	0	22	0	47	0	1	0	2	5	4	0	42	0	0	0	-11	0	0	1	-320	44	47	0	241
17:30:00	63000	87	118	3	138	1	0	0	1	0	0	0	0	58	65	0	164	1	15	0	33	0	1	0	1	3	5	0	40	0	0	0	-11	0	0	3	-323	24	32	0	233
17:35:00	63300	84	93	3	126	0	0	0	1	0	0	0	0	56	53	0	167	2	7	0	28	0	0	0	1	8	3	0	45	0	0	0	-11	0	0	3	-326	18	30	0	221
17:40:00	63600	57	79	1	103	0	0	0	1	0	0	0	0	32	49	0	150	2	5	0	25	1	0	0	2	5	5	0	45	0	0	0	-11	0	0	1	-327	17	20	0	218
17:45:00	63900	87	75	1	114	0	1	0	0	0	0	0	0	54	47	0	157	0	0	0	25	1	0	0	3	1	2	0	44	0	0	1	-12	0	0	0	-327	31	25	0	224
17:50:00	64200	82	84	2	110	1	0	0	1	0	0	0	0	60	53	0	164	1	6	0	20	0	0	0	3	4	1	0	47	0	0	0	-12	0	0	2	-329	16	24	0	216
17:55:00	64500	81	91	2	98	0	1	0	0	0	0	0	0	50	55	0	159	0	3	0	17	1	0	0	4	5	5	0	47	0	0	0	-12	0	0	2	-331	25	27	0	214
18:00:00	64800	67	107	1	57	0	0	0	0	0	0	0	0	41	72	0	128	1	3	0	15	0	1	0	3	4	5	0	46	0	0	0	-12	0	0	1	-332	21	26	0	209
18:05:00	65100	66	76	4	43	0	0	0	0	0	0	0	0	38	45	0	121	0	1	0	14	1	1	0	3	3	8	0	41	0	0	0	-12	0	0	4	-336	24	21	0	212
18:10:00	65400	39	68	1	13	0	0	0	0	0	0	0	0	25	42	0	104	1	1	0	14	0	1	0	2	4	5	0	40	0	0	0	-12	0	0	1	-337	9	19	0	202
18:15:00	65700	38	71	0	-20	0	0	0	0	0	0	0	0	23	50	0	77	0	1	0	13	0	0	0	2	1	5	0	36	0	0	0	-12	0	0	0	-337	14	15	0	201
18:20:00	66000	53	55	1	-23	0	0	0	0	0	0	0	0	31	26	0	82	0	2	0	11	0	1	0	1	1	7	0	30	0	0	0	-12	0	0	1	-338	21	19	0	203
18:25:00	66300	35	50	1	-39	0	0	0	0	0	0	0	0	26	31	0	77	0	1	0	10	0	0	0	1	0	3	0	27	0	0	0	-12	0	0	1	-339	9	15	0	197
18:30:00	66600	37	57	4	-63	0	0	0	0	0	0	0	0	16	31	0	62	0	0	0	10	0	0	0	1	2	8	0	21	0	0	0	-12	0	0	4	-343	19	18	0	198
18:35:00	66900	51	57	3	-72	0	0	0	0	0	0	0	0	33	29	0	66	1	4	0	7	0	1	0	0	0	3	0	18	0	0	1	-13	0	0	2	-345	17	20	0	195
18:40:00	67200	29	37	3	-83	0	0	0	0	0	0	0	0	18	23	0	61	0	2	0	5	0	0	0	0	1	3	0	16	0	0	0	-13	0	0	3	-348	10	9	0	196
18:45:00	67500	25	44	0	-102	0	0	0	0	0	0	0	0	18	29	0	50	0	1	0	4	0	0	0	0	0	1	0	15	0	0	0	-13	0	0	0	-348	7	13	0	190
18:50:00	67800	13	36	2	-127	0	0	0	0	0	0	0	0	6	18	0	38	0	0	0	4	0	0	0	0	0	3	0	12	0	0	0	-13	0	0	2	-350	7	15	0	182
18:55:00	68100	21	28	1	-135	0	0	0	0	0	0	0	0	11	14	0	35	0	0	0	4	1	0	0	1	0	0	0	12	0	0	0	-13	0	0	1	-351	9	14	0	177
19:00:00	68400	55	32	0	-112	0	0	0	0	0	0	0	0	41	18	0	58	0	0	0	4	0	0	0	1	1	4	0	9	0	0	0	-13	0	0	0	-351	13	10	0	180
19:05:00	68700	65	34	2	-83	0	0	0	0	1	0	0	1	49	18	0	89	0	0	0	4	0	1	0	0	1	0	0	10	0	0	0	-13	0	0	2	-353	14	15	0	179
19:10:00	69000	60	61	1	-85	0	0	0	0	0	0	0	1	44	41	0	92	0	1	0	3	1	0	0	1	0	0	0	10	0	0	0	-13	0	0	1	-354	15	19	0	175
19:15:00	69300	54	58	1	-90	0	0	0	0	0	0	0	1	27	34	0	85	0	0	0	3	4	0	0	5	2	5	0	7	0	0	0	-13	0	0	1	-355	21	19	0	177
19:20:00	69600	48	61	2	-105	0	0	0	0	0	0	0	1	28	35	0	78	0	0	0	3	2	1	0	6	0	0	0	7	0	0	0	-13	0	0	2	-357	18	25	0	170
19:25:00	69900	74	59	2	-92	1	1	0	0	0	1	0	0	58	38	0	98	0	0	0	3	0	1	0	5	0	1	0	6	0	0	0	-13	0	0	2	-359	15	17	0	168
19:30:00	70200	60	59	4	-95	0	0	0	0	1	0	0	1	40	38	0	100	0	0	0	3	1	0	0	6	1	1	0	6	0	0	0	-13	0	0	4	-363	17	20	0	165
19:35:00	70500	42	63	3	-119	0	0	0	0	0	1	0	0	31	47	0	84	0	1	0	2	1	1	0	6	1	1	0	6	0	0	1	-14	0	0	2	-365	9	12	0	162
19:40:00	70800	37	47	0	-129	0	0	0	0	0	0	0	0	25	33	0	76	0	0	0	2	1	3	0	4	1	0	0	7	0	0	0	-14	0	0	0	-365	10	11	0	161
19:45:00	71100	48	41	0	-122	0	0	0	0	0	0	0	0	36	29	0	83	0	0	0	2	1	0	0	5	1	2	0	6	0	0	0	-14	0	0	0	-365	10	10	0	161
19:50:00	71400	43	55	1	-135	0	0	0	0	0	0	0	0	34	36	0	81	0	0	0	2	0	4	0	1	0	2	0	4	0	0	0	-14	0	0	1	-366	9	13	0	157
19:55:00	71700	40	42	0	-137	0	0	0	0	0	0	0	0	30	35	0	76	0	0	0	2	0	0	0	1	0	0	0	4	0	0	0	-14	0	0	0	-366	10	7	0	160
20:00:00	72000	6	36	1	-168	1	0	0	1	0	0	0	0	1	28	0	49	0	0	0	2	0	0	0	1	1	1	0	4	0	0	0	-14	0	0	1	-367	3	7	0	156
20:05:00	72300	3	27	0	-192	0	0	0	1	0	0	0	0	2	18	0	33	0	0	0	2	0	0	0	1	0	0	0	4	0	0	0	-14	0	0	0	-367	1	9	0	148
20:10:00	72600	5	18	0	-205	0	1	0	0	0	0	0	0	2	10	0	25	0	0	0	2	0	0	0	1	0	0	0	4	0	0	0	-14	0	0	0	-367	3	7	0	144
20:15:00	72900	11	23	1	-218	0	0	0	0	0	0	0	0	4	10	0	19	0	0	0	2	1	0	0	2	1	0	0	5	0	0	0	-14	0	0	1	-368	5	13	0	136
20:20:00	73200	4	15	0	-229	0	0	0	0	0	0	0	0	0	9	0	10	0	1	0	1	0	0	0	2	0	1	0	4	0	0	0	-14	0	0	0	-368	4	4	0	136
20:25:00	73500	4	6	0	-231	0	0	0	0	0	0	0	0	2	1	0	11	0	0	0	1	0	1	0	1	0	1	0	3	0	0	0	-14	0	0	0	-368	2	3	0	135
20:30:00	73800	4	8	0	-235	0	0	0	0	0	0	0	0	1	2	0	10	0	1	0	0	0	0	0	1	0	1	0	2	0	0	0	-14	0	0	0	-368	3	4	0	134
20:35:00	74100	6	8	0	-237	0	0	0	0	0	0	0	0	3	1	0	12	0	0	0	0	0	0	0	1	0	1	0	1	0	0	0	-14	0	0	0	-368	3	6	0	131
20:40:00	74400	8	12	1	-242	0	0	0	0	0	0	0	0	4	3	0	13	0	0	0	0	0	0	0	1	0	0	0	1	0	0	0	-14	0	0	1	-369	4	9	0	126
20:45:00	74700	8	13	0	-247	0	0	0	0	0	0	0	0	3	5	0	11	0	0	0	0	0	1	0	0	0	0	0	1	0	0	0	-14	0	0	0	-369	5	7	0	124
20:50:00	75000	7	13	2	-255	0	0	0	0	0	0	0	0	3	6	0	8	0	0	0	0	0	0	0	0	0	0	0	1	0	0	0	-14	0	0	2	-371	4	7	0	121
20:55:00	75300	2	3	0	-256	0	0	0	0	0	0	0	0	0	1	0	7	0	0	0	0	0	0	0	0	0	0	0	1	0	0	0	-14	0	0	0	-371	2	2	0	121
21:00:00	75600	7	7	0	-256	0	0	0	0	0	0	0	0	5	3	0	9	0	0	0	0	0	0	0	0	0	0	0	1	0	0	0	-14	0	0	0	-371	2	4	0	119
21:05:00	75900	2	6	0	-260	0	0	0	0	0	0	0	0	2	2	0	9	0	0	0	0	0	0	0	0	0	0	0	1	0	0	0	-14	0	0	0	-371	0	4	0	115
21:10:00	76200	1	9	1	-269	0	0	0	0	0	0	0	0	0	5	0	4	0	0	0	0	0	0	0	0	0	0	0	1	0	0	0	-14	0	0	1	-372	1	4	0	112
21:15:00	76500	3	5	0	-271	0	0	0	0	0	0	0	0	1	1	0	4	0	0	0	0	0	0	0	0	0	0	0	1	0	0	0	-14	0	0	0	-372	2	4	0	110
21:20:00	76800	0	3	0	-274	0	0	0	0	0	0	0	0	0	0	0	4	0	0	0	0	0	0	0	0	0	0	0	1	0	0	0	-14	0	0	0	-372	0	3	0	107
21:25:00	77100	0	1	0	-275	0	0	0	0	0	0	0	0	0	0	0	4	0	0	0	0	0	0	0	0	0	0	0	1	0	0	0	-14	0	0	0	-372	0	1	0	106
21:30:00	77400	1	2	0	-276	0	0	0	0	0	0	0	0	0	0	0	4	0	0	0	0	0	0	0	0	0	0	0	1	0	0	0	-14	0	0	0	-372	1	2	0	105
21:35:00	77700	0	2	0	-278	0	0	0	0	0	0	0	0	0	1	0	3	0	0	0	0	0	0	0	0	0	0	0	1	0	0	0	-14	0	0	0	-372	0	1	0	104
21:40:00	78000	0	1	0	-279	0	0	0	0	0	0	0	0	0	1	0	2	0	0	0	0	0	0	0	0	0	0	0	1	0	0	0	-14	0	0	0	-372	0	0	0	104
21:45:00	78300	0	2	0	-281	0	0	0	0	0	0	0	0	0	0	0	2	0	0	0	0	0	0	0	0	0	0	0	1	0	0	0	-14	0	0	0	-372	0	2	0	102
21:50:00	78600	1	2	0	-282	0	0	0	0	0	0	0	0	1	1	0	2	0	0	0	0	0	0	0	0	0	0	0	1	0	0	0	-14	0	0	0	-372	0	1	0	101
21:55:00	78900	1	2	0	-283	0	0	0	0	0	0	0	0	0	1	0	1	0	0	0	0	0	0	0	0	0	0	0	1	0	0	0	-14	0	0	0	-372	1	1	0	101
22:00:00	79200	1	4	0	-286	0	0	0	0	0	0	0	0	0	0	0	1	0	0	0	0	0	0	0	0	0	0	0	1	0	0	0	-14	0	0	0	-372	1	4	0	98
22:05:00	79500	1	1	1	-287	0	0	0	0	0	0	0	0	0	0	0	1	0	0	0	0	0	0	0	0	0	0	0	1	0	0	0	-14	0	0	1	-373	1	1	0	98
22:10:00	79800	1	3	0	-289	0	0	0	0	0	0	0	0	0	0	0	1	0	0	0	0	0	0	0	0	0	0	0	1	0	0	0	-14	0	0	0	-373	1	3	0	96
22:15:00	80100	3	4	1	-291	0	0	0	0	0	0	0	0	1	0	0	2	0	0	0	0	0	0	0	0	0	0	0	1	0	0	0	-14	0	0	1	-374	2	4	0	94
22:20:00	80400	4	4	0	-291	0	0	0	0	0	0	0	0	1	1	0	2	0	0	0	0	0	0	0	0	0	0	0	1	0	0	0	-14	0	0	0	-374	3	3	0	94
22:25:00	80700	0	1	0	-292	0	0	0	0	0	0	0	0	0	0	0	2	0	0	0	0	0	0	0	0	0	0	0	1	0	0	0	-14	0	0	0	-374	0	1	0	93
22:30:00	81000	0	2	0	-294	0	0	0	0	0	0	0	0	0	2	0	0	0	0	0	0	0	0	0	0	0	0	0	1	0	0	0	-14	0	0	0	-374	0	0	0	93
22:35:00	81300	2	3	0	-295	0	0	0	0	0	0	0	0	1	0	0	1	0	0	0	0	0	0	0	0	0	0	0	1	0	0	0	-14	0	0	0	-374	1	3	0	91
22:40:00	81600	2	4	1	-298	0	0	0	0	0	0	0	0	0	1	0	0	0	0	0	0	0	0	0	0	0	0	0	1	0	0	0	-14	0	0	1	-375	2	3	0	90
22:45:00	81900	1	1	0	-298	0	0	0	0	0	0	0	0	1	0	0	1	0	0	0	0	0	0	0	0	0	0	0	1	0	0	0	-14	0	0	0	-375	0	1	0	89
22:50:00	82200	2	3	0	-299	0	0	0	0	0	0	0	0	1	1	0	1	0	0	0	0	0	0	0	0	0	0	0	1	0	0	0	-14	0	0	0	-375	1	2	0	88
22:55:00	82500	1	3	1	-302	0	0	0	0	0	0	0	0	0	1	0	0	0	0	0	0	0	0	0	0	0	0	0	1	0	0	0	-14	0	0	1	-376	1	2	0	87
23:00:00	82800	1	2	0	-303	0	0	0	0	0	0	0	0	1	0	0	1	0	0	0	0	0	0	0	0	0	0	0	1	0	0	0	-14	0	0	0	-376	0	2	0	85
23:05:00	83100	1	2	1	-305	0	0	0	0	0	0	0	0	0	0	0	1	0	0	0	0	0	0	0	0	0	0	0	1	0	0	0	-14	0	0	1	-377	1	2	0	84
23:10:00	83400	1	2	1	-307	0	0	0	0	0	0	0	0	0	0	0	1	0	0	0	0	0	0	0	0	0	0	0	1	0	0	0	-14	0	0	1	-378	1	2	0	83
23:15:00	83700	5	1	1	-304	0	0	0	0	0	0	0	0	3	0	0	4	0	0	0	0	0	0	0	0	0	0	0	1	0	0	0	-14	0	0	1	-379	2	1	0	84
23:20:00	84000	3	2	0	-303	0	0	0	0	0	0	0	0	1	2	0	3	0	0	0	0	0	0	0	0	0	0	0	1	0	0	0	-14	0	0	0	-379	2	0	0	86
23:25:00	84300	4	2	0	-301	0	0	0	0	0	0	0	0	2	0	0	5	0	0	0	0	0	0	0	0	0	0	0	1	0	0	0	-14	0	0	0	-379	2	2	0	86
23:30:00	84600	2	8	1	-308	0	0	0	0	0	0	0	0	0	3	0	2	0	0	0	0	0	0	0	0	0	0	0	1	0	0	0	-14	0	0	1	-380	2	5	0	83
23:35:00	84900	4	4	2	-310	0	0	0	0	0	0	0	0	2	0	0	4	0	0	0	0	0	0	0	0	0	0	0	1	0	0	0	-14	0	0	2	-382	2	4	0	81
23:40:00	85200	2	0	0	-308	0	0	0	0	0	0	0	0	2	0	0	6	0	0	0	0	0	0	0	0	0	0	0	1	0	0	0	-14	0	0	0	-382	0	0	0	81
23:45:00	85500	2	4	0	-310	0	0	0	0	0	0	0	0	2	3	0	5	0	0	0	0	0	0	0	0	0	0	0	1	0	0	0	-14	0	0	0	-382	0	1	0	80
23:50:00	85800	2	3	0	-311	0	0	0	0	0	0	0	0	1	2	0	4	0	0	0	0	0	0	0	0	0	0	0	1	0	0	0	-14	0	0	0	-382	1	1	0	80
23:55:00	86100	3	2	0	-310	0	0	0	0	0	0	0	0	1	1	0	4	0	0	0	0	0	0	0	0	0	0	0	1	0	0	0	-14	0	0	0	-382	2	1	0	81
24:00:00	86400	2	1	0	-309	0	0	0	0	0	0	0	0	1	0	0	5	0	0	0	0	0	0	0	0	0	0	0	1	0	0	0	-14	0	0	0	-382	1	1	0	81
24:05:00	86700	2	5	0	-312	0	0	0	0	0	0	0	0	1	4	0	2	0	0	0	0	0	0	0	0	0	0	0	1	0	0	0	-14	0	0	0	-382	1	1	0	81
24:10:00	87000	3	3	0	-312	0	0	0	0	0	0	0	0	2	0	0	4	0	0	0	0	0	0	0	0	0	0	0	1	0	0	0	-14	0	0	0	-382	1	3	0	79
24:15:00	87300	1	3	0	-314	0	0	0	0	0	0	0	0	1	2	0	3	0	0	0	0	0	0	0	0	0	0	0	1	0	0	0	-14	0	0	0	-382	0	1	0	78
24:20:00	87600	4	5	0	-315	0	0	0	0	0	0	0	0	2	2	0	3	0	0	0	0	0	0	0	0	0	0	0	1	0	0	0	-14	0	0	0	-382	2	3	0	77
24:25:00	87900	4	6	1	-318	1	0	0	1	0	0	0	0	1	2	0	2	0	0	0	0	0	0	0	0	0	0	0	1	0	0	0	-14	0	0	1	-383	2	4	0	75
24:30:00	88200	3	5	1	-321	0	1	0	0	0	0	0	0	1	0	0	3	0	0	0	0	0	0	0	0	0	0	0	1	0	0	0	-14	0	0	1	-384	2	4	0	73
24:35:00	88500	3	7	0	-325	0	0	0	0	0	0	0	0	1	2	0	2	0	0	0	0	0	0	0	0	0	0	0	1	0	0	0	-14	0	0	0	-384	2	5	0	70
24:40:00	88800	4	4	1	-326	0	0	0	0	0	0	0	0	1	0	0	3	0	0	0	0	1	1	0	0	0	0	0	1	0	0	0	-14	0	0	1	-385	2	3	0	69
24:45:00	89100	0	0	0	-326	0	0	0	0	0	0	0	0	0	0	0	3	0	0	0	0	0	0	0	0	0	0	0	1	0	0	0	-14	0	0	0	-385	0	0	0	69
24:50:00	89400	1	1	0	-326	0	0	0	0	0	0	0	0	0	0	0	3	0	0	0	0	0	0	0	0	0	0	0	1	0	0	0	-14	0	0	0	-385	1	1	0	69
24:55:00	89700	0	0	0	-326	0	0	0	0	0	0	0	0	0	0	0	3	0	0	0	0	0	0	0	0	0	0	0	1	0	0	0	-14	0	0	0	-385	0	0	0	69
25:00:00	90000	1	2	0	-327	0	0	0	0	0	0	0	0	0	1	0	2	0	0	0	0	0	0	0	0	0	0	0	1	0	0	0	-14	0	0	0	-385	1	1	0	69
25:05:00	90300	2	2	1	-328	0	0	0	0	0	0	0	0	0	0	0	2	0	0	0	0	0	0	0	0	0	0	0	1	0	0	0	-14	0	0	1	-386	2	2	0	69
25:10:00	90600	1	1	0	-328	0	0	0	0	0	0	0	0	0	1	0	1	0	0	0	0	0	0	0	0	0	0	0	1	0	0	0	-14	0	0	0	-386	1	0	0	70
25:15:00	90900	2	3	0	-329	0	0	0	0	0	0	0	0	2	1	0	2	0	0	0	0	0	0	0	0	0	0	0	1	0	0	0	-14	0	0	0	-386	0	2	0	68
25:20:00	91200	0	0	0	-329	0	0	0	0	0	0	0	0	0	0	0	2	0	0	0	0	0	0	0	0	0	0	0	1	0	0	0	-14	0	0	0	-386	0	0	0	68
25:25:00	91500	0	0	0	-329	0	0	0	0	0	0	0	0	0	0	0	2	0	0	0	0	0	0	0	0	0	0	0	1	0	0	0	-14	0	0	0	-386	0	0	0	68
25:30:00	91800	0	1	0	-330	0	0	0	0	0	0	0	0	0	0	0	2	0	0	0	0	0	0	0	0	0	0	0	1	0	0	0	-14	0	0	0	-386	0	1	0	67
25:35:00	92100	1	1	1	-331	0	0	0	0	0	0	0	0	0	0	0	2	0	0	0	0	0	0	0	0	0	0	0	1	0	0	0	-14	0	0	1	-387	1	1	0	67
25:40:00	92400	0	1	0	-332	0	0	0	0	0	0	0	0	0	1	0	1	0	0	0	0	0	0	0	0	0	0	0	1	0	0	0	-14	0	0	0	-387	0	0	0	67
25:45:00	92700	0	0	0	-332	0	0	0	0	0	0	0	0	0	0	0	1	0	0	0	0	0	0	0	0	0	0	0	1	0	0	0	-14	0	0	0	-387	0	0	0	67
25:50:00	93000	1	2	0	-333	0	0	0	0	0	0	0	0	0	0	0	1	0	0	0	0	0	0	0	0	0	0	0	1	0	0	0	-14	0	0	0	-387	1	2	0	66
25:55:00	93300	0	1	0	-334	0	0	0	0	0	0	0	0	0	0	0	1	0	0	0	0	0	0	0	0	0	0	0	1	0	0	0	-14	0	0	0	-387	0	1	0	65
26:00:00	93600	2	3	1	-336	0	0	0	0	0	0	0	0	0	1	0	0	0	0	0	0	0	0	0	0	0	0	0	1	0	0	0	-14	0	0	1	-388	2	2	0	65
26:05:00	93900	2	2	1	-337	0	0	0	0	0	0	0	0	0	0	0	0	0	0	0	0	0	0	0	0	0	0	0	1	0	0	0	-14	0	0	1	-389	2	2	0	65
26:10:00	94200	1	1	0	-337	0	0	0	0	0	0	0	0	0	0	0	0	0	0	0	0	0	0	0	0	0	0	0	1	0	0	0	-14	0	0	0	-389	1	1	0	65
26:15:00	94500	0	1	0	-338	0	0	0	0	0	0	0	0	0	0	0	0	0	0	0	0	0	0	0	0	0	0	0	1	0	0	0	-14	0	0	0	-389	0	1	0	64
26:20:00	94800	2	2	1	-339	0	0	0	0	0	0	0	0	0	0	0	0	0	0	0	0	0	0	0	0	0	0	0	1	0	0	0	-14	0	0	1	-390	2	2	0	64
26:25:00	95100	0	0	0	-339	0	0	0	0	0	0	0	0	0	0	0	0	0	0	0	0	0	0	0	0	0	0	0	1	0	0	0	-14	0	0	0	-390	0	0	0	64
26:30:00	95400	1	1	0	-339	0	0	0	0	0	0	0	0	0	0	0	0	0	0	0	0	0	0	0	0	0	0	0	1	0	0	0	-14	0	0	0	-390	1	1	0	64
26:35:00	95700	0	0	0	-339	0	0	0	0	0	0	0	0	0	0	0	0	0	0	0	0	0	0	0	0	0	0	0	1	0	0	0	-14	0	0	0	-390	0	0	0	64
26:40:00	96000	0	0	0	-339	0	0	0	0	0	0	0	0	0	0	0	0	0	0	0	0	0	0	0	0	0	0	0	1	0	0	0	-14	0	0	0	-390	0	0	0	64
26:45:00	96300	0	1	0	-340	0	0	0	0	0	0	0	0	0	0	0	0	0	0	0	0	0	0	0	0	0	0	0	1	0	0	0	-14	0	0	0	-390	0	1	0	63
26:50:00	96600	1	4	0	-343	0	0	0	0	0	0	0	0	0	0	0	0	0	0	0	0	0	0	0	0	0	0	0	1	0	0	0	-14	0	0	0	-390	1	4	0	60
26:55:00	96900	3	3	2	-345	0	0	0	0	0	0	0	0	0	0	0	0	0	0	0	0	0	0	0	0	0	0	0	1	0	0	0	-14	0	0	2	-392	3	3	0	60
27:00:00	97200	0	1	0	-346	0	0	0	0	0	0	0	0	0	0	0	0	0	0	0	0	0	0	0	0	0	0	0	1	0	0	0	-14	0	0	0	-392	0	1	0	59
27:05:00	97500	2	4	1	-349	0	0	0	0	0	0	0	0	0	0	0	0	0	0	0	0	0	0	0	0	0	0	0	1	0	0	0	-14	0	0	1	-393	2	4	0	57
27:10:00	97800	0	1	0	-350	0	0	0	0	0	0	0	0	0	0	0	0	0	0	0	0	0	0	0	0	0	0	0	1	0	0	0	-14	0	0	0	-393	0	1	0	56
27:15:00	98100	1	1	1	-351	0	0	0	0	0	0	0	0	0	0	0	0	0	0	0	0	0	0	0	0	0	0	0	1	0	0	0	-14	0	0	1	-394	1	1	0	56
27:20:00	98400	1	2	1	-353	0	0	0	0	0	0	0	0	0	0	0	0	0	0	0	0	0	0	0	0	0	0	0	1	0	0	0	-14	0	0	1	-395	1	2	0	55
27:25:00	98700	0	0	0	-353	0	0	0	0	0	0	0	0	0	0	0	0	0	0	0	0	0	0	0	0	0	0	0	1	0	0	0	-14	0	0	0	-395	0	0	0	55
27:30:00	99000	0	1	0	-354	0	0	0	0	0	0	0	0	0	0	0	0	0	0	0	0	0	0	0	0	0	0	0	1	0	0	0	-14	0	0	0	-395	0	1	0	54
27:35:00	99300	1	2	1	-356	0	0	0	0	0	0	0	0	0	0	0	0	0	0	0	0	0	0	0	0	0	0	0	1	0	0	0	-14	0	0	1	-396	1	2	0	53
27:40:00	99600	4	5	1	-358	0	0	0	0	0	0	0	0	0	0	0	0	0	0	0	0	0	0	0	0	0	0	0	1	0	0	0	-14	0	0	1	-397	4	5	0	52
27:45:00	99900	2	3	1	-360	0	0	0	0	0	0	0	0	0	0	0	0	0	0	0	0	0	0	0	0	0	0	0	1	0	0	0	-14	0	0	1	-398	2	3	0	51
27:50:00	100200	0	0	0	-360	0	0	0	0	0	0	0	0	0	0	0	0	0	0	0	0	0	0	0	0	0	0	0	1	0	0	0	-14	0	0	0	-398	0	0	0	51
27:55:00	100500	0	0	0	-360	0	0	0	0	0	0	0	0	0	0	0	0	0	0	0	0	0	0	0	0	0	0	0	1	0	0	0	-14	0	0	0	-398	0	0	0	51
28:00:00	100800	0	0	0	-360	0	0	0	0	0	0	0	0	0	0	0	0	0	0	0	0	0	0	0	0	0	0	0	1	0	0	0	-14	0	0	0	-398	0	0	0	51
28:05:00	101100	0	1	0	-361	0	0	0	0	0	0	0	0	0	0	0	0	0	0	0	0	0	0	0	0	0	0	0	1	0	0	0	-14	0	0	0	-398	0	1	0	50
28:10:00	101400	1	2	1	-363	0	0	0	0	0	0	0	0	0	0	0	0	0	0	0	0	0	0	0	0	0	0	0	1	0	0	0	-14	0	0	1	-399	1	2	0	49
28:15:00	101700	1	1	1	-364	0	0	0	0	0	0	0	0	0	0	0	0	0	0	0	0	0	0	0	0	0	0	0	1	0	0	0	-14	0	0	1	-400	1	1	0	49
28:20:00	102000	0	0	0	-364	0	0	0	0	0	0	0	0	0	0	0	0	0	0	0	0	0	0	0	0	0	0	0	1	0	0	0	-14	0	0	0	-400	0	0	0	49
28:25:00	102300	0	0	0	-364	0	0	0	0	0	0	0	0	0	0	0	0	0	0	0	0	0	0	0	0	0	0	0	1	0	0	0	-14	0	0	0	-400	0	0	0	49
28:30:00	102600	0	0	0	-364	0	0	0	0	0	0	0	0	0	0	0	0	0	0	0	0	0	0	0	0	0	0	0	1	0	0	0	-14	0	0	0	-400	0	0	0	49
28:35:00	102900	2	4	0	-366	0	0	0	0	0	0	0	0	1	0	0	1	0	0	0	0	0	0	0	0	0	0	0	1	0	0	0	-14	0	0	0	-400	1	4	0	46
28:40:00	103200	1	2	1	-368	0	0	0	0	0	0	0	0	0	0	0	1	0	0	0	0	0	0	0	0	0	0	0	1	0	0	0	-14	0	0	1	-401	1	2	0	45
28:45:00	103500	1	1	1	-369	0	0	0	0	0	0	0	0	0	0	0	1	0	0	0	0	0	0	0	0	0	0	0	1	0	0	0	-14	0	0	1	-402	1	1	0	45
28:50:00	103800	0	1	0	-370	0	0	0	0	0	0	0	0	0	0	0	1	0	0	0	0	0	0	0	0	0	0	0	1	0	0	0	-14	0	0	0	-402	0	1	0	44
28:55:00	104100	0	1	0	-371	0	0	0	0	0	0	0	0	0	0	0	1	0	0	0	0	0	0	0	0	0	0	0	1	0	0	0	-14	0	0	0	-402	0	1	0	43
29:00:00	104400	1	2	1	-373	0	0	0	0	0	0	0	0	0	0	0	1	0	0	0	0	0	0	0	0	0	0	0	1	0	0	0	-14	0	0	1	-403	1	2	0	42
29:05:00	104700	0	1	0	-374	0	0	0	0	0	0	0	0	0	0	0	1	0	0	0	0	0	0	0	0	0	0	0	1	0	0	0	-14	0	0	0	-403	0	1	0	41
29:10:00	105000	1	1	1	-375	0	0	0	0	0	0	0	0	0	0	0	1	0	0	0	0	0	0	0	0	0	0	0	1	0	0	0	-14	0	0	1	-404	1	1	0	41
29:15:00	105300	0	0	0	-375	0	0	0	0	0	0	0	0	0	0	0	1	0	0	0	0	0	0	0	0	0	0	0	1	0	0	0	-14	0	0	0	-404	0	0	0	41
29:20:00	105600	1	1	0	-375	0	0	0	0	0	0	0	0	1	1	0	1	0	0	0	0	0	0	0	0	0	0	0	1	0	0	0	-14	0	0	0	-404	0	0	0	41
29:25:00	105900	2	4	0	-377	0	0	0	0	0	0	0	0	1	1	0	1	0	0	0	0	0	0	0	0	0	0	0	1	0	0	0	-14	0	0	0	-404	1	3	0	39
29:30:00	106200	0	0	0	-377	0	0	0	0	0	0	0	0	0	0	0	1	0	0	0	0	0	0	0	0	0	0	0	1	0	0	0	-14	0	0	0	-404	0	0	0	39
29:35:00	106500	0	1	0	-378	0	0	0	0	0	0	0	0	0	0	0	1	0	0	0	0	0	0	0	0	0	0	0	1	0	0	0	-14	0	0	0	-404	0	1	0	38
29:40:00	106800	2	2	1	-379	0	0	0	0	0	0	0	0	1	1	0	1	0	0	0	0	0	0	0	0	0	0	0	1	0	0	0	-14	0	0	1	-405	1	1	0	38
29:45:00	107100	0	0	0	-379	0	0	0	0	0	0	0	0	0	0	0	1	0	0	0	0	0	0	0	0	0	0	0	1	0	0	0	-14	0	0	0	-405	0	0	0	38
29:50:00	107400	0	1	0	-380	0	0	0	0	0	0	0	0	0	1	0	0	0	0	0	0	0	0	0	0	0	0	0	1	0	0	0	-14	0	0	0	-405	0	0	0	38
29:55:00	107700	0	0	0	-380	0	0	0	0	0	0	0	0	0	0	0	0	0	0	0	0	0	0	0	0	0	0	0	1	0	0	0	-14	0	0	0	-405	0	0	0	38
30:00:00	108000	0	0	39	-419	0	0	0	0	0	0	0	0	0	0	0	0	0	0	0	0	0	0	0	0	0	0	1	0	0	0	0	-14	0	0	0	-405	0	0	38	0
30:05:00	108300	0	0	0	-419	0	0	0	0	0	0	0	0	0	0	0	0	0	0	0	0	0	0	0	0	0	0	0	0	0	0	0	-14	0	0	0	-405	0	0	0	0
