time	time	departures_all	arrivals_all	stuck_all	en-route_all	departures_Shared-Bike	arrivals_Shared-Bike	stuck_Shared-Bike	en-route_Shared-Bike	departures_bike	arrivals_bike	stuck_bike	en-route_bike	departures_car	arrivals_car	stuck_car	en-route_car	departures_car_passenger	arrivals_car_passenger	stuck_car_passenger	en-route_car_passenger	departures_pt	arrivals_pt	stuck_pt	en-route_pt	departures_sharing:standardBikeShare	arrivals_sharing:standardBikeShare	stuck_sharing:standardBikeShare	en-route_sharing:standardBikeShare	departures_walk	arrivals_walk	stuck_walk	en-route_walk
00:00:00	0	0	0	0	0	0	0	0	0	0	0	0	0	0	0	0	0	0	0	0	0	0	0	0	0	0	0	0	0	0	0	0	0
00:05:00	300	0	0	0	0	0	0	0	0	0	0	0	0	0	0	0	0	0	0	0	0	0	0	0	0	0	0	0	0	0	0	0	0
00:10:00	600	0	0	0	0	0	0	0	0	0	0	0	0	0	0	0	0	0	0	0	0	0	0	0	0	0	0	0	0	0	0	0	0
00:15:00	900	0	0	0	0	0	0	0	0	0	0	0	0	0	0	0	0	0	0	0	0	0	0	0	0	0	0	0	0	0	0	0	0
00:20:00	1200	0	0	0	0	0	0	0	0	0	0	0	0	0	0	0	0	0	0	0	0	0	0	0	0	0	0	0	0	0	0	0	0
00:25:00	1500	0	0	0	0	0	0	0	0	0	0	0	0	0	0	0	0	0	0	0	0	0	0	0	0	0	0	0	0	0	0	0	0
00:30:00	1800	0	0	0	0	0	0	0	0	0	0	0	0	0	0	0	0	0	0	0	0	0	0	0	0	0	0	0	0	0	0	0	0
00:35:00	2100	0	0	0	0	0	0	0	0	0	0	0	0	0	0	0	0	0	0	0	0	0	0	0	0	0	0	0	0	0	0	0	0
00:40:00	2400	0	0	0	0	0	0	0	0	0	0	0	0	0	0	0	0	0	0	0	0	0	0	0	0	0	0	0	0	0	0	0	0
00:45:00	2700	0	0	0	0	0	0	0	0	0	0	0	0	0	0	0	0	0	0	0	0	0	0	0	0	0	0	0	0	0	0	0	0
00:50:00	3000	0	0	0	0	0	0	0	0	0	0	0	0	0	0	0	0	0	0	0	0	0	0	0	0	0	0	0	0	0	0	0	0
00:55:00	3300	0	0	0	0	0	0	0	0	0	0	0	0	0	0	0	0	0	0	0	0	0	0	0	0	0	0	0	0	0	0	0	0
01:00:00	3600	0	0	0	0	0	0	0	0	0	0	0	0	0	0	0	0	0	0	0	0	0	0	0	0	0	0	0	0	0	0	0	0
01:05:00	3900	0	0	0	0	0	0	0	0	0	0	0	0	0	0	0	0	0	0	0	0	0	0	0	0	0	0	0	0	0	0	0	0
01:10:00	4200	0	0	0	0	0	0	0	0	0	0	0	0	0	0	0	0	0	0	0	0	0	0	0	0	0	0	0	0	0	0	0	0
01:15:00	4500	0	0	0	0	0	0	0	0	0	0	0	0	0	0	0	0	0	0	0	0	0	0	0	0	0	0	0	0	0	0	0	0
01:20:00	4800	0	0	0	0	0	0	0	0	0	0	0	0	0	0	0	0	0	0	0	0	0	0	0	0	0	0	0	0	0	0	0	0
01:25:00	5100	0	0	0	0	0	0	0	0	0	0	0	0	0	0	0	0	0	0	0	0	0	0	0	0	0	0	0	0	0	0	0	0
01:30:00	5400	0	0	0	0	0	0	0	0	0	0	0	0	0	0	0	0	0	0	0	0	0	0	0	0	0	0	0	0	0	0	0	0
01:35:00	5700	0	0	0	0	0	0	0	0	0	0	0	0	0	0	0	0	0	0	0	0	0	0	0	0	0	0	0	0	0	0	0	0
01:40:00	6000	0	0	0	0	0	0	0	0	0	0	0	0	0	0	0	0	0	0	0	0	0	0	0	0	0	0	0	0	0	0	0	0
01:45:00	6300	0	0	0	0	0	0	0	0	0	0	0	0	0	0	0	0	0	0	0	0	0	0	0	0	0	0	0	0	0	0	0	0
01:50:00	6600	0	0	0	0	0	0	0	0	0	0	0	0	0	0	0	0	0	0	0	0	0	0	0	0	0	0	0	0	0	0	0	0
01:55:00	6900	0	0	0	0	0	0	0	0	0	0	0	0	0	0	0	0	0	0	0	0	0	0	0	0	0	0	0	0	0	0	0	0
02:00:00	7200	0	0	0	0	0	0	0	0	0	0	0	0	0	0	0	0	0	0	0	0	0	0	0	0	0	0	0	0	0	0	0	0
02:05:00	7500	0	0	0	0	0	0	0	0	0	0	0	0	0	0	0	0	0	0	0	0	0	0	0	0	0	0	0	0	0	0	0	0
02:10:00	7800	0	0	0	0	0	0	0	0	0	0	0	0	0	0	0	0	0	0	0	0	0	0	0	0	0	0	0	0	0	0	0	0
02:15:00	8100	0	0	0	0	0	0	0	0	0	0	0	0	0	0	0	0	0	0	0	0	0	0	0	0	0	0	0	0	0	0	0	0
02:20:00	8400	0	0	0	0	0	0	0	0	0	0	0	0	0	0	0	0	0	0	0	0	0	0	0	0	0	0	0	0	0	0	0	0
02:25:00	8700	0	0	0	0	0	0	0	0	0	0	0	0	0	0	0	0	0	0	0	0	0	0	0	0	0	0	0	0	0	0	0	0
02:30:00	9000	0	0	0	0	0	0	0	0	0	0	0	0	0	0	0	0	0	0	0	0	0	0	0	0	0	0	0	0	0	0	0	0
02:35:00	9300	0	0	0	0	0	0	0	0	0	0	0	0	0	0	0	0	0	0	0	0	0	0	0	0	0	0	0	0	0	0	0	0
02:40:00	9600	0	0	0	0	0	0	0	0	0	0	0	0	0	0	0	0	0	0	0	0	0	0	0	0	0	0	0	0	0	0	0	0
02:45:00	9900	0	0	0	0	0	0	0	0	0	0	0	0	0	0	0	0	0	0	0	0	0	0	0	0	0	0	0	0	0	0	0	0
02:50:00	10200	0	0	0	0	0	0	0	0	0	0	0	0	0	0	0	0	0	0	0	0	0	0	0	0	0	0	0	0	0	0	0	0
02:55:00	10500	0	0	0	0	0	0	0	0	0	0	0	0	0	0	0	0	0	0	0	0	0	0	0	0	0	0	0	0	0	0	0	0
03:00:00	10800	0	0	0	0	0	0	0	0	0	0	0	0	0	0	0	0	0	0	0	0	0	0	0	0	0	0	0	0	0	0	0	0
03:05:00	11100	0	0	0	0	0	0	0	0	0	0	0	0	0	0	0	0	0	0	0	0	0	0	0	0	0	0	0	0	0	0	0	0
03:10:00	11400	0	0	0	0	0	0	0	0	0	0	0	0	0	0	0	0	0	0	0	0	0	0	0	0	0	0	0	0	0	0	0	0
03:15:00	11700	0	0	0	0	0	0	0	0	0	0	0	0	0	0	0	0	0	0	0	0	0	0	0	0	0	0	0	0	0	0	0	0
03:20:00	12000	0	0	0	0	0	0	0	0	0	0	0	0	0	0	0	0	0	0	0	0	0	0	0	0	0	0	0	0	0	0	0	0
03:25:00	12300	0	0	0	0	0	0	0	0	0	0	0	0	0	0	0	0	0	0	0	0	0	0	0	0	0	0	0	0	0	0	0	0
03:30:00	12600	0	0	0	0	0	0	0	0	0	0	0	0	0	0	0	0	0	0	0	0	0	0	0	0	0	0	0	0	0	0	0	0
03:35:00	12900	0	0	0	0	0	0	0	0	0	0	0	0	0	0	0	0	0	0	0	0	0	0	0	0	0	0	0	0	0	0	0	0
03:40:00	13200	0	0	0	0	0	0	0	0	0	0	0	0	0	0	0	0	0	0	0	0	0	0	0	0	0	0	0	0	0	0	0	0
03:45:00	13500	0	0	0	0	0	0	0	0	0	0	0	0	0	0	0	0	0	0	0	0	0	0	0	0	0	0	0	0	0	0	0	0
03:50:00	13800	0	0	0	0	0	0	0	0	0	0	0	0	0	0	0	0	0	0	0	0	0	0	0	0	0	0	0	0	0	0	0	0
03:55:00	14100	0	0	0	0	0	0	0	0	0	0	0	0	0	0	0	0	0	0	0	0	0	0	0	0	0	0	0	0	0	0	0	0
04:00:00	14400	0	0	0	0	0	0	0	0	0	0	0	0	0	0	0	0	0	0	0	0	0	0	0	0	0	0	0	0	0	0	0	0
04:05:00	14700	0	0	0	0	0	0	0	0	0	0	0	0	0	0	0	0	0	0	0	0	0	0	0	0	0	0	0	0	0	0	0	0
04:10:00	15000	0	0	0	0	0	0	0	0	0	0	0	0	0	0	0	0	0	0	0	0	0	0	0	0	0	0	0	0	0	0	0	0
04:15:00	15300	0	0	0	0	0	0	0	0	0	0	0	0	0	0	0	0	0	0	0	0	0	0	0	0	0	0	0	0	0	0	0	0
04:20:00	15600	0	0	0	0	0	0	0	0	0	0	0	0	0	0	0	0	0	0	0	0	0	0	0	0	0	0	0	0	0	0	0	0
04:25:00	15900	0	0	0	0	0	0	0	0	0	0	0	0	0	0	0	0	0	0	0	0	0	0	0	0	0	0	0	0	0	0	0	0
04:30:00	16200	0	0	0	0	0	0	0	0	0	0	0	0	0	0	0	0	0	0	0	0	0	0	0	0	0	0	0	0	0	0	0	0
04:35:00	16500	0	0	0	0	0	0	0	0	0	0	0	0	0	0	0	0	0	0	0	0	0	0	0	0	0	0	0	0	0	0	0	0
04:40:00	16800	0	0	0	0	0	0	0	0	0	0	0	0	0	0	0	0	0	0	0	0	0	0	0	0	0	0	0	0	0	0	0	0
04:45:00	17100	0	0	0	0	0	0	0	0	0	0	0	0	0	0	0	0	0	0	0	0	0	0	0	0	0	0	0	0	0	0	0	0
04:50:00	17400	0	0	0	0	0	0	0	0	0	0	0	0	0	0	0	0	0	0	0	0	0	0	0	0	0	0	0	0	0	0	0	0
04:55:00	17700	0	0	0	0	0	0	0	0	0	0	0	0	0	0	0	0	0	0	0	0	0	0	0	0	0	0	0	0	0	0	0	0
05:00:00	18000	0	0	0	0	0	0	0	0	0	0	0	0	0	0	0	0	0	0	0	0	0	0	0	0	0	0	0	0	0	0	0	0
05:05:00	18300	0	0	0	0	0	0	0	0	0	0	0	0	0	0	0	0	0	0	0	0	0	0	0	0	0	0	0	0	0	0	0	0
05:10:00	18600	0	0	0	0	0	0	0	0	0	0	0	0	0	0	0	0	0	0	0	0	0	0	0	0	0	0	0	0	0	0	0	0
05:15:00	18900	0	0	0	0	0	0	0	0	0	0	0	0	0	0	0	0	0	0	0	0	0	0	0	0	0	0	0	0	0	0	0	0
05:20:00	19200	0	0	0	0	0	0	0	0	0	0	0	0	0	0	0	0	0	0	0	0	0	0	0	0	0	0	0	0	0	0	0	0
05:25:00	19500	0	0	0	0	0	0	0	0	0	0	0	0	0	0	0	0	0	0	0	0	0	0	0	0	0	0	0	0	0	0	0	0
05:30:00	19800	0	0	0	0	0	0	0	0	0	0	0	0	0	0	0	0	0	0	0	0	0	0	0	0	0	0	0	0	0	0	0	0
05:35:00	20100	0	0	0	0	0	0	0	0	0	0	0	0	0	0	0	0	0	0	0	0	0	0	0	0	0	0	0	0	0	0	0	0
05:40:00	20400	0	0	0	0	0	0	0	0	0	0	0	0	0	0	0	0	0	0	0	0	0	0	0	0	0	0	0	0	0	0	0	0
05:45:00	20700	0	0	0	0	0	0	0	0	0	0	0	0	0	0	0	0	0	0	0	0	0	0	0	0	0	0	0	0	0	0	0	0
05:50:00	21000	0	0	0	0	0	0	0	0	0	0	0	0	0	0	0	0	0	0	0	0	0	0	0	0	0	0	0	0	0	0	0	0
05:55:00	21300	0	0	0	0	0	0	0	0	0	0	0	0	0	0	0	0	0	0	0	0	0	0	0	0	0	0	0	0	0	0	0	0
06:00:00	21600	4	0	0	4	0	0	0	0	0	0	0	0	2	0	0	2	0	0	0	0	0	0	0	0	0	0	0	0	2	0	0	2
06:05:00	21900	4	0	0	8	0	0	0	0	0	0	0	0	2	0	0	4	0	0	0	0	0	0	0	0	0	0	0	0	2	0	0	4
06:10:00	22200	3	2	0	9	0	0	0	0	0	0	0	0	3	1	0	6	0	0	0	0	0	0	0	0	0	0	0	0	0	1	0	3
06:15:00	22500	1	1	0	9	0	0	0	0	0	0	0	0	1	1	0	6	0	0	0	0	0	0	0	0	0	0	0	0	0	0	0	3
06:20:00	22800	5	3	0	11	0	0	0	0	0	0	0	0	3	1	0	8	0	0	0	0	2	0	0	2	0	0	0	0	0	2	0	1
06:25:00	23100	6	4	0	13	0	0	0	0	0	0	0	0	4	3	0	9	0	0	0	0	0	1	0	1	0	0	0	0	2	0	0	3
06:30:00	23400	43	4	0	52	0	0	0	0	0	0	0	0	34	3	0	40	0	0	0	0	0	1	0	0	0	0	0	0	9	0	0	12
06:35:00	23700	38	20	0	70	0	0	0	0	0	0	0	0	30	16	0	54	0	0	0	0	0	0	0	0	0	0	0	0	8	4	0	16
06:40:00	24000	37	18	0	89	0	0	0	0	0	0	0	0	29	14	0	69	0	0	0	0	4	0	0	4	0	0	0	0	4	4	0	16
06:45:00	24300	35	34	0	90	0	0	0	0	0	0	0	0	28	28	0	69	0	0	0	0	3	0	0	7	0	0	0	0	4	6	0	14
06:50:00	24600	41	29	0	102	0	0	0	0	0	0	0	0	25	23	0	71	0	0	0	0	1	0	0	8	0	0	0	0	15	6	0	23
06:55:00	24900	79	37	0	144	1	0	0	1	0	0	0	0	66	30	0	107	0	0	0	0	1	0	0	9	0	0	0	0	11	7	0	27
07:00:00	25200	67	51	0	160	1	0	0	2	0	0	0	0	45	40	0	112	0	0	0	0	3	0	0	12	0	0	0	0	18	11	0	34
07:05:00	25500	66	47	0	179	1	2	0	1	1	0	0	1	38	34	0	116	0	0	0	0	3	0	0	15	0	0	0	0	23	11	0	46
07:10:00	25800	75	63	0	191	1	1	0	1	1	0	0	2	49	39	0	126	0	0	0	0	7	4	0	18	0	0	0	0	17	19	0	44
07:15:00	26100	90	54	0	227	0	0	0	1	0	0	0	2	66	42	0	150	0	0	0	0	3	2	0	19	0	0	0	0	21	10	0	55
07:20:00	26400	89	77	0	239	1	1	0	1	0	0	0	2	60	54	0	156	0	0	0	0	11	2	0	28	0	0	0	0	17	20	0	52
07:25:00	26700	118	81	0	276	1	0	0	2	0	2	0	0	89	56	0	189	0	0	0	0	7	2	0	33	0	0	0	0	21	21	0	52
07:30:00	27000	80	93	0	263	0	0	0	2	0	0	0	0	59	73	0	175	0	0	0	0	6	3	0	36	0	0	0	0	15	17	0	50
07:35:00	27300	101	97	0	267	2	3	0	1	0	0	0	0	55	69	0	161	0	0	0	0	4	9	0	31	0	0	0	0	40	16	0	74
07:40:00	27600	99	78	0	288	1	1	0	1	0	0	0	0	69	50	0	180	0	0	0	0	7	1	0	37	0	0	0	0	22	26	0	70
07:45:00	27900	99	87	0	300	0	1	0	0	1	0	0	1	75	59	0	196	0	0	0	0	6	1	0	42	0	0	0	0	17	26	0	61
07:50:00	28200	111	85	0	326	0	0	0	0	1	0	0	2	77	61	0	212	0	0	0	0	4	7	0	39	0	0	0	0	29	17	0	73
07:55:00	28500	122	108	1	339	1	0	0	1	0	0	0	2	82	82	0	212	12	1	0	11	7	3	0	43	0	0	1	-1	20	22	0	71
08:00:00	28800	137	123	0	353	0	1	0	0	0	0	0	2	78	83	0	207	24	7	0	28	8	6	0	45	0	0	0	-1	27	26	0	72
08:05:00	29100	115	107	2	359	0	0	0	0	0	1	0	1	62	66	0	203	17	10	0	35	9	3	0	51	0	0	2	-3	27	27	0	72
08:10:00	29400	141	127	0	373	0	0	0	0	0	0	0	1	79	81	0	201	26	16	0	45	6	8	0	49	0	0	0	-3	30	22	0	80
08:15:00	29700	97	111	0	359	1	0	0	1	0	0	0	1	60	72	0	189	14	15	0	44	4	1	0	52	0	0	0	-3	18	23	0	75
08:20:00	30000	112	100	0	371	0	1	0	0	0	0	0	1	74	57	0	206	16	18	0	42	7	2	0	57	0	0	0	-3	15	22	0	68
08:25:00	30300	114	101	0	384	0	0	0	0	0	0	0	1	68	73	0	201	20	12	0	50	6	1	0	62	0	0	0	-3	20	15	0	73
08:30:00	30600	101	113	0	372	0	0	0	0	0	1	0	0	49	62	0	188	21	16	0	55	12	6	0	68	0	0	0	-3	19	28	0	64
08:35:00	30900	78	95	0	355	1	0	0	1	0	0	0	0	58	62	0	184	8	19	0	44	3	4	0	67	0	0	0	-3	8	10	0	62
08:40:00	31200	93	89	0	359	0	1	0	0	0	0	0	0	50	52	0	182	24	18	0	50	5	6	0	66	0	0	0	-3	14	12	0	64
08:45:00	31500	106	80	1	384	0	0	0	0	0	0	0	0	48	51	0	179	39	14	0	75	3	2	0	67	0	0	1	-4	16	13	0	67
08:50:00	31800	89	100	0	373	0	0	0	0	0	0	0	0	58	63	0	174	13	22	0	66	7	0	0	74	0	0	0	-4	11	15	0	63
08:55:00	32100	89	95	0	367	0	0	0	0	1	0	0	1	41	58	0	157	18	19	0	65	8	6	0	76	0	0	0	-4	21	12	0	72
09:00:00	32400	96	96	0	367	0	0	0	0	0	0	0	1	74	60	0	171	4	16	0	53	6	2	0	80	0	0	0	-4	12	18	0	66
09:05:00	32700	79	92	0	354	1	0	0	1	0	0	0	1	44	47	0	168	6	12	0	47	3	9	0	74	0	0	0	-4	25	24	0	67
09:10:00	33000	62	84	0	332	3	0	0	4	0	0	0	1	41	52	0	157	3	11	0	39	2	2	0	74	0	0	0	-4	13	19	0	61
09:15:00	33300	55	65	0	322	0	1	0	3	0	0	0	1	38	41	0	154	2	11	0	30	5	0	0	79	0	0	0	-4	10	12	0	59
09:20:00	33600	53	85	0	290	0	1	0	2	1	0	0	2	31	50	0	135	2	12	0	20	6	3	0	82	0	0	0	-4	13	19	0	53
09:25:00	33900	59	67	0	282	0	2	0	0	0	1	0	1	33	42	0	126	4	2	0	22	2	8	0	76	0	0	0	-4	20	12	0	61
09:30:00	34200	46	66	0	262	0	0	0	0	0	0	0	1	30	41	0	115	1	6	0	17	1	6	0	71	0	0	0	-4	14	13	0	62
09:35:00	34500	50	64	0	248	0	0	0	0	0	0	0	1	23	38	0	100	8	6	0	19	4	3	0	72	0	0	0	-4	15	17	0	60
09:40:00	34800	41	59	0	230	0	0	0	0	0	0	0	1	26	30	0	96	2	5	0	16	2	2	0	72	0	0	0	-4	11	22	0	49
09:45:00	35100	44	73	0	201	0	0	0	0	0	1	0	0	29	47	0	78	0	6	0	10	5	3	0	74	0	0	0	-4	10	16	0	43
09:50:00	35400	43	47	0	197	0	0	0	0	0	0	0	0	26	21	0	83	0	4	0	6	6	0	0	80	0	0	0	-4	11	22	0	32
09:55:00	35700	46	42	0	201	0	0	0	0	0	0	0	0	34	28	0	89	0	2	0	4	0	1	0	79	0	0	0	-4	12	11	0	33
10:00:00	36000	74	62	0	213	0	0	0	0	0	0	0	0	40	33	0	96	0	2	0	2	3	9	0	73	0	0	0	-4	31	18	0	46
10:05:00	36300	61	58	0	216	0	0	0	0	0	0	0	0	37	38	0	95	0	1	0	1	0	3	0	70	0	0	0	-4	24	16	0	54
10:10:00	36600	82	75	0	223	1	0	0	1	0	0	0	0	50	38	0	107	0	1	0	0	2	7	0	65	0	0	0	-4	29	29	0	54
10:15:00	36900	64	71	0	216	0	0	0	1	0	0	0	0	37	39	0	105	0	0	0	0	2	1	0	66	0	0	0	-4	25	31	0	48
10:20:00	37200	72	76	1	211	0	1	0	0	0	0	0	0	37	41	0	101	0	0	0	0	5	1	0	70	0	0	1	-5	30	33	0	45
10:25:00	37500	76	78	0	209	0	0	0	0	0	0	0	0	54	49	0	106	0	0	0	0	1	3	0	68	0	0	0	-5	21	26	0	40
10:30:00	37800	60	71	0	198	0	0	0	0	0	0	0	0	36	45	0	97	0	0	0	0	0	1	0	67	0	0	0	-5	24	25	0	39
10:35:00	38100	45	71	0	172	0	0	0	0	0	0	0	0	22	45	0	74	2	1	0	1	3	1	0	69	0	0	0	-5	18	24	0	33
10:40:00	38400	53	55	0	170	0	0	0	0	0	0	0	0	29	29	0	74	1	1	0	1	1	0	0	70	0	0	0	-5	22	25	0	30
10:45:00	38700	66	67	0	169	0	0	0	0	0	0	0	0	31	37	0	68	3	0	0	4	2	5	0	67	0	0	0	-5	30	25	0	35
10:50:00	39000	46	58	1	156	0	0	0	0	1	0	0	1	21	26	0	63	0	3	0	1	2	3	0	66	0	0	1	-6	22	26	0	31
10:55:00	39300	36	48	0	144	0	0	0	0	0	0	0	1	15	21	0	57	2	0	0	3	1	1	0	66	0	0	0	-6	18	26	0	23
11:00:00	39600	49	42	0	151	0	0	0	0	0	0	0	1	25	23	0	59	4	1	0	6	0	0	0	66	0	0	0	-6	20	18	0	25
11:05:00	39900	93	71	0	173	1	1	0	0	0	0	0	1	41	22	0	78	1	1	0	6	13	13	0	66	0	0	0	-6	37	34	0	28
11:10:00	40200	77	48	0	202	0	0	0	0	0	0	0	1	45	24	0	99	2	1	0	7	1	0	0	67	0	0	0	-6	29	23	0	34
11:15:00	40500	62	64	0	200	1	0	0	1	0	0	0	1	35	38	0	96	10	3	0	14	3	1	0	69	0	0	0	-6	13	22	0	25
11:20:00	40800	65	62	0	203	0	0	0	1	0	1	0	0	38	39	0	95	2	1	0	15	3	3	0	69	0	0	0	-6	22	18	0	29
11:25:00	41100	73	68	0	208	0	1	0	0	0	0	0	0	46	39	0	102	3	4	0	14	1	1	0	69	0	0	0	-6	23	23	0	29
11:30:00	41400	84	69	0	223	0	0	0	0	0	0	0	0	46	35	0	113	1	5	0	10	5	2	0	72	0	0	0	-6	32	27	0	34
11:35:00	41700	101	90	0	234	0	0	0	0	0	0	0	0	49	44	0	118	3	3	0	10	10	12	0	70	0	0	0	-6	39	31	0	42
11:40:00	42000	87	85	0	236	0	0	0	0	0	0	0	0	45	37	0	126	0	3	0	7	3	16	0	57	0	0	0	-6	39	29	0	52
11:45:00	42300	83	90	0	229	0	0	0	0	1	0	0	1	49	48	0	127	3	5	0	5	5	6	0	56	0	0	0	-6	25	31	0	46
11:50:00	42600	85	77	0	237	1	0	0	1	0	0	0	1	49	43	0	133	5	2	0	8	1	1	0	56	0	0	0	-6	29	31	0	44
11:55:00	42900	104	85	0	256	0	0	0	1	0	0	0	1	62	49	0	146	1	1	0	8	2	8	0	50	0	0	0	-6	39	27	0	56
12:00:00	43200	87	92	0	251	1	0	0	2	0	1	0	0	59	58	0	147	2	1	0	9	6	0	0	56	0	0	0	-6	19	32	0	43
12:05:00	43500	65	78	0	238	2	2	0	2	0	0	0	0	35	44	0	138	8	6	0	11	4	0	0	60	0	0	0	-6	16	26	0	33
12:10:00	43800	70	67	0	241	1	1	0	2	0	0	0	0	44	41	0	141	2	0	0	13	4	1	0	63	0	0	0	-6	19	24	0	28
12:15:00	44100	60	72	0	229	3	0	0	5	0	0	0	0	34	52	0	123	1	3	0	11	5	3	0	65	0	0	0	-6	17	14	0	31
12:20:00	44400	51	67	1	212	0	4	0	1	0	0	0	0	38	46	0	115	0	3	0	8	4	1	0	68	0	0	1	-7	9	13	0	27
12:25:00	44700	65	65	1	211	0	1	0	0	0	0	0	0	41	33	0	123	0	3	0	5	6	6	0	68	0	0	1	-8	18	22	0	23
12:30:00	45000	41	42	0	210	2	0	0	2	0	0	0	0	31	32	0	122	0	1	0	4	1	3	0	66	0	0	0	-8	7	6	0	24
12:35:00	45300	30	54	0	186	0	1	0	1	0	0	0	0	12	38	0	96	0	2	0	2	5	4	0	67	0	0	0	-8	13	9	0	28
12:40:00	45600	33	37	0	182	1	0	0	2	0	0	0	0	26	27	0	95	0	1	0	1	2	1	0	68	0	0	0	-8	4	8	0	24
12:45:00	45900	46	41	0	187	0	1	0	1	0	0	0	0	33	31	0	97	0	0	0	1	3	2	0	69	0	0	0	-8	10	7	0	27
12:50:00	46200	29	45	0	171	0	1	0	0	0	0	0	0	23	35	0	85	0	1	0	0	3	0	0	72	0	0	0	-8	3	8	0	22
12:55:00	46500	36	38	1	168	0	0	0	0	0	0	0	0	23	29	0	79	0	0	0	0	2	4	0	70	0	0	1	-9	11	5	0	28
13:00:00	46800	2	27	0	143	0	0	0	0	0	0	0	0	0	22	0	57	0	0	0	0	2	0	0	72	0	0	0	-9	0	5	0	23
13:05:00	47100	3	27	0	119	0	0	0	0	0	0	0	0	2	21	0	38	0	0	0	0	0	0	0	72	0	0	0	-9	1	6	0	18
13:10:00	47400	4	18	0	105	0	0	0	0	0	0	0	0	0	11	0	27	0	0	0	0	4	0	0	76	0	0	0	-9	0	7	0	11
13:15:00	47700	23	12	0	116	0	0	0	0	0	0	0	0	18	8	0	37	0	0	0	0	1	1	0	76	0	0	0	-9	4	3	0	12
13:20:00	48000	17	20	0	113	1	0	0	1	0	0	0	0	7	12	0	32	0	0	0	0	0	2	0	74	0	0	0	-9	9	6	0	15
13:25:00	48300	20	13	0	120	0	0	0	1	0	0	0	0	12	5	0	39	0	0	0	0	2	4	0	72	0	0	0	-9	6	4	0	17
13:30:00	48600	57	24	0	153	0	1	0	0	0	0	0	0	42	17	0	64	1	0	0	1	0	2	0	70	0	0	0	-9	14	4	0	27
13:35:00	48900	65	54	0	164	2	1	0	1	0	0	0	0	34	29	0	69	5	0	0	6	1	8	0	63	0	0	0	-9	23	16	0	34
13:40:00	49200	49	43	0	170	0	0	0	1	1	0	0	1	29	25	0	73	5	2	0	9	1	4	0	60	0	0	0	-9	13	12	0	35
13:45:00	49500	61	48	0	183	2	1	0	2	0	1	0	0	35	25	0	83	2	3	0	8	2	3	0	59	0	0	0	-9	20	15	0	40
13:50:00	49800	100	53	0	230	1	0	0	3	0	0	0	0	67	29	0	121	15	6	0	17	3	2	0	60	0	0	0	-9	14	16	0	38
13:55:00	50100	115	76	0	269	2	2	0	3	0	0	0	0	78	48	0	151	12	6	0	23	1	2	0	59	0	0	0	-9	22	18	0	42
14:00:00	50400	97	89	1	276	0	1	0	2	0	0	0	0	62	54	0	159	3	9	0	17	6	0	0	65	0	0	1	-10	26	25	0	43
14:05:00	50700	91	84	0	283	3	2	0	3	0	0	0	0	50	51	0	158	9	6	0	20	2	0	0	67	0	0	0	-10	27	25	0	45
14:10:00	51000	86	92	0	277	1	3	0	1	0	0	0	0	56	57	0	157	14	12	0	22	4	0	0	71	0	0	0	-10	11	20	0	36
14:15:00	51300	65	72	0	270	0	1	0	0	0	0	0	0	37	53	0	141	8	7	0	23	4	1	0	74	0	0	0	-10	16	10	0	42
14:20:00	51600	81	72	0	279	0	0	0	0	0	0	0	0	43	43	0	141	14	8	0	29	4	3	0	75	0	0	0	-10	20	18	0	44
14:25:00	51900	77	83	0	273	0	0	0	0	0	0	0	0	48	55	0	134	16	11	0	34	3	1	0	77	0	0	0	-10	10	16	0	38
14:30:00	52200	53	66	0	260	0	0	0	0	0	0	0	0	23	34	0	123	11	13	0	32	5	2	0	80	0	0	0	-10	14	17	0	35
14:35:00	52500	76	69	0	267	0	0	0	0	0	0	0	0	41	34	0	130	5	13	0	24	3	3	0	80	0	0	0	-10	27	19	0	43
14:40:00	52800	64	87	0	244	0	0	0	0	0	0	0	0	38	56	0	112	8	7	0	25	3	4	0	79	0	0	0	-10	15	20	0	38
14:45:00	53100	62	72	0	234	1	0	0	1	0	0	0	0	22	28	0	106	9	13	0	21	8	13	0	74	0	0	0	-10	22	18	0	42
14:50:00	53400	52	71	0	215	0	1	0	0	0	0	0	0	27	38	0	95	3	6	0	18	1	3	0	72	0	0	0	-10	21	23	0	40
14:55:00	53700	46	59	0	202	0	0	0	0	0	0	0	0	19	28	0	86	8	6	0	20	5	3	0	74	0	0	0	-10	14	22	0	32
15:00:00	54000	46	61	0	187	0	0	0	0	0	0	0	0	30	33	0	83	3	9	0	14	1	5	0	70	0	0	0	-10	12	14	0	30
15:05:00	54300	51	49	0	189	0	0	0	0	0	0	0	0	27	32	0	78	1	4	0	11	2	1	0	71	0	0	0	-10	21	12	0	39
15:10:00	54600	48	58	0	179	0	0	0	0	0	0	0	0	30	35	0	73	0	5	0	6	2	0	0	73	0	0	0	-10	16	18	0	37
15:15:00	54900	60	48	0	191	0	0	0	0	0	0	0	0	37	25	0	85	1	2	0	5	5	2	0	76	0	0	0	-10	17	19	0	35
15:20:00	55200	56	51	0	196	0	0	0	0	0	0	0	0	31	25	0	91	1	1	0	5	4	2	0	78	0	0	0	-10	20	23	0	32
15:25:00	55500	55	60	0	191	0	0	0	0	0	0	0	0	39	41	0	89	0	0	0	5	3	1	0	80	0	0	0	-10	13	18	0	27
15:30:00	55800	79	52	0	218	1	1	0	0	0	0	0	0	49	32	0	106	0	1	0	4	1	2	0	79	0	0	0	-10	28	16	0	39
15:35:00	56100	101	71	0	248	0	0	0	0	0	0	0	0	60	40	0	126	0	0	0	4	5	5	0	79	0	0	0	-10	36	26	0	49
15:40:00	56400	110	99	0	259	0	0	0	0	0	0	0	0	62	51	0	137	0	1	0	3	4	5	0	78	0	0	0	-10	44	42	0	51
15:45:00	56700	79	85	0	253	0	0	0	0	0	0	0	0	52	53	0	136	0	0	0	3	5	4	0	79	0	0	0	-10	22	28	0	45
15:50:00	57000	84	83	0	254	2	0	0	2	0	0	0	0	51	49	0	138	0	1	0	2	0	0	0	79	0	0	0	-10	31	33	0	43
15:55:00	57300	68	86	1	235	1	2	0	1	0	0	0	0	41	53	0	126	0	0	0	2	1	7	0	73	0	0	1	-11	25	24	0	44
16:00:00	57600	89	82	0	242	0	1	0	0	0	0	0	0	40	46	0	120	21	0	0	23	4	4	0	73	0	0	0	-11	24	31	0	37
16:05:00	57900	85	78	0	249	0	0	0	0	0	0	0	0	44	49	0	115	19	8	0	34	2	4	0	71	0	0	0	-11	20	17	0	40
16:10:00	58200	71	86	0	234	1	1	0	0	0	0	0	0	23	42	0	96	18	14	0	38	1	1	0	71	0	0	0	-11	28	28	0	40
16:15:00	58500	86	89	0	231	1	1	0	0	0	0	0	0	31	37	0	90	16	14	0	40	5	10	0	66	0	0	0	-11	33	27	0	46
16:20:00	58800	95	72	0	254	0	0	0	0	0	0	0	0	48	28	0	110	17	12	0	45	1	2	0	65	0	0	0	-11	29	30	0	45
16:25:00	59100	105	81	0	278	0	0	0	0	0	0	0	0	45	38	0	117	27	19	0	53	4	5	0	64	0	0	0	-11	29	19	0	55
16:30:00	59400	118	89	0	307	0	0	0	0	0	0	0	0	58	46	0	129	31	14	0	70	5	2	0	67	0	0	0	-11	24	27	0	52
16:35:00	59700	133	93	1	346	0	0	0	0	0	0	0	0	71	38	0	162	27	20	0	77	3	3	0	67	0	0	1	-12	32	32	0	52
16:40:00	60000	138	125	0	359	0	0	0	0	0	0	0	0	81	62	0	181	20	29	0	68	5	3	0	69	0	0	0	-12	32	31	0	53
16:45:00	60300	100	97	0	362	0	0	0	0	0	0	0	0	47	53	0	175	28	18	0	78	3	4	0	68	0	0	0	-12	22	22	0	53
16:50:00	60600	157	136	0	383	0	0	0	0	0	0	0	0	71	68	0	178	47	32	0	93	2	5	0	65	0	0	0	-12	37	31	0	59
16:55:00	60900	134	128	1	388	0	0	0	0	0	0	0	0	71	68	0	181	31	26	0	98	3	3	0	65	0	0	1	-13	29	31	0	57
17:00:00	61200	179	127	0	440	0	0	0	0	0	0	0	0	114	59	0	236	20	31	0	87	5	9	0	61	0	0	0	-13	40	28	0	69
17:05:00	61500	190	136	0	494	1	0	0	1	0	0	0	0	127	76	0	287	11	19	0	79	7	12	0	56	0	0	0	-13	44	29	0	84
17:10:00	61800	167	166	0	495	1	2	0	0	2	0	0	2	95	92	0	290	16	22	0	73	8	2	0	62	0	0	0	-13	45	48	0	81
17:15:00	62100	184	170	0	509	1	1	0	0	1	0	0	3	110	104	0	296	25	21	0	77	4	4	0	62	0	0	0	-13	43	40	0	84
17:20:00	62400	188	162	0	535	1	0	0	1	0	0	0	3	118	93	0	321	14	22	0	69	9	2	0	69	0	0	0	-13	46	45	0	85
17:25:00	62700	126	167	0	494	0	1	0	0	0	1	0	2	79	96	0	304	3	25	0	47	7	6	0	70	0	0	0	-13	37	38	0	84
17:30:00	63000	114	147	0	461	1	0	0	1	0	1	0	1	82	95	0	291	1	12	0	36	6	9	0	67	0	0	0	-13	24	30	0	78
17:35:00	63300	108	114	0	455	0	1	0	0	0	0	0	1	78	75	0	294	0	4	0	32	12	3	0	76	0	0	0	-13	18	31	0	65
17:40:00	63600	81	113	1	422	0	0	0	0	1	1	0	1	36	70	0	260	3	10	0	25	12	9	0	79	0	0	1	-14	29	23	0	71
17:45:00	63900	118	104	0	436	0	0	0	0	0	0	0	1	85	71	0	274	1	1	0	25	5	6	0	78	0	0	0	-14	27	26	0	72
17:50:00	64200	94	102	0	428	1	0	0	1	0	0	0	1	71	76	0	269	0	3	0	22	8	0	0	86	0	0	0	-14	14	23	0	63
17:55:00	64500	110	120	0	418	1	1	0	1	0	0	0	1	78	82	0	265	1	6	0	17	10	5	0	91	0	0	0	-14	20	26	0	57
18:00:00	64800	72	105	0	385	0	1	0	0	0	0	0	1	53	81	0	237	1	2	0	16	3	3	0	91	0	0	0	-14	15	18	0	54
18:05:00	65100	69	95	0	359	0	0	0	0	0	0	0	1	43	64	0	216	0	2	0	14	5	12	0	84	0	0	0	-14	21	17	0	58
18:10:00	65400	48	78	0	329	0	0	0	0	0	1	0	0	32	59	0	189	0	0	0	14	4	3	0	85	0	0	0	-14	12	15	0	55
18:15:00	65700	49	87	0	291	1	1	0	0	0	0	0	0	26	58	0	157	1	2	0	13	1	10	0	76	0	0	0	-14	20	16	0	59
18:20:00	66000	65	72	0	284	0	0	0	0	0	0	0	0	41	38	0	160	0	1	0	12	1	14	0	63	0	0	0	-14	23	19	0	63
18:25:00	66300	47	64	0	267	1	0	0	1	0	0	0	0	29	40	0	149	0	1	0	11	0	9	0	54	0	0	0	-14	17	14	0	66
18:30:00	66600	46	70	0	243	1	1	0	1	0	0	0	0	22	37	0	134	0	0	0	11	2	12	0	44	0	0	0	-14	21	20	0	67
18:35:00	66900	60	75	0	228	0	1	0	0	0	0	0	0	39	47	0	126	1	3	0	9	0	7	0	37	0	0	0	-14	20	17	0	70
18:40:00	67200	34	55	0	207	0	0	0	0	0	0	0	0	24	30	0	120	0	2	0	7	2	2	0	37	0	0	0	-14	8	21	0	57
18:45:00	67500	36	53	0	190	0	0	0	0	0	0	0	0	26	30	0	116	0	3	0	4	4	3	0	38	0	0	0	-14	6	17	0	46
18:50:00	67800	18	44	0	164	0	0	0	0	0	0	0	0	9	25	0	100	0	0	0	4	1	7	0	32	0	0	0	-14	8	12	0	42
18:55:00	68100	24	37	0	151	0	0	0	0	0	0	0	0	17	23	0	94	0	0	0	4	1	4	0	29	0	0	0	-14	6	10	0	38
19:00:00	68400	68	42	0	177	0	0	0	0	0	0	0	0	52	26	0	120	0	0	0	4	0	10	0	19	0	0	0	-14	16	6	0	48
19:05:00	68700	81	35	0	223	0	0	0	0	0	0	0	0	65	25	0	160	0	0	0	4	2	0	0	21	0	0	0	-14	14	10	0	52
19:10:00	69000	67	63	1	226	1	0	0	1	0	0	0	0	52	46	0	166	0	0	0	4	1	1	0	21	0	0	1	-15	13	16	0	49
19:15:00	69300	58	72	0	212	1	0	0	2	0	0	0	0	43	52	0	157	0	1	0	3	3	4	0	20	0	0	0	-15	11	15	0	45
19:20:00	69600	58	62	0	208	0	1	0	1	0	0	0	0	46	49	0	154	0	0	0	3	1	0	0	21	0	0	0	-15	11	12	0	44
19:25:00	69900	90	67	0	231	0	1	0	0	0	0	0	0	75	50	0	179	0	0	0	3	1	1	0	21	0	0	0	-15	14	15	0	43
19:30:00	70200	70	62	0	239	1	0	0	1	0	0	0	0	55	48	0	186	0	0	0	3	1	7	0	15	0	0	0	-15	13	7	0	49
19:35:00	70500	53	87	0	205	0	1	0	0	0	0	0	0	40	70	0	156	0	0	0	3	1	3	0	13	0	0	0	-15	12	13	0	48
19:40:00	70800	39	62	0	182	0	0	0	0	0	0	0	0	31	44	0	143	0	0	0	3	1	0	0	14	0	0	0	-15	7	18	0	37
19:45:00	71100	65	56	0	191	1	0	0	1	0	0	0	0	53	43	0	153	0	1	0	2	1	4	0	11	0	0	0	-15	10	8	0	39
19:50:00	71400	47	57	0	181	0	0	0	1	0	0	0	0	41	46	0	148	0	0	0	2	2	0	0	13	0	0	0	-15	4	11	0	32
19:55:00	71700	52	62	0	171	1	0	0	2	1	0	0	1	40	54	0	134	0	0	0	2	1	1	0	13	0	0	0	-15	9	7	0	34
20:00:00	72000	9	42	0	138	0	1	0	1	0	1	0	0	3	34	0	103	0	0	0	2	1	2	0	12	0	0	0	-15	5	4	0	35
20:05:00	72300	5	40	0	103	0	0	0	1	0	0	0	0	4	29	0	78	0	0	0	2	1	0	0	13	0	0	0	-15	0	11	0	24
20:10:00	72600	6	20	0	89	0	1	0	0	0	0	0	0	3	14	0	67	0	0	0	2	1	0	0	14	0	0	0	-15	2	5	0	21
20:15:00	72900	6	22	0	73	0	0	0	0	0	0	0	0	2	16	0	53	0	0	0	2	1	2	0	13	0	0	0	-15	3	4	0	20
20:20:00	73200	8	16	0	65	0	0	0	0	0	0	0	0	5	12	0	46	0	1	0	1	1	0	0	14	0	0	0	-15	2	3	0	19
20:25:00	73500	12	13	0	64	0	0	0	0	0	0	0	0	6	4	0	48	0	0	0	1	0	5	0	9	0	0	0	-15	6	4	0	21
20:30:00	73800	9	22	0	51	0	0	0	0	0	0	0	0	2	12	0	38	0	1	0	0	0	5	0	4	0	0	0	-15	7	4	0	24
20:35:00	74100	6	12	0	45	0	0	0	0	0	0	0	0	4	7	0	35	0	0	0	0	0	2	0	2	0	0	0	-15	2	3	0	23
20:40:00	74400	4	10	0	39	0	0	0	0	0	0	0	0	4	5	0	34	0	0	0	0	0	0	0	2	0	0	0	-15	0	5	0	18
20:45:00	74700	4	8	0	35	0	0	0	0	0	0	0	0	2	2	0	34	0	0	0	0	0	0	0	2	0	0	0	-15	2	6	0	14
20:50:00	75000	10	12	0	33	0	0	0	0	0	0	0	0	6	7	0	33	0	0	0	0	0	0	0	2	0	0	0	-15	4	5	0	13
20:55:00	75300	5	11	0	27	0	0	0	0	0	0	0	0	4	6	0	31	0	0	0	0	0	0	0	2	0	0	0	-15	1	5	0	9
21:00:00	75600	11	11	0	27	0	0	0	0	0	0	0	0	9	9	0	31	0	0	0	0	0	0	0	2	0	0	0	-15	2	2	0	9
21:05:00	75900	6	9	0	24	0	0	0	0	0	0	0	0	5	6	0	30	0	0	0	0	0	0	0	2	0	0	0	-15	1	3	0	7
21:10:00	76200	2	4	0	22	0	0	0	0	0	0	0	0	2	3	0	29	0	0	0	0	0	0	0	2	0	0	0	-15	0	1	0	6
21:15:00	76500	0	3	0	19	0	0	0	0	0	0	0	0	0	3	0	26	0	0	0	0	0	0	0	2	0	0	0	-15	0	0	0	6
21:20:00	76800	3	4	0	18	0	0	0	0	0	0	0	0	3	3	0	26	0	0	0	0	0	0	0	2	0	0	0	-15	0	1	0	5
21:25:00	77100	1	4	0	15	0	0	0	0	0	0	0	0	1	4	0	23	0	0	0	0	0	0	0	2	0	0	0	-15	0	0	0	5
21:30:00	77400	0	4	0	11	0	0	0	0	0	0	0	0	0	4	0	19	0	0	0	0	0	0	0	2	0	0	0	-15	0	0	0	5
21:35:00	77700	0	3	0	8	0	0	0	0	0	0	0	0	0	3	0	16	0	0	0	0	0	0	0	2	0	0	0	-15	0	0	0	5
21:40:00	78000	2	4	0	6	0	0	0	0	0	0	0	0	2	4	0	14	0	0	0	0	0	0	0	2	0	0	0	-15	0	0	0	5
21:45:00	78300	2	4	0	4	0	0	0	0	0	0	0	0	2	2	0	14	0	0	0	0	0	0	0	2	0	0	0	-15	0	2	0	3
21:50:00	78600	3	5	0	2	0	0	0	0	0	0	0	0	3	5	0	12	0	0	0	0	0	0	0	2	0	0	0	-15	0	0	0	3
21:55:00	78900	1	1	0	2	0	0	0	0	0	0	0	0	1	1	0	12	0	0	0	0	0	0	0	2	0	0	0	-15	0	0	0	3
22:00:00	79200	0	1	0	1	0	0	0	0	0	0	0	0	0	1	0	11	0	0	0	0	0	0	0	2	0	0	0	-15	0	0	0	3
22:05:00	79500	0	1	0	0	0	0	0	0	0	0	0	0	0	0	0	11	0	0	0	0	0	0	0	2	0	0	0	-15	0	1	0	2
22:10:00	79800	1	2	0	-1	0	0	0	0	0	0	0	0	1	2	0	10	0	0	0	0	0	0	0	2	0	0	0	-15	0	0	0	2
22:15:00	80100	1	2	0	-2	0	0	0	0	0	0	0	0	0	1	0	9	0	0	0	0	0	0	0	2	0	0	0	-15	1	1	0	2
22:20:00	80400	2	4	0	-4	0	0	0	0	0	0	0	0	2	2	0	9	0	0	0	0	0	0	0	2	0	0	0	-15	0	2	0	0
22:25:00	80700	0	3	0	-7	0	0	0	0	0	0	0	0	0	3	0	6	0	0	0	0	0	0	0	2	0	0	0	-15	0	0	0	0
22:30:00	81000	0	0	0	-7	0	0	0	0	0	0	0	0	0	0	0	6	0	0	0	0	0	0	0	2	0	0	0	-15	0	0	0	0
22:35:00	81300	0	0	0	-7	0	0	0	0	0	0	0	0	0	0	0	6	0	0	0	0	0	0	0	2	0	0	0	-15	0	0	0	0
22:40:00	81600	1	2	0	-8	0	0	0	0	0	0	0	0	1	2	0	5	0	0	0	0	0	0	0	2	0	0	0	-15	0	0	0	0
22:45:00	81900	1	1	0	-8	0	0	0	0	0	0	0	0	1	1	0	5	0	0	0	0	0	0	0	2	0	0	0	-15	0	0	0	0
22:50:00	82200	0	1	0	-9	0	0	0	0	0	0	0	0	0	1	0	4	0	0	0	0	0	0	0	2	0	0	0	-15	0	0	0	0
22:55:00	82500	0	0	0	-9	0	0	0	0	0	0	0	0	0	0	0	4	0	0	0	0	0	0	0	2	0	0	0	-15	0	0	0	0
23:00:00	82800	0	0	0	-9	0	0	0	0	0	0	0	0	0	0	0	4	0	0	0	0	0	0	0	2	0	0	0	-15	0	0	0	0
23:05:00	83100	0	0	0	-9	0	0	0	0	0	0	0	0	0	0	0	4	0	0	0	0	0	0	0	2	0	0	0	-15	0	0	0	0
23:10:00	83400	0	0	0	-9	0	0	0	0	0	0	0	0	0	0	0	4	0	0	0	0	0	0	0	2	0	0	0	-15	0	0	0	0
23:15:00	83700	6	2	0	-5	0	0	0	0	0	0	0	0	6	2	0	8	0	0	0	0	0	0	0	2	0	0	0	-15	0	0	0	0
23:20:00	84000	5	3	0	-3	0	0	0	0	0	0	0	0	3	3	0	8	0	0	0	0	0	0	0	2	0	0	0	-15	2	0	0	2
23:25:00	84300	5	2	0	0	0	0	0	0	0	0	0	0	3	0	0	11	0	0	0	0	0	0	0	2	0	0	0	-15	2	2	0	2
23:30:00	84600	2	7	0	-5	0	0	0	0	0	0	0	0	1	5	0	7	0	0	0	0	0	0	0	2	0	0	0	-15	1	2	0	1
23:35:00	84900	2	0	0	-3	0	0	0	0	0	0	0	0	2	0	0	9	0	0	0	0	0	0	0	2	0	0	0	-15	0	0	0	1
23:40:00	85200	3	2	0	-2	0	0	0	0	0	0	0	0	2	2	0	9	0	0	0	0	0	0	0	2	0	0	0	-15	1	0	0	2
23:45:00	85500	3	3	0	-2	0	0	0	0	0	0	0	0	1	1	0	9	0	0	0	0	0	0	0	2	0	0	0	-15	2	2	0	2
23:50:00	85800	4	4	0	-2	0	0	0	0	0	0	0	0	3	2	0	10	0	0	0	0	0	0	0	2	0	0	0	-15	1	2	0	1
23:55:00	86100	2	3	0	-3	0	0	0	0	0	0	0	0	0	2	0	8	0	0	0	0	0	0	0	2	0	0	0	-15	2	1	0	2
24:00:00	86400	4	1	0	0	0	0	0	0	0	0	0	0	4	0	0	12	0	0	0	0	0	0	0	2	0	0	0	-15	0	1	0	1
24:05:00	86700	2	4	0	-2	0	0	0	0	0	0	0	0	2	3	0	11	0	0	0	0	0	0	0	2	0	0	0	-15	0	1	0	0
24:10:00	87000	3	3	0	-2	0	0	0	0	0	0	0	0	2	3	0	10	0	0	0	0	0	0	0	2	0	0	0	-15	1	0	0	1
24:15:00	87300	0	3	0	-5	0	0	0	0	0	0	0	0	0	3	0	7	0	0	0	0	0	0	0	2	0	0	0	-15	0	0	0	1
24:20:00	87600	0	1	0	-6	0	0	0	0	0	0	0	0	0	1	0	6	0	0	0	0	0	0	0	2	0	0	0	-15	0	0	0	1
24:25:00	87900	0	2	0	-8	0	0	0	0	0	0	0	0	0	1	0	5	0	0	0	0	0	0	0	2	0	0	0	-15	0	1	0	0
24:30:00	88200	0	0	0	-8	0	0	0	0	0	0	0	0	0	0	0	5	0	0	0	0	0	0	0	2	0	0	0	-15	0	0	0	0
24:35:00	88500	0	2	0	-10	0	0	0	0	0	0	0	0	0	2	0	3	0	0	0	0	0	0	0	2	0	0	0	-15	0	0	0	0
24:40:00	88800	0	0	0	-10	0	0	0	0	0	0	0	0	0	0	0	3	0	0	0	0	0	0	0	2	0	0	0	-15	0	0	0	0
24:45:00	89100	0	0	0	-10	0	0	0	0	0	0	0	0	0	0	0	3	0	0	0	0	0	0	0	2	0	0	0	-15	0	0	0	0
24:50:00	89400	0	2	0	-12	0	0	0	0	0	0	0	0	0	2	0	1	0	0	0	0	0	0	0	2	0	0	0	-15	0	0	0	0
24:55:00	89700	0	0	0	-12	0	0	0	0	0	0	0	0	0	0	0	1	0	0	0	0	0	0	0	2	0	0	0	-15	0	0	0	0
25:00:00	90000	0	0	0	-12	0	0	0	0	0	0	0	0	0	0	0	1	0	0	0	0	0	0	0	2	0	0	0	-15	0	0	0	0
25:05:00	90300	0	0	0	-12	0	0	0	0	0	0	0	0	0	0	0	1	0	0	0	0	0	0	0	2	0	0	0	-15	0	0	0	0
25:10:00	90600	0	0	0	-12	0	0	0	0	0	0	0	0	0	0	0	1	0	0	0	0	0	0	0	2	0	0	0	-15	0	0	0	0
25:15:00	90900	0	0	0	-12	0	0	0	0	0	0	0	0	0	0	0	1	0	0	0	0	0	0	0	2	0	0	0	-15	0	0	0	0
25:20:00	91200	0	0	0	-12	0	0	0	0	0	0	0	0	0	0	0	1	0	0	0	0	0	0	0	2	0	0	0	-15	0	0	0	0
25:25:00	91500	0	0	0	-12	0	0	0	0	0	0	0	0	0	0	0	1	0	0	0	0	0	0	0	2	0	0	0	-15	0	0	0	0
25:30:00	91800	0	0	0	-12	0	0	0	0	0	0	0	0	0	0	0	1	0	0	0	0	0	0	0	2	0	0	0	-15	0	0	0	0
25:35:00	92100	0	0	0	-12	0	0	0	0	0	0	0	0	0	0	0	1	0	0	0	0	0	0	0	2	0	0	0	-15	0	0	0	0
25:40:00	92400	0	0	0	-12	0	0	0	0	0	0	0	0	0	0	0	1	0	0	0	0	0	0	0	2	0	0	0	-15	0	0	0	0
25:45:00	92700	0	0	0	-12	0	0	0	0	0	0	0	0	0	0	0	1	0	0	0	0	0	0	0	2	0	0	0	-15	0	0	0	0
25:50:00	93000	0	0	0	-12	0	0	0	0	0	0	0	0	0	0	0	1	0	0	0	0	0	0	0	2	0	0	0	-15	0	0	0	0
25:55:00	93300	0	0	0	-12	0	0	0	0	0	0	0	0	0	0	0	1	0	0	0	0	0	0	0	2	0	0	0	-15	0	0	0	0
26:00:00	93600	0	0	0	-12	0	0	0	0	0	0	0	0	0	0	0	1	0	0	0	0	0	0	0	2	0	0	0	-15	0	0	0	0
26:05:00	93900	2	2	0	-12	0	0	0	0	0	0	0	0	2	2	0	1	0	0	0	0	0	0	0	2	0	0	0	-15	0	0	0	0
26:10:00	94200	0	1	0	-13	0	0	0	0	0	0	0	0	0	1	0	0	0	0	0	0	0	0	0	2	0	0	0	-15	0	0	0	0
26:15:00	94500	0	0	0	-13	0	0	0	0	0	0	0	0	0	0	0	0	0	0	0	0	0	0	0	2	0	0	0	-15	0	0	0	0
26:20:00	94800	0	0	0	-13	0	0	0	0	0	0	0	0	0	0	0	0	0	0	0	0	0	0	0	2	0	0	0	-15	0	0	0	0
26:25:00	95100	0	0	0	-13	0	0	0	0	0	0	0	0	0	0	0	0	0	0	0	0	0	0	0	2	0	0	0	-15	0	0	0	0
26:30:00	95400	0	0	0	-13	0	0	0	0	0	0	0	0	0	0	0	0	0	0	0	0	0	0	0	2	0	0	0	-15	0	0	0	0
26:35:00	95700	0	0	0	-13	0	0	0	0	0	0	0	0	0	0	0	0	0	0	0	0	0	0	0	2	0	0	0	-15	0	0	0	0
26:40:00	96000	0	0	0	-13	0	0	0	0	0	0	0	0	0	0	0	0	0	0	0	0	0	0	0	2	0	0	0	-15	0	0	0	0
26:45:00	96300	0	0	0	-13	0	0	0	0	0	0	0	0	0	0	0	0	0	0	0	0	0	0	0	2	0	0	0	-15	0	0	0	0
26:50:00	96600	0	0	0	-13	0	0	0	0	0	0	0	0	0	0	0	0	0	0	0	0	0	0	0	2	0	0	0	-15	0	0	0	0
26:55:00	96900	0	0	0	-13	0	0	0	0	0	0	0	0	0	0	0	0	0	0	0	0	0	0	0	2	0	0	0	-15	0	0	0	0
27:00:00	97200	0	0	0	-13	0	0	0	0	0	0	0	0	0	0	0	0	0	0	0	0	0	0	0	2	0	0	0	-15	0	0	0	0
27:05:00	97500	0	0	0	-13	0	0	0	0	0	0	0	0	0	0	0	0	0	0	0	0	0	0	0	2	0	0	0	-15	0	0	0	0
27:10:00	97800	0	0	0	-13	0	0	0	0	0	0	0	0	0	0	0	0	0	0	0	0	0	0	0	2	0	0	0	-15	0	0	0	0
27:15:00	98100	0	0	0	-13	0	0	0	0	0	0	0	0	0	0	0	0	0	0	0	0	0	0	0	2	0	0	0	-15	0	0	0	0
27:20:00	98400	0	0	0	-13	0	0	0	0	0	0	0	0	0	0	0	0	0	0	0	0	0	0	0	2	0	0	0	-15	0	0	0	0
27:25:00	98700	0	0	0	-13	0	0	0	0	0	0	0	0	0	0	0	0	0	0	0	0	0	0	0	2	0	0	0	-15	0	0	0	0
27:30:00	99000	0	0	0	-13	0	0	0	0	0	0	0	0	0	0	0	0	0	0	0	0	0	0	0	2	0	0	0	-15	0	0	0	0
27:35:00	99300	0	0	0	-13	0	0	0	0	0	0	0	0	0	0	0	0	0	0	0	0	0	0	0	2	0	0	0	-15	0	0	0	0
27:40:00	99600	0	0	0	-13	0	0	0	0	0	0	0	0	0	0	0	0	0	0	0	0	0	0	0	2	0	0	0	-15	0	0	0	0
27:45:00	99900	0	0	0	-13	0	0	0	0	0	0	0	0	0	0	0	0	0	0	0	0	0	0	0	2	0	0	0	-15	0	0	0	0
27:50:00	100200	0	0	0	-13	0	0	0	0	0	0	0	0	0	0	0	0	0	0	0	0	0	0	0	2	0	0	0	-15	0	0	0	0
27:55:00	100500	0	0	0	-13	0	0	0	0	0	0	0	0	0	0	0	0	0	0	0	0	0	0	0	2	0	0	0	-15	0	0	0	0
28:00:00	100800	0	0	0	-13	0	0	0	0	0	0	0	0	0	0	0	0	0	0	0	0	0	0	0	2	0	0	0	-15	0	0	0	0
28:05:00	101100	0	0	0	-13	0	0	0	0	0	0	0	0	0	0	0	0	0	0	0	0	0	0	0	2	0	0	0	-15	0	0	0	0
28:10:00	101400	0	0	0	-13	0	0	0	0	0	0	0	0	0	0	0	0	0	0	0	0	0	0	0	2	0	0	0	-15	0	0	0	0
28:15:00	101700	0	0	0	-13	0	0	0	0	0	0	0	0	0	0	0	0	0	0	0	0	0	0	0	2	0	0	0	-15	0	0	0	0
28:20:00	102000	0	0	0	-13	0	0	0	0	0	0	0	0	0	0	0	0	0	0	0	0	0	0	0	2	0	0	0	-15	0	0	0	0
28:25:00	102300	0	0	0	-13	0	0	0	0	0	0	0	0	0	0	0	0	0	0	0	0	0	0	0	2	0	0	0	-15	0	0	0	0
28:30:00	102600	0	0	0	-13	0	0	0	0	0	0	0	0	0	0	0	0	0	0	0	0	0	0	0	2	0	0	0	-15	0	0	0	0
28:35:00	102900	0	0	0	-13	0	0	0	0	0	0	0	0	0	0	0	0	0	0	0	0	0	0	0	2	0	0	0	-15	0	0	0	0
28:40:00	103200	0	0	0	-13	0	0	0	0	0	0	0	0	0	0	0	0	0	0	0	0	0	0	0	2	0	0	0	-15	0	0	0	0
28:45:00	103500	0	0	0	-13	0	0	0	0	0	0	0	0	0	0	0	0	0	0	0	0	0	0	0	2	0	0	0	-15	0	0	0	0
28:50:00	103800	0	0	0	-13	0	0	0	0	0	0	0	0	0	0	0	0	0	0	0	0	0	0	0	2	0	0	0	-15	0	0	0	0
28:55:00	104100	0	0	0	-13	0	0	0	0	0	0	0	0	0	0	0	0	0	0	0	0	0	0	0	2	0	0	0	-15	0	0	0	0
29:00:00	104400	0	0	0	-13	0	0	0	0	0	0	0	0	0	0	0	0	0	0	0	0	0	0	0	2	0	0	0	-15	0	0	0	0
29:05:00	104700	0	0	0	-13	0	0	0	0	0	0	0	0	0	0	0	0	0	0	0	0	0	0	0	2	0	0	0	-15	0	0	0	0
29:10:00	105000	0	0	0	-13	0	0	0	0	0	0	0	0	0	0	0	0	0	0	0	0	0	0	0	2	0	0	0	-15	0	0	0	0
29:15:00	105300	0	0	0	-13	0	0	0	0	0	0	0	0	0	0	0	0	0	0	0	0	0	0	0	2	0	0	0	-15	0	0	0	0
29:20:00	105600	0	0	0	-13	0	0	0	0	0	0	0	0	0	0	0	0	0	0	0	0	0	0	0	2	0	0	0	-15	0	0	0	0
29:25:00	105900	0	0	0	-13	0	0	0	0	0	0	0	0	0	0	0	0	0	0	0	0	0	0	0	2	0	0	0	-15	0	0	0	0
29:30:00	106200	0	0	0	-13	0	0	0	0	0	0	0	0	0	0	0	0	0	0	0	0	0	0	0	2	0	0	0	-15	0	0	0	0
29:35:00	106500	0	0	0	-13	0	0	0	0	0	0	0	0	0	0	0	0	0	0	0	0	0	0	0	2	0	0	0	-15	0	0	0	0
29:40:00	106800	0	0	0	-13	0	0	0	0	0	0	0	0	0	0	0	0	0	0	0	0	0	0	0	2	0	0	0	-15	0	0	0	0
29:45:00	107100	0	0	0	-13	0	0	0	0	0	0	0	0	0	0	0	0	0	0	0	0	0	0	0	2	0	0	0	-15	0	0	0	0
29:50:00	107400	0	0	0	-13	0	0	0	0	0	0	0	0	0	0	0	0	0	0	0	0	0	0	0	2	0	0	0	-15	0	0	0	0
29:55:00	107700	0	0	0	-13	0	0	0	0	0	0	0	0	0	0	0	0	0	0	0	0	0	0	0	2	0	0	0	-15	0	0	0	0
30:00:00	108000	0	0	2	-15	0	0	0	0	0	0	0	0	0	0	0	0	0	0	0	0	0	0	2	0	0	0	0	-15	0	0	0	0
30:05:00	108300	0	0	0	-15	0	0	0	0	0	0	0	0	0	0	0	0	0	0	0	0	0	0	0	0	0	0	0	-15	0	0	0	0
