time	time	departures_all	arrivals_all	stuck_all	en-route_all	departures_Shared-Bike	arrivals_Shared-Bike	stuck_Shared-Bike	en-route_Shared-Bike	departures_bike	arrivals_bike	stuck_bike	en-route_bike	departures_car	arrivals_car	stuck_car	en-route_car	departures_car_passenger	arrivals_car_passenger	stuck_car_passenger	en-route_car_passenger	departures_eScooter	arrivals_eScooter	stuck_eScooter	en-route_eScooter	departures_pt	arrivals_pt	stuck_pt	en-route_pt	departures_sharing:standardBikeShare	arrivals_sharing:standardBikeShare	stuck_sharing:standardBikeShare	en-route_sharing:standardBikeShare	departures_sharing:standardeScooter	arrivals_sharing:standardeScooter	stuck_sharing:standardeScooter	en-route_sharing:standardeScooter	departures_walk	arrivals_walk	stuck_walk	en-route_walk
00:00:00	0	0	0	0	0	0	0	0	0	0	0	0	0	0	0	0	0	0	0	0	0	0	0	0	0	0	0	0	0	0	0	0	0	0	0	0	0	0	0	0	0
00:05:00	300	0	0	0	0	0	0	0	0	0	0	0	0	0	0	0	0	0	0	0	0	0	0	0	0	0	0	0	0	0	0	0	0	0	0	0	0	0	0	0	0
00:10:00	600	0	0	0	0	0	0	0	0	0	0	0	0	0	0	0	0	0	0	0	0	0	0	0	0	0	0	0	0	0	0	0	0	0	0	0	0	0	0	0	0
00:15:00	900	0	0	0	0	0	0	0	0	0	0	0	0	0	0	0	0	0	0	0	0	0	0	0	0	0	0	0	0	0	0	0	0	0	0	0	0	0	0	0	0
00:20:00	1200	0	0	0	0	0	0	0	0	0	0	0	0	0	0	0	0	0	0	0	0	0	0	0	0	0	0	0	0	0	0	0	0	0	0	0	0	0	0	0	0
00:25:00	1500	0	0	0	0	0	0	0	0	0	0	0	0	0	0	0	0	0	0	0	0	0	0	0	0	0	0	0	0	0	0	0	0	0	0	0	0	0	0	0	0
00:30:00	1800	0	0	0	0	0	0	0	0	0	0	0	0	0	0	0	0	0	0	0	0	0	0	0	0	0	0	0	0	0	0	0	0	0	0	0	0	0	0	0	0
00:35:00	2100	0	0	0	0	0	0	0	0	0	0	0	0	0	0	0	0	0	0	0	0	0	0	0	0	0	0	0	0	0	0	0	0	0	0	0	0	0	0	0	0
00:40:00	2400	0	0	0	0	0	0	0	0	0	0	0	0	0	0	0	0	0	0	0	0	0	0	0	0	0	0	0	0	0	0	0	0	0	0	0	0	0	0	0	0
00:45:00	2700	0	0	0	0	0	0	0	0	0	0	0	0	0	0	0	0	0	0	0	0	0	0	0	0	0	0	0	0	0	0	0	0	0	0	0	0	0	0	0	0
00:50:00	3000	0	0	0	0	0	0	0	0	0	0	0	0	0	0	0	0	0	0	0	0	0	0	0	0	0	0	0	0	0	0	0	0	0	0	0	0	0	0	0	0
00:55:00	3300	0	0	0	0	0	0	0	0	0	0	0	0	0	0	0	0	0	0	0	0	0	0	0	0	0	0	0	0	0	0	0	0	0	0	0	0	0	0	0	0
01:00:00	3600	0	0	0	0	0	0	0	0	0	0	0	0	0	0	0	0	0	0	0	0	0	0	0	0	0	0	0	0	0	0	0	0	0	0	0	0	0	0	0	0
01:05:00	3900	0	0	0	0	0	0	0	0	0	0	0	0	0	0	0	0	0	0	0	0	0	0	0	0	0	0	0	0	0	0	0	0	0	0	0	0	0	0	0	0
01:10:00	4200	0	0	0	0	0	0	0	0	0	0	0	0	0	0	0	0	0	0	0	0	0	0	0	0	0	0	0	0	0	0	0	0	0	0	0	0	0	0	0	0
01:15:00	4500	0	0	0	0	0	0	0	0	0	0	0	0	0	0	0	0	0	0	0	0	0	0	0	0	0	0	0	0	0	0	0	0	0	0	0	0	0	0	0	0
01:20:00	4800	0	0	0	0	0	0	0	0	0	0	0	0	0	0	0	0	0	0	0	0	0	0	0	0	0	0	0	0	0	0	0	0	0	0	0	0	0	0	0	0
01:25:00	5100	0	0	0	0	0	0	0	0	0	0	0	0	0	0	0	0	0	0	0	0	0	0	0	0	0	0	0	0	0	0	0	0	0	0	0	0	0	0	0	0
01:30:00	5400	0	0	0	0	0	0	0	0	0	0	0	0	0	0	0	0	0	0	0	0	0	0	0	0	0	0	0	0	0	0	0	0	0	0	0	0	0	0	0	0
01:35:00	5700	0	0	0	0	0	0	0	0	0	0	0	0	0	0	0	0	0	0	0	0	0	0	0	0	0	0	0	0	0	0	0	0	0	0	0	0	0	0	0	0
01:40:00	6000	0	0	0	0	0	0	0	0	0	0	0	0	0	0	0	0	0	0	0	0	0	0	0	0	0	0	0	0	0	0	0	0	0	0	0	0	0	0	0	0
01:45:00	6300	0	0	0	0	0	0	0	0	0	0	0	0	0	0	0	0	0	0	0	0	0	0	0	0	0	0	0	0	0	0	0	0	0	0	0	0	0	0	0	0
01:50:00	6600	0	0	0	0	0	0	0	0	0	0	0	0	0	0	0	0	0	0	0	0	0	0	0	0	0	0	0	0	0	0	0	0	0	0	0	0	0	0	0	0
01:55:00	6900	0	0	0	0	0	0	0	0	0	0	0	0	0	0	0	0	0	0	0	0	0	0	0	0	0	0	0	0	0	0	0	0	0	0	0	0	0	0	0	0
02:00:00	7200	0	0	0	0	0	0	0	0	0	0	0	0	0	0	0	0	0	0	0	0	0	0	0	0	0	0	0	0	0	0	0	0	0	0	0	0	0	0	0	0
02:05:00	7500	0	0	0	0	0	0	0	0	0	0	0	0	0	0	0	0	0	0	0	0	0	0	0	0	0	0	0	0	0	0	0	0	0	0	0	0	0	0	0	0
02:10:00	7800	0	0	0	0	0	0	0	0	0	0	0	0	0	0	0	0	0	0	0	0	0	0	0	0	0	0	0	0	0	0	0	0	0	0	0	0	0	0	0	0
02:15:00	8100	0	0	0	0	0	0	0	0	0	0	0	0	0	0	0	0	0	0	0	0	0	0	0	0	0	0	0	0	0	0	0	0	0	0	0	0	0	0	0	0
02:20:00	8400	0	0	0	0	0	0	0	0	0	0	0	0	0	0	0	0	0	0	0	0	0	0	0	0	0	0	0	0	0	0	0	0	0	0	0	0	0	0	0	0
02:25:00	8700	0	0	0	0	0	0	0	0	0	0	0	0	0	0	0	0	0	0	0	0	0	0	0	0	0	0	0	0	0	0	0	0	0	0	0	0	0	0	0	0
02:30:00	9000	0	0	0	0	0	0	0	0	0	0	0	0	0	0	0	0	0	0	0	0	0	0	0	0	0	0	0	0	0	0	0	0	0	0	0	0	0	0	0	0
02:35:00	9300	0	0	0	0	0	0	0	0	0	0	0	0	0	0	0	0	0	0	0	0	0	0	0	0	0	0	0	0	0	0	0	0	0	0	0	0	0	0	0	0
02:40:00	9600	0	0	0	0	0	0	0	0	0	0	0	0	0	0	0	0	0	0	0	0	0	0	0	0	0	0	0	0	0	0	0	0	0	0	0	0	0	0	0	0
02:45:00	9900	0	0	0	0	0	0	0	0	0	0	0	0	0	0	0	0	0	0	0	0	0	0	0	0	0	0	0	0	0	0	0	0	0	0	0	0	0	0	0	0
02:50:00	10200	0	0	0	0	0	0	0	0	0	0	0	0	0	0	0	0	0	0	0	0	0	0	0	0	0	0	0	0	0	0	0	0	0	0	0	0	0	0	0	0
02:55:00	10500	0	0	0	0	0	0	0	0	0	0	0	0	0	0	0	0	0	0	0	0	0	0	0	0	0	0	0	0	0	0	0	0	0	0	0	0	0	0	0	0
03:00:00	10800	0	0	0	0	0	0	0	0	0	0	0	0	0	0	0	0	0	0	0	0	0	0	0	0	0	0	0	0	0	0	0	0	0	0	0	0	0	0	0	0
03:05:00	11100	0	0	0	0	0	0	0	0	0	0	0	0	0	0	0	0	0	0	0	0	0	0	0	0	0	0	0	0	0	0	0	0	0	0	0	0	0	0	0	0
03:10:00	11400	0	0	0	0	0	0	0	0	0	0	0	0	0	0	0	0	0	0	0	0	0	0	0	0	0	0	0	0	0	0	0	0	0	0	0	0	0	0	0	0
03:15:00	11700	0	0	0	0	0	0	0	0	0	0	0	0	0	0	0	0	0	0	0	0	0	0	0	0	0	0	0	0	0	0	0	0	0	0	0	0	0	0	0	0
03:20:00	12000	0	0	0	0	0	0	0	0	0	0	0	0	0	0	0	0	0	0	0	0	0	0	0	0	0	0	0	0	0	0	0	0	0	0	0	0	0	0	0	0
03:25:00	12300	0	0	0	0	0	0	0	0	0	0	0	0	0	0	0	0	0	0	0	0	0	0	0	0	0	0	0	0	0	0	0	0	0	0	0	0	0	0	0	0
03:30:00	12600	0	0	0	0	0	0	0	0	0	0	0	0	0	0	0	0	0	0	0	0	0	0	0	0	0	0	0	0	0	0	0	0	0	0	0	0	0	0	0	0
03:35:00	12900	0	0	0	0	0	0	0	0	0	0	0	0	0	0	0	0	0	0	0	0	0	0	0	0	0	0	0	0	0	0	0	0	0	0	0	0	0	0	0	0
03:40:00	13200	0	0	0	0	0	0	0	0	0	0	0	0	0	0	0	0	0	0	0	0	0	0	0	0	0	0	0	0	0	0	0	0	0	0	0	0	0	0	0	0
03:45:00	13500	0	0	0	0	0	0	0	0	0	0	0	0	0	0	0	0	0	0	0	0	0	0	0	0	0	0	0	0	0	0	0	0	0	0	0	0	0	0	0	0
03:50:00	13800	0	0	0	0	0	0	0	0	0	0	0	0	0	0	0	0	0	0	0	0	0	0	0	0	0	0	0	0	0	0	0	0	0	0	0	0	0	0	0	0
03:55:00	14100	0	0	0	0	0	0	0	0	0	0	0	0	0	0	0	0	0	0	0	0	0	0	0	0	0	0	0	0	0	0	0	0	0	0	0	0	0	0	0	0
04:00:00	14400	0	0	0	0	0	0	0	0	0	0	0	0	0	0	0	0	0	0	0	0	0	0	0	0	0	0	0	0	0	0	0	0	0	0	0	0	0	0	0	0
04:05:00	14700	0	0	0	0	0	0	0	0	0	0	0	0	0	0	0	0	0	0	0	0	0	0	0	0	0	0	0	0	0	0	0	0	0	0	0	0	0	0	0	0
04:10:00	15000	0	0	0	0	0	0	0	0	0	0	0	0	0	0	0	0	0	0	0	0	0	0	0	0	0	0	0	0	0	0	0	0	0	0	0	0	0	0	0	0
04:15:00	15300	0	0	0	0	0	0	0	0	0	0	0	0	0	0	0	0	0	0	0	0	0	0	0	0	0	0	0	0	0	0	0	0	0	0	0	0	0	0	0	0
04:20:00	15600	0	0	0	0	0	0	0	0	0	0	0	0	0	0	0	0	0	0	0	0	0	0	0	0	0	0	0	0	0	0	0	0	0	0	0	0	0	0	0	0
04:25:00	15900	0	0	0	0	0	0	0	0	0	0	0	0	0	0	0	0	0	0	0	0	0	0	0	0	0	0	0	0	0	0	0	0	0	0	0	0	0	0	0	0
04:30:00	16200	0	0	0	0	0	0	0	0	0	0	0	0	0	0	0	0	0	0	0	0	0	0	0	0	0	0	0	0	0	0	0	0	0	0	0	0	0	0	0	0
04:35:00	16500	0	0	0	0	0	0	0	0	0	0	0	0	0	0	0	0	0	0	0	0	0	0	0	0	0	0	0	0	0	0	0	0	0	0	0	0	0	0	0	0
04:40:00	16800	0	0	0	0	0	0	0	0	0	0	0	0	0	0	0	0	0	0	0	0	0	0	0	0	0	0	0	0	0	0	0	0	0	0	0	0	0	0	0	0
04:45:00	17100	0	0	0	0	0	0	0	0	0	0	0	0	0	0	0	0	0	0	0	0	0	0	0	0	0	0	0	0	0	0	0	0	0	0	0	0	0	0	0	0
04:50:00	17400	0	0	0	0	0	0	0	0	0	0	0	0	0	0	0	0	0	0	0	0	0	0	0	0	0	0	0	0	0	0	0	0	0	0	0	0	0	0	0	0
04:55:00	17700	0	0	0	0	0	0	0	0	0	0	0	0	0	0	0	0	0	0	0	0	0	0	0	0	0	0	0	0	0	0	0	0	0	0	0	0	0	0	0	0
05:00:00	18000	0	0	0	0	0	0	0	0	0	0	0	0	0	0	0	0	0	0	0	0	0	0	0	0	0	0	0	0	0	0	0	0	0	0	0	0	0	0	0	0
05:05:00	18300	0	0	0	0	0	0	0	0	0	0	0	0	0	0	0	0	0	0	0	0	0	0	0	0	0	0	0	0	0	0	0	0	0	0	0	0	0	0	0	0
05:10:00	18600	0	0	0	0	0	0	0	0	0	0	0	0	0	0	0	0	0	0	0	0	0	0	0	0	0	0	0	0	0	0	0	0	0	0	0	0	0	0	0	0
05:15:00	18900	0	0	0	0	0	0	0	0	0	0	0	0	0	0	0	0	0	0	0	0	0	0	0	0	0	0	0	0	0	0	0	0	0	0	0	0	0	0	0	0
05:20:00	19200	0	0	0	0	0	0	0	0	0	0	0	0	0	0	0	0	0	0	0	0	0	0	0	0	0	0	0	0	0	0	0	0	0	0	0	0	0	0	0	0
05:25:00	19500	0	0	0	0	0	0	0	0	0	0	0	0	0	0	0	0	0	0	0	0	0	0	0	0	0	0	0	0	0	0	0	0	0	0	0	0	0	0	0	0
05:30:00	19800	0	0	0	0	0	0	0	0	0	0	0	0	0	0	0	0	0	0	0	0	0	0	0	0	0	0	0	0	0	0	0	0	0	0	0	0	0	0	0	0
05:35:00	20100	0	0	0	0	0	0	0	0	0	0	0	0	0	0	0	0	0	0	0	0	0	0	0	0	0	0	0	0	0	0	0	0	0	0	0	0	0	0	0	0
05:40:00	20400	0	0	0	0	0	0	0	0	0	0	0	0	0	0	0	0	0	0	0	0	0	0	0	0	0	0	0	0	0	0	0	0	0	0	0	0	0	0	0	0
05:45:00	20700	0	0	0	0	0	0	0	0	0	0	0	0	0	0	0	0	0	0	0	0	0	0	0	0	0	0	0	0	0	0	0	0	0	0	0	0	0	0	0	0
05:50:00	21000	0	0	0	0	0	0	0	0	0	0	0	0	0	0	0	0	0	0	0	0	0	0	0	0	0	0	0	0	0	0	0	0	0	0	0	0	0	0	0	0
05:55:00	21300	0	0	0	0	0	0	0	0	0	0	0	0	0	0	0	0	0	0	0	0	0	0	0	0	0	0	0	0	0	0	0	0	0	0	0	0	0	0	0	0
06:00:00	21600	4	0	0	4	0	0	0	0	0	0	0	0	3	0	0	3	0	0	0	0	0	0	0	0	0	0	0	0	0	0	0	0	0	0	0	0	1	0	0	1
06:05:00	21900	4	1	0	7	0	0	0	0	0	0	0	0	2	1	0	4	0	0	0	0	0	0	0	0	0	0	0	0	0	0	0	0	0	0	0	0	2	0	0	3
06:10:00	22200	3	1	0	9	0	0	0	0	0	0	0	0	2	1	0	5	0	0	0	0	0	0	0	0	0	0	0	0	0	0	0	0	0	0	0	0	1	0	0	4
06:15:00	22500	1	3	0	7	0	0	0	0	0	0	0	0	0	3	0	2	0	0	0	0	0	0	0	0	0	0	0	0	0	0	0	0	0	0	0	0	1	0	0	5
06:20:00	22800	4	0	0	11	0	0	0	0	0	0	0	0	3	0	0	5	0	0	0	0	0	0	0	0	0	0	0	0	0	0	0	0	0	0	0	0	1	0	0	6
06:25:00	23100	5	2	1	13	0	0	0	0	0	0	0	0	1	1	0	5	0	0	0	0	0	0	0	0	0	0	0	0	0	0	0	0	0	0	1	-1	4	1	0	9
06:30:00	23400	45	5	0	53	0	0	0	0	0	0	0	0	26	2	0	29	0	0	0	0	1	0	0	1	1	0	0	1	0	0	0	0	0	0	0	-1	17	3	0	23
06:35:00	23700	37	20	2	68	0	0	0	0	0	0	0	0	23	15	0	37	0	0	0	0	0	0	0	1	0	0	0	1	0	0	0	0	0	0	2	-3	14	5	0	32
06:40:00	24000	41	22	0	87	0	0	0	0	0	0	0	0	23	13	0	47	0	0	0	0	1	0	0	2	5	0	0	6	0	0	0	0	0	0	0	-3	12	9	0	35
06:45:00	24300	34	33	1	87	0	0	0	0	0	0	0	0	24	24	0	47	0	0	0	0	1	2	0	1	2	0	0	8	0	0	0	0	0	0	1	-4	7	7	0	35
06:50:00	24600	43	31	1	98	0	0	0	0	0	0	0	0	23	22	0	48	0	0	0	0	1	1	0	1	1	0	0	9	0	0	0	0	0	0	1	-5	18	8	0	45
06:55:00	24900	82	37	0	143	1	0	0	1	0	0	0	0	51	22	0	77	0	0	0	0	0	0	0	1	2	1	0	10	0	0	0	0	0	0	0	-5	28	14	0	59
07:00:00	25200	66	49	4	156	1	0	0	2	0	0	0	0	38	37	0	78	0	0	0	0	1	1	0	1	0	0	0	10	0	0	0	0	0	0	4	-9	26	11	0	74
07:05:00	25500	69	56	3	166	0	2	0	0	0	0	0	0	30	34	0	74	0	0	0	0	1	0	0	2	2	1	0	11	0	0	0	0	0	0	3	-12	36	19	0	91
07:10:00	25800	68	55	2	177	1	0	0	1	0	0	0	0	41	29	0	86	0	0	0	0	1	0	0	3	7	2	0	16	0	0	0	0	0	0	2	-14	18	24	0	85
07:15:00	26100	91	49	3	216	0	1	0	0	0	0	0	0	51	36	0	101	0	0	0	0	1	0	0	4	2	2	0	16	0	0	0	0	0	0	3	-17	37	10	0	112
07:20:00	26400	90	74	4	228	0	0	0	0	0	0	0	0	46	45	0	102	0	0	0	0	2	3	0	3	9	1	0	24	0	0	0	0	0	0	4	-21	33	25	0	120
07:25:00	26700	115	71	7	265	0	0	0	0	0	0	0	0	70	42	0	130	0	0	0	0	0	2	0	1	9	1	0	32	0	0	1	-1	0	0	6	-27	36	26	0	130
07:30:00	27000	73	80	3	255	0	0	0	0	0	0	0	0	42	53	0	119	0	0	0	0	0	0	0	1	5	5	0	32	0	0	0	-1	0	0	3	-30	26	22	0	134
07:35:00	27300	90	98	5	242	1	0	0	1	0	0	0	0	43	64	0	98	0	0	0	0	0	0	0	1	3	7	0	28	0	0	0	-1	0	0	5	-35	43	27	0	150
07:40:00	27600	96	71	3	264	1	0	0	2	0	0	0	0	55	39	0	114	0	0	0	0	1	1	0	1	6	2	0	32	0	0	0	-1	0	0	3	-38	33	29	0	154
07:45:00	27900	95	85	5	269	0	0	0	2	0	0	0	0	46	49	0	111	0	0	0	0	0	1	0	0	5	1	0	36	0	0	1	-2	0	0	4	-42	44	34	0	164
07:50:00	28200	119	81	3	304	1	2	0	1	0	0	0	0	59	42	0	128	0	0	0	0	2	0	0	2	8	6	0	38	0	0	0	-2	0	0	3	-45	49	31	0	182
07:55:00	28500	110	98	4	312	0	1	0	0	0	0	0	0	58	64	0	122	12	1	0	11	5	2	0	5	3	2	0	39	0	0	0	-2	0	0	4	-49	32	28	0	186
08:00:00	28800	128	111	3	326	0	0	0	0	0	0	0	0	60	64	0	118	24	8	0	27	1	1	0	5	6	4	0	41	0	0	0	-2	0	0	3	-52	37	34	0	189
08:05:00	29100	108	87	4	343	0	0	0	0	0	0	0	0	53	48	0	123	17	9	0	35	0	1	0	4	7	4	0	44	0	0	0	-2	0	0	4	-56	31	25	0	195
08:10:00	29400	137	107	5	368	0	0	0	0	0	0	0	0	61	56	0	128	26	16	0	45	1	0	0	5	7	6	0	45	0	0	0	-2	0	0	5	-61	42	29	0	208
08:15:00	29700	101	105	7	357	1	0	0	1	0	0	0	0	36	45	0	119	14	17	0	42	3	3	0	5	5	0	0	50	0	0	0	-2	0	0	7	-68	42	40	0	210
08:20:00	30000	111	103	4	361	0	1	0	0	0	0	0	0	54	51	0	122	16	16	0	42	1	2	0	4	7	2	0	55	0	0	0	-2	0	0	4	-72	33	31	0	212
08:25:00	30300	118	97	3	379	0	0	0	0	0	0	0	0	59	55	0	126	20	13	0	49	1	3	0	2	3	5	0	53	0	0	0	-2	0	0	3	-75	35	21	0	226
08:30:00	30600	99	106	6	366	0	0	0	0	0	0	0	0	31	43	0	114	21	16	0	54	1	1	0	2	9	7	0	55	0	0	0	-2	0	0	6	-81	37	39	0	224
08:35:00	30900	72	99	4	335	1	1	0	0	0	0	0	0	31	51	0	94	8	20	0	42	0	0	0	2	4	5	0	54	0	0	0	-2	0	0	4	-85	28	22	0	230
08:40:00	31200	92	94	6	327	0	0	0	0	0	0	0	0	30	42	0	82	24	16	0	50	1	2	0	1	6	2	0	58	0	0	0	-2	0	0	6	-91	31	32	0	229
08:45:00	31500	103	64	3	363	0	0	0	0	0	0	0	0	39	30	0	91	39	14	0	75	0	0	0	1	6	0	0	64	0	0	0	-2	0	0	3	-94	19	20	0	228
08:50:00	31800	65	81	2	345	0	0	0	0	0	0	0	0	28	38	0	81	13	23	0	65	0	1	0	0	3	1	0	66	0	0	0	-2	0	0	2	-96	21	18	0	231
08:55:00	32100	82	79	2	346	0	0	0	0	0	0	0	0	35	29	0	87	18	19	0	64	0	0	0	0	6	7	0	65	0	0	0	-2	0	0	2	-98	23	24	0	230
09:00:00	32400	93	89	5	345	0	0	0	0	0	0	0	0	46	40	0	93	4	17	0	51	1	0	0	1	6	4	0	67	0	0	0	-2	0	0	5	-103	36	28	0	238
09:05:00	32700	73	86	5	327	2	0	0	2	0	0	0	0	36	35	0	94	6	10	0	47	0	0	0	1	4	6	0	65	0	0	0	-2	0	0	5	-108	25	35	0	228
09:10:00	33000	56	78	6	299	0	2	0	0	0	0	0	0	27	34	0	87	3	14	0	36	1	1	0	1	1	0	0	66	0	0	0	-2	0	0	6	-114	24	27	0	225
09:15:00	33300	54	72	2	279	0	0	0	0	0	0	0	0	29	38	0	78	2	10	0	28	0	0	0	1	5	1	0	70	0	0	0	-2	0	0	2	-116	18	23	0	220
09:20:00	33600	49	84	3	241	0	0	0	0	0	0	0	0	22	38	0	62	2	10	0	20	2	1	0	2	7	2	0	75	0	0	0	-2	0	0	3	-119	16	33	0	203
09:25:00	33900	62	67	2	234	0	0	0	0	0	0	0	0	21	28	0	55	4	2	0	22	1	0	0	3	1	15	0	61	0	0	0	-2	0	0	2	-121	35	22	0	216
09:30:00	34200	49	66	2	215	0	0	0	0	0	0	0	0	21	19	0	57	1	8	0	15	2	3	0	2	0	5	0	56	0	0	0	-2	0	0	2	-123	25	31	0	210
09:35:00	34500	50	62	3	200	0	0	0	0	0	0	0	0	17	31	0	43	8	5	0	18	1	2	0	1	6	0	0	62	0	0	0	-2	0	0	3	-126	18	24	0	204
09:40:00	34800	39	49	0	190	0	0	0	0	0	0	0	0	20	19	0	44	2	5	0	15	0	0	0	1	1	4	0	59	0	0	0	-2	0	0	0	-126	16	21	0	199
09:45:00	35100	46	63	1	172	0	0	0	0	0	0	0	0	24	29	0	39	0	5	0	10	0	1	0	0	3	3	0	59	0	0	0	-2	0	0	1	-127	19	25	0	193
09:50:00	35400	44	49	5	162	0	0	0	0	0	0	0	0	20	16	0	43	0	4	0	6	0	0	0	0	5	0	0	64	0	0	0	-2	0	0	5	-132	19	29	0	183
09:55:00	35700	48	45	5	160	0	0	0	0	0	0	0	0	24	22	0	45	0	2	0	4	0	0	0	0	0	0	0	64	0	0	0	-2	0	0	5	-137	24	21	0	186
10:00:00	36000	80	68	6	166	1	0	0	1	0	0	0	0	33	25	0	53	0	2	0	2	0	0	0	0	3	10	0	57	0	0	0	-2	0	0	6	-143	43	31	0	198
10:05:00	36300	61	62	5	160	0	0	0	1	0	0	0	0	25	27	0	51	0	1	0	1	0	0	0	0	0	4	0	53	0	0	0	-2	0	0	5	-148	36	30	0	204
10:10:00	36600	85	80	5	160	0	1	0	0	0	0	0	0	42	30	0	63	0	1	0	0	0	0	0	0	2	6	0	49	0	0	0	-2	0	0	5	-153	41	42	0	203
10:15:00	36900	63	70	3	150	0	0	0	0	0	0	0	0	30	30	0	63	0	0	0	0	0	0	0	0	2	2	0	49	0	0	0	-2	0	0	3	-156	31	38	0	196
10:20:00	37200	72	80	6	136	1	1	0	0	0	0	0	0	34	40	0	57	0	0	0	0	0	0	0	0	4	0	0	53	0	0	0	-2	0	0	6	-162	33	39	0	190
10:25:00	37500	74	76	3	131	1	0	0	1	0	0	0	0	39	39	0	57	0	0	0	0	0	0	0	0	1	4	0	50	0	0	0	-2	0	0	3	-165	33	33	0	190
10:30:00	37800	67	68	5	125	0	0	0	1	0	0	0	0	35	27	0	65	0	0	0	0	1	0	0	1	3	2	0	51	0	0	0	-2	0	0	5	-170	28	39	0	179
10:35:00	38100	46	67	1	103	0	0	0	1	0	0	0	0	19	36	0	48	2	1	0	1	0	1	0	0	3	1	0	53	0	0	0	-2	0	0	1	-171	22	28	0	173
10:40:00	38400	56	56	3	100	0	0	0	1	0	0	0	0	22	24	0	46	1	1	0	1	0	0	0	0	1	1	0	53	0	0	0	-2	0	0	3	-174	32	30	0	175
10:45:00	38700	71	72	0	99	0	1	0	0	0	0	0	0	30	35	0	41	3	0	0	4	1	0	0	1	3	6	0	50	0	0	0	-2	0	0	0	-174	34	30	0	179
10:50:00	39000	46	56	1	88	0	0	0	0	0	0	0	0	21	20	0	42	0	3	0	1	0	1	0	0	2	1	0	51	0	0	0	-2	0	0	1	-175	23	31	0	171
10:55:00	39300	45	61	4	68	0	0	0	0	0	0	0	0	15	19	0	38	2	0	0	3	0	0	0	0	1	1	0	51	0	0	0	-2	0	0	4	-179	27	41	0	157
11:00:00	39600	56	55	3	66	0	0	0	0	1	0	0	1	19	19	0	38	4	1	0	6	1	0	0	1	1	1	0	51	0	0	1	-3	0	0	2	-181	30	34	0	153
11:05:00	39900	78	71	4	69	0	0	0	0	0	1	0	0	27	18	0	47	1	1	0	6	0	0	0	1	11	10	0	52	0	0	1	-4	0	0	3	-184	39	41	0	151
11:10:00	40200	74	53	3	87	0	0	0	0	0	0	0	0	35	22	0	60	2	1	0	7	1	0	0	2	2	2	0	52	0	0	1	-5	0	0	2	-186	34	28	0	157
11:15:00	40500	63	62	2	86	0	0	0	0	0	0	0	0	29	33	0	56	10	3	0	14	0	0	0	2	2	2	0	52	0	0	0	-5	0	0	2	-188	22	24	0	155
11:20:00	40800	66	60	1	91	1	0	0	1	0	0	0	0	20	23	0	53	2	2	0	14	1	1	0	2	5	2	0	55	0	0	0	-5	0	0	1	-189	37	32	0	160
11:25:00	41100	73	71	1	92	0	1	0	0	0	0	0	0	33	30	0	56	3	3	0	14	0	1	0	1	0	1	0	54	0	0	0	-5	0	0	1	-190	37	35	0	162
11:30:00	41400	82	71	3	100	0	0	0	0	0	0	0	0	40	23	0	73	1	5	0	10	3	1	0	3	3	3	0	54	0	0	1	-6	0	0	2	-192	35	39	0	158
11:35:00	41700	89	83	1	105	1	1	0	0	0	0	0	0	35	38	0	70	3	3	0	10	2	1	0	4	5	9	0	50	0	0	0	-6	0	0	1	-193	43	31	0	170
11:40:00	42000	83	77	3	108	0	0	0	0	0	0	0	0	33	27	0	76	0	4	0	6	0	1	0	3	4	14	0	40	0	0	0	-6	0	0	3	-196	46	31	0	185
11:45:00	42300	79	92	4	91	0	0	0	0	0	0	0	0	35	41	0	70	3	4	0	5	1	1	0	3	4	4	0	40	0	0	0	-6	0	0	4	-200	36	42	0	179
11:50:00	42600	91	74	5	103	0	0	0	0	0	0	0	0	41	29	0	82	5	2	0	8	2	1	0	4	4	1	0	43	0	0	0	-6	0	0	5	-205	39	41	0	177
11:55:00	42900	93	86	3	107	0	0	0	0	0	0	0	0	43	36	0	89	1	1	0	8	0	1	0	3	4	5	0	42	0	0	0	-6	0	0	3	-208	45	43	0	179
12:00:00	43200	74	78	3	100	2	0	0	2	0	0	0	0	42	42	0	89	2	2	0	8	1	0	0	4	2	0	0	44	0	0	0	-6	0	0	3	-211	25	34	0	170
12:05:00	43500	61	75	4	82	1	0	0	3	0	0	0	0	29	37	0	81	8	5	0	11	2	2	0	4	2	0	0	46	0	0	0	-6	0	0	4	-215	19	31	0	158
12:10:00	43800	60	51	2	89	0	0	0	3	0	0	0	0	34	27	0	88	2	0	0	13	0	3	0	1	2	1	0	47	0	0	1	-7	0	0	1	-216	22	20	0	160
12:15:00	44100	53	78	4	60	0	3	0	0	0	0	0	0	24	41	0	71	1	3	0	11	0	1	0	0	2	4	0	45	0	0	1	-8	0	0	3	-219	26	26	0	160
12:20:00	44400	46	55	5	46	0	0	0	0	0	0	0	0	22	33	0	60	0	3	0	8	1	0	0	1	0	2	0	43	0	0	0	-8	0	0	5	-224	23	17	0	166
12:25:00	44700	55	61	3	37	0	0	0	0	0	0	0	0	35	29	0	66	0	3	0	5	2	1	0	2	1	4	0	40	0	0	1	-9	0	0	2	-226	17	24	0	159
12:30:00	45000	41	46	2	30	0	0	0	0	0	0	0	0	22	31	0	57	0	1	0	4	2	0	0	4	3	1	0	42	0	0	0	-9	0	0	2	-228	14	13	0	160
12:35:00	45300	23	36	0	17	0	0	0	0	0	0	0	0	10	21	0	46	0	2	0	2	0	1	0	3	2	2	0	42	0	0	0	-9	0	0	0	-228	11	10	0	161
12:40:00	45600	34	26	1	24	0	0	0	0	0	0	0	0	18	12	0	52	0	1	0	1	1	1	0	3	2	0	0	44	0	0	0	-9	0	0	1	-229	13	12	0	162
12:45:00	45900	49	38	2	33	0	0	0	0	0	0	0	0	25	22	0	55	0	0	0	1	1	0	0	4	5	1	0	48	0	0	0	-9	0	0	2	-231	18	15	0	165
12:50:00	46200	32	40	2	23	0	0	0	0	0	0	0	0	16	22	0	49	0	1	0	0	1	1	0	4	4	0	0	52	0	0	0	-9	0	0	2	-233	11	16	0	160
12:55:00	46500	37	39	4	17	0	0	0	0	0	0	0	0	22	22	0	49	0	0	0	0	1	1	0	4	1	3	0	50	0	0	1	-10	0	0	3	-236	13	13	0	160
13:00:00	46800	5	30	2	-10	0	0	0	0	0	0	0	0	0	22	0	27	0	0	0	0	0	0	0	4	0	1	0	49	0	0	0	-10	0	0	2	-238	5	7	0	158
13:05:00	47100	7	26	0	-29	1	0	0	1	0	0	0	0	1	16	0	12	0	0	0	0	0	2	0	2	2	0	0	51	0	0	0	-10	0	0	0	-238	3	8	0	153
13:10:00	47400	4	13	0	-38	0	0	0	1	0	0	0	0	0	3	0	9	0	0	0	0	0	0	0	2	2	1	0	52	0	0	0	-10	0	0	0	-238	2	9	0	146
13:15:00	47700	13	6	0	-31	0	0	0	1	0	0	0	0	10	5	0	14	0	0	0	0	0	0	0	2	0	0	0	52	0	0	0	-10	0	0	0	-238	3	1	0	148
13:20:00	48000	18	25	0	-38	0	1	0	0	0	0	0	0	4	8	0	10	0	0	0	0	0	0	0	2	1	4	0	49	0	0	0	-10	0	0	0	-238	13	12	0	149
13:25:00	48300	19	25	0	-44	0	0	0	0	0	0	0	0	5	6	0	9	0	0	0	0	1	2	0	1	1	6	0	44	0	0	0	-10	0	0	0	-238	12	11	0	150
13:30:00	48600	46	19	1	-18	0	0	0	0	0	0	0	0	33	4	0	38	1	0	0	1	0	0	0	1	2	2	0	44	0	0	0	-10	0	0	1	-239	10	13	0	147
13:35:00	48900	49	44	2	-15	0	0	0	0	0	0	0	0	24	27	0	35	5	0	0	6	0	0	0	1	0	4	0	40	0	0	1	-11	0	0	1	-240	20	13	0	154
13:40:00	49200	52	45	3	-11	0	0	0	0	0	0	0	0	19	19	0	35	5	2	0	9	1	1	0	1	0	5	0	35	0	0	0	-11	0	0	3	-243	27	18	0	163
13:45:00	49500	51	39	1	0	1	0	0	1	0	0	0	0	25	14	0	46	2	3	0	8	0	1	0	0	2	1	0	36	0	0	0	-11	0	0	1	-244	21	20	0	164
13:50:00	49800	83	43	1	39	1	0	0	2	0	0	0	0	41	20	0	67	15	7	0	16	1	0	0	1	3	1	0	38	0	0	0	-11	0	0	1	-245	22	15	0	171
13:55:00	50100	103	67	2	73	0	2	0	0	0	0	0	0	67	38	0	96	12	5	0	23	0	0	0	1	2	0	0	40	0	0	0	-11	0	0	2	-247	22	22	0	171
14:00:00	50400	74	77	2	68	0	0	0	0	0	0	0	0	43	45	0	94	3	9	0	17	0	0	0	1	4	0	0	44	0	0	0	-11	0	0	2	-249	24	23	0	172
14:05:00	50700	76	80	1	63	1	0	0	1	0	0	0	0	26	40	0	80	9	6	0	20	0	1	0	0	4	0	0	48	0	0	0	-11	0	0	1	-250	36	33	0	175
14:10:00	51000	72	61	3	71	1	0	0	2	0	0	0	0	36	29	0	87	14	11	0	23	1	0	0	1	2	0	0	50	0	0	0	-11	0	0	3	-253	18	21	0	172
14:15:00	51300	65	65	1	70	0	1	0	1	0	0	0	0	31	37	0	81	8	9	0	22	1	0	0	2	3	0	0	53	0	0	0	-11	0	0	1	-254	22	18	0	176
14:20:00	51600	86	77	2	77	0	1	0	0	0	0	0	0	32	28	0	85	14	8	0	28	0	1	0	1	8	10	0	51	0	0	0	-11	0	0	2	-256	32	29	0	179
14:25:00	51900	75	69	2	81	0	0	0	0	0	0	0	0	40	43	0	82	16	11	0	33	0	0	0	1	1	1	0	51	0	0	0	-11	0	0	2	-258	18	14	0	183
14:30:00	52200	52	68	3	62	1	0	0	1	0	0	0	0	17	29	0	70	12	13	0	32	1	0	0	2	4	0	0	55	0	0	0	-11	0	0	3	-261	17	26	0	174
14:35:00	52500	74	77	3	56	0	0	0	1	0	0	0	0	35	32	0	73	4	12	0	24	0	2	0	0	2	3	0	54	0	0	0	-11	0	0	3	-264	33	28	0	179
14:40:00	52800	57	77	2	34	2	1	0	2	0	0	0	0	20	37	0	56	8	7	0	25	0	0	0	0	1	3	0	52	0	0	0	-11	0	0	2	-266	26	29	0	176
14:45:00	53100	51	62	1	22	0	1	0	1	0	0	0	0	19	19	0	56	9	14	0	20	1	1	0	0	3	10	0	45	0	0	0	-11	0	0	1	-267	19	17	0	178
14:50:00	53400	56	68	3	7	0	1	0	0	0	0	0	0	24	34	0	46	3	6	0	17	0	0	0	0	2	1	0	46	0	0	0	-11	0	0	3	-270	27	26	0	179
14:55:00	53700	47	50	0	4	0	0	0	0	0	0	0	0	13	16	0	43	8	5	0	20	1	0	0	1	2	4	0	44	0	0	0	-11	0	0	0	-270	23	25	0	177
15:00:00	54000	47	54	2	-5	0	0	0	0	0	0	0	0	23	20	0	46	4	11	0	13	1	0	0	2	0	4	0	40	0	0	0	-11	0	0	2	-272	19	19	0	177
15:05:00	54300	51	56	4	-14	1	0	0	1	0	0	0	0	19	27	0	38	0	3	0	10	2	1	0	3	2	0	0	42	0	0	0	-11	0	0	4	-276	27	25	0	179
15:10:00	54600	50	53	0	-17	0	1	0	0	0	0	0	0	19	22	0	35	0	4	0	6	2	2	0	3	1	0	0	43	0	0	0	-11	0	0	0	-276	28	24	0	183
15:15:00	54900	60	50	1	-8	0	0	0	0	0	0	0	0	27	12	0	50	1	2	0	5	3	2	0	4	2	1	0	44	0	0	0	-11	0	0	1	-277	27	33	0	177
15:20:00	55200	50	51	3	-12	0	0	0	0	0	0	0	0	26	20	0	56	1	1	0	5	0	2	0	2	2	0	0	46	0	0	0	-11	0	0	3	-280	21	28	0	170
15:25:00	55500	44	47	2	-17	0	0	0	0	0	0	0	0	22	30	0	48	0	0	0	5	1	0	0	3	1	0	0	47	0	0	0	-11	0	0	2	-282	20	17	0	173
15:30:00	55800	69	50	2	0	0	0	0	0	0	0	0	0	45	28	0	65	0	1	0	4	1	2	0	2	0	0	0	47	0	0	0	-11	0	0	2	-284	23	19	0	177
15:35:00	56100	95	64	4	27	0	0	0	0	0	0	0	0	46	33	0	78	0	0	0	4	0	0	0	2	3	5	0	45	0	0	0	-11	0	0	4	-288	46	26	0	197
15:40:00	56400	99	95	7	24	0	0	0	0	0	0	0	0	51	46	0	83	0	1	0	3	1	0	0	3	3	0	0	48	0	0	0	-11	0	0	7	-295	44	48	0	193
15:45:00	56700	71	81	8	6	0	0	0	0	1	0	0	1	39	40	0	82	0	1	0	2	0	1	0	2	3	2	0	49	0	0	0	-11	0	0	8	-303	28	37	0	184
15:50:00	57000	80	69	5	12	0	0	0	0	1	2	0	0	37	37	0	82	0	0	0	2	1	1	0	2	3	0	0	52	0	0	0	-11	0	0	5	-308	38	29	0	193
15:55:00	57300	60	78	5	-11	0	0	0	0	0	0	0	0	18	38	0	62	0	0	0	2	1	0	0	3	3	4	0	51	0	0	1	-12	0	0	4	-312	38	36	0	195
16:00:00	57600	91	75	2	3	0	0	0	0	0	0	0	0	33	30	0	65	21	0	0	23	0	1	0	2	3	5	0	49	0	0	0	-12	0	0	2	-314	34	39	0	190
16:05:00	57900	80	65	0	18	0	0	0	0	0	0	0	0	29	30	0	64	19	7	0	35	1	0	0	3	0	3	0	46	0	0	0	-12	0	0	0	-314	31	25	0	196
16:10:00	58200	66	85	0	-1	0	0	0	0	0	0	0	0	25	33	0	56	18	17	0	36	0	1	0	2	3	0	0	49	0	0	0	-12	0	0	0	-314	20	34	0	182
16:15:00	58500	79	83	4	-9	0	0	0	0	0	0	0	0	22	30	0	48	16	12	0	40	0	1	0	1	4	7	0	46	0	0	0	-12	0	0	4	-318	37	33	0	186
16:20:00	58800	88	73	6	0	1	0	0	1	0	0	0	0	30	23	0	55	17	12	0	45	0	0	0	1	0	1	0	45	0	0	0	-12	0	0	6	-324	40	37	0	189
16:25:00	59100	97	87	7	3	0	1	0	0	0	0	0	0	34	22	0	67	27	19	0	53	0	1	0	0	1	3	0	43	0	0	0	-12	0	0	7	-331	35	41	0	183
16:30:00	59400	110	83	6	24	0	0	0	0	0	0	0	0	37	30	0	74	31	14	0	70	0	0	0	0	4	2	0	45	0	0	0	-12	0	0	6	-337	38	37	0	184
16:35:00	59700	120	92	3	49	0	0	0	0	1	0	0	1	30	30	0	74	28	25	0	73	2	0	0	2	3	2	0	46	0	0	0	-12	0	0	3	-340	56	35	0	205
16:40:00	60000	125	121	3	50	0	0	0	0	0	0	0	1	57	41	0	90	19	24	0	68	1	0	0	3	4	7	0	43	0	0	0	-12	0	0	3	-343	44	49	0	200
16:45:00	60300	97	103	9	35	0	0	0	0	0	0	0	1	29	37	0	82	29	21	0	76	0	1	0	2	3	4	0	42	0	0	0	-12	0	0	9	-352	36	40	0	196
16:50:00	60600	141	107	4	65	0	0	0	0	0	0	0	1	49	38	0	93	45	29	0	92	0	1	0	1	4	3	0	43	0	0	0	-12	0	0	4	-356	43	36	0	203
16:55:00	60900	116	112	4	65	0	0	0	0	0	0	0	1	40	43	0	90	33	29	0	96	1	1	0	1	6	1	0	48	0	0	0	-12	0	0	4	-360	36	38	0	201
17:00:00	61200	151	119	3	94	0	0	0	0	0	1	0	0	76	36	0	130	19	28	0	87	0	1	0	0	5	9	0	44	0	0	0	-12	0	0	3	-363	51	44	0	208
17:05:00	61500	151	115	5	125	1	0	0	1	0	0	0	0	79	52	0	157	12	21	0	78	1	0	0	1	5	6	0	43	0	0	0	-12	0	0	5	-368	53	36	0	225
17:10:00	61800	122	137	5	105	0	0	0	1	0	0	0	0	66	69	0	154	17	23	0	72	1	0	0	2	2	2	0	43	0	0	0	-12	0	0	5	-373	36	43	0	218
17:15:00	62100	143	141	5	102	1	1	0	1	0	0	0	0	65	72	0	147	25	21	0	76	1	0	0	3	3	5	0	41	0	0	0	-12	0	0	5	-378	48	42	0	224
17:20:00	62400	152	127	6	121	0	1	0	0	0	0	0	0	80	61	0	166	14	22	0	68	1	0	0	4	5	1	0	45	0	0	1	-13	0	0	5	-383	52	42	0	234
17:25:00	62700	100	142	6	73	0	0	0	0	0	0	0	0	50	64	0	152	1	25	0	44	1	0	0	5	5	3	0	47	0	0	0	-13	0	0	6	-389	43	50	0	227
17:30:00	63000	81	115	2	37	0	0	0	0	0	0	0	0	51	61	0	142	1	11	0	34	0	4	0	1	2	6	0	43	0	0	0	-13	0	0	2	-391	27	33	0	221
17:35:00	63300	79	78	6	32	0	0	0	0	0	0	0	0	40	45	0	137	2	8	0	28	0	0	0	1	5	2	0	46	0	0	1	-14	0	0	5	-396	32	23	0	230
17:40:00	63600	56	70	1	17	1	0	0	1	0	0	0	0	20	41	0	116	1	4	0	25	0	0	0	1	9	2	0	53	0	0	0	-14	0	0	1	-397	25	23	0	232
17:45:00	63900	95	80	0	32	0	0	0	1	0	0	0	0	66	53	0	129	1	2	0	24	1	0	0	2	2	3	0	52	0	0	0	-14	0	0	0	-397	25	22	0	235
17:50:00	64200	79	83	2	26	1	1	0	1	0	0	0	0	44	51	0	122	1	6	0	19	1	0	0	3	3	3	0	52	0	0	0	-14	0	0	2	-399	29	22	0	242
17:55:00	64500	85	87	4	20	0	1	0	0	0	0	0	0	48	41	0	129	0	3	0	16	2	0	0	5	6	6	0	52	0	0	0	-14	0	0	4	-403	29	36	0	235
18:00:00	64800	56	87	6	-17	0	0	0	0	0	0	0	0	33	59	0	103	1	1	0	16	0	2	0	3	1	2	0	51	0	0	0	-14	0	0	6	-409	21	23	0	233
18:05:00	65100	62	73	3	-31	0	0	0	0	0	0	0	0	29	37	0	95	0	2	0	14	0	0	0	3	4	9	0	46	0	0	0	-14	0	0	3	-412	29	25	0	237
18:10:00	65400	41	69	4	-63	0	0	0	0	0	0	0	0	22	37	0	80	1	1	0	14	0	0	0	3	4	3	0	47	0	0	0	-14	0	0	4	-416	14	28	0	223
18:15:00	65700	41	74	3	-99	1	0	0	1	0	0	0	0	22	41	0	61	0	1	0	13	1	2	0	2	3	5	0	45	0	0	0	-14	0	0	3	-419	14	25	0	212
18:20:00	66000	56	55	1	-99	0	0	0	1	0	0	0	0	34	22	0	73	0	2	0	11	0	1	0	1	0	8	0	37	0	0	0	-14	0	0	1	-420	22	22	0	212
18:25:00	66300	41	58	6	-122	0	1	0	0	0	0	0	0	23	30	0	66	0	1	0	10	0	0	0	1	0	4	0	33	0	0	0	-14	0	0	6	-426	18	22	0	208
18:30:00	66600	33	43	3	-135	0	0	0	0	0	0	0	0	17	22	0	61	1	2	0	9	0	0	0	1	1	4	0	30	0	0	0	-14	0	0	3	-429	14	15	0	207
18:35:00	66900	53	48	0	-130	0	0	0	0	0	0	0	0	32	26	0	67	0	2	0	7	0	0	0	1	0	3	0	27	0	0	0	-14	0	0	0	-429	21	17	0	211
18:40:00	67200	29	48	3	-152	0	0	0	0	0	0	0	0	11	26	0	52	0	1	0	6	1	2	0	0	1	3	0	25	0	0	0	-14	0	0	3	-432	16	16	0	211
18:45:00	67500	25	46	2	-175	0	0	0	0	0	0	0	0	17	23	0	46	0	2	0	4	0	0	0	0	2	2	0	25	0	0	0	-14	0	0	2	-434	6	19	0	198
18:50:00	67800	15	29	1	-190	0	0	0	0	0	0	0	0	5	14	0	37	0	0	0	4	0	0	0	0	0	6	0	19	0	0	0	-14	0	0	1	-435	10	9	0	199
18:55:00	68100	26	34	1	-199	0	0	0	0	0	0	0	0	13	13	0	37	0	0	0	4	0	0	0	0	0	2	0	17	0	0	0	-14	0	0	1	-436	13	19	0	193
19:00:00	68400	52	33	3	-183	0	0	0	0	0	0	0	0	38	14	0	61	0	0	0	4	0	0	0	0	0	6	0	11	0	0	0	-14	0	0	3	-439	14	13	0	194
19:05:00	68700	68	46	5	-166	0	0	0	0	0	0	0	0	41	21	0	81	0	0	0	4	0	0	0	0	1	0	0	12	0	0	0	-14	0	0	5	-444	26	25	0	195
19:10:00	69000	50	58	3	-177	0	0	0	0	0	0	0	0	37	38	0	80	0	1	0	3	1	0	0	1	0	0	0	12	0	0	0	-14	0	0	3	-447	12	19	0	188
19:15:00	69300	42	56	3	-194	0	0	0	0	0	0	0	0	24	32	0	72	0	0	0	3	1	0	0	2	2	3	0	11	0	0	0	-14	0	0	3	-450	15	21	0	182
19:20:00	69600	59	61	5	-201	0	0	0	0	0	0	0	0	32	30	0	74	0	0	0	3	2	1	0	3	1	0	0	12	0	0	0	-14	0	0	5	-455	24	30	0	176
19:25:00	69900	78	50	4	-177	1	0	0	1	0	0	0	0	49	29	0	94	0	0	0	3	2	0	0	5	0	1	0	11	0	0	0	-14	0	0	4	-459	26	20	0	182
19:30:00	70200	59	53	3	-174	0	1	0	0	0	0	0	0	35	34	0	95	0	0	0	3	2	1	0	6	1	2	0	10	0	0	0	-14	0	0	3	-462	21	15	0	188
19:35:00	70500	39	56	1	-192	1	0	0	1	0	0	0	0	21	39	0	77	0	0	0	3	1	3	0	4	0	4	0	6	0	0	0	-14	0	0	1	-463	16	10	0	194
19:40:00	70800	33	47	2	-208	0	0	0	1	0	0	0	0	19	28	0	68	0	1	0	2	0	1	0	3	1	0	0	7	0	0	0	-14	0	0	2	-465	13	17	0	190
19:45:00	71100	61	47	4	-198	0	1	0	0	0	0	0	0	40	30	0	78	0	0	0	2	1	1	0	3	1	1	0	7	0	0	0	-14	0	0	4	-469	19	14	0	195
19:50:00	71400	36	50	2	-214	0	0	0	0	0	0	0	0	28	31	0	75	0	0	0	2	0	1	0	2	0	0	0	7	0	0	0	-14	0	0	2	-471	8	18	0	185
19:55:00	71700	39	46	1	-222	0	0	0	0	0	0	0	0	28	35	0	68	0	0	0	2	0	1	0	1	0	1	0	6	0	0	0	-14	0	0	1	-472	11	9	0	187
20:00:00	72000	6	40	2	-258	0	0	0	0	0	0	0	0	2	27	0	43	0	0	0	2	0	0	0	1	1	1	0	6	0	0	0	-14	0	0	2	-474	3	12	0	178
20:05:00	72300	7	30	2	-283	0	0	0	0	0	0	0	0	4	17	0	30	0	0	0	2	0	0	0	1	0	0	0	6	0	0	0	-14	0	0	2	-476	3	13	0	168
20:10:00	72600	4	18	1	-298	0	0	0	0	0	0	0	0	1	11	0	20	0	0	0	2	0	0	0	1	0	0	0	6	0	0	0	-14	0	0	1	-477	3	7	0	164
20:15:00	72900	3	18	0	-313	0	0	0	0	0	0	0	0	2	12	0	10	0	0	0	2	0	0	0	1	1	0	0	7	0	0	0	-14	0	0	0	-477	0	6	0	158
20:20:00	73200	6	17	1	-325	0	0	0	0	0	0	0	0	2	5	0	7	0	1	0	1	0	1	0	0	0	0	0	7	0	0	0	-14	0	0	1	-478	4	10	0	152
20:25:00	73500	5	13	3	-336	0	0	0	0	0	0	0	0	1	4	0	4	0	1	0	0	0	0	0	0	0	1	0	6	0	0	0	-14	0	0	3	-481	4	7	0	149
20:30:00	73800	9	12	0	-339	0	0	0	0	0	0	0	0	1	3	0	2	0	0	0	0	1	0	0	1	0	4	0	2	0	0	0	-14	0	0	0	-481	7	5	0	151
20:35:00	74100	6	9	0	-342	0	0	0	0	0	0	0	0	1	0	0	3	0	0	0	0	0	1	0	0	0	1	0	1	0	0	0	-14	0	0	0	-481	5	7	0	149
20:40:00	74400	5	5	0	-342	0	0	0	0	0	0	0	0	2	0	0	5	0	0	0	0	0	0	0	0	0	0	0	1	0	0	0	-14	0	0	0	-481	3	5	0	147
20:45:00	74700	1	4	0	-345	0	0	0	0	0	0	0	0	0	0	0	5	0	0	0	0	0	0	0	0	0	0	0	1	0	0	0	-14	0	0	0	-481	1	4	0	144
20:50:00	75000	8	10	1	-348	0	0	0	0	0	0	0	0	5	4	0	6	0	0	0	0	0	0	0	0	0	0	0	1	0	0	0	-14	0	0	1	-482	3	6	0	141
20:55:00	75300	3	11	1	-357	0	0	0	0	0	0	0	0	1	3	0	4	0	0	0	0	0	0	0	0	0	0	0	1	0	0	0	-14	0	0	1	-483	2	8	0	135
21:00:00	75600	8	8	2	-359	0	0	0	0	0	0	0	0	5	3	0	6	0	0	0	0	0	0	0	0	0	0	0	1	0	0	0	-14	0	0	2	-485	3	5	0	133
21:05:00	75900	3	6	1	-363	0	0	0	0	0	0	0	0	1	2	0	5	0	0	0	0	0	0	0	0	0	0	0	1	0	0	0	-14	0	0	1	-486	2	4	0	131
21:10:00	76200	1	5	0	-367	0	0	0	0	0	0	0	0	0	2	0	3	0	0	0	0	0	0	0	0	0	0	0	1	0	0	0	-14	0	0	0	-486	1	3	0	129
21:15:00	76500	3	3	0	-367	1	1	0	0	0	0	0	0	0	0	0	3	0	0	0	0	0	0	0	0	0	0	0	1	0	0	0	-14	0	0	0	-486	2	2	0	129
21:20:00	76800	0	4	0	-371	0	0	0	0	0	0	0	0	0	1	0	2	0	0	0	0	0	0	0	0	0	0	0	1	0	0	0	-14	0	0	0	-486	0	3	0	126
21:25:00	77100	4	4	0	-371	0	0	0	0	0	0	0	0	2	1	0	3	0	0	0	0	0	0	0	0	0	0	0	1	0	0	0	-14	0	0	0	-486	2	3	0	125
21:30:00	77400	2	3	0	-372	0	0	0	0	0	0	0	0	0	0	0	3	0	0	0	0	1	1	0	0	0	0	0	1	0	0	0	-14	0	0	0	-486	1	2	0	124
21:35:00	77700	2	3	0	-373	0	0	0	0	0	0	0	0	0	2	0	1	0	0	0	0	0	0	0	0	0	0	0	1	0	0	0	-14	0	0	0	-486	2	1	0	125
21:40:00	78000	0	3	0	-376	0	0	0	0	0	0	0	0	0	0	0	1	0	0	0	0	0	0	0	0	0	0	0	1	0	0	0	-14	0	0	0	-486	0	3	0	122
21:45:00	78300	1	2	1	-378	0	0	0	0	0	0	0	0	0	0	0	1	0	0	0	0	0	0	0	0	0	0	0	1	0	0	0	-14	0	0	1	-487	1	2	0	121
21:50:00	78600	1	4	0	-381	0	0	0	0	0	0	0	0	1	0	0	2	0	0	0	0	0	0	0	0	0	0	0	1	0	0	0	-14	0	0	0	-487	0	4	0	117
21:55:00	78900	1	3	0	-383	0	0	0	0	0	0	0	0	1	1	0	2	0	0	0	0	0	0	0	0	0	0	0	1	0	0	0	-14	0	0	0	-487	0	2	0	115
22:00:00	79200	5	6	1	-385	0	0	0	0	0	0	0	0	1	1	0	2	0	0	0	0	0	0	0	0	0	0	0	1	0	0	0	-14	0	0	1	-488	4	5	0	114
22:05:00	79500	0	5	0	-390	0	0	0	0	0	0	0	0	0	0	0	2	0	0	0	0	0	0	0	0	0	0	0	1	0	0	0	-14	0	0	0	-488	0	5	0	109
22:10:00	79800	2	6	0	-394	0	0	0	0	0	0	0	0	0	0	0	2	0	0	0	0	0	0	0	0	0	0	0	1	0	0	0	-14	0	0	0	-488	2	6	0	105
22:15:00	80100	7	10	3	-400	0	0	0	0	0	0	0	0	0	0	0	2	0	0	0	0	1	0	0	1	0	0	0	1	0	0	0	-14	0	0	3	-491	6	10	0	101
22:20:00	80400	5	7	1	-403	0	0	0	0	0	0	0	0	1	0	0	3	0	0	0	0	0	0	0	1	0	0	0	1	0	0	0	-14	0	0	1	-492	4	7	0	98
22:25:00	80700	1	4	1	-407	0	0	0	0	0	0	0	0	0	1	0	2	0	0	0	0	0	0	0	1	0	0	0	1	0	0	0	-14	0	0	1	-493	1	3	0	96
22:30:00	81000	2	3	0	-408	0	0	0	0	0	0	0	0	1	1	0	2	0	0	0	0	0	1	0	0	0	0	0	1	0	0	0	-14	0	0	0	-493	1	1	0	96
22:35:00	81300	3	3	0	-408	0	0	0	0	0	0	0	0	2	0	0	4	0	0	0	0	0	0	0	0	0	0	0	1	0	0	0	-14	0	0	0	-493	1	3	0	94
22:40:00	81600	3	4	0	-409	0	0	0	0	0	0	0	0	3	3	0	4	0	0	0	0	0	0	0	0	0	0	0	1	0	0	0	-14	0	0	0	-493	0	1	0	93
22:45:00	81900	0	2	0	-411	0	0	0	0	0	0	0	0	0	1	0	3	0	0	0	0	0	0	0	0	0	0	0	1	0	0	0	-14	0	0	0	-493	0	1	0	92
22:50:00	82200	2	4	0	-413	0	0	0	0	0	0	0	0	1	1	0	3	0	0	0	0	0	0	0	0	0	0	0	1	0	0	0	-14	0	0	0	-493	1	3	0	90
22:55:00	82500	1	3	0	-415	0	0	0	0	0	0	0	0	1	2	0	2	0	0	0	0	0	0	0	0	0	0	0	1	0	0	0	-14	0	0	0	-493	0	1	0	89
23:00:00	82800	0	4	0	-419	0	0	0	0	0	0	0	0	0	0	0	2	0	0	0	0	0	0	0	0	0	0	0	1	0	0	0	-14	0	0	0	-493	0	4	0	85
23:05:00	83100	2	3	2	-422	0	0	0	0	0	0	0	0	0	0	0	2	0	0	0	0	0	0	0	0	0	0	0	1	0	0	0	-14	0	0	2	-495	2	3	0	84
23:10:00	83400	1	3	1	-425	0	0	0	0	0	0	0	0	0	0	0	2	0	0	0	0	0	0	0	0	0	0	0	1	0	0	0	-14	0	0	1	-496	1	3	0	82
23:15:00	83700	4	1	1	-423	0	0	0	0	0	0	0	0	1	0	0	3	0	0	0	0	0	0	0	0	0	0	0	1	0	0	0	-14	0	0	1	-497	3	1	0	84
23:20:00	84000	2	3	1	-425	0	0	0	0	0	0	0	0	1	2	0	2	0	0	0	0	0	0	0	0	0	0	0	1	0	0	0	-14	0	0	1	-498	1	1	0	84
23:25:00	84300	4	2	0	-423	0	0	0	0	0	0	0	0	2	0	0	4	0	0	0	0	0	0	0	0	0	0	0	1	0	0	0	-14	0	0	0	-498	2	2	0	84
23:30:00	84600	0	4	0	-427	0	0	0	0	0	0	0	0	0	2	0	2	0	0	0	0	0	0	0	0	0	0	0	1	0	0	0	-14	0	0	0	-498	0	2	0	82
23:35:00	84900	2	2	1	-428	0	0	0	0	0	0	0	0	1	0	0	3	0	0	0	0	0	0	0	0	0	0	0	1	0	0	0	-14	0	0	1	-499	1	2	0	81
23:40:00	85200	3	2	1	-428	0	0	0	0	0	0	0	0	2	1	0	4	0	0	0	0	0	0	0	0	0	0	0	1	0	0	0	-14	0	0	1	-500	1	1	0	81
23:45:00	85500	3	5	0	-430	0	0	0	0	0	0	0	0	3	3	0	4	0	0	0	0	0	0	0	0	0	0	0	1	0	0	0	-14	0	0	0	-500	0	2	0	79
23:50:00	85800	2	2	0	-430	0	0	0	0	0	0	0	0	1	1	0	4	0	0	0	0	0	0	0	0	0	0	0	1	0	0	0	-14	0	0	0	-500	1	1	0	79
23:55:00	86100	3	3	0	-430	0	0	0	0	0	0	0	0	1	1	0	4	0	0	0	0	0	0	0	0	0	0	0	1	0	0	0	-14	0	0	0	-500	2	2	0	79
24:00:00	86400	3	1	0	-428	0	0	0	0	0	0	0	0	3	0	0	7	0	0	0	0	0	0	0	0	0	0	0	1	0	0	0	-14	0	0	0	-500	0	1	0	78
24:05:00	86700	2	5	0	-431	0	0	0	0	0	0	0	0	2	4	0	5	0	0	0	0	0	0	0	0	0	0	0	1	0	0	0	-14	0	0	0	-500	0	1	0	77
24:10:00	87000	3	4	1	-433	0	0	0	0	0	0	0	0	1	2	0	4	0	0	0	0	0	0	0	0	0	0	0	1	0	0	0	-14	0	0	1	-501	2	2	0	77
24:15:00	87300	0	2	0	-435	0	0	0	0	0	0	0	0	0	1	0	3	0	0	0	0	0	0	0	0	0	0	0	1	0	0	0	-14	0	0	0	-501	0	1	0	76
24:20:00	87600	1	1	0	-435	0	0	0	0	0	0	0	0	1	1	0	3	0	0	0	0	0	0	0	0	0	0	0	1	0	0	0	-14	0	0	0	-501	0	0	0	76
24:25:00	87900	1	1	0	-435	0	0	0	0	0	0	0	0	0	0	0	3	0	0	0	0	0	0	0	0	0	0	0	1	0	0	0	-14	0	0	0	-501	1	1	0	76
24:30:00	88200	2	3	0	-436	0	0	0	0	0	0	0	0	2	0	0	5	0	0	0	0	0	0	0	0	0	0	0	1	0	0	0	-14	0	0	0	-501	0	3	0	73
24:35:00	88500	5	8	0	-439	0	0	0	0	0	0	0	0	2	4	0	3	0	0	0	0	1	1	0	0	0	0	0	1	0	0	0	-14	0	0	0	-501	2	3	0	72
24:40:00	88800	2	2	0	-439	0	0	0	0	0	0	0	0	1	1	0	3	0	0	0	0	0	0	0	0	0	0	0	1	0	0	0	-14	0	0	0	-501	1	1	0	72
24:45:00	89100	0	1	0	-440	0	0	0	0	0	0	0	0	0	0	0	3	0	0	0	0	0	0	0	0	0	0	0	1	0	0	0	-14	0	0	0	-501	0	1	0	71
24:50:00	89400	1	2	0	-441	0	0	0	0	0	0	0	0	0	1	0	2	0	0	0	0	0	0	0	0	0	0	0	1	0	0	0	-14	0	0	0	-501	1	1	0	71
24:55:00	89700	0	0	0	-441	0	0	0	0	0	0	0	0	0	0	0	2	0	0	0	0	0	0	0	0	0	0	0	1	0	0	0	-14	0	0	0	-501	0	0	0	71
25:00:00	90000	1	2	0	-442	0	0	0	0	0	0	0	0	0	0	0	2	0	0	0	0	0	0	0	0	0	0	0	1	0	0	0	-14	0	0	0	-501	1	2	0	70
25:05:00	90300	3	3	1	-443	0	0	0	0	0	0	0	0	0	0	0	2	0	0	0	0	0	0	0	0	0	0	0	1	0	0	0	-14	0	0	1	-502	3	3	0	70
25:10:00	90600	1	1	0	-443	0	0	0	0	0	0	0	0	0	1	0	1	0	0	0	0	0	0	0	0	0	0	0	1	0	0	0	-14	0	0	0	-502	1	0	0	71
25:15:00	90900	3	4	0	-444	0	0	0	0	0	0	0	0	2	1	0	2	0	0	0	0	0	0	0	0	0	0	0	1	0	0	0	-14	0	0	0	-502	1	3	0	69
25:20:00	91200	0	0	0	-444	0	0	0	0	0	0	0	0	0	0	0	2	0	0	0	0	0	0	0	0	0	0	0	1	0	0	0	-14	0	0	0	-502	0	0	0	69
25:25:00	91500	0	0	0	-444	0	0	0	0	0	0	0	0	0	0	0	2	0	0	0	0	0	0	0	0	0	0	0	1	0	0	0	-14	0	0	0	-502	0	0	0	69
25:30:00	91800	0	0	0	-444	0	0	0	0	0	0	0	0	0	0	0	2	0	0	0	0	0	0	0	0	0	0	0	1	0	0	0	-14	0	0	0	-502	0	0	0	69
25:35:00	92100	0	2	0	-446	0	0	0	0	0	0	0	0	0	0	0	2	0	0	0	0	0	0	0	0	0	0	0	1	0	0	0	-14	0	0	0	-502	0	2	0	67
25:40:00	92400	0	2	0	-448	0	0	0	0	0	0	0	0	0	1	0	1	0	0	0	0	0	0	0	0	0	0	0	1	0	0	0	-14	0	0	0	-502	0	1	0	66
25:45:00	92700	3	2	0	-447	0	0	0	0	0	0	0	0	0	0	0	1	0	0	0	0	1	0	0	1	0	0	0	1	0	0	0	-14	0	0	0	-502	2	2	0	66
25:50:00	93000	1	1	0	-447	0	0	0	0	0	0	0	0	0	0	0	1	0	0	0	0	0	0	0	1	0	0	0	1	0	0	0	-14	0	0	0	-502	1	1	0	66
25:55:00	93300	2	3	0	-448	0	0	0	0	0	0	0	0	0	0	0	1	0	0	0	0	0	1	0	0	0	0	0	1	0	0	0	-14	0	0	0	-502	2	2	0	66
26:00:00	93600	2	2	1	-449	0	0	0	0	0	0	0	0	1	1	0	1	0	0	0	0	0	0	0	0	0	0	0	1	0	0	0	-14	0	0	1	-503	1	1	0	66
26:05:00	93900	1	2	0	-450	0	0	0	0	0	0	0	0	0	0	0	1	0	0	0	0	0	0	0	0	0	0	0	1	0	0	0	-14	0	0	0	-503	1	2	0	65
26:10:00	94200	3	4	1	-452	0	0	0	0	0	0	0	0	1	0	0	2	0	0	0	0	0	0	0	0	0	0	0	1	0	0	0	-14	0	0	1	-504	2	4	0	63
26:15:00	94500	1	1	1	-453	0	0	0	0	0	0	0	0	0	0	0	2	0	0	0	0	0	0	0	0	0	0	0	1	0	0	0	-14	0	0	1	-505	1	1	0	63
26:20:00	94800	0	1	0	-454	0	0	0	0	0	0	0	0	0	0	0	2	0	0	0	0	0	0	0	0	0	0	0	1	0	0	0	-14	0	0	0	-505	0	1	0	62
26:25:00	95100	1	1	0	-454	0	0	0	0	0	0	0	0	0	0	0	2	0	0	0	0	0	0	0	0	0	0	0	1	0	0	0	-14	0	0	0	-505	1	1	0	62
26:30:00	95400	2	2	0	-454	0	0	0	0	0	0	0	0	0	1	0	1	0	0	0	0	0	0	0	0	0	0	0	1	0	0	0	-14	0	0	0	-505	2	1	0	63
26:35:00	95700	0	0	0	-454	0	0	0	0	0	0	0	0	0	0	0	1	0	0	0	0	0	0	0	0	0	0	0	1	0	0	0	-14	0	0	0	-505	0	0	0	63
26:40:00	96000	0	0	0	-454	0	0	0	0	0	0	0	0	0	0	0	1	0	0	0	0	0	0	0	0	0	0	0	1	0	0	0	-14	0	0	0	-505	0	0	0	63
26:45:00	96300	0	0	0	-454	0	0	0	0	0	0	0	0	0	0	0	1	0	0	0	0	0	0	0	0	0	0	0	1	0	0	0	-14	0	0	0	-505	0	0	0	63
26:50:00	96600	0	1	0	-455	0	0	0	0	0	0	0	0	0	0	0	1	0	0	0	0	0	0	0	0	0	0	0	1	0	0	0	-14	0	0	0	-505	0	1	0	62
26:55:00	96900	3	4	1	-457	0	0	0	0	0	0	0	0	1	1	0	1	0	0	0	0	0	0	0	0	0	0	0	1	0	0	0	-14	0	0	1	-506	2	3	0	61
27:00:00	97200	2	3	2	-460	0	0	0	0	0	0	0	0	0	0	0	1	0	0	0	0	0	0	0	0	0	0	0	1	0	0	1	-15	0	0	1	-507	2	3	0	60
27:05:00	97500	0	0	0	-460	0	0	0	0	0	0	0	0	0	0	0	1	0	0	0	0	0	0	0	0	0	0	0	1	0	0	0	-15	0	0	0	-507	0	0	0	60
27:10:00	97800	1	2	0	-461	0	0	0	0	0	0	0	0	1	1	0	1	0	0	0	0	0	0	0	0	0	0	0	1	0	0	0	-15	0	0	0	-507	0	1	0	59
27:15:00	98100	1	1	1	-462	0	0	0	0	0	0	0	0	0	0	0	1	0	0	0	0	0	0	0	0	0	0	0	1	0	0	0	-15	0	0	1	-508	1	1	0	59
27:20:00	98400	0	0	0	-462	0	0	0	0	0	0	0	0	0	0	0	1	0	0	0	0	0	0	0	0	0	0	0	1	0	0	0	-15	0	0	0	-508	0	0	0	59
27:25:00	98700	0	0	0	-462	0	0	0	0	0	0	0	0	0	0	0	1	0	0	0	0	0	0	0	0	0	0	0	1	0	0	0	-15	0	0	0	-508	0	0	0	59
27:30:00	99000	0	0	0	-462	0	0	0	0	0	0	0	0	0	0	0	1	0	0	0	0	0	0	0	0	0	0	0	1	0	0	0	-15	0	0	0	-508	0	0	0	59
27:35:00	99300	1	2	0	-463	0	0	0	0	0	0	0	0	0	0	0	1	0	0	0	0	0	0	0	0	0	0	0	1	0	0	0	-15	0	0	0	-508	1	2	0	58
27:40:00	99600	5	5	1	-464	0	0	0	0	0	0	0	0	3	2	0	2	0	0	0	0	0	0	0	0	0	0	0	1	0	0	0	-15	0	0	1	-509	2	3	0	57
27:45:00	99900	1	3	0	-466	0	0	0	0	0	0	0	0	0	0	0	2	0	0	0	0	0	0	0	0	0	0	0	1	0	0	0	-15	0	0	0	-509	1	3	0	55
27:50:00	100200	0	0	0	-466	0	0	0	0	0	0	0	0	0	0	0	2	0	0	0	0	0	0	0	0	0	0	0	1	0	0	0	-15	0	0	0	-509	0	0	0	55
27:55:00	100500	0	0	0	-466	0	0	0	0	0	0	0	0	0	0	0	2	0	0	0	0	0	0	0	0	0	0	0	1	0	0	0	-15	0	0	0	-509	0	0	0	55
28:00:00	100800	1	1	0	-466	0	0	0	0	0	0	0	0	1	1	0	2	0	0	0	0	0	0	0	0	0	0	0	1	0	0	0	-15	0	0	0	-509	0	0	0	55
28:05:00	101100	0	1	0	-467	0	0	0	0	0	0	0	0	0	0	0	2	0	0	0	0	0	0	0	0	0	0	0	1	0	0	0	-15	0	0	0	-509	0	1	0	54
28:10:00	101400	2	3	2	-470	0	0	0	0	0	0	0	0	0	0	0	2	0	0	0	0	0	0	0	0	0	0	0	1	0	0	0	-15	0	0	2	-511	2	3	0	53
28:15:00	101700	0	1	0	-471	0	0	0	0	0	0	0	0	0	0	0	2	0	0	0	0	0	0	0	0	0	0	0	1	0	0	0	-15	0	0	0	-511	0	1	0	52
28:20:00	102000	0	0	0	-471	0	0	0	0	0	0	0	0	0	0	0	2	0	0	0	0	0	0	0	0	0	0	0	1	0	0	0	-15	0	0	0	-511	0	0	0	52
28:25:00	102300	1	1	0	-471	0	0	0	0	0	0	0	0	1	1	0	2	0	0	0	0	0	0	0	0	0	0	0	1	0	0	0	-15	0	0	0	-511	0	0	0	52
28:30:00	102600	1	1	0	-471	0	0	0	0	0	0	0	0	0	0	0	2	0	0	0	0	0	0	0	0	0	0	0	1	0	0	0	-15	0	0	0	-511	1	1	0	52
28:35:00	102900	3	3	0	-471	0	0	0	0	0	0	0	0	2	1	0	3	0	0	0	0	0	0	0	0	0	0	0	1	0	0	0	-15	0	0	0	-511	1	2	0	51
28:40:00	103200	1	1	0	-471	0	0	0	0	0	0	0	0	0	0	0	3	0	0	0	0	0	0	0	0	0	0	0	1	0	0	0	-15	0	0	0	-511	1	1	0	51
28:45:00	103500	3	3	0	-471	0	0	0	0	0	0	0	0	2	2	0	3	0	0	0	0	0	0	0	0	0	0	0	1	0	0	0	-15	0	0	0	-511	1	1	0	51
28:50:00	103800	0	1	0	-472	0	0	0	0	0	0	0	0	0	1	0	2	0	0	0	0	0	0	0	0	0	0	0	1	0	0	0	-15	0	0	0	-511	0	0	0	51
28:55:00	104100	1	3	0	-474	0	0	0	0	0	0	0	0	1	1	0	2	0	0	0	0	0	0	0	0	0	0	0	1	0	0	0	-15	0	0	0	-511	0	2	0	49
29:00:00	104400	1	2	1	-476	0	0	0	0	0	0	0	0	0	1	0	1	0	0	0	0	0	0	0	0	0	0	0	1	0	0	0	-15	0	0	1	-512	1	1	0	49
29:05:00	104700	0	2	0	-478	0	0	0	0	0	0	0	0	0	0	0	1	0	0	0	0	0	0	0	0	0	0	0	1	0	0	0	-15	0	0	0	-512	0	2	0	47
29:10:00	105000	4	3	1	-478	0	0	0	0	0	0	0	0	0	0	0	1	0	0	0	0	1	0	0	1	0	0	0	1	0	0	0	-15	0	0	1	-513	3	3	0	47
29:15:00	105300	1	1	0	-478	0	0	0	0	0	0	0	0	1	0	0	2	0	0	0	0	0	0	0	1	0	0	0	1	0	0	0	-15	0	0	0	-513	0	1	0	46
29:20:00	105600	1	2	0	-479	0	0	0	0	0	0	0	0	1	1	0	2	0	0	0	0	0	1	0	0	0	0	0	1	0	0	0	-15	0	0	0	-513	0	0	0	46
29:25:00	105900	2	4	0	-481	0	0	0	0	0	0	0	0	0	1	0	1	0	0	0	0	0	0	0	0	0	0	0	1	0	0	0	-15	0	0	0	-513	2	3	0	45
29:30:00	106200	0	0	0	-481	0	0	0	0	0	0	0	0	0	0	0	1	0	0	0	0	0	0	0	0	0	0	0	1	0	0	0	-15	0	0	0	-513	0	0	0	45
29:35:00	106500	0	1	0	-482	0	0	0	0	0	0	0	0	0	0	0	1	0	0	0	0	0	0	0	0	0	0	0	1	0	0	0	-15	0	0	0	-513	0	1	0	44
29:40:00	106800	1	1	1	-483	0	0	0	0	0	0	0	0	0	0	0	1	0	0	0	0	0	0	0	0	0	0	0	1	0	0	0	-15	0	0	1	-514	1	1	0	44
29:45:00	107100	0	0	0	-483	0	0	0	0	0	0	0	0	0	0	0	1	0	0	0	0	0	0	0	0	0	0	0	1	0	0	0	-15	0	0	0	-514	0	0	0	44
29:50:00	107400	0	1	0	-484	0	0	0	0	0	0	0	0	0	0	0	1	0	0	0	0	0	0	0	0	0	0	0	1	0	0	0	-15	0	0	0	-514	0	1	0	43
29:55:00	107700	2	2	1	-485	0	0	0	0	0	0	0	0	1	0	0	2	0	0	0	0	0	0	0	0	0	0	0	1	0	0	0	-15	0	0	1	-515	1	2	0	42
30:00:00	108000	0	0	45	-530	0	0	0	0	0	0	0	0	0	0	2	0	0	0	0	0	0	0	0	0	0	0	1	0	0	0	0	-15	0	0	0	-515	0	0	42	0
30:05:00	108300	0	0	0	-530	0	0	0	0	0	0	0	0	0	0	0	0	0	0	0	0	0	0	0	0	0	0	0	0	0	0	0	-15	0	0	0	-515	0	0	0	0
