Iteration	PT_standardBikeShare	PT_standardeScooter	bike	car	car_passenger	pt	sharing:standardBikeShare	sharing:standardeScooter	standardBikeShare_PT	standardBikeShare_PT_standardBikeShare	standardeScooter_PT	standardeScooter_PT_standardeScooter	walk
0	0.0	0.0	0.0	0.7409600145732762	0.08142818107295746	0.020949084616085252	0.0	0.0	0.0	0.0	0.0	0.0	0.15666271973768103
1	0.0	0.005738227525275526	0.0	0.6944166135349303	0.08142818107295746	0.02522998451589398	0.023135076054285456	0.013024865652609527	9.108297659167502E-5	0.0	6.375808361417251E-4	9.108297659167502E-5	0.15620730485472265
2	0.0	0.010201293378267601	9.108297659167502E-5	0.662264322798069	0.08142818107295746	0.027507058930685856	0.040623007559887056	0.020220420803351853	1.8216595318335004E-4	0.0	9.108297659167502E-4	1.8216595318335004E-4	0.156389470807906
3	9.108297659167502E-5	0.012569450769651153	1.8216595318335004E-4	0.6311139448037162	0.08142818107295746	0.02923763548592768	0.05592494762728846	0.025321067492485656	3.643319063667001E-4	0.0	0.0010019127425084252	4.554148829583751E-4	0.16230986428636487
4	9.108297659167502E-5	0.014846525184443028	9.108297659167502E-5	0.6091629474451226	0.08142818107295746	0.030057382275252755	0.06831223244375627	0.02905546953274433	5.464978595500501E-4	0.0	0.0010929957191001002	6.375808361417251E-4	0.16467802167774842
5	9.108297659167502E-5	0.0167592676928682	2.7324892977502506E-4	0.5934055924947628	0.08142818107295746	0.03033063120502778	0.07742053010292377	0.0338828672921031	5.464978595500501E-4	0.0	0.0010929957191001002	5.464978595500501E-4	0.16422260679479006
6	2.7324892977502506E-4	0.018854176154476727	2.7324892977502506E-4	0.5820202204208034	0.08142818107295746	0.03215229073686128	0.08188359595591584	0.03524911194097823	8.197467893250751E-4	0.0	9.108297659167502E-4	6.375808361417251E-4	0.1654977684670735
7	9.108297659167502E-5	0.02140449949904363	3.643319063667001E-4	0.575097914199836	0.08142818107295746	0.03515802896438656	0.08334092358138263	0.03615994170689498	0.0010019127425084252	0.0	8.197467893250751E-4	4.554148829583751E-4	0.16467802167774842
8	1.8216595318335004E-4	0.022042080335185354	4.554148829583751E-4	0.5743692503871026	0.08142818107295746	0.03506694598779488	0.08324984060479096	0.038163767191911835	7.286638127334002E-4	0.0	0.0010019127425084252	5.464978595500501E-4	0.16276527916932326
9	1.8216595318335004E-4	0.022861827124510428	4.554148829583751E-4	0.5657163676108935	0.08142818107295746	0.03515802896438656	0.08907915110665816	0.04089625648966208	9.108297659167502E-4	0.0	8.197467893250751E-4	9.108297659167502E-4	0.16158120047363148
10	9.108297659167502E-5	0.024228071773385554	4.554148829583751E-4	0.563621459149285	0.08142818107295746	0.03543127789416158	0.08889698515347481	0.04262683304490391	7.286638127334002E-4	0.0	0.0010929957191001002	9.108297659167502E-4	0.16048820475453138
11	0.0	0.023681573913835505	5.464978595500501E-4	0.5617997996174515	0.08142818107295746	0.03424719919846981	0.0926313871937335	0.04162492030239548	7.286638127334002E-4	0.0	0.001184078695691775	9.108297659167502E-4	0.16121686856726478
12	0.0	0.025138901539302306	6.375808361417251E-4	0.5566080699517261	0.08142818107295746	0.03324528645596138	0.09581929137444212	0.04226250113853721	6.375808361417251E-4	0.0	0.0010929957191001002	0.0010019127425084252	0.16212769833318152
13	0.0	0.02377265689042718	5.464978595500501E-4	0.552418253028509	0.08142818107295746	0.0335185353857364	0.10046452318061755	0.04362874578741233	7.286638127334002E-4	0.0	0.001184078695691775	0.0010929957191001002	0.16121686856726478
14	0.0	0.024774569632935603	5.464978595500501E-4	0.549048182894617	0.08142818107295746	0.034156116221878134	0.10073777211039257	0.04408416067037071	8.197467893250751E-4	0.0	0.0014573276254668003	0.0010929957191001002	0.16185444940340651
15	0.0	0.025138901539302306	3.643319063667001E-4	0.5478641041989252	0.08142818107295746	0.03479369705801986	0.09946261043810911	0.04563257127242918	9.108297659167502E-4	0.0	0.0017305765552418253	0.0010019127425084252	0.16167228345022316
16	9.108297659167502E-5	0.024592403679752253	4.554148829583751E-4	0.5496857637307587	0.08142818107295746	0.03552236087075326	0.09946261043810911	0.04526823936606248	0.0010019127425084252	0.0	0.0013662446488751253	7.286638127334002E-4	0.16039712177793972
17	9.108297659167502E-5	0.024592403679752253	3.643319063667001E-4	0.5477730212223335	0.08142818107295746	0.03534019491756991	0.09882502960196739	0.04545040531924583	7.286638127334002E-4	9.108297659167502E-5	0.0014573276254668003	7.286638127334002E-4	0.16312961107568996
18	1.8216595318335004E-4	0.02504781856271063	3.643319063667001E-4	0.5467711084798251	0.08142818107295746	0.03479369705801986	0.09609254030421714	0.04809181164040441	7.286638127334002E-4	0.0	0.0013662446488751253	6.375808361417251E-4	0.16449585572456507
19	2.7324892977502506E-4	0.02431915474997723	3.643319063667001E-4	0.5450405319245833	0.08142818107295746	0.03597777575371163	0.09846069769560069	0.046907732944712635	8.197467893250751E-4	0.0	0.0013662446488751253	8.197467893250751E-4	0.16422260679479006
20	1.8216595318335004E-4	0.023863739867018854	2.7324892977502506E-4	0.5485016850350669	0.08142818107295746	0.03524911194097823	0.09654795518717552	0.04681664996812096	0.0012751616722834502	0.0	0.0017305765552418253	0.0010019127425084252	0.16312961107568996
21	9.108297659167502E-5	0.024045905820202204	5.464978595500501E-4	0.5488660169414337	0.08142818107295746	0.036615356589853355	0.09363329993624192	0.047636396757446034	0.0012751616722834502	0.0	0.0018216595318335004	0.0012751616722834502	0.16276527916932326
22	9.108297659167502E-5	0.024228071773385554	3.643319063667001E-4	0.5537844976773841	0.08142818107295746	0.03743510337917843	0.09090081063849166	0.046725566991529285	0.0010929957191001002	0.0	0.0016394935786501503	0.001184078695691775	0.16112578559067312
23	9.108297659167502E-5	0.024865652609527278	1.8216595318335004E-4	0.5482284361052919	0.08142818107295746	0.03670643956644503	0.09117405956826669	0.05064213498497131	0.0010929957191001002	0.0	0.0015484106020584752	9.108297659167502E-4	0.16312961107568996
24	3.643319063667001E-4	0.024045905820202204	1.8216595318335004E-4	0.5472265233627835	0.08142818107295746	0.03615994170689498	0.09509062756170872	0.04845614354677111	9.108297659167502E-4	0.0	0.0015484106020584752	0.001184078695691775	0.16340286000546497
25	2.7324892977502506E-4	0.023317242007468805	1.8216595318335004E-4	0.5505055105200838	0.08142818107295746	0.03579560980052828	0.09472629565534202	0.04818289461699608	6.375808361417251E-4	0.0	0.0017305765552418253	7.286638127334002E-4	0.16249203023954822
26	2.7324892977502506E-4	0.02359049093724383	1.8216595318335004E-4	0.5476819382457419	0.08142818107295746	0.03470261408142818	0.09846069769560069	0.045905820202204205	7.286638127334002E-4	0.0	0.0016394935786501503	7.286638127334002E-4	0.16467802167774842
27	2.7324892977502506E-4	0.024045905820202204	1.8216595318335004E-4	0.5452226978777667	0.08142818107295746	0.034520448128244834	0.09827853174241734	0.04599690317879588	8.197467893250751E-4	0.0	0.0021859914382002005	6.375808361417251E-4	0.16640859823299026
28	2.7324892977502506E-4	0.024045905820202204	3.643319063667001E-4	0.5464978595500501	0.08142818107295746	0.036433190636670006	0.09663903816376719	0.046361235085162586	6.375808361417251E-4	0.0	0.002094908461608525	9.108297659167502E-4	0.16431368977138172
29	2.7324892977502506E-4	0.023863739867018854	4.554148829583751E-4	0.5472265233627835	0.08142818107295746	0.03543127789416158	0.09928044448492576	0.045359322342654156	6.375808361417251E-4	9.108297659167502E-5	0.0018216595318335004	9.108297659167502E-4	0.16322069405228162
30	2.7324892977502506E-4	0.024410237726568904	4.554148829583751E-4	0.5485927680116586	0.08142818107295746	0.03515802896438656	0.09873394662537571	0.04408416067037071	8.197467893250751E-4	9.108297659167502E-5	0.0015484106020584752	8.197467893250751E-4	0.16358502595864832
31	2.7324892977502506E-4	0.024592403679752253	5.464978595500501E-4	0.5446762000182166	0.08142818107295746	0.03597777575371163	0.09982694234447581	0.04362874578741233	8.197467893250751E-4	9.108297659167502E-5	0.0019127425084251753	5.464978595500501E-4	0.16567993442025686
32	2.7324892977502506E-4	0.02522998451589398	4.554148829583751E-4	0.5464067765734584	0.08142818107295746	0.03615994170689498	0.10073777211039257	0.04444849257673741	6.375808361417251E-4	9.108297659167502E-5	0.0018216595318335004	4.554148829583751E-4	0.16185444940340651
33	2.7324892977502506E-4	0.024774569632935603	4.554148829583751E-4	0.5400309682120412	0.08142818107295746	0.03552236087075326	0.10483650605701794	0.04581473722561253	7.286638127334002E-4	9.108297659167502E-5	0.002094908461608525	8.197467893250751E-4	0.16312961107568996
34	2.7324892977502506E-4	0.025138901539302306	6.375808361417251E-4	0.5390290554695327	0.08142818107295746	0.036615356589853355	0.10192185080608435	0.046725566991529285	8.197467893250751E-4	0.0	0.0013662446488751253	0.0010929957191001002	0.16495127060752346
35	2.7324892977502506E-4	0.025685399398852355	6.375808361417251E-4	0.5385736405865744	0.08142818107295746	0.036615356589853355	0.10119318699335095	0.04681664996812096	5.464978595500501E-4	0.0	0.0015484106020584752	0.001184078695691775	0.1654977684670735
36	2.7324892977502506E-4	0.025685399398852355	5.464978595500501E-4	0.5434010383459331	0.08142818107295746	0.03688860551962838	0.09937152746151744	0.047272064851079335	5.464978595500501E-4	0.0	0.0015484106020584752	0.0010019127425084252	0.16203661535658986
37	4.554148829583751E-4	0.02522998451589398	4.554148829583751E-4	0.5458602787139084	0.08142818107295746	0.036615356589853355	0.09645687221058384	0.04790964568722106	4.554148829583751E-4	0.0	0.0016394935786501503	8.197467893250751E-4	0.16267419619273157
38	3.643319063667001E-4	0.02431915474997723	6.375808361417251E-4	0.5522360870753257	0.08142818107295746	0.03497586301120321	0.09317788505328355	0.04809181164040441	6.375808361417251E-4	0.0	0.0016394935786501503	9.108297659167502E-4	0.16158120047363148
39	3.643319063667001E-4	0.02504781856271063	3.643319063667001E-4	0.5546953274433009	0.08142818107295746	0.03470261408142818	0.09153839147463338	0.04800072866381273	5.464978595500501E-4	0.0	0.0016394935786501503	9.108297659167502E-4	0.16076145368430642
40	2.7324892977502506E-4	0.024683486656343928	3.643319063667001E-4	0.5495946807541671	0.08142818107295746	0.034520448128244834	0.09554604244466709	0.04790964568722106	6.375808361417251E-4	0.0	0.0016394935786501503	0.0010019127425084252	0.16240094726295656
41	2.7324892977502506E-4	0.024228071773385554	3.643319063667001E-4	0.5488660169414337	0.08142818107295746	0.03543127789416158	0.0951817105383004	0.047089898897895985	3.643319063667001E-4	0.0	0.0016394935786501503	9.108297659167502E-4	0.16422260679479006
42	9.108297659167502E-5	0.02541215046907733	2.7324892977502506E-4	0.5469532744330085	0.08142818107295746	0.035886692777119956	0.09345113398305857	0.04827397759358776	3.643319063667001E-4	0.0	0.0016394935786501503	7.286638127334002E-4	0.1654977684670735
43	1.8216595318335004E-4	0.026049731305219054	2.7324892977502506E-4	0.5434010383459331	0.08142818107295746	0.036979688496220055	0.09654795518717552	0.04891155842972948	4.554148829583751E-4	0.0	0.0015484106020584752	5.464978595500501E-4	0.16367610893524
44	2.7324892977502506E-4	0.02668731214136078	3.643319063667001E-4	0.5436742872757082	0.08142818107295746	0.03670643956644503	0.09764095090627561	0.04818289461699608	2.7324892977502506E-4	0.0	0.0013662446488751253	6.375808361417251E-4	0.16276527916932326
45	1.8216595318335004E-4	0.02632298023499408	4.554148829583751E-4	0.5435832042991164	0.08142818107295746	0.03779943528554513	0.09791419983605064	0.04800072866381273	4.554148829583751E-4	0.0	0.0010019127425084252	7.286638127334002E-4	0.16212769833318152
46	1.8216595318335004E-4	0.02632298023499408	4.554148829583751E-4	0.5435832042991164	0.08142818107295746	0.03779943528554513	0.09791419983605064	0.04800072866381273	4.554148829583751E-4	0.0	0.0010019127425084252	7.286638127334002E-4	0.16212769833318152
47	1.8216595318335004E-4	0.02632298023499408	4.554148829583751E-4	0.5435832042991164	0.08142818107295746	0.03779943528554513	0.09791419983605064	0.04800072866381273	4.554148829583751E-4	0.0	0.0010019127425084252	7.286638127334002E-4	0.16212769833318152
48	1.8216595318335004E-4	0.02632298023499408	4.554148829583751E-4	0.5435832042991164	0.08142818107295746	0.03779943528554513	0.09791419983605064	0.04800072866381273	4.554148829583751E-4	0.0	0.0010019127425084252	7.286638127334002E-4	0.16212769833318152
49	1.8216595318335004E-4	0.02632298023499408	4.554148829583751E-4	0.5435832042991164	0.08142818107295746	0.03779943528554513	0.09791419983605064	0.04800072866381273	4.554148829583751E-4	0.0	0.0010019127425084252	7.286638127334002E-4	0.16212769833318152
50	1.8216595318335004E-4	0.02632298023499408	4.554148829583751E-4	0.5435832042991164	0.08142818107295746	0.03779943528554513	0.09791419983605064	0.04800072866381273	4.554148829583751E-4	0.0	0.0010019127425084252	7.286638127334002E-4	0.16212769833318152
