time	time	departures_all	arrivals_all	stuck_all	en-route_all	departures_Shared-Bike	arrivals_Shared-Bike	stuck_Shared-Bike	en-route_Shared-Bike	departures_bike	arrivals_bike	stuck_bike	en-route_bike	departures_car	arrivals_car	stuck_car	en-route_car	departures_car_passenger	arrivals_car_passenger	stuck_car_passenger	en-route_car_passenger	departures_pt	arrivals_pt	stuck_pt	en-route_pt	departures_sharing:standardBikeShare	arrivals_sharing:standardBikeShare	stuck_sharing:standardBikeShare	en-route_sharing:standardBikeShare	departures_walk	arrivals_walk	stuck_walk	en-route_walk
00:00:00	0	0	0	0	0	0	0	0	0	0	0	0	0	0	0	0	0	0	0	0	0	0	0	0	0	0	0	0	0	0	0	0	0
00:05:00	300	0	0	0	0	0	0	0	0	0	0	0	0	0	0	0	0	0	0	0	0	0	0	0	0	0	0	0	0	0	0	0	0
00:10:00	600	0	0	0	0	0	0	0	0	0	0	0	0	0	0	0	0	0	0	0	0	0	0	0	0	0	0	0	0	0	0	0	0
00:15:00	900	0	0	0	0	0	0	0	0	0	0	0	0	0	0	0	0	0	0	0	0	0	0	0	0	0	0	0	0	0	0	0	0
00:20:00	1200	0	0	0	0	0	0	0	0	0	0	0	0	0	0	0	0	0	0	0	0	0	0	0	0	0	0	0	0	0	0	0	0
00:25:00	1500	0	0	0	0	0	0	0	0	0	0	0	0	0	0	0	0	0	0	0	0	0	0	0	0	0	0	0	0	0	0	0	0
00:30:00	1800	0	0	0	0	0	0	0	0	0	0	0	0	0	0	0	0	0	0	0	0	0	0	0	0	0	0	0	0	0	0	0	0
00:35:00	2100	0	0	0	0	0	0	0	0	0	0	0	0	0	0	0	0	0	0	0	0	0	0	0	0	0	0	0	0	0	0	0	0
00:40:00	2400	0	0	0	0	0	0	0	0	0	0	0	0	0	0	0	0	0	0	0	0	0	0	0	0	0	0	0	0	0	0	0	0
00:45:00	2700	0	0	0	0	0	0	0	0	0	0	0	0	0	0	0	0	0	0	0	0	0	0	0	0	0	0	0	0	0	0	0	0
00:50:00	3000	0	0	0	0	0	0	0	0	0	0	0	0	0	0	0	0	0	0	0	0	0	0	0	0	0	0	0	0	0	0	0	0
00:55:00	3300	0	0	0	0	0	0	0	0	0	0	0	0	0	0	0	0	0	0	0	0	0	0	0	0	0	0	0	0	0	0	0	0
01:00:00	3600	0	0	0	0	0	0	0	0	0	0	0	0	0	0	0	0	0	0	0	0	0	0	0	0	0	0	0	0	0	0	0	0
01:05:00	3900	0	0	0	0	0	0	0	0	0	0	0	0	0	0	0	0	0	0	0	0	0	0	0	0	0	0	0	0	0	0	0	0
01:10:00	4200	0	0	0	0	0	0	0	0	0	0	0	0	0	0	0	0	0	0	0	0	0	0	0	0	0	0	0	0	0	0	0	0
01:15:00	4500	0	0	0	0	0	0	0	0	0	0	0	0	0	0	0	0	0	0	0	0	0	0	0	0	0	0	0	0	0	0	0	0
01:20:00	4800	0	0	0	0	0	0	0	0	0	0	0	0	0	0	0	0	0	0	0	0	0	0	0	0	0	0	0	0	0	0	0	0
01:25:00	5100	0	0	0	0	0	0	0	0	0	0	0	0	0	0	0	0	0	0	0	0	0	0	0	0	0	0	0	0	0	0	0	0
01:30:00	5400	0	0	0	0	0	0	0	0	0	0	0	0	0	0	0	0	0	0	0	0	0	0	0	0	0	0	0	0	0	0	0	0
01:35:00	5700	0	0	0	0	0	0	0	0	0	0	0	0	0	0	0	0	0	0	0	0	0	0	0	0	0	0	0	0	0	0	0	0
01:40:00	6000	0	0	0	0	0	0	0	0	0	0	0	0	0	0	0	0	0	0	0	0	0	0	0	0	0	0	0	0	0	0	0	0
01:45:00	6300	0	0	0	0	0	0	0	0	0	0	0	0	0	0	0	0	0	0	0	0	0	0	0	0	0	0	0	0	0	0	0	0
01:50:00	6600	0	0	0	0	0	0	0	0	0	0	0	0	0	0	0	0	0	0	0	0	0	0	0	0	0	0	0	0	0	0	0	0
01:55:00	6900	0	0	0	0	0	0	0	0	0	0	0	0	0	0	0	0	0	0	0	0	0	0	0	0	0	0	0	0	0	0	0	0
02:00:00	7200	0	0	0	0	0	0	0	0	0	0	0	0	0	0	0	0	0	0	0	0	0	0	0	0	0	0	0	0	0	0	0	0
02:05:00	7500	0	0	0	0	0	0	0	0	0	0	0	0	0	0	0	0	0	0	0	0	0	0	0	0	0	0	0	0	0	0	0	0
02:10:00	7800	0	0	0	0	0	0	0	0	0	0	0	0	0	0	0	0	0	0	0	0	0	0	0	0	0	0	0	0	0	0	0	0
02:15:00	8100	0	0	0	0	0	0	0	0	0	0	0	0	0	0	0	0	0	0	0	0	0	0	0	0	0	0	0	0	0	0	0	0
02:20:00	8400	0	0	0	0	0	0	0	0	0	0	0	0	0	0	0	0	0	0	0	0	0	0	0	0	0	0	0	0	0	0	0	0
02:25:00	8700	0	0	0	0	0	0	0	0	0	0	0	0	0	0	0	0	0	0	0	0	0	0	0	0	0	0	0	0	0	0	0	0
02:30:00	9000	0	0	0	0	0	0	0	0	0	0	0	0	0	0	0	0	0	0	0	0	0	0	0	0	0	0	0	0	0	0	0	0
02:35:00	9300	0	0	0	0	0	0	0	0	0	0	0	0	0	0	0	0	0	0	0	0	0	0	0	0	0	0	0	0	0	0	0	0
02:40:00	9600	0	0	0	0	0	0	0	0	0	0	0	0	0	0	0	0	0	0	0	0	0	0	0	0	0	0	0	0	0	0	0	0
02:45:00	9900	0	0	0	0	0	0	0	0	0	0	0	0	0	0	0	0	0	0	0	0	0	0	0	0	0	0	0	0	0	0	0	0
02:50:00	10200	0	0	0	0	0	0	0	0	0	0	0	0	0	0	0	0	0	0	0	0	0	0	0	0	0	0	0	0	0	0	0	0
02:55:00	10500	0	0	0	0	0	0	0	0	0	0	0	0	0	0	0	0	0	0	0	0	0	0	0	0	0	0	0	0	0	0	0	0
03:00:00	10800	0	0	0	0	0	0	0	0	0	0	0	0	0	0	0	0	0	0	0	0	0	0	0	0	0	0	0	0	0	0	0	0
03:05:00	11100	0	0	0	0	0	0	0	0	0	0	0	0	0	0	0	0	0	0	0	0	0	0	0	0	0	0	0	0	0	0	0	0
03:10:00	11400	0	0	0	0	0	0	0	0	0	0	0	0	0	0	0	0	0	0	0	0	0	0	0	0	0	0	0	0	0	0	0	0
03:15:00	11700	0	0	0	0	0	0	0	0	0	0	0	0	0	0	0	0	0	0	0	0	0	0	0	0	0	0	0	0	0	0	0	0
03:20:00	12000	0	0	0	0	0	0	0	0	0	0	0	0	0	0	0	0	0	0	0	0	0	0	0	0	0	0	0	0	0	0	0	0
03:25:00	12300	0	0	0	0	0	0	0	0	0	0	0	0	0	0	0	0	0	0	0	0	0	0	0	0	0	0	0	0	0	0	0	0
03:30:00	12600	0	0	0	0	0	0	0	0	0	0	0	0	0	0	0	0	0	0	0	0	0	0	0	0	0	0	0	0	0	0	0	0
03:35:00	12900	0	0	0	0	0	0	0	0	0	0	0	0	0	0	0	0	0	0	0	0	0	0	0	0	0	0	0	0	0	0	0	0
03:40:00	13200	0	0	0	0	0	0	0	0	0	0	0	0	0	0	0	0	0	0	0	0	0	0	0	0	0	0	0	0	0	0	0	0
03:45:00	13500	0	0	0	0	0	0	0	0	0	0	0	0	0	0	0	0	0	0	0	0	0	0	0	0	0	0	0	0	0	0	0	0
03:50:00	13800	0	0	0	0	0	0	0	0	0	0	0	0	0	0	0	0	0	0	0	0	0	0	0	0	0	0	0	0	0	0	0	0
03:55:00	14100	0	0	0	0	0	0	0	0	0	0	0	0	0	0	0	0	0	0	0	0	0	0	0	0	0	0	0	0	0	0	0	0
04:00:00	14400	0	0	0	0	0	0	0	0	0	0	0	0	0	0	0	0	0	0	0	0	0	0	0	0	0	0	0	0	0	0	0	0
04:05:00	14700	0	0	0	0	0	0	0	0	0	0	0	0	0	0	0	0	0	0	0	0	0	0	0	0	0	0	0	0	0	0	0	0
04:10:00	15000	0	0	0	0	0	0	0	0	0	0	0	0	0	0	0	0	0	0	0	0	0	0	0	0	0	0	0	0	0	0	0	0
04:15:00	15300	0	0	0	0	0	0	0	0	0	0	0	0	0	0	0	0	0	0	0	0	0	0	0	0	0	0	0	0	0	0	0	0
04:20:00	15600	0	0	0	0	0	0	0	0	0	0	0	0	0	0	0	0	0	0	0	0	0	0	0	0	0	0	0	0	0	0	0	0
04:25:00	15900	0	0	0	0	0	0	0	0	0	0	0	0	0	0	0	0	0	0	0	0	0	0	0	0	0	0	0	0	0	0	0	0
04:30:00	16200	0	0	0	0	0	0	0	0	0	0	0	0	0	0	0	0	0	0	0	0	0	0	0	0	0	0	0	0	0	0	0	0
04:35:00	16500	0	0	0	0	0	0	0	0	0	0	0	0	0	0	0	0	0	0	0	0	0	0	0	0	0	0	0	0	0	0	0	0
04:40:00	16800	0	0	0	0	0	0	0	0	0	0	0	0	0	0	0	0	0	0	0	0	0	0	0	0	0	0	0	0	0	0	0	0
04:45:00	17100	0	0	0	0	0	0	0	0	0	0	0	0	0	0	0	0	0	0	0	0	0	0	0	0	0	0	0	0	0	0	0	0
04:50:00	17400	0	0	0	0	0	0	0	0	0	0	0	0	0	0	0	0	0	0	0	0	0	0	0	0	0	0	0	0	0	0	0	0
04:55:00	17700	0	0	0	0	0	0	0	0	0	0	0	0	0	0	0	0	0	0	0	0	0	0	0	0	0	0	0	0	0	0	0	0
05:00:00	18000	0	0	0	0	0	0	0	0	0	0	0	0	0	0	0	0	0	0	0	0	0	0	0	0	0	0	0	0	0	0	0	0
05:05:00	18300	0	0	0	0	0	0	0	0	0	0	0	0	0	0	0	0	0	0	0	0	0	0	0	0	0	0	0	0	0	0	0	0
05:10:00	18600	0	0	0	0	0	0	0	0	0	0	0	0	0	0	0	0	0	0	0	0	0	0	0	0	0	0	0	0	0	0	0	0
05:15:00	18900	0	0	0	0	0	0	0	0	0	0	0	0	0	0	0	0	0	0	0	0	0	0	0	0	0	0	0	0	0	0	0	0
05:20:00	19200	0	0	0	0	0	0	0	0	0	0	0	0	0	0	0	0	0	0	0	0	0	0	0	0	0	0	0	0	0	0	0	0
05:25:00	19500	0	0	0	0	0	0	0	0	0	0	0	0	0	0	0	0	0	0	0	0	0	0	0	0	0	0	0	0	0	0	0	0
05:30:00	19800	0	0	0	0	0	0	0	0	0	0	0	0	0	0	0	0	0	0	0	0	0	0	0	0	0	0	0	0	0	0	0	0
05:35:00	20100	0	0	0	0	0	0	0	0	0	0	0	0	0	0	0	0	0	0	0	0	0	0	0	0	0	0	0	0	0	0	0	0
05:40:00	20400	0	0	0	0	0	0	0	0	0	0	0	0	0	0	0	0	0	0	0	0	0	0	0	0	0	0	0	0	0	0	0	0
05:45:00	20700	0	0	0	0	0	0	0	0	0	0	0	0	0	0	0	0	0	0	0	0	0	0	0	0	0	0	0	0	0	0	0	0
05:50:00	21000	0	0	0	0	0	0	0	0	0	0	0	0	0	0	0	0	0	0	0	0	0	0	0	0	0	0	0	0	0	0	0	0
05:55:00	21300	0	0	0	0	0	0	0	0	0	0	0	0	0	0	0	0	0	0	0	0	0	0	0	0	0	0	0	0	0	0	0	0
06:00:00	21600	4	0	0	4	0	0	0	0	0	0	0	0	4	0	0	4	0	0	0	0	0	0	0	0	0	0	0	0	0	0	0	0
06:05:00	21900	4	1	0	7	0	0	0	0	0	0	0	0	4	1	0	7	0	0	0	0	0	0	0	0	0	0	0	0	0	0	0	0
06:10:00	22200	3	1	0	9	0	0	0	0	0	0	0	0	3	1	0	9	0	0	0	0	0	0	0	0	0	0	0	0	0	0	0	0
06:15:00	22500	1	3	0	7	0	0	0	0	0	0	0	0	1	3	0	7	0	0	0	0	0	0	0	0	0	0	0	0	0	0	0	0
06:20:00	22800	4	1	0	10	0	0	0	0	0	0	0	0	4	1	0	10	0	0	0	0	0	0	0	0	0	0	0	0	0	0	0	0
06:25:00	23100	6	3	0	13	0	0	0	0	0	0	0	0	5	3	0	12	0	0	0	0	0	0	0	0	0	0	0	0	1	0	0	1
06:30:00	23400	42	3	0	52	0	0	0	0	0	0	0	0	35	3	0	44	0	0	0	0	0	0	0	0	0	0	0	0	7	0	0	8
06:35:00	23700	37	21	0	68	0	0	0	0	0	0	0	0	30	18	0	56	0	0	0	0	0	0	0	0	0	0	0	0	7	3	0	12
06:40:00	24000	37	20	0	85	0	0	0	0	0	0	0	0	31	15	0	72	0	0	0	0	4	0	0	4	0	0	0	0	2	5	0	9
06:45:00	24300	34	36	0	83	0	0	0	0	0	0	0	0	27	31	0	68	0	0	0	0	1	0	0	5	0	0	0	0	6	5	0	10
06:50:00	24600	43	29	0	97	1	0	0	1	0	0	0	0	29	23	0	74	0	0	0	0	2	0	0	7	0	0	0	0	11	6	0	15
06:55:00	24900	79	34	0	142	1	0	0	2	0	0	0	0	56	28	0	102	0	0	0	0	0	1	0	6	0	0	0	0	22	5	0	32
07:00:00	25200	64	49	0	157	1	0	0	3	0	0	0	0	51	40	0	113	0	0	0	0	1	0	0	7	0	0	0	0	11	9	0	34
07:05:00	25500	65	53	0	169	0	3	0	0	1	0	0	1	37	35	0	115	0	0	0	0	2	1	0	8	0	0	0	0	25	14	0	45
07:10:00	25800	70	57	0	182	1	1	0	0	0	0	0	1	51	38	0	128	0	0	0	0	5	2	0	11	0	0	0	0	13	16	0	42
07:15:00	26100	90	57	0	215	0	0	0	0	0	0	0	1	70	44	0	154	0	0	0	0	1	0	0	12	0	0	0	0	19	13	0	48
07:20:00	26400	88	75	1	227	2	2	0	0	0	0	0	1	54	55	0	153	0	0	0	0	11	0	0	23	0	0	1	-1	21	18	0	51
07:25:00	26700	112	68	1	270	1	0	0	1	0	1	0	0	85	52	0	186	0	0	0	0	5	0	0	28	0	0	1	-2	21	15	0	57
07:30:00	27000	84	95	0	259	1	0	0	2	1	0	0	1	59	71	0	174	0	0	0	0	10	1	0	37	0	0	0	-2	13	23	0	47
07:35:00	27300	99	99	0	259	1	2	0	1	0	0	0	1	63	73	0	164	0	0	0	0	4	7	0	34	0	0	0	-2	31	17	0	61
07:40:00	27600	99	75	1	282	1	1	0	1	0	1	0	0	73	52	0	185	0	0	0	0	5	0	0	39	0	0	1	-3	20	21	0	60
07:45:00	27900	101	85	0	298	1	1	0	1	0	0	0	0	75	63	0	197	0	0	0	0	5	1	0	43	0	0	0	-3	20	20	0	60
07:50:00	28200	115	94	0	319	2	0	0	3	1	0	0	1	81	69	0	209	0	0	0	0	6	6	0	43	0	0	0	-3	25	19	0	66
07:55:00	28500	119	104	0	334	0	1	0	2	1	0	0	2	80	83	0	206	12	1	0	11	7	1	0	49	0	0	0	-3	19	18	0	67
08:00:00	28800	134	117	0	351	0	2	0	0	0	1	0	1	76	83	0	199	24	6	0	29	9	5	0	53	0	0	0	-3	25	20	0	72
08:05:00	29100	122	116	1	356	1	0	0	1	0	0	0	1	68	67	0	200	17	11	0	35	5	11	0	47	0	0	1	-4	31	27	0	76
08:10:00	29400	134	113	0	377	0	1	0	0	0	0	0	1	77	74	0	203	26	16	0	45	3	4	0	46	0	0	0	-4	28	18	0	86
08:15:00	29700	100	113	0	364	0	0	0	0	0	0	0	1	61	71	0	193	14	15	0	44	7	0	0	53	0	0	0	-4	18	27	0	77
08:20:00	30000	112	103	0	373	0	0	0	0	0	0	0	1	72	62	0	203	16	18	0	42	7	2	0	58	0	0	0	-4	17	21	0	73
08:25:00	30300	110	98	0	385	0	0	0	0	0	0	0	1	65	68	0	200	20	12	0	50	5	1	0	62	0	0	0	-4	20	17	0	76
08:30:00	30600	101	114	0	372	1	1	0	0	0	1	0	0	46	64	0	182	21	16	0	55	11	6	0	67	0	0	0	-4	22	26	0	72
08:35:00	30900	81	93	0	360	1	0	0	1	0	0	0	0	54	52	0	184	8	19	0	44	6	4	0	69	0	0	0	-4	12	18	0	66
08:40:00	31200	89	92	0	357	0	1	0	0	0	0	0	0	46	56	0	174	24	18	0	50	5	4	0	70	0	0	0	-4	14	13	0	67
08:45:00	31500	109	78	0	388	1	1	0	0	0	0	0	0	49	50	0	173	39	14	0	75	4	1	0	73	0	0	0	-4	16	12	0	71
08:50:00	31800	89	98	0	379	0	0	0	0	0	0	0	0	50	57	0	166	13	23	0	65	7	0	0	80	0	0	0	-4	19	18	0	72
08:55:00	32100	90	96	0	373	0	0	0	0	0	0	0	0	50	56	0	160	18	18	0	65	6	7	0	79	0	0	0	-4	16	15	0	73
09:00:00	32400	102	98	0	377	0	0	0	0	0	0	0	0	70	61	0	169	4	16	0	53	10	2	0	87	0	0	0	-4	18	19	0	72
09:05:00	32700	79	94	0	362	0	0	0	0	0	0	0	0	47	47	0	169	6	11	0	48	4	11	0	80	0	0	0	-4	22	25	0	69
09:10:00	33000	59	85	0	336	1	0	0	1	0	0	0	0	38	53	0	154	3	11	0	40	3	2	0	81	0	0	0	-4	14	19	0	64
09:15:00	33300	65	77	0	324	1	1	0	1	0	0	0	0	47	48	0	153	2	12	0	30	5	3	0	83	0	0	0	-4	10	13	0	61
09:20:00	33600	46	84	0	286	0	0	0	1	1	0	0	1	27	52	0	128	2	12	0	20	5	3	0	85	0	0	0	-4	11	17	0	55
09:25:00	33900	62	68	0	280	0	0	0	1	0	0	0	1	31	40	0	119	4	2	0	22	2	14	0	73	0	0	0	-4	25	12	0	68
09:30:00	34200	46	62	0	264	0	1	0	0	0	0	0	1	30	31	0	118	1	5	0	18	1	4	0	70	0	0	0	-4	14	21	0	61
09:35:00	34500	53	66	0	251	0	0	0	0	0	0	0	1	25	38	0	105	8	7	0	19	5	3	0	72	0	0	0	-4	15	18	0	58
09:40:00	34800	43	64	0	230	0	0	0	0	0	0	0	1	27	37	0	95	2	6	0	15	2	3	0	71	0	0	0	-4	12	18	0	52
09:45:00	35100	44	66	0	208	0	0	0	0	0	1	0	0	24	40	0	79	0	5	0	10	4	0	0	75	0	0	0	-4	16	20	0	48
09:50:00	35400	38	47	0	199	0	0	0	0	0	0	0	0	25	22	0	82	0	4	0	6	5	0	0	80	0	0	0	-4	8	21	0	35
09:55:00	35700	46	43	0	202	0	0	0	0	0	0	0	0	34	25	0	91	0	2	0	4	0	1	0	79	0	0	0	-4	12	15	0	32
10:00:00	36000	75	64	0	213	0	0	0	0	0	0	0	0	46	36	0	101	0	2	0	2	3	10	0	72	0	0	0	-4	26	16	0	42
10:05:00	36300	57	55	0	215	0	0	0	0	0	0	0	0	42	42	0	101	0	1	0	1	0	1	0	71	0	0	0	-4	15	11	0	46
10:10:00	36600	84	78	0	221	0	0	0	0	0	0	0	0	54	44	0	111	0	1	0	0	2	10	0	63	0	0	0	-4	28	23	0	51
10:15:00	36900	62	72	0	211	0	0	0	0	0	0	0	0	34	44	0	101	0	0	0	0	2	1	0	64	0	0	0	-4	26	27	0	50
10:20:00	37200	67	72	0	206	0	0	0	0	0	0	0	0	40	41	0	100	0	0	0	0	4	1	0	67	0	0	0	-4	23	30	0	43
10:25:00	37500	76	75	0	207	0	0	0	0	0	0	0	0	53	49	0	104	0	0	0	0	1	2	0	66	0	0	0	-4	22	24	0	41
10:30:00	37800	62	71	0	198	0	0	0	0	0	0	0	0	30	42	0	92	0	0	0	0	1	0	0	67	0	0	0	-4	31	29	0	43
10:35:00	38100	43	64	0	177	0	0	0	0	0	0	0	0	19	41	0	70	2	1	0	1	3	1	0	69	0	0	0	-4	19	21	0	41
10:40:00	38400	54	56	0	175	0	0	0	0	0	0	0	0	20	24	0	66	1	1	0	1	4	0	0	73	0	0	0	-4	29	31	0	39
10:45:00	38700	69	67	0	177	0	0	0	0	0	0	0	0	36	34	0	68	3	0	0	4	2	5	0	70	0	0	0	-4	28	28	0	39
10:50:00	39000	45	58	0	164	0	0	0	0	1	0	0	1	17	24	0	61	0	3	0	1	2	4	0	68	0	0	0	-4	25	27	0	37
10:55:00	39300	37	48	0	153	0	0	0	0	0	0	0	1	19	21	0	59	2	0	0	3	1	0	0	69	0	0	0	-4	15	27	0	25
11:00:00	39600	48	42	0	159	0	0	0	0	0	0	0	1	29	25	0	63	4	1	0	6	0	1	0	68	0	0	0	-4	15	15	0	25
11:05:00	39900	91	77	0	173	0	0	0	0	0	0	0	1	35	24	0	74	1	1	0	6	12	13	0	67	0	0	0	-4	43	39	0	29
11:10:00	40200	78	48	0	203	0	0	0	0	0	0	0	1	50	23	0	101	2	1	0	7	3	2	0	68	0	0	0	-4	23	22	0	30
11:15:00	40500	61	62	0	202	0	0	0	0	0	0	0	1	32	38	0	95	10	3	0	14	0	4	0	64	0	0	0	-4	19	17	0	32
11:20:00	40800	61	58	0	205	0	0	0	0	1	1	0	1	26	29	0	92	2	1	0	15	2	3	0	63	0	0	0	-4	30	24	0	38
11:25:00	41100	73	67	0	211	0	0	0	0	1	1	0	1	45	38	0	99	3	4	0	14	2	1	0	64	0	0	0	-4	22	23	0	37
11:30:00	41400	84	65	0	230	0	0	0	0	0	0	0	1	52	28	0	123	1	5	0	10	5	1	0	68	0	0	0	-4	26	31	0	32
11:35:00	41700	95	89	0	236	0	0	0	0	0	0	0	1	46	46	0	123	3	3	0	10	6	10	0	64	0	0	0	-4	40	30	0	42
11:40:00	42000	86	79	0	243	0	0	0	0	0	1	0	0	42	35	0	130	0	3	0	7	3	14	0	53	0	0	0	-4	41	26	0	57
11:45:00	42300	87	105	0	225	1	0	0	1	0	0	0	0	47	55	0	122	3	5	0	5	6	6	0	53	0	0	0	-4	30	39	0	48
11:50:00	42600	89	75	0	239	1	1	0	1	0	0	0	0	54	42	0	134	5	2	0	8	1	3	0	51	0	0	0	-4	28	27	0	49
11:55:00	42900	107	89	0	257	1	0	0	2	0	0	0	0	63	47	0	150	1	1	0	8	3	7	0	47	0	0	0	-4	39	34	0	54
12:00:00	43200	85	97	0	245	1	0	0	3	0	0	0	0	64	62	0	152	2	1	0	9	3	0	0	50	0	0	0	-4	15	34	0	35
12:05:00	43500	65	77	0	233	2	3	0	2	0	0	0	0	37	47	0	142	8	6	0	11	4	0	0	54	0	0	0	-4	14	21	0	28
12:10:00	43800	69	61	0	241	1	1	0	2	0	0	0	0	46	40	0	148	2	0	0	13	5	1	0	58	0	0	0	-4	15	19	0	24
12:15:00	44100	55	73	0	223	0	1	0	1	0	0	0	0	33	54	0	127	1	3	0	11	2	3	0	57	0	0	0	-4	19	12	0	31
12:20:00	44400	48	59	0	212	1	0	0	2	0	0	0	0	35	45	0	117	0	3	0	8	2	1	0	58	0	0	0	-4	10	10	0	31
12:25:00	44700	63	62	0	213	0	1	0	1	0	0	0	0	47	36	0	128	0	3	0	5	5	5	0	58	0	0	0	-4	11	17	0	25
12:30:00	45000	43	50	0	206	3	0	0	4	0	0	0	0	29	39	0	118	0	1	0	4	3	2	0	59	0	0	0	-4	8	8	0	25
12:35:00	45300	29	51	0	184	0	2	0	2	0	0	0	0	13	35	0	96	0	2	0	2	3	5	0	57	0	0	0	-4	13	7	0	31
12:40:00	45600	33	34	0	183	0	0	0	2	0	0	0	0	22	26	0	92	0	1	0	1	3	1	0	59	0	0	0	-4	8	6	0	33
12:45:00	45900	52	47	0	188	0	2	0	0	1	0	0	1	29	32	0	89	0	0	0	1	9	1	0	67	0	0	0	-4	13	12	0	34
12:50:00	46200	32	43	0	177	1	0	0	1	0	0	0	1	21	27	0	83	0	1	0	0	5	0	0	72	0	0	0	-4	5	15	0	24
12:55:00	46500	37	41	0	173	0	0	0	1	0	0	0	1	26	31	0	78	0	0	0	0	3	4	0	71	0	0	0	-4	8	6	0	26
13:00:00	46800	7	32	0	148	0	1	0	0	0	0	0	1	0	21	0	57	0	0	0	0	5	0	0	76	0	0	0	-4	2	10	0	18
13:05:00	47100	4	28	0	124	1	1	0	0	0	0	0	1	3	21	0	39	0	0	0	0	0	0	0	76	0	0	0	-4	0	6	0	12
13:10:00	47400	3	15	0	112	0	0	0	0	0	0	0	1	0	11	0	28	0	0	0	0	2	0	0	78	0	0	0	-4	1	4	0	9
13:15:00	47700	23	9	0	126	0	0	0	0	0	0	0	1	13	6	0	35	0	0	0	0	0	2	0	76	0	0	0	-4	10	1	0	18
13:20:00	48000	20	26	0	120	0	0	0	0	0	0	0	1	10	11	0	34	0	0	0	0	1	5	0	72	0	0	0	-4	9	10	0	17
13:25:00	48300	24	21	0	123	0	0	0	0	0	0	0	1	7	6	0	35	0	0	0	0	3	6	0	69	0	0	0	-4	14	9	0	22
13:30:00	48600	58	25	0	156	1	0	0	1	0	0	0	1	45	14	0	66	1	0	0	1	2	3	0	68	0	0	0	-4	9	8	0	23
13:35:00	48900	68	55	0	169	0	1	0	0	0	1	0	0	42	32	0	76	5	0	0	6	2	7	0	63	0	0	0	-4	19	14	0	28
13:40:00	49200	55	52	0	172	3	0	0	3	0	0	0	0	31	29	0	78	5	2	0	9	1	6	0	58	0	0	0	-4	15	15	0	28
13:45:00	49500	60	50	0	182	0	2	0	1	0	0	0	0	44	30	0	92	2	3	0	8	2	3	0	57	0	0	0	-4	12	12	0	28
13:50:00	49800	101	57	0	226	2	1	0	2	0	0	0	0	62	31	0	123	15	6	0	17	2	2	0	57	0	0	0	-4	20	17	0	31
13:55:00	50100	115	66	1	274	1	1	0	2	0	0	0	0	78	47	0	154	12	6	0	23	1	1	0	57	0	0	1	-5	23	11	0	43
14:00:00	50400	85	84	0	275	0	1	0	1	0	0	0	0	64	56	0	162	3	9	0	17	2	0	0	59	0	0	0	-5	16	18	0	41
14:05:00	50700	90	88	0	277	0	1	0	0	0	0	0	0	43	49	0	156	9	6	0	20	5	0	0	64	0	0	0	-5	33	32	0	42
14:10:00	51000	79	81	0	275	0	0	0	0	0	0	0	0	51	52	0	155	14	11	0	23	2	0	0	66	0	0	0	-5	12	18	0	36
14:15:00	51300	68	73	0	270	1	0	0	1	0	0	0	0	40	49	0	146	8	8	0	23	6	0	0	72	0	0	0	-5	13	16	0	33
14:20:00	51600	83	78	0	275	1	1	0	1	0	0	0	0	40	48	0	138	14	8	0	29	4	5	0	71	0	0	0	-5	24	16	0	41
14:25:00	51900	80	80	0	275	0	1	0	0	1	0	0	1	48	55	0	131	16	11	0	34	2	1	0	72	0	0	0	-5	13	12	0	42
14:30:00	52200	55	66	0	264	0	0	0	0	0	0	0	1	25	33	0	123	11	13	0	32	6	4	0	74	0	0	0	-5	13	16	0	39
14:35:00	52500	78	76	1	265	1	0	0	1	0	0	0	1	44	39	0	128	5	13	0	24	2	3	0	73	0	0	1	-6	26	21	0	44
14:40:00	52800	64	87	0	242	0	1	0	0	0	0	0	1	34	51	0	111	8	7	0	25	3	4	0	72	0	0	0	-6	19	24	0	39
14:45:00	53100	56	66	0	232	0	0	0	0	0	0	0	1	26	29	0	108	9	13	0	21	6	9	0	69	0	0	0	-6	15	15	0	39
14:50:00	53400	53	69	0	216	0	0	0	0	0	0	0	1	30	41	0	97	3	6	0	18	4	1	0	72	0	0	0	-6	16	21	0	34
14:55:00	53700	45	55	0	206	0	0	0	0	0	0	0	1	18	29	0	86	8	6	0	20	4	3	0	73	0	0	0	-6	15	17	0	32
15:00:00	54000	44	54	0	196	0	0	0	0	1	1	0	1	24	28	0	82	3	9	0	14	1	4	0	70	0	0	0	-6	15	12	0	35
15:05:00	54300	52	57	0	191	1	0	0	1	0	1	0	0	27	39	0	70	1	4	0	11	1	1	0	70	0	0	0	-6	22	12	0	45
15:10:00	54600	52	52	0	191	0	1	0	0	0	0	0	0	28	25	0	73	0	5	0	6	2	1	0	71	0	0	0	-6	22	20	0	47
15:15:00	54900	61	52	0	200	1	0	0	1	0	0	0	0	35	23	0	85	1	2	0	5	5	1	0	75	0	0	0	-6	19	26	0	40
15:20:00	55200	59	52	0	207	1	1	0	1	0	0	0	0	33	27	0	91	1	1	0	5	5	2	0	78	0	0	0	-6	19	21	0	38
15:25:00	55500	52	62	0	197	0	0	0	1	0	0	0	0	37	43	0	85	0	0	0	5	2	1	0	79	0	0	0	-6	13	18	0	33
15:30:00	55800	76	52	0	221	0	0	0	1	0	0	0	0	47	31	0	101	0	1	0	4	1	1	0	79	0	0	0	-6	28	19	0	42
15:35:00	56100	99	68	0	252	0	1	0	0	0	0	0	0	68	39	0	130	0	0	0	4	2	4	0	77	0	0	0	-6	29	24	0	47
15:40:00	56400	111	98	0	265	0	0	0	0	0	0	0	0	74	55	0	149	0	1	0	3	4	5	0	76	0	0	0	-6	33	37	0	43
15:45:00	56700	78	92	0	251	0	0	0	0	1	1	0	0	48	60	0	137	0	0	0	3	4	5	0	75	0	0	0	-6	25	26	0	42
15:50:00	57000	87	87	0	251	2	1	0	1	0	0	0	0	53	54	0	136	0	1	0	2	2	0	0	77	0	0	0	-6	30	31	0	41
15:55:00	57300	70	83	0	238	1	2	0	0	0	0	0	0	33	50	0	119	0	0	0	2	3	7	0	73	0	0	0	-6	33	24	0	50
16:00:00	57600	91	83	0	246	0	0	0	0	0	0	0	0	43	48	0	114	21	0	0	23	4	6	0	71	0	0	0	-6	23	29	0	44
16:05:00	57900	79	70	0	255	0	0	0	0	0	0	0	0	44	47	0	111	19	7	0	35	0	1	0	70	0	0	0	-6	16	15	0	45
16:10:00	58200	69	86	0	238	0	0	0	0	0	0	0	0	30	44	0	97	18	15	0	38	2	1	0	71	0	0	0	-6	19	26	0	38
16:15:00	58500	87	90	0	235	0	0	0	0	0	0	0	0	32	36	0	93	16	14	0	40	6	12	0	65	0	0	0	-6	33	28	0	43
16:20:00	58800	97	71	0	261	0	0	0	0	0	0	0	0	54	33	0	114	17	11	0	46	2	2	0	65	0	0	0	-6	24	25	0	42
16:25:00	59100	104	84	0	281	0	0	0	0	0	0	0	0	45	40	0	119	27	20	0	53	3	4	0	64	0	0	0	-6	29	20	0	51
16:30:00	59400	118	89	0	310	0	0	0	0	0	0	0	0	55	46	0	128	31	14	0	70	5	2	0	67	0	0	0	-6	27	27	0	51
16:35:00	59700	136	93	0	353	1	0	0	1	0	0	0	0	71	42	0	157	27	19	0	78	4	3	0	68	0	0	0	-6	33	29	0	55
16:40:00	60000	137	128	0	362	0	0	0	1	0	0	0	0	82	63	0	176	20	30	0	68	4	4	0	68	0	0	0	-6	31	31	0	55
16:45:00	60300	106	96	0	372	1	1	0	1	0	0	0	0	53	53	0	176	28	18	0	78	3	3	0	68	0	0	0	-6	21	21	0	55
16:50:00	60600	158	134	0	396	0	1	0	0	0	0	0	0	71	68	0	179	47	32	0	93	4	4	0	68	0	0	0	-6	36	29	0	62
16:55:00	60900	138	138	0	396	1	0	0	1	0	0	0	0	72	69	0	182	31	27	0	97	4	5	0	67	0	0	0	-6	30	37	0	55
17:00:00	61200	185	123	0	458	1	1	0	1	0	0	0	0	110	55	0	237	20	29	0	88	7	7	0	67	0	0	0	-6	47	31	0	71
17:05:00	61500	193	145	0	506	2	1	0	2	0	0	0	0	123	76	0	284	12	21	0	79	7	13	0	61	0	0	0	-6	49	34	0	86
17:10:00	61800	162	161	0	507	0	0	0	2	1	0	0	1	102	96	0	290	15	21	0	73	7	3	0	65	0	0	0	-6	37	41	0	82
17:15:00	62100	187	169	0	525	2	3	0	1	1	1	0	1	104	98	0	296	25	21	0	77	8	6	0	67	0	0	0	-6	47	40	0	89
17:20:00	62400	184	165	0	544	1	2	0	0	1	0	0	2	121	94	0	323	14	22	0	69	4	3	0	68	0	0	0	-6	43	44	0	88
17:25:00	62700	128	172	0	500	0	0	0	0	0	0	0	2	83	102	0	304	3	25	0	47	9	6	0	71	0	0	0	-6	33	39	0	82
17:30:00	63000	110	146	0	464	0	0	0	0	0	1	0	1	78	95	0	287	1	12	0	36	7	5	0	73	0	0	0	-6	24	33	0	73
17:35:00	63300	107	102	0	469	0	0	0	0	0	0	0	1	76	71	0	292	1	6	0	31	9	4	0	78	0	0	0	-6	21	21	0	73
17:40:00	63600	79	112	0	436	1	0	0	1	1	1	0	1	42	71	0	263	2	8	0	25	12	9	0	81	0	0	0	-6	21	23	0	71
17:45:00	63900	119	111	0	444	0	1	0	0	0	0	0	1	85	73	0	275	1	1	0	25	7	7	0	81	0	0	0	-6	26	29	0	68
17:50:00	64200	96	101	0	439	0	0	0	0	0	0	0	1	71	75	0	271	0	6	0	19	7	1	0	87	0	0	0	-6	18	19	0	67
17:55:00	64500	107	110	0	436	1	0	0	1	0	0	0	1	79	81	0	269	1	3	0	17	5	6	0	86	0	0	0	-6	21	20	0	68
18:00:00	64800	76	123	0	389	0	1	0	0	0	0	0	1	57	89	0	237	1	2	0	16	3	6	0	83	0	0	0	-6	15	25	0	58
18:05:00	65100	74	94	0	369	0	0	0	0	0	0	0	1	46	62	0	221	0	2	0	14	8	12	0	79	0	0	0	-6	20	18	0	60
18:10:00	65400	52	89	0	332	1	1	0	0	0	1	0	0	34	62	0	193	0	0	0	14	3	5	0	77	0	0	0	-6	14	20	0	54
18:15:00	65700	45	91	0	286	0	0	0	0	0	0	0	0	28	64	0	157	1	2	0	13	2	8	0	71	0	0	0	-6	14	17	0	51
18:20:00	66000	63	66	0	283	1	1	0	0	0	0	0	0	43	39	0	161	0	1	0	12	2	10	0	63	0	0	0	-6	17	15	0	53
18:25:00	66300	45	64	0	264	0	0	0	0	0	0	0	0	29	41	0	149	0	1	0	11	0	10	0	53	0	0	0	-6	16	12	0	57
18:30:00	66600	43	65	0	242	0	0	0	0	0	0	0	0	28	41	0	136	0	0	0	11	1	8	0	46	0	0	0	-6	14	16	0	55
18:35:00	66900	62	72	0	232	0	0	0	0	0	0	0	0	38	47	0	127	1	4	0	8	0	9	0	37	0	0	0	-6	23	12	0	66
18:40:00	67200	36	49	0	219	0	0	0	0	0	0	0	0	24	27	0	124	0	1	0	7	3	2	0	38	0	0	0	-6	9	19	0	56
18:45:00	67500	32	55	0	196	0	0	0	0	0	0	0	0	25	33	0	116	0	3	0	4	2	4	0	36	0	0	0	-6	5	15	0	46
18:50:00	67800	15	40	0	171	0	0	0	0	0	0	0	0	9	25	0	100	0	0	0	4	0	5	0	31	0	0	0	-6	6	10	0	42
18:55:00	68100	25	40	0	156	0	0	0	0	0	0	0	0	15	22	0	93	0	0	0	4	0	6	0	25	0	0	0	-6	10	12	0	40
19:00:00	68400	67	42	0	181	0	0	0	0	0	0	0	0	55	28	0	120	0	0	0	4	1	7	0	19	0	0	0	-6	11	7	0	44
19:05:00	68700	83	39	1	224	0	0	0	0	0	0	0	0	61	25	0	156	0	0	0	4	4	0	0	23	0	0	1	-7	18	14	0	48
19:10:00	69000	65	61	0	228	0	0	0	0	0	0	0	0	54	48	0	162	0	0	0	4	2	1	0	24	0	0	0	-7	9	12	0	45
19:15:00	69300	56	72	1	211	0	0	0	0	0	0	0	0	43	50	0	155	0	1	0	3	2	4	0	22	0	0	1	-8	11	17	0	39
19:20:00	69600	61	65	0	207	0	0	0	0	0	0	0	0	52	52	0	155	0	0	0	3	0	2	0	20	0	0	0	-8	9	11	0	37
19:25:00	69900	86	61	0	232	0	0	0	0	0	0	0	0	74	51	0	178	0	0	0	3	1	1	0	20	0	0	0	-8	11	9	0	39
19:30:00	70200	68	60	0	240	0	0	0	0	0	0	0	0	55	46	0	187	0	0	0	3	0	4	0	16	0	0	0	-8	13	10	0	42
19:35:00	70500	51	82	0	209	1	0	0	1	0	0	0	0	40	68	0	159	0	0	0	3	0	3	0	13	0	0	0	-8	10	11	0	41
19:40:00	70800	37	56	0	190	0	1	0	0	0	0	0	0	33	45	0	147	0	0	0	3	0	0	0	13	0	0	0	-8	4	10	0	35
19:45:00	71100	68	62	0	196	0	0	0	0	0	0	0	0	53	46	0	154	0	1	0	2	3	4	0	12	0	0	0	-8	12	11	0	36
19:50:00	71400	50	60	0	186	2	0	0	2	0	0	0	0	40	49	0	145	0	0	0	2	2	1	0	13	0	0	0	-8	6	10	0	32
19:55:00	71700	49	58	0	177	0	1	0	1	0	0	0	0	40	52	0	133	0	0	0	2	0	1	0	12	0	0	0	-8	9	4	0	37
20:00:00	72000	9	49	0	137	0	0	0	1	0	0	0	0	4	37	0	100	0	0	0	2	1	2	0	11	0	0	0	-8	4	10	0	31
20:05:00	72300	5	39	0	103	0	1	0	0	0	0	0	0	3	28	0	75	0	0	0	2	1	0	0	12	0	0	0	-8	1	10	0	22
20:10:00	72600	5	17	0	91	0	0	0	0	0	0	0	0	4	13	0	66	0	0	0	2	0	0	0	12	0	0	0	-8	1	4	0	19
20:15:00	72900	7	19	0	79	0	0	0	0	0	0	0	0	3	15	0	54	0	0	0	2	1	2	0	11	0	0	0	-8	3	2	0	20
20:20:00	73200	10	21	0	68	0	0	0	0	0	0	0	0	7	15	0	46	0	1	0	1	1	2	0	10	0	0	0	-8	2	3	0	19
20:25:00	73500	10	10	0	68	0	0	0	0	0	0	0	0	5	5	0	46	0	0	0	1	0	3	0	7	0	0	0	-8	5	2	0	22
20:30:00	73800	8	20	0	56	0	0	0	0	0	0	0	0	4	12	0	38	0	1	0	0	0	3	0	4	0	0	0	-8	4	4	0	22
20:35:00	74100	4	11	0	49	0	0	0	0	0	0	0	0	3	6	0	35	0	0	0	0	0	1	0	3	0	0	0	-8	1	4	0	19
20:40:00	74400	3	8	0	44	0	0	0	0	0	0	0	0	3	5	0	33	0	0	0	0	0	0	0	3	0	0	0	-8	0	3	0	16
20:45:00	74700	5	7	0	42	0	0	0	0	0	0	0	0	3	3	0	33	0	0	0	0	0	0	0	3	0	0	0	-8	2	4	0	14
20:50:00	75000	10	15	0	37	0	0	0	0	0	0	0	0	6	9	0	30	0	0	0	0	0	0	0	3	0	0	0	-8	4	6	0	12
20:55:00	75300	4	7	0	34	0	0	0	0	0	0	0	0	3	4	0	29	0	0	0	0	0	0	0	3	0	0	0	-8	1	3	0	10
21:00:00	75600	9	10	0	33	0	0	0	0	0	0	0	0	7	7	0	29	0	0	0	0	0	0	0	3	0	0	0	-8	2	3	0	9
21:05:00	75900	6	7	0	32	0	0	0	0	0	0	0	0	5	5	0	29	0	0	0	0	0	0	0	3	0	0	0	-8	1	2	0	8
21:10:00	76200	3	5	0	30	0	0	0	0	0	0	0	0	3	3	0	29	0	0	0	0	0	0	0	3	0	0	0	-8	0	2	0	6
21:15:00	76500	2	6	0	26	0	0	0	0	0	0	0	0	2	5	0	26	0	0	0	0	0	0	0	3	0	0	0	-8	0	1	0	5
21:20:00	76800	1	4	0	23	0	0	0	0	0	0	0	0	1	4	0	23	0	0	0	0	0	0	0	3	0	0	0	-8	0	0	0	5
21:25:00	77100	1	2	0	22	0	0	0	0	0	0	0	0	1	2	0	22	0	0	0	0	0	0	0	3	0	0	0	-8	0	0	0	5
21:30:00	77400	0	4	0	18	0	0	0	0	0	0	0	0	0	4	0	18	0	0	0	0	0	0	0	3	0	0	0	-8	0	0	0	5
21:35:00	77700	0	3	0	15	0	0	0	0	0	0	0	0	0	3	0	15	0	0	0	0	0	0	0	3	0	0	0	-8	0	0	0	5
21:40:00	78000	2	3	0	14	0	0	0	0	0	0	0	0	2	3	0	14	0	0	0	0	0	0	0	3	0	0	0	-8	0	0	0	5
21:45:00	78300	1	3	0	12	0	0	0	0	0	0	0	0	1	1	0	14	0	0	0	0	0	0	0	3	0	0	0	-8	0	2	0	3
21:50:00	78600	3	5	0	10	0	0	0	0	0	0	0	0	3	5	0	12	0	0	0	0	0	0	0	3	0	0	0	-8	0	0	0	3
21:55:00	78900	0	0	0	10	0	0	0	0	0	0	0	0	0	0	0	12	0	0	0	0	0	0	0	3	0	0	0	-8	0	0	0	3
22:00:00	79200	0	1	0	9	0	0	0	0	0	0	0	0	0	1	0	11	0	0	0	0	0	0	0	3	0	0	0	-8	0	0	0	3
22:05:00	79500	0	1	0	8	0	0	0	0	0	0	0	0	0	0	0	11	0	0	0	0	0	0	0	3	0	0	0	-8	0	1	0	2
22:10:00	79800	1	1	0	8	0	0	0	0	0	0	0	0	1	1	0	11	0	0	0	0	0	0	0	3	0	0	0	-8	0	0	0	2
22:15:00	80100	3	5	0	6	0	0	0	0	0	0	0	0	2	4	0	9	0	0	0	0	0	0	0	3	0	0	0	-8	1	1	0	2
22:20:00	80400	0	3	0	3	0	0	0	0	0	0	0	0	0	1	0	8	0	0	0	0	0	0	0	3	0	0	0	-8	0	2	0	0
22:25:00	80700	0	2	0	1	0	0	0	0	0	0	0	0	0	2	0	6	0	0	0	0	0	0	0	3	0	0	0	-8	0	0	0	0
22:30:00	81000	0	0	0	1	0	0	0	0	0	0	0	0	0	0	0	6	0	0	0	0	0	0	0	3	0	0	0	-8	0	0	0	0
22:35:00	81300	0	0	0	1	0	0	0	0	0	0	0	0	0	0	0	6	0	0	0	0	0	0	0	3	0	0	0	-8	0	0	0	0
22:40:00	81600	0	1	0	0	0	0	0	0	0	0	0	0	0	1	0	5	0	0	0	0	0	0	0	3	0	0	0	-8	0	0	0	0
22:45:00	81900	2	2	0	0	0	0	0	0	0	0	0	0	2	2	0	5	0	0	0	0	0	0	0	3	0	0	0	-8	0	0	0	0
22:50:00	82200	0	1	0	-1	0	0	0	0	0	0	0	0	0	1	0	4	0	0	0	0	0	0	0	3	0	0	0	-8	0	0	0	0
22:55:00	82500	0	0	0	-1	0	0	0	0	0	0	0	0	0	0	0	4	0	0	0	0	0	0	0	3	0	0	0	-8	0	0	0	0
23:00:00	82800	0	0	0	-1	0	0	0	0	0	0	0	0	0	0	0	4	0	0	0	0	0	0	0	3	0	0	0	-8	0	0	0	0
23:05:00	83100	0	0	0	-1	0	0	0	0	0	0	0	0	0	0	0	4	0	0	0	0	0	0	0	3	0	0	0	-8	0	0	0	0
23:10:00	83400	0	0	0	-1	0	0	0	0	0	0	0	0	0	0	0	4	0	0	0	0	0	0	0	3	0	0	0	-8	0	0	0	0
23:15:00	83700	6	2	0	3	0	0	0	0	0	0	0	0	6	2	0	8	0	0	0	0	0	0	0	3	0	0	0	-8	0	0	0	0
23:20:00	84000	5	4	0	4	0	0	0	0	0	0	0	0	5	4	0	9	0	0	0	0	0	0	0	3	0	0	0	-8	0	0	0	0
23:25:00	84300	5	2	0	7	0	0	0	0	0	0	0	0	3	1	0	11	0	0	0	0	0	0	0	3	0	0	0	-8	2	1	0	1
23:30:00	84600	2	6	0	3	0	0	0	0	0	0	0	0	2	5	0	8	0	0	0	0	0	0	0	3	0	0	0	-8	0	1	0	0
23:35:00	84900	2	0	0	5	0	0	0	0	0	0	0	0	2	0	0	10	0	0	0	0	0	0	0	3	0	0	0	-8	0	0	0	0
23:40:00	85200	3	3	0	5	0	0	0	0	0	0	0	0	3	3	0	10	0	0	0	0	0	0	0	3	0	0	0	-8	0	0	0	0
23:45:00	85500	4	2	0	7	0	0	0	0	0	0	0	0	2	2	0	10	0	0	0	0	0	0	0	3	0	0	0	-8	2	0	0	2
23:50:00	85800	4	6	0	5	0	0	0	0	0	0	0	0	3	3	0	10	0	0	0	0	0	0	0	3	0	0	0	-8	1	3	0	0
23:55:00	86100	2	2	0	5	0	0	0	0	0	0	0	0	0	2	0	8	0	0	0	0	0	0	0	3	0	0	0	-8	2	0	0	2
24:00:00	86400	4	1	0	8	0	0	0	0	0	0	0	0	4	0	0	12	0	0	0	0	0	0	0	3	0	0	0	-8	0	1	0	1
24:05:00	86700	2	4	0	6	0	0	0	0	0	0	0	0	2	3	0	11	0	0	0	0	0	0	0	3	0	0	0	-8	0	1	0	0
24:10:00	87000	3	3	0	6	0	0	0	0	0	0	0	0	3	3	0	11	0	0	0	0	0	0	0	3	0	0	0	-8	0	0	0	0
24:15:00	87300	0	3	0	3	0	0	0	0	0	0	0	0	0	3	0	8	0	0	0	0	0	0	0	3	0	0	0	-8	0	0	0	0
24:20:00	87600	0	2	0	1	0	0	0	0	0	0	0	0	0	2	0	6	0	0	0	0	0	0	0	3	0	0	0	-8	0	0	0	0
24:25:00	87900	0	1	0	0	0	0	0	0	0	0	0	0	0	1	0	5	0	0	0	0	0	0	0	3	0	0	0	-8	0	0	0	0
24:30:00	88200	0	0	0	0	0	0	0	0	0	0	0	0	0	0	0	5	0	0	0	0	0	0	0	3	0	0	0	-8	0	0	0	0
24:35:00	88500	0	2	0	-2	0	0	0	0	0	0	0	0	0	2	0	3	0	0	0	0	0	0	0	3	0	0	0	-8	0	0	0	0
24:40:00	88800	0	0	0	-2	0	0	0	0	0	0	0	0	0	0	0	3	0	0	0	0	0	0	0	3	0	0	0	-8	0	0	0	0
24:45:00	89100	0	0	0	-2	0	0	0	0	0	0	0	0	0	0	0	3	0	0	0	0	0	0	0	3	0	0	0	-8	0	0	0	0
24:50:00	89400	0	2	0	-4	0	0	0	0	0	0	0	0	0	2	0	1	0	0	0	0	0	0	0	3	0	0	0	-8	0	0	0	0
24:55:00	89700	0	0	0	-4	0	0	0	0	0	0	0	0	0	0	0	1	0	0	0	0	0	0	0	3	0	0	0	-8	0	0	0	0
25:00:00	90000	0	0	0	-4	0	0	0	0	0	0	0	0	0	0	0	1	0	0	0	0	0	0	0	3	0	0	0	-8	0	0	0	0
25:05:00	90300	0	0	0	-4	0	0	0	0	0	0	0	0	0	0	0	1	0	0	0	0	0	0	0	3	0	0	0	-8	0	0	0	0
25:10:00	90600	0	0	0	-4	0	0	0	0	0	0	0	0	0	0	0	1	0	0	0	0	0	0	0	3	0	0	0	-8	0	0	0	0
25:15:00	90900	0	0	0	-4	0	0	0	0	0	0	0	0	0	0	0	1	0	0	0	0	0	0	0	3	0	0	0	-8	0	0	0	0
25:20:00	91200	0	0	0	-4	0	0	0	0	0	0	0	0	0	0	0	1	0	0	0	0	0	0	0	3	0	0	0	-8	0	0	0	0
25:25:00	91500	0	0	0	-4	0	0	0	0	0	0	0	0	0	0	0	1	0	0	0	0	0	0	0	3	0	0	0	-8	0	0	0	0
25:30:00	91800	0	0	0	-4	0	0	0	0	0	0	0	0	0	0	0	1	0	0	0	0	0	0	0	3	0	0	0	-8	0	0	0	0
25:35:00	92100	0	0	0	-4	0	0	0	0	0	0	0	0	0	0	0	1	0	0	0	0	0	0	0	3	0	0	0	-8	0	0	0	0
25:40:00	92400	0	0	0	-4	0	0	0	0	0	0	0	0	0	0	0	1	0	0	0	0	0	0	0	3	0	0	0	-8	0	0	0	0
25:45:00	92700	0	0	0	-4	0	0	0	0	0	0	0	0	0	0	0	1	0	0	0	0	0	0	0	3	0	0	0	-8	0	0	0	0
25:50:00	93000	0	0	0	-4	0	0	0	0	0	0	0	0	0	0	0	1	0	0	0	0	0	0	0	3	0	0	0	-8	0	0	0	0
25:55:00	93300	0	0	0	-4	0	0	0	0	0	0	0	0	0	0	0	1	0	0	0	0	0	0	0	3	0	0	0	-8	0	0	0	0
26:00:00	93600	0	0	0	-4	0	0	0	0	0	0	0	0	0	0	0	1	0	0	0	0	0	0	0	3	0	0	0	-8	0	0	0	0
26:05:00	93900	2	2	0	-4	0	0	0	0	0	0	0	0	2	2	0	1	0	0	0	0	0	0	0	3	0	0	0	-8	0	0	0	0
26:10:00	94200	0	1	0	-5	0	0	0	0	0	0	0	0	0	1	0	0	0	0	0	0	0	0	0	3	0	0	0	-8	0	0	0	0
26:15:00	94500	0	0	0	-5	0	0	0	0	0	0	0	0	0	0	0	0	0	0	0	0	0	0	0	3	0	0	0	-8	0	0	0	0
26:20:00	94800	0	0	0	-5	0	0	0	0	0	0	0	0	0	0	0	0	0	0	0	0	0	0	0	3	0	0	0	-8	0	0	0	0
26:25:00	95100	0	0	0	-5	0	0	0	0	0	0	0	0	0	0	0	0	0	0	0	0	0	0	0	3	0	0	0	-8	0	0	0	0
26:30:00	95400	0	0	0	-5	0	0	0	0	0	0	0	0	0	0	0	0	0	0	0	0	0	0	0	3	0	0	0	-8	0	0	0	0
26:35:00	95700	0	0	0	-5	0	0	0	0	0	0	0	0	0	0	0	0	0	0	0	0	0	0	0	3	0	0	0	-8	0	0	0	0
26:40:00	96000	0	0	0	-5	0	0	0	0	0	0	0	0	0	0	0	0	0	0	0	0	0	0	0	3	0	0	0	-8	0	0	0	0
26:45:00	96300	0	0	0	-5	0	0	0	0	0	0	0	0	0	0	0	0	0	0	0	0	0	0	0	3	0	0	0	-8	0	0	0	0
26:50:00	96600	0	0	0	-5	0	0	0	0	0	0	0	0	0	0	0	0	0	0	0	0	0	0	0	3	0	0	0	-8	0	0	0	0
26:55:00	96900	0	0	0	-5	0	0	0	0	0	0	0	0	0	0	0	0	0	0	0	0	0	0	0	3	0	0	0	-8	0	0	0	0
27:00:00	97200	0	0	0	-5	0	0	0	0	0	0	0	0	0	0	0	0	0	0	0	0	0	0	0	3	0	0	0	-8	0	0	0	0
27:05:00	97500	0	0	0	-5	0	0	0	0	0	0	0	0	0	0	0	0	0	0	0	0	0	0	0	3	0	0	0	-8	0	0	0	0
27:10:00	97800	0	0	0	-5	0	0	0	0	0	0	0	0	0	0	0	0	0	0	0	0	0	0	0	3	0	0	0	-8	0	0	0	0
27:15:00	98100	0	0	0	-5	0	0	0	0	0	0	0	0	0	0	0	0	0	0	0	0	0	0	0	3	0	0	0	-8	0	0	0	0
27:20:00	98400	0	0	0	-5	0	0	0	0	0	0	0	0	0	0	0	0	0	0	0	0	0	0	0	3	0	0	0	-8	0	0	0	0
27:25:00	98700	0	0	0	-5	0	0	0	0	0	0	0	0	0	0	0	0	0	0	0	0	0	0	0	3	0	0	0	-8	0	0	0	0
27:30:00	99000	0	0	0	-5	0	0	0	0	0	0	0	0	0	0	0	0	0	0	0	0	0	0	0	3	0	0	0	-8	0	0	0	0
27:35:00	99300	0	0	0	-5	0	0	0	0	0	0	0	0	0	0	0	0	0	0	0	0	0	0	0	3	0	0	0	-8	0	0	0	0
27:40:00	99600	0	0	0	-5	0	0	0	0	0	0	0	0	0	0	0	0	0	0	0	0	0	0	0	3	0	0	0	-8	0	0	0	0
27:45:00	99900	0	0	0	-5	0	0	0	0	0	0	0	0	0	0	0	0	0	0	0	0	0	0	0	3	0	0	0	-8	0	0	0	0
27:50:00	100200	0	0	0	-5	0	0	0	0	0	0	0	0	0	0	0	0	0	0	0	0	0	0	0	3	0	0	0	-8	0	0	0	0
27:55:00	100500	0	0	0	-5	0	0	0	0	0	0	0	0	0	0	0	0	0	0	0	0	0	0	0	3	0	0	0	-8	0	0	0	0
28:00:00	100800	0	0	0	-5	0	0	0	0	0	0	0	0	0	0	0	0	0	0	0	0	0	0	0	3	0	0	0	-8	0	0	0	0
28:05:00	101100	0	0	0	-5	0	0	0	0	0	0	0	0	0	0	0	0	0	0	0	0	0	0	0	3	0	0	0	-8	0	0	0	0
28:10:00	101400	0	0	0	-5	0	0	0	0	0	0	0	0	0	0	0	0	0	0	0	0	0	0	0	3	0	0	0	-8	0	0	0	0
28:15:00	101700	0	0	0	-5	0	0	0	0	0	0	0	0	0	0	0	0	0	0	0	0	0	0	0	3	0	0	0	-8	0	0	0	0
28:20:00	102000	0	0	0	-5	0	0	0	0	0	0	0	0	0	0	0	0	0	0	0	0	0	0	0	3	0	0	0	-8	0	0	0	0
28:25:00	102300	0	0	0	-5	0	0	0	0	0	0	0	0	0	0	0	0	0	0	0	0	0	0	0	3	0	0	0	-8	0	0	0	0
28:30:00	102600	0	0	0	-5	0	0	0	0	0	0	0	0	0	0	0	0	0	0	0	0	0	0	0	3	0	0	0	-8	0	0	0	0
28:35:00	102900	0	0	0	-5	0	0	0	0	0	0	0	0	0	0	0	0	0	0	0	0	0	0	0	3	0	0	0	-8	0	0	0	0
28:40:00	103200	0	0	0	-5	0	0	0	0	0	0	0	0	0	0	0	0	0	0	0	0	0	0	0	3	0	0	0	-8	0	0	0	0
28:45:00	103500	0	0	0	-5	0	0	0	0	0	0	0	0	0	0	0	0	0	0	0	0	0	0	0	3	0	0	0	-8	0	0	0	0
28:50:00	103800	0	0	0	-5	0	0	0	0	0	0	0	0	0	0	0	0	0	0	0	0	0	0	0	3	0	0	0	-8	0	0	0	0
28:55:00	104100	0	0	0	-5	0	0	0	0	0	0	0	0	0	0	0	0	0	0	0	0	0	0	0	3	0	0	0	-8	0	0	0	0
29:00:00	104400	0	0	0	-5	0	0	0	0	0	0	0	0	0	0	0	0	0	0	0	0	0	0	0	3	0	0	0	-8	0	0	0	0
29:05:00	104700	0	0	0	-5	0	0	0	0	0	0	0	0	0	0	0	0	0	0	0	0	0	0	0	3	0	0	0	-8	0	0	0	0
29:10:00	105000	0	0	0	-5	0	0	0	0	0	0	0	0	0	0	0	0	0	0	0	0	0	0	0	3	0	0	0	-8	0	0	0	0
29:15:00	105300	0	0	0	-5	0	0	0	0	0	0	0	0	0	0	0	0	0	0	0	0	0	0	0	3	0	0	0	-8	0	0	0	0
29:20:00	105600	0	0	0	-5	0	0	0	0	0	0	0	0	0	0	0	0	0	0	0	0	0	0	0	3	0	0	0	-8	0	0	0	0
29:25:00	105900	0	0	0	-5	0	0	0	0	0	0	0	0	0	0	0	0	0	0	0	0	0	0	0	3	0	0	0	-8	0	0	0	0
29:30:00	106200	0	0	0	-5	0	0	0	0	0	0	0	0	0	0	0	0	0	0	0	0	0	0	0	3	0	0	0	-8	0	0	0	0
29:35:00	106500	0	0	0	-5	0	0	0	0	0	0	0	0	0	0	0	0	0	0	0	0	0	0	0	3	0	0	0	-8	0	0	0	0
29:40:00	106800	0	0	0	-5	0	0	0	0	0	0	0	0	0	0	0	0	0	0	0	0	0	0	0	3	0	0	0	-8	0	0	0	0
29:45:00	107100	0	0	0	-5	0	0	0	0	0	0	0	0	0	0	0	0	0	0	0	0	0	0	0	3	0	0	0	-8	0	0	0	0
29:50:00	107400	0	0	0	-5	0	0	0	0	0	0	0	0	0	0	0	0	0	0	0	0	0	0	0	3	0	0	0	-8	0	0	0	0
29:55:00	107700	0	0	0	-5	0	0	0	0	0	0	0	0	0	0	0	0	0	0	0	0	0	0	0	3	0	0	0	-8	0	0	0	0
30:00:00	108000	0	0	3	-8	0	0	0	0	0	0	0	0	0	0	0	0	0	0	0	0	0	0	3	0	0	0	0	-8	0	0	0	0
30:05:00	108300	0	0	0	-8	0	0	0	0	0	0	0	0	0	0	0	0	0	0	0	0	0	0	0	0	0	0	0	-8	0	0	0	0
