time	time	departures_all	arrivals_all	stuck_all	en-route_all	departures_Shared-Bike	arrivals_Shared-Bike	stuck_Shared-Bike	en-route_Shared-Bike	departures_bike	arrivals_bike	stuck_bike	en-route_bike	departures_car	arrivals_car	stuck_car	en-route_car	departures_car_passenger	arrivals_car_passenger	stuck_car_passenger	en-route_car_passenger	departures_eScooter	arrivals_eScooter	stuck_eScooter	en-route_eScooter	departures_pt	arrivals_pt	stuck_pt	en-route_pt	departures_sharing:standardBikeShare	arrivals_sharing:standardBikeShare	stuck_sharing:standardBikeShare	en-route_sharing:standardBikeShare	departures_sharing:standardeScooter	arrivals_sharing:standardeScooter	stuck_sharing:standardeScooter	en-route_sharing:standardeScooter	departures_walk	arrivals_walk	stuck_walk	en-route_walk
00:00:00	0	0	0	0	0	0	0	0	0	0	0	0	0	0	0	0	0	0	0	0	0	0	0	0	0	0	0	0	0	0	0	0	0	0	0	0	0	0	0	0	0
00:05:00	300	0	0	0	0	0	0	0	0	0	0	0	0	0	0	0	0	0	0	0	0	0	0	0	0	0	0	0	0	0	0	0	0	0	0	0	0	0	0	0	0
00:10:00	600	0	0	0	0	0	0	0	0	0	0	0	0	0	0	0	0	0	0	0	0	0	0	0	0	0	0	0	0	0	0	0	0	0	0	0	0	0	0	0	0
00:15:00	900	0	0	0	0	0	0	0	0	0	0	0	0	0	0	0	0	0	0	0	0	0	0	0	0	0	0	0	0	0	0	0	0	0	0	0	0	0	0	0	0
00:20:00	1200	0	0	0	0	0	0	0	0	0	0	0	0	0	0	0	0	0	0	0	0	0	0	0	0	0	0	0	0	0	0	0	0	0	0	0	0	0	0	0	0
00:25:00	1500	0	0	0	0	0	0	0	0	0	0	0	0	0	0	0	0	0	0	0	0	0	0	0	0	0	0	0	0	0	0	0	0	0	0	0	0	0	0	0	0
00:30:00	1800	0	0	0	0	0	0	0	0	0	0	0	0	0	0	0	0	0	0	0	0	0	0	0	0	0	0	0	0	0	0	0	0	0	0	0	0	0	0	0	0
00:35:00	2100	0	0	0	0	0	0	0	0	0	0	0	0	0	0	0	0	0	0	0	0	0	0	0	0	0	0	0	0	0	0	0	0	0	0	0	0	0	0	0	0
00:40:00	2400	0	0	0	0	0	0	0	0	0	0	0	0	0	0	0	0	0	0	0	0	0	0	0	0	0	0	0	0	0	0	0	0	0	0	0	0	0	0	0	0
00:45:00	2700	0	0	0	0	0	0	0	0	0	0	0	0	0	0	0	0	0	0	0	0	0	0	0	0	0	0	0	0	0	0	0	0	0	0	0	0	0	0	0	0
00:50:00	3000	0	0	0	0	0	0	0	0	0	0	0	0	0	0	0	0	0	0	0	0	0	0	0	0	0	0	0	0	0	0	0	0	0	0	0	0	0	0	0	0
00:55:00	3300	0	0	0	0	0	0	0	0	0	0	0	0	0	0	0	0	0	0	0	0	0	0	0	0	0	0	0	0	0	0	0	0	0	0	0	0	0	0	0	0
01:00:00	3600	0	0	0	0	0	0	0	0	0	0	0	0	0	0	0	0	0	0	0	0	0	0	0	0	0	0	0	0	0	0	0	0	0	0	0	0	0	0	0	0
01:05:00	3900	0	0	0	0	0	0	0	0	0	0	0	0	0	0	0	0	0	0	0	0	0	0	0	0	0	0	0	0	0	0	0	0	0	0	0	0	0	0	0	0
01:10:00	4200	0	0	0	0	0	0	0	0	0	0	0	0	0	0	0	0	0	0	0	0	0	0	0	0	0	0	0	0	0	0	0	0	0	0	0	0	0	0	0	0
01:15:00	4500	0	0	0	0	0	0	0	0	0	0	0	0	0	0	0	0	0	0	0	0	0	0	0	0	0	0	0	0	0	0	0	0	0	0	0	0	0	0	0	0
01:20:00	4800	0	0	0	0	0	0	0	0	0	0	0	0	0	0	0	0	0	0	0	0	0	0	0	0	0	0	0	0	0	0	0	0	0	0	0	0	0	0	0	0
01:25:00	5100	0	0	0	0	0	0	0	0	0	0	0	0	0	0	0	0	0	0	0	0	0	0	0	0	0	0	0	0	0	0	0	0	0	0	0	0	0	0	0	0
01:30:00	5400	0	0	0	0	0	0	0	0	0	0	0	0	0	0	0	0	0	0	0	0	0	0	0	0	0	0	0	0	0	0	0	0	0	0	0	0	0	0	0	0
01:35:00	5700	0	0	0	0	0	0	0	0	0	0	0	0	0	0	0	0	0	0	0	0	0	0	0	0	0	0	0	0	0	0	0	0	0	0	0	0	0	0	0	0
01:40:00	6000	0	0	0	0	0	0	0	0	0	0	0	0	0	0	0	0	0	0	0	0	0	0	0	0	0	0	0	0	0	0	0	0	0	0	0	0	0	0	0	0
01:45:00	6300	0	0	0	0	0	0	0	0	0	0	0	0	0	0	0	0	0	0	0	0	0	0	0	0	0	0	0	0	0	0	0	0	0	0	0	0	0	0	0	0
01:50:00	6600	0	0	0	0	0	0	0	0	0	0	0	0	0	0	0	0	0	0	0	0	0	0	0	0	0	0	0	0	0	0	0	0	0	0	0	0	0	0	0	0
01:55:00	6900	0	0	0	0	0	0	0	0	0	0	0	0	0	0	0	0	0	0	0	0	0	0	0	0	0	0	0	0	0	0	0	0	0	0	0	0	0	0	0	0
02:00:00	7200	0	0	0	0	0	0	0	0	0	0	0	0	0	0	0	0	0	0	0	0	0	0	0	0	0	0	0	0	0	0	0	0	0	0	0	0	0	0	0	0
02:05:00	7500	0	0	0	0	0	0	0	0	0	0	0	0	0	0	0	0	0	0	0	0	0	0	0	0	0	0	0	0	0	0	0	0	0	0	0	0	0	0	0	0
02:10:00	7800	0	0	0	0	0	0	0	0	0	0	0	0	0	0	0	0	0	0	0	0	0	0	0	0	0	0	0	0	0	0	0	0	0	0	0	0	0	0	0	0
02:15:00	8100	0	0	0	0	0	0	0	0	0	0	0	0	0	0	0	0	0	0	0	0	0	0	0	0	0	0	0	0	0	0	0	0	0	0	0	0	0	0	0	0
02:20:00	8400	0	0	0	0	0	0	0	0	0	0	0	0	0	0	0	0	0	0	0	0	0	0	0	0	0	0	0	0	0	0	0	0	0	0	0	0	0	0	0	0
02:25:00	8700	0	0	0	0	0	0	0	0	0	0	0	0	0	0	0	0	0	0	0	0	0	0	0	0	0	0	0	0	0	0	0	0	0	0	0	0	0	0	0	0
02:30:00	9000	0	0	0	0	0	0	0	0	0	0	0	0	0	0	0	0	0	0	0	0	0	0	0	0	0	0	0	0	0	0	0	0	0	0	0	0	0	0	0	0
02:35:00	9300	0	0	0	0	0	0	0	0	0	0	0	0	0	0	0	0	0	0	0	0	0	0	0	0	0	0	0	0	0	0	0	0	0	0	0	0	0	0	0	0
02:40:00	9600	0	0	0	0	0	0	0	0	0	0	0	0	0	0	0	0	0	0	0	0	0	0	0	0	0	0	0	0	0	0	0	0	0	0	0	0	0	0	0	0
02:45:00	9900	0	0	0	0	0	0	0	0	0	0	0	0	0	0	0	0	0	0	0	0	0	0	0	0	0	0	0	0	0	0	0	0	0	0	0	0	0	0	0	0
02:50:00	10200	0	0	0	0	0	0	0	0	0	0	0	0	0	0	0	0	0	0	0	0	0	0	0	0	0	0	0	0	0	0	0	0	0	0	0	0	0	0	0	0
02:55:00	10500	0	0	0	0	0	0	0	0	0	0	0	0	0	0	0	0	0	0	0	0	0	0	0	0	0	0	0	0	0	0	0	0	0	0	0	0	0	0	0	0
03:00:00	10800	0	0	0	0	0	0	0	0	0	0	0	0	0	0	0	0	0	0	0	0	0	0	0	0	0	0	0	0	0	0	0	0	0	0	0	0	0	0	0	0
03:05:00	11100	0	0	0	0	0	0	0	0	0	0	0	0	0	0	0	0	0	0	0	0	0	0	0	0	0	0	0	0	0	0	0	0	0	0	0	0	0	0	0	0
03:10:00	11400	0	0	0	0	0	0	0	0	0	0	0	0	0	0	0	0	0	0	0	0	0	0	0	0	0	0	0	0	0	0	0	0	0	0	0	0	0	0	0	0
03:15:00	11700	0	0	0	0	0	0	0	0	0	0	0	0	0	0	0	0	0	0	0	0	0	0	0	0	0	0	0	0	0	0	0	0	0	0	0	0	0	0	0	0
03:20:00	12000	0	0	0	0	0	0	0	0	0	0	0	0	0	0	0	0	0	0	0	0	0	0	0	0	0	0	0	0	0	0	0	0	0	0	0	0	0	0	0	0
03:25:00	12300	0	0	0	0	0	0	0	0	0	0	0	0	0	0	0	0	0	0	0	0	0	0	0	0	0	0	0	0	0	0	0	0	0	0	0	0	0	0	0	0
03:30:00	12600	0	0	0	0	0	0	0	0	0	0	0	0	0	0	0	0	0	0	0	0	0	0	0	0	0	0	0	0	0	0	0	0	0	0	0	0	0	0	0	0
03:35:00	12900	0	0	0	0	0	0	0	0	0	0	0	0	0	0	0	0	0	0	0	0	0	0	0	0	0	0	0	0	0	0	0	0	0	0	0	0	0	0	0	0
03:40:00	13200	0	0	0	0	0	0	0	0	0	0	0	0	0	0	0	0	0	0	0	0	0	0	0	0	0	0	0	0	0	0	0	0	0	0	0	0	0	0	0	0
03:45:00	13500	0	0	0	0	0	0	0	0	0	0	0	0	0	0	0	0	0	0	0	0	0	0	0	0	0	0	0	0	0	0	0	0	0	0	0	0	0	0	0	0
03:50:00	13800	0	0	0	0	0	0	0	0	0	0	0	0	0	0	0	0	0	0	0	0	0	0	0	0	0	0	0	0	0	0	0	0	0	0	0	0	0	0	0	0
03:55:00	14100	0	0	0	0	0	0	0	0	0	0	0	0	0	0	0	0	0	0	0	0	0	0	0	0	0	0	0	0	0	0	0	0	0	0	0	0	0	0	0	0
04:00:00	14400	0	0	0	0	0	0	0	0	0	0	0	0	0	0	0	0	0	0	0	0	0	0	0	0	0	0	0	0	0	0	0	0	0	0	0	0	0	0	0	0
04:05:00	14700	0	0	0	0	0	0	0	0	0	0	0	0	0	0	0	0	0	0	0	0	0	0	0	0	0	0	0	0	0	0	0	0	0	0	0	0	0	0	0	0
04:10:00	15000	0	0	0	0	0	0	0	0	0	0	0	0	0	0	0	0	0	0	0	0	0	0	0	0	0	0	0	0	0	0	0	0	0	0	0	0	0	0	0	0
04:15:00	15300	0	0	0	0	0	0	0	0	0	0	0	0	0	0	0	0	0	0	0	0	0	0	0	0	0	0	0	0	0	0	0	0	0	0	0	0	0	0	0	0
04:20:00	15600	0	0	0	0	0	0	0	0	0	0	0	0	0	0	0	0	0	0	0	0	0	0	0	0	0	0	0	0	0	0	0	0	0	0	0	0	0	0	0	0
04:25:00	15900	0	0	0	0	0	0	0	0	0	0	0	0	0	0	0	0	0	0	0	0	0	0	0	0	0	0	0	0	0	0	0	0	0	0	0	0	0	0	0	0
04:30:00	16200	0	0	0	0	0	0	0	0	0	0	0	0	0	0	0	0	0	0	0	0	0	0	0	0	0	0	0	0	0	0	0	0	0	0	0	0	0	0	0	0
04:35:00	16500	0	0	0	0	0	0	0	0	0	0	0	0	0	0	0	0	0	0	0	0	0	0	0	0	0	0	0	0	0	0	0	0	0	0	0	0	0	0	0	0
04:40:00	16800	0	0	0	0	0	0	0	0	0	0	0	0	0	0	0	0	0	0	0	0	0	0	0	0	0	0	0	0	0	0	0	0	0	0	0	0	0	0	0	0
04:45:00	17100	0	0	0	0	0	0	0	0	0	0	0	0	0	0	0	0	0	0	0	0	0	0	0	0	0	0	0	0	0	0	0	0	0	0	0	0	0	0	0	0
04:50:00	17400	0	0	0	0	0	0	0	0	0	0	0	0	0	0	0	0	0	0	0	0	0	0	0	0	0	0	0	0	0	0	0	0	0	0	0	0	0	0	0	0
04:55:00	17700	0	0	0	0	0	0	0	0	0	0	0	0	0	0	0	0	0	0	0	0	0	0	0	0	0	0	0	0	0	0	0	0	0	0	0	0	0	0	0	0
05:00:00	18000	0	0	0	0	0	0	0	0	0	0	0	0	0	0	0	0	0	0	0	0	0	0	0	0	0	0	0	0	0	0	0	0	0	0	0	0	0	0	0	0
05:05:00	18300	0	0	0	0	0	0	0	0	0	0	0	0	0	0	0	0	0	0	0	0	0	0	0	0	0	0	0	0	0	0	0	0	0	0	0	0	0	0	0	0
05:10:00	18600	0	0	0	0	0	0	0	0	0	0	0	0	0	0	0	0	0	0	0	0	0	0	0	0	0	0	0	0	0	0	0	0	0	0	0	0	0	0	0	0
05:15:00	18900	0	0	0	0	0	0	0	0	0	0	0	0	0	0	0	0	0	0	0	0	0	0	0	0	0	0	0	0	0	0	0	0	0	0	0	0	0	0	0	0
05:20:00	19200	0	0	0	0	0	0	0	0	0	0	0	0	0	0	0	0	0	0	0	0	0	0	0	0	0	0	0	0	0	0	0	0	0	0	0	0	0	0	0	0
05:25:00	19500	0	0	0	0	0	0	0	0	0	0	0	0	0	0	0	0	0	0	0	0	0	0	0	0	0	0	0	0	0	0	0	0	0	0	0	0	0	0	0	0
05:30:00	19800	0	0	0	0	0	0	0	0	0	0	0	0	0	0	0	0	0	0	0	0	0	0	0	0	0	0	0	0	0	0	0	0	0	0	0	0	0	0	0	0
05:35:00	20100	0	0	0	0	0	0	0	0	0	0	0	0	0	0	0	0	0	0	0	0	0	0	0	0	0	0	0	0	0	0	0	0	0	0	0	0	0	0	0	0
05:40:00	20400	0	0	0	0	0	0	0	0	0	0	0	0	0	0	0	0	0	0	0	0	0	0	0	0	0	0	0	0	0	0	0	0	0	0	0	0	0	0	0	0
05:45:00	20700	0	0	0	0	0	0	0	0	0	0	0	0	0	0	0	0	0	0	0	0	0	0	0	0	0	0	0	0	0	0	0	0	0	0	0	0	0	0	0	0
05:50:00	21000	0	0	0	0	0	0	0	0	0	0	0	0	0	0	0	0	0	0	0	0	0	0	0	0	0	0	0	0	0	0	0	0	0	0	0	0	0	0	0	0
05:55:00	21300	0	0	0	0	0	0	0	0	0	0	0	0	0	0	0	0	0	0	0	0	0	0	0	0	0	0	0	0	0	0	0	0	0	0	0	0	0	0	0	0
06:00:00	21600	4	0	0	4	0	0	0	0	0	0	0	0	3	0	0	3	0	0	0	0	0	0	0	0	0	0	0	0	0	0	0	0	0	0	0	0	1	0	0	1
06:05:00	21900	4	1	0	7	0	0	0	0	0	0	0	0	3	1	0	5	0	0	0	0	0	0	0	0	0	0	0	0	0	0	0	0	0	0	0	0	1	0	0	2
06:10:00	22200	3	1	0	9	0	0	0	0	0	0	0	0	3	1	0	7	0	0	0	0	0	0	0	0	0	0	0	0	0	0	0	0	0	0	0	0	0	0	0	2
06:15:00	22500	1	2	0	8	0	0	0	0	0	0	0	0	0	2	0	5	0	0	0	0	0	0	0	0	0	0	0	0	0	0	0	0	0	0	0	0	1	0	0	3
06:20:00	22800	4	1	0	11	0	0	0	0	0	0	0	0	4	1	0	8	0	0	0	0	0	0	0	0	0	0	0	0	0	0	0	0	0	0	0	0	0	0	0	3
06:25:00	23100	5	3	0	13	0	0	0	0	0	0	0	0	3	3	0	8	0	0	0	0	0	0	0	0	0	0	0	0	0	0	0	0	0	0	0	0	2	0	0	5
06:30:00	23400	42	3	1	51	0	0	0	0	0	0	0	0	32	2	0	38	0	0	0	0	0	0	0	0	0	0	0	0	0	0	0	0	0	0	1	-1	10	1	0	14
06:35:00	23700	37	20	1	67	0	0	0	0	0	0	0	0	27	16	0	49	0	0	0	0	0	0	0	0	0	0	0	0	0	0	0	0	0	0	1	-2	10	4	0	20
06:40:00	24000	35	19	0	83	0	0	0	0	0	0	0	0	29	15	0	63	0	0	0	0	0	0	0	0	2	0	0	2	0	0	0	0	0	0	0	-2	4	4	0	20
06:45:00	24300	35	36	1	81	0	0	0	0	0	0	0	0	21	28	0	56	0	0	0	0	0	0	0	0	2	0	0	4	0	0	0	0	0	0	1	-3	12	8	0	24
06:50:00	24600	44	29	0	96	1	0	0	1	0	0	0	0	24	23	0	57	0	0	0	0	2	0	0	2	0	0	0	4	0	0	0	0	0	0	0	-3	17	6	0	35
06:55:00	24900	84	40	1	139	0	0	0	1	0	0	0	0	54	27	0	84	0	0	0	0	2	1	0	3	0	0	0	4	0	0	0	0	0	0	1	-4	28	12	0	51
07:00:00	25200	69	54	1	153	1	1	0	1	0	0	0	0	43	42	0	85	0	0	0	0	3	2	0	4	1	0	0	5	0	0	0	0	0	0	1	-5	21	9	0	63
07:05:00	25500	68	52	6	163	0	1	0	0	0	0	0	0	34	29	0	90	0	0	0	0	1	1	0	4	2	0	0	7	0	0	0	0	0	0	6	-11	31	21	0	73
07:10:00	25800	67	46	1	183	0	0	0	0	0	0	0	0	40	24	0	106	0	0	0	0	1	2	0	3	4	0	0	11	0	0	0	0	0	0	1	-12	22	20	0	75
07:15:00	26100	88	52	3	216	0	0	0	0	0	0	0	0	60	41	0	125	0	0	0	0	1	0	0	4	0	0	0	11	0	0	0	0	0	0	3	-15	27	11	0	91
07:20:00	26400	80	61	0	235	1	1	0	0	0	0	0	0	55	46	0	134	0	0	0	0	2	1	0	5	3	1	0	13	0	0	0	0	0	0	0	-15	19	12	0	98
07:25:00	26700	116	83	4	264	0	0	0	0	0	0	0	0	75	52	0	157	0	0	0	0	0	3	0	2	7	1	0	19	0	0	1	-1	0	0	3	-18	34	27	0	105
07:30:00	27000	76	83	2	255	0	0	0	0	0	0	0	0	41	62	0	136	0	0	0	0	1	1	0	2	3	3	0	19	0	0	0	-1	0	0	2	-20	31	17	0	119
07:35:00	27300	98	96	1	256	3	0	0	3	0	0	0	0	55	67	0	124	0	0	0	0	1	0	0	3	6	4	0	21	0	0	0	-1	0	0	1	-21	33	25	0	127
07:40:00	27600	90	65	1	280	1	0	0	4	0	0	0	0	66	44	0	146	0	0	0	0	0	1	0	2	3	1	0	23	0	0	0	-1	0	0	1	-22	20	19	0	128
07:45:00	27900	101	86	2	293	0	3	0	1	0	0	0	0	60	56	0	150	0	0	0	0	2	2	0	2	5	1	0	27	0	0	0	-1	0	0	2	-24	34	24	0	138
07:50:00	28200	120	95	6	312	0	1	0	0	0	0	0	0	74	60	0	164	0	0	0	0	1	0	0	3	7	5	0	29	0	0	0	-1	0	0	6	-30	38	29	0	147
07:55:00	28500	109	96	2	323	1	0	0	1	0	0	0	0	73	71	0	166	12	1	0	11	0	1	0	2	5	0	0	34	0	0	1	-2	0	0	1	-31	18	23	0	142
08:00:00	28800	129	117	0	335	2	1	0	2	0	0	0	0	70	79	0	157	24	8	0	27	0	2	0	0	3	4	0	33	0	0	0	-2	0	0	0	-31	30	23	0	149
08:05:00	29100	105	88	3	349	0	2	0	0	0	0	0	0	56	51	0	162	17	9	0	35	0	0	0	0	2	3	0	32	0	0	0	-2	0	0	3	-34	30	23	0	156
08:10:00	29400	138	120	4	363	1	0	0	1	0	0	0	0	67	73	0	156	26	16	0	45	1	0	0	1	5	5	0	32	0	0	0	-2	0	0	4	-38	38	26	0	168
08:15:00	29700	97	110	4	346	1	0	0	2	0	0	0	0	47	67	0	136	14	15	0	44	2	1	0	2	1	2	0	31	0	0	0	-2	0	0	4	-42	32	25	0	175
08:20:00	30000	106	92	5	355	0	1	0	1	0	0	0	0	63	49	0	150	16	19	0	41	0	0	0	2	3	1	0	33	0	0	0	-2	0	0	5	-47	24	22	0	177
08:25:00	30300	110	91	1	373	0	0	0	1	0	0	0	0	62	58	0	154	20	14	0	47	0	2	0	0	3	1	0	35	0	0	0	-2	0	0	1	-48	25	16	0	186
08:30:00	30600	97	99	2	369	2	1	0	2	0	0	0	0	42	54	0	142	21	13	0	55	2	0	0	2	5	3	0	37	0	0	0	-2	0	0	2	-50	25	28	0	183
08:35:00	30900	66	79	3	353	1	2	0	1	0	0	0	0	40	46	0	136	8	20	0	43	0	0	0	2	1	0	0	38	0	0	0	-2	0	0	3	-53	16	11	0	188
08:40:00	31200	89	87	2	353	0	0	0	1	0	0	0	0	38	46	0	128	24	17	0	50	0	0	0	2	3	4	0	37	0	0	0	-2	0	0	2	-55	24	20	0	192
08:45:00	31500	106	76	3	380	0	1	0	0	0	0	0	0	50	40	0	138	39	17	0	72	1	0	0	3	2	0	0	39	0	0	0	-2	0	0	3	-58	14	18	0	188
08:50:00	31800	76	89	3	364	0	0	0	0	0	0	0	0	43	49	0	132	13	20	0	65	1	2	0	2	2	0	0	41	0	0	0	-2	0	0	3	-61	17	18	0	187
08:55:00	32100	88	102	5	345	0	0	0	0	0	0	0	0	42	54	0	120	18	20	0	63	1	1	0	2	6	5	0	42	0	0	0	-2	0	0	5	-66	21	22	0	186
09:00:00	32400	93	91	4	343	0	0	0	0	0	0	0	0	54	51	0	123	4	16	0	51	1	1	0	2	8	1	0	49	0	0	0	-2	0	0	4	-70	26	22	0	190
09:05:00	32700	61	77	1	326	0	0	0	0	0	0	0	0	30	37	0	116	6	10	0	47	1	0	0	3	3	7	0	45	0	0	0	-2	0	0	1	-71	21	23	0	188
09:10:00	33000	58	79	1	304	0	0	0	0	0	0	0	0	35	41	0	110	3	14	0	36	1	2	0	2	1	0	0	46	0	0	0	-2	0	0	1	-72	18	22	0	184
09:15:00	33300	54	72	0	286	0	0	0	0	0	0	0	0	29	39	0	100	2	11	0	27	0	2	0	0	4	0	0	50	0	0	0	-2	0	0	0	-72	19	20	0	183
09:20:00	33600	48	71	2	261	2	0	0	2	0	0	0	0	25	38	0	87	2	9	0	20	0	0	0	0	4	2	0	52	0	0	0	-2	0	0	2	-74	15	22	0	176
09:25:00	33900	55	55	1	260	0	0	0	2	0	0	0	0	24	29	0	82	4	2	0	22	1	0	0	1	2	9	0	45	0	0	0	-2	0	0	1	-75	24	15	0	185
09:30:00	34200	44	59	1	244	0	1	0	1	0	0	0	0	26	27	0	81	1	7	0	16	0	1	0	0	1	2	0	44	0	0	0	-2	0	0	1	-76	16	21	0	180
09:35:00	34500	46	59	2	229	0	1	0	0	0	0	0	0	20	32	0	69	8	5	0	19	2	0	0	2	2	1	0	45	0	0	0	-2	0	0	2	-78	14	20	0	174
09:40:00	34800	41	52	0	218	0	0	0	0	0	0	0	0	16	25	0	60	2	5	0	16	0	1	0	1	2	3	0	44	0	0	0	-2	0	0	0	-78	21	18	0	177
09:45:00	35100	43	57	0	204	0	0	0	0	0	0	0	0	17	25	0	52	0	7	0	9	0	1	0	0	3	1	0	46	0	0	0	-2	0	0	0	-78	23	23	0	177
09:50:00	35400	45	52	2	195	0	0	0	0	0	0	0	0	23	17	0	58	0	5	0	4	1	1	0	0	4	1	0	49	0	0	0	-2	0	0	2	-80	17	28	0	166
09:55:00	35700	47	42	2	198	0	0	0	0	0	0	0	0	28	22	0	64	0	0	0	4	0	0	0	0	1	1	0	49	0	0	0	-2	0	0	2	-82	18	19	0	165
10:00:00	36000	80	70	1	207	0	0	0	0	0	0	0	0	32	30	0	66	0	2	0	2	0	0	0	0	2	11	0	40	0	0	0	-2	0	0	1	-83	46	27	0	184
10:05:00	36300	63	53	3	214	0	0	0	0	0	0	0	0	28	27	0	67	0	1	0	1	2	0	0	2	0	1	0	39	0	0	0	-2	0	0	3	-86	33	24	0	193
10:10:00	36600	82	81	6	209	0	0	0	0	0	0	0	0	35	32	0	70	0	1	0	0	1	2	0	1	2	5	0	36	0	0	1	-3	0	0	5	-91	44	41	0	196
10:15:00	36900	63	71	2	199	0	0	0	0	0	0	0	0	30	35	0	65	0	0	0	0	1	0	0	2	1	1	0	36	0	0	0	-3	0	0	2	-93	31	35	0	192
10:20:00	37200	65	66	3	195	0	0	0	0	0	0	0	0	33	33	0	65	0	0	0	0	0	1	0	1	0	1	0	35	0	0	0	-3	0	0	3	-96	32	31	0	193
10:25:00	37500	75	71	1	198	1	0	0	1	0	0	0	0	40	35	0	70	0	0	0	0	0	0	0	1	1	0	0	36	0	0	0	-3	0	0	1	-97	33	36	0	190
10:30:00	37800	58	66	3	187	0	1	0	0	0	0	0	0	21	30	0	61	0	0	0	0	0	0	0	1	0	0	0	36	0	0	0	-3	0	0	3	-100	37	35	0	192
10:35:00	38100	46	65	0	168	0	0	0	0	0	0	0	0	21	32	0	50	2	1	0	1	0	1	0	0	4	0	0	40	0	0	0	-3	0	0	0	-100	19	31	0	180
10:40:00	38400	56	63	1	160	0	0	0	0	0	0	0	0	20	23	0	47	1	1	0	1	0	0	0	0	2	0	0	42	0	0	0	-3	0	0	1	-101	33	39	0	174
10:45:00	38700	71	67	2	162	0	0	0	0	0	0	0	0	26	28	0	45	3	0	0	4	0	0	0	0	2	4	0	40	0	0	0	-3	0	0	2	-103	40	35	0	179
10:50:00	39000	46	55	1	152	0	0	0	0	0	0	0	0	18	19	0	44	0	3	0	1	1	1	0	0	1	0	0	41	0	0	0	-3	0	0	1	-104	26	32	0	173
10:55:00	39300	40	57	1	134	0	0	0	0	0	0	0	0	14	16	0	42	2	0	0	3	0	0	0	0	1	1	0	41	0	0	1	-4	0	0	0	-104	23	40	0	156
11:00:00	39600	49	53	0	130	0	0	0	0	0	0	0	0	18	23	0	37	4	1	0	6	0	0	0	0	0	1	0	40	0	0	0	-4	0	0	0	-104	27	28	0	155
11:05:00	39900	75	66	3	136	0	0	0	0	0	0	0	0	33	20	0	50	1	1	0	6	0	0	0	0	7	6	0	41	0	0	0	-4	0	0	3	-107	34	39	0	150
11:10:00	40200	74	44	7	159	0	0	0	0	0	0	0	0	36	18	0	68	2	1	0	7	0	0	0	0	0	1	0	40	0	0	0	-4	0	0	7	-114	36	24	0	162
11:15:00	40500	57	60	1	155	1	0	0	1	0	0	0	0	22	31	0	59	10	3	0	14	0	0	0	0	0	1	0	39	0	0	0	-4	0	0	1	-115	24	25	0	161
11:20:00	40800	65	62	1	157	0	0	0	1	0	0	0	0	27	24	0	62	2	2	0	14	2	0	0	2	3	1	0	41	0	0	0	-4	0	0	1	-116	31	35	0	157
11:25:00	41100	76	70	2	161	0	1	0	0	0	0	0	0	40	31	0	71	3	4	0	13	0	1	0	1	0	1	0	40	0	0	0	-4	0	0	2	-118	33	32	0	158
11:30:00	41400	73	64	0	170	0	0	0	0	0	0	0	0	40	29	0	82	1	4	0	10	1	1	0	1	3	1	0	42	0	0	0	-4	0	0	0	-118	28	29	0	157
11:35:00	41700	81	74	1	176	0	0	0	0	0	0	0	0	35	31	0	86	3	3	0	10	0	0	0	1	5	7	0	40	0	0	0	-4	0	0	1	-119	38	33	0	162
11:40:00	42000	76	66	1	185	0	0	0	0	0	0	0	0	35	26	0	95	0	3	0	7	2	0	0	3	2	9	0	33	0	0	0	-4	0	0	1	-120	37	28	0	171
11:45:00	42300	77	97	2	163	0	0	0	0	0	0	0	0	35	41	0	89	3	6	0	4	1	2	0	2	2	3	0	32	0	0	0	-4	0	0	2	-122	36	45	0	162
11:50:00	42600	83	77	3	166	0	0	0	0	0	0	0	0	43	37	0	95	5	1	0	8	1	0	0	3	1	1	0	32	0	0	1	-5	0	0	2	-124	33	38	0	157
11:55:00	42900	100	90	2	174	1	0	0	1	0	0	0	0	48	38	0	105	1	1	0	8	0	2	0	1	2	5	0	29	0	0	0	-5	0	0	2	-126	48	44	0	161
12:00:00	43200	71	85	3	157	1	1	0	1	0	0	0	0	47	48	0	104	2	3	0	7	1	0	0	2	0	0	0	29	0	0	0	-5	0	0	3	-129	20	33	0	148
12:05:00	43500	62	63	2	154	1	1	0	1	0	0	0	0	32	36	0	100	8	4	0	11	0	2	0	0	2	0	0	31	0	0	0	-5	0	0	2	-131	19	20	0	147
12:10:00	43800	70	60	1	163	0	1	0	0	0	0	0	0	42	35	0	107	2	0	0	13	0	0	0	0	5	1	0	35	0	0	0	-5	0	0	1	-132	21	23	0	145
12:15:00	44100	61	77	2	145	1	0	0	1	0	0	0	0	27	47	0	87	1	3	0	11	3	1	0	2	2	2	0	35	0	0	1	-6	0	0	1	-133	27	24	0	148
12:20:00	44400	49	59	7	128	1	1	0	1	0	0	0	0	30	35	0	82	0	4	0	7	1	0	0	3	1	0	0	36	0	0	0	-6	0	0	7	-140	16	19	0	145
12:25:00	44700	58	59	4	123	1	0	0	2	0	0	0	0	38	26	0	94	0	2	0	5	1	2	0	2	1	3	0	34	0	0	0	-6	0	0	4	-144	17	26	0	136
12:30:00	45000	39	43	1	118	0	0	0	2	0	0	0	0	27	27	0	94	0	1	0	4	1	0	0	3	1	1	0	34	0	0	0	-6	0	0	1	-145	10	14	0	132
12:35:00	45300	31	46	0	103	1	2	0	1	0	0	0	0	10	26	0	78	0	2	0	2	2	1	0	4	1	2	0	33	0	0	0	-6	0	0	0	-145	17	13	0	136
12:40:00	45600	34	40	2	95	1	0	0	2	0	0	0	0	23	22	0	79	0	1	0	1	0	1	0	3	1	0	0	34	0	0	0	-6	0	0	2	-147	9	16	0	129
12:45:00	45900	47	39	1	102	1	0	0	3	0	0	0	0	28	26	0	81	0	0	0	1	1	0	0	4	1	1	0	34	0	0	1	-7	0	0	0	-147	16	12	0	133
12:50:00	46200	32	48	1	85	1	2	0	2	0	0	0	0	23	30	0	74	0	1	0	0	1	3	0	2	1	0	0	35	0	0	0	-7	0	0	1	-148	6	12	0	127
12:55:00	46500	34	40	0	79	0	2	0	0	0	0	0	0	22	27	0	69	0	0	0	0	0	0	0	2	1	2	0	34	0	0	0	-7	0	0	0	-148	11	9	0	129
13:00:00	46800	3	29	0	53	0	0	0	0	0	0	0	0	0	23	0	46	0	0	0	0	0	0	0	2	0	0	0	34	0	0	0	-7	0	0	0	-148	3	6	0	126
13:05:00	47100	4	25	1	31	1	0	0	1	0	0	0	0	0	18	0	28	0	0	0	0	0	0	0	2	1	0	0	35	0	0	0	-7	0	0	1	-149	2	7	0	121
13:10:00	47400	2	13	0	20	0	0	0	1	0	0	0	0	0	7	0	21	0	0	0	0	0	0	0	2	2	0	0	37	0	0	0	-7	0	0	0	-149	0	6	0	115
13:15:00	47700	22	18	0	24	0	1	0	0	0	0	0	0	13	9	0	25	0	0	0	0	0	0	0	2	0	2	0	35	0	0	0	-7	0	0	0	-149	9	6	0	118
13:20:00	48000	13	14	0	23	1	0	0	1	0	0	0	0	7	10	0	22	0	0	0	0	0	0	0	2	0	0	0	35	0	0	0	-7	0	0	0	-149	5	4	0	119
13:25:00	48300	17	19	0	21	0	0	0	1	0	0	0	0	9	6	0	25	0	0	0	0	2	0	0	4	0	3	0	32	0	0	0	-7	0	0	0	-149	6	10	0	115
13:30:00	48600	49	17	1	52	0	0	0	1	0	0	0	0	38	10	0	53	1	0	0	1	0	0	0	4	3	0	0	35	0	0	0	-7	0	0	1	-150	7	7	0	115
13:35:00	48900	63	60	4	51	0	1	0	0	0	0	0	0	30	31	0	52	5	0	0	6	0	2	0	2	1	6	0	30	0	0	0	-7	0	0	4	-154	27	20	0	122
13:40:00	49200	50	46	3	52	1	0	0	1	0	0	0	0	26	27	0	51	5	2	0	9	0	1	0	1	0	1	0	29	0	0	0	-7	0	0	3	-157	18	15	0	125
13:45:00	49500	58	50	2	58	1	1	0	1	0	0	0	0	32	28	0	55	2	3	0	8	3	0	0	4	1	1	0	29	0	0	1	-8	0	0	1	-158	19	17	0	127
13:50:00	49800	86	47	2	95	0	0	0	1	0	0	0	0	47	26	0	76	15	6	0	17	1	0	0	5	1	0	0	30	0	0	0	-8	0	0	2	-160	22	15	0	134
13:55:00	50100	103	60	1	137	0	0	0	1	0	0	0	0	62	35	0	103	12	6	0	23	3	3	0	5	1	0	0	31	0	0	0	-8	0	0	1	-161	25	16	0	143
14:00:00	50400	87	80	2	142	0	1	0	0	0	0	0	0	57	46	0	114	3	10	0	16	0	1	0	4	4	0	0	35	0	0	0	-8	0	0	2	-163	23	22	0	144
14:05:00	50700	85	87	3	137	0	0	0	0	0	0	0	0	31	41	0	104	9	6	0	19	1	3	0	2	3	0	0	38	0	0	0	-8	0	0	3	-166	41	37	0	148
14:10:00	51000	73	68	4	138	0	0	0	0	0	0	0	0	34	36	0	102	14	12	0	21	2	1	0	3	3	0	0	41	0	0	0	-8	0	0	4	-170	20	19	0	149
14:15:00	51300	62	60	1	139	0	0	0	0	0	0	0	0	36	37	0	101	8	8	0	21	0	0	0	3	4	0	0	45	0	0	0	-8	0	0	1	-171	14	15	0	148
14:20:00	51600	78	67	3	147	1	0	0	1	0	0	0	0	39	33	0	107	14	7	0	28	0	3	0	0	1	6	0	40	0	0	0	-8	0	0	3	-174	23	18	0	153
14:25:00	51900	69	73	1	142	1	1	0	1	0	0	0	0	39	43	0	103	16	12	0	32	0	0	0	0	1	2	0	39	0	0	0	-8	0	0	1	-175	12	15	0	150
14:30:00	52200	56	64	1	133	0	1	0	0	0	0	0	0	21	25	0	99	12	12	0	32	0	0	0	0	3	4	0	38	0	0	0	-8	0	0	1	-176	20	22	0	148
14:35:00	52500	72	69	2	134	0	0	0	0	0	0	0	0	37	35	0	101	4	12	0	24	1	0	0	1	2	1	0	39	0	0	0	-8	0	0	2	-178	28	21	0	155
14:40:00	52800	60	85	3	106	0	0	0	0	0	0	0	0	29	42	0	88	8	10	0	22	1	1	0	1	1	2	0	38	0	0	0	-8	0	0	3	-181	21	30	0	146
14:45:00	53100	52	61	2	95	0	0	0	0	0	0	0	0	24	27	0	85	9	12	0	19	1	0	0	2	4	4	0	38	0	0	0	-8	0	0	2	-183	14	18	0	142
14:50:00	53400	52	59	1	87	0	0	0	0	0	0	0	0	20	31	0	74	3	4	0	18	0	1	0	1	1	0	0	39	0	0	0	-8	0	0	1	-184	28	23	0	147
14:55:00	53700	45	51	2	79	0	0	0	0	0	0	0	0	18	24	0	68	8	6	0	20	0	0	0	1	3	1	0	41	0	0	0	-8	0	0	2	-186	16	20	0	143
15:00:00	54000	43	63	1	58	0	0	0	0	0	0	0	0	16	28	0	56	4	10	0	14	0	1	0	0	0	5	0	36	0	0	0	-8	0	0	1	-187	23	19	0	147
15:05:00	54300	52	47	3	60	0	0	0	0	0	0	0	0	23	21	0	58	0	4	0	10	3	0	0	3	1	1	0	36	0	0	0	-8	0	0	3	-190	25	21	0	151
15:10:00	54600	55	62	4	49	0	0	0	0	0	0	0	0	21	24	0	55	0	4	0	6	2	2	0	3	1	0	0	37	0	0	0	-8	0	0	4	-194	31	32	0	150
15:15:00	54900	61	51	3	56	0	0	0	0	0	0	0	0	29	17	0	67	1	2	0	5	0	3	0	0	2	2	0	37	0	0	0	-8	0	0	3	-197	29	27	0	152
15:20:00	55200	54	52	3	55	0	0	0	0	0	0	0	0	28	24	0	71	1	1	0	5	1	0	0	1	0	0	0	37	0	0	0	-8	0	0	3	-200	24	27	0	149
15:25:00	55500	50	61	3	41	0	0	0	0	0	0	0	0	31	35	0	67	0	0	0	5	1	0	0	2	1	1	0	37	0	0	0	-8	0	0	3	-203	17	25	0	141
15:30:00	55800	77	54	4	60	0	0	0	0	0	0	0	0	37	31	0	73	0	1	0	4	2	0	0	4	1	0	0	38	0	0	0	-8	0	0	4	-207	37	22	0	156
15:35:00	56100	89	65	0	84	0	0	0	0	0	0	0	0	51	34	0	90	0	0	0	4	0	1	0	3	4	2	0	40	0	0	0	-8	0	0	0	-207	34	28	0	162
15:40:00	56400	106	90	7	93	0	0	0	0	0	0	0	0	49	42	0	97	0	1	0	3	0	2	0	1	2	0	0	42	0	0	1	-9	0	0	6	-213	55	45	0	172
15:45:00	56700	73	72	2	92	0	0	0	0	0	0	0	0	37	41	0	93	0	0	0	3	0	0	0	1	8	2	0	48	0	0	1	-10	0	0	1	-214	28	29	0	171
15:50:00	57000	74	83	1	82	0	0	0	0	1	0	0	1	38	45	0	86	0	1	0	2	1	2	0	0	0	0	0	48	0	0	0	-10	0	0	1	-215	34	35	0	170
15:55:00	57300	64	74	3	69	0	0	0	0	0	1	0	0	23	37	0	72	0	0	0	2	1	0	0	1	2	3	0	47	0	0	0	-10	0	0	3	-218	38	33	0	175
16:00:00	57600	90	79	4	76	0	0	0	0	0	0	0	0	31	33	0	70	21	1	0	22	0	0	0	1	1	3	0	45	0	0	0	-10	0	0	4	-222	37	42	0	170
16:05:00	57900	87	80	2	81	1	0	0	1	0	0	0	0	34	29	0	75	19	9	0	32	1	2	0	0	0	4	0	41	0	0	0	-10	0	0	2	-224	32	36	0	166
16:10:00	58200	71	86	1	65	0	0	0	1	0	0	0	0	19	31	0	63	18	14	0	36	0	0	0	0	1	0	0	42	0	0	0	-10	0	0	1	-225	33	41	0	158
16:15:00	58500	85	86	3	61	1	1	0	1	0	0	0	0	20	29	0	54	16	13	0	39	0	0	0	0	7	6	0	43	0	0	0	-10	0	0	3	-228	41	37	0	162
16:20:00	58800	98	80	3	76	0	1	0	0	0	0	0	0	45	26	0	73	17	12	0	44	1	0	0	1	2	2	0	43	0	0	0	-10	0	0	3	-231	33	39	0	156
16:25:00	59100	102	79	4	95	0	0	0	0	0	0	0	0	33	29	0	77	28	21	0	51	1	0	0	2	2	2	0	43	0	0	0	-10	0	0	4	-235	38	27	0	167
16:30:00	59400	110	81	3	121	0	0	0	0	0	0	0	0	32	33	0	76	30	14	0	67	1	1	0	2	4	2	0	45	0	0	0	-10	0	0	3	-238	43	31	0	179
16:35:00	59700	126	100	2	145	1	0	0	1	0	0	0	0	46	28	0	94	28	22	0	73	0	1	0	1	5	2	0	48	0	0	0	-10	0	0	2	-240	46	47	0	178
16:40:00	60000	128	116	4	153	0	0	0	1	0	0	0	0	56	44	0	106	19	24	0	68	0	0	0	1	4	5	0	47	0	0	0	-10	0	0	4	-244	49	43	0	184
16:45:00	60300	102	90	0	165	0	1	0	0	0	0	0	0	39	36	0	109	30	25	0	73	4	1	0	4	1	3	0	45	0	0	0	-10	0	0	0	-244	28	24	0	188
16:50:00	60600	147	122	6	184	0	0	0	0	0	0	0	0	42	47	0	104	45	26	0	92	1	0	0	5	2	5	0	42	0	0	0	-10	0	0	6	-250	57	44	0	201
16:55:00	60900	130	129	2	183	2	0	0	2	0	0	0	0	43	44	0	103	33	32	0	93	3	5	0	3	2	3	0	41	0	0	0	-10	0	0	2	-252	47	45	0	203
17:00:00	61200	160	116	2	225	0	0	0	2	1	0	0	1	85	44	0	144	18	24	0	87	3	0	0	6	4	6	0	39	0	0	0	-10	0	0	2	-254	49	42	0	210
17:05:00	61500	167	119	1	272	0	2	0	0	0	0	0	1	99	56	0	187	12	21	0	78	0	1	0	5	4	10	0	33	0	0	0	-10	0	0	1	-255	52	29	0	233
17:10:00	61800	143	156	5	254	0	0	0	0	0	1	0	0	65	70	0	182	17	24	0	71	1	3	0	3	4	2	0	35	0	0	0	-10	0	0	5	-260	56	56	0	233
17:15:00	62100	151	144	3	258	0	0	0	0	0	0	0	0	82	76	0	188	25	19	0	77	0	0	0	3	1	5	0	31	0	0	0	-10	0	0	3	-263	43	44	0	232
17:20:00	62400	161	147	3	269	0	0	0	0	0	0	0	0	83	68	0	203	15	25	0	67	3	2	0	4	2	1	0	32	0	0	1	-11	0	0	2	-265	58	51	0	239
17:25:00	62700	113	159	1	222	1	0	0	1	0	0	0	0	65	80	0	188	0	23	0	44	2	3	0	3	3	3	0	32	0	0	0	-11	0	0	1	-266	42	50	0	231
17:30:00	63000	93	117	4	194	0	1	0	0	0	0	0	0	65	65	0	188	1	13	0	32	1	0	0	4	2	4	0	30	0	0	0	-11	0	0	4	-270	24	34	0	221
17:35:00	63300	78	90	1	181	0	0	0	0	0	0	0	0	55	58	0	185	2	6	0	28	0	1	0	3	4	3	0	31	0	0	0	-11	0	0	1	-271	17	22	0	216
17:40:00	63600	59	81	1	158	0	0	0	0	0	0	0	0	39	53	0	171	2	5	0	25	0	0	0	3	5	3	0	33	0	0	0	-11	0	0	1	-272	13	20	0	209
17:45:00	63900	92	76	2	172	0	0	0	0	0	0	0	0	64	50	0	185	0	0	0	25	1	0	0	4	2	2	0	33	0	0	0	-11	0	0	2	-274	25	24	0	210
17:50:00	64200	84	85	1	170	1	0	0	1	0	0	0	0	70	61	0	194	1	6	0	20	0	1	0	3	1	1	0	33	0	0	0	-11	0	0	1	-275	11	16	0	205
17:55:00	64500	81	104	3	144	0	1	0	0	0	0	0	0	56	70	0	180	0	3	0	17	0	0	0	3	3	3	0	33	0	0	0	-11	0	0	3	-278	22	27	0	200
18:00:00	64800	64	102	3	103	0	0	0	0	0	0	0	0	39	71	0	148	1	3	0	15	0	1	0	2	4	4	0	33	0	0	0	-11	0	0	3	-281	20	23	0	197
18:05:00	65100	64	65	0	102	0	0	0	0	0	0	0	0	42	44	0	146	0	1	0	14	1	0	0	3	2	6	0	29	0	0	0	-11	0	0	0	-281	19	14	0	202
18:10:00	65400	33	68	0	67	0	0	0	0	0	0	0	0	23	49	0	120	1	1	0	14	0	0	0	3	2	3	0	28	0	0	0	-11	0	0	0	-281	7	15	0	194
18:15:00	65700	38	78	0	27	0	0	0	0	0	0	0	0	25	56	0	89	0	2	0	12	0	1	0	2	1	3	0	26	0	0	0	-11	0	0	0	-281	12	16	0	190
18:20:00	66000	49	50	2	24	0	0	0	0	0	0	0	0	35	31	0	93	0	1	0	11	0	0	0	2	2	1	0	27	0	0	0	-11	0	0	2	-283	12	17	0	185
18:25:00	66300	34	51	0	7	0	0	0	0	0	0	0	0	26	37	0	82	0	1	0	10	0	2	0	0	0	2	0	25	0	0	0	-11	0	0	0	-283	8	9	0	184
18:30:00	66600	37	54	2	-12	0	0	0	0	0	0	0	0	21	33	0	70	0	0	0	10	0	0	0	0	1	8	0	18	0	0	0	-11	0	0	2	-285	15	13	0	186
18:35:00	66900	52	52	2	-14	0	0	0	0	0	0	0	0	38	31	0	77	1	4	0	7	0	0	0	0	0	1	0	17	0	0	0	-11	0	0	2	-287	13	16	0	183
18:40:00	67200	28	44	2	-32	0	0	0	0	0	0	0	0	21	31	0	67	0	2	0	5	0	0	0	0	3	2	0	18	0	0	0	-11	0	0	2	-289	4	9	0	178
18:45:00	67500	26	47	0	-53	0	0	0	0	0	0	0	0	20	32	0	55	0	1	0	4	0	0	0	0	0	2	0	16	0	0	0	-11	0	0	0	-289	6	12	0	172
18:50:00	67800	10	32	1	-76	0	0	0	0	0	0	0	0	6	19	0	42	0	0	0	4	0	0	0	0	0	2	0	14	0	0	0	-11	0	0	1	-290	4	11	0	165
18:55:00	68100	18	27	1	-86	0	0	0	0	0	0	0	0	9	15	0	36	0	0	0	4	1	0	0	1	0	1	0	13	0	0	0	-11	0	0	1	-291	8	11	0	162
19:00:00	68400	55	27	0	-58	0	0	0	0	0	0	0	0	43	17	0	62	0	0	0	4	0	0	0	1	0	5	0	8	0	0	0	-11	0	0	0	-291	12	5	0	169
19:05:00	68700	66	35	1	-28	0	0	0	0	0	0	0	0	55	23	0	94	0	0	0	4	0	1	0	0	1	0	0	9	0	0	0	-11	0	0	1	-292	10	11	0	168
19:10:00	69000	65	63	1	-27	0	0	0	0	0	0	0	0	47	42	0	99	0	1	0	3	2	0	0	2	0	0	0	9	0	0	0	-11	0	0	1	-293	16	20	0	164
19:15:00	69300	52	56	2	-33	0	0	0	0	0	0	0	0	29	37	0	91	0	0	0	3	4	0	0	6	1	2	0	8	0	0	0	-11	0	0	2	-295	18	17	0	165
19:20:00	69600	50	62	3	-48	0	0	0	0	0	0	0	0	33	37	0	87	0	0	0	3	1	2	0	5	0	0	0	8	0	0	0	-11	0	0	3	-298	16	23	0	158
19:25:00	69900	78	61	3	-34	0	0	0	0	0	0	0	0	62	41	0	108	0	0	0	3	1	1	0	5	0	1	0	7	0	0	0	-11	0	0	3	-301	15	18	0	155
19:30:00	70200	58	59	4	-39	0	0	0	0	1	0	0	1	45	42	0	111	0	0	0	3	1	0	0	6	0	1	0	6	0	0	0	-11	0	0	4	-305	11	16	0	150
19:35:00	70500	46	63	0	-56	0	0	0	0	0	1	0	0	36	50	0	97	0	1	0	2	1	1	0	6	0	2	0	4	0	0	0	-11	0	0	0	-305	9	8	0	151
19:40:00	70800	36	49	0	-69	0	0	0	0	0	0	0	0	31	36	0	92	0	0	0	2	0	3	0	3	0	0	0	4	0	0	0	-11	0	0	0	-305	5	10	0	146
19:45:00	71100	53	46	2	-64	0	0	0	0	0	0	0	0	38	34	0	96	0	0	0	2	1	0	0	4	0	1	0	3	0	0	0	-11	0	0	2	-307	14	11	0	149
19:50:00	71400	41	54	1	-78	0	0	0	0	0	0	0	0	32	39	0	89	0	0	0	2	0	4	0	0	0	0	0	3	0	0	0	-11	0	0	1	-308	9	11	0	147
19:55:00	71700	43	51	1	-87	0	0	0	0	0	0	0	0	30	42	0	77	0	0	0	2	0	0	0	0	0	1	0	2	0	0	0	-11	0	0	1	-309	13	8	0	152
20:00:00	72000	6	32	1	-114	1	0	0	1	0	0	0	0	2	25	0	54	0	0	0	2	0	0	0	0	1	0	0	3	0	0	0	-11	0	0	1	-310	2	7	0	147
20:05:00	72300	2	27	0	-139	0	0	0	1	0	0	0	0	1	19	0	36	0	0	0	2	0	0	0	0	0	0	0	3	0	0	0	-11	0	0	0	-310	1	8	0	140
20:10:00	72600	4	16	0	-151	0	1	0	0	0	0	0	0	1	9	0	28	0	0	0	2	0	0	0	0	0	0	0	3	0	0	0	-11	0	0	0	-310	3	6	0	137
20:15:00	72900	9	24	0	-166	0	0	0	0	0	0	0	0	4	13	0	19	0	0	0	2	1	0	0	1	1	0	0	4	0	0	0	-11	0	0	0	-310	3	11	0	129
20:20:00	73200	7	16	0	-175	0	0	0	0	0	0	0	0	2	8	0	13	0	1	0	1	0	0	0	1	0	1	0	3	0	0	0	-11	0	0	0	-310	5	6	0	128
20:25:00	73500	5	6	0	-176	0	0	0	0	0	0	0	0	3	2	0	14	0	0	0	1	0	1	0	0	0	1	0	2	0	0	0	-11	0	0	0	-310	2	2	0	128
20:30:00	73800	3	8	0	-181	0	0	0	0	0	0	0	0	1	3	0	12	0	1	0	0	0	0	0	0	0	0	0	2	0	0	0	-11	0	0	0	-310	2	4	0	126
20:35:00	74100	6	8	0	-183	0	0	0	0	0	0	0	0	3	1	0	14	0	0	0	0	0	0	0	0	0	1	0	1	0	0	0	-11	0	0	0	-310	3	6	0	123
20:40:00	74400	6	12	1	-190	0	0	0	0	0	0	0	0	3	5	0	12	0	0	0	0	0	0	0	0	0	0	0	1	0	0	0	-11	0	0	1	-311	3	7	0	119
20:45:00	74700	7	9	0	-192	0	0	0	0	0	0	0	0	4	4	0	12	0	0	0	0	0	0	0	0	0	0	0	1	0	0	0	-11	0	0	0	-311	3	5	0	117
20:50:00	75000	5	9	1	-197	0	0	0	0	0	0	0	0	3	4	0	11	0	0	0	0	0	0	0	0	0	0	0	1	0	0	0	-11	0	0	1	-312	2	5	0	114
20:55:00	75300	1	3	0	-199	0	0	0	0	0	0	0	0	0	1	0	10	0	0	0	0	0	0	0	0	0	0	0	1	0	0	0	-11	0	0	0	-312	1	2	0	113
21:00:00	75600	5	2	0	-196	0	0	0	0	0	0	0	0	4	1	0	13	0	0	0	0	0	0	0	0	0	0	0	1	0	0	0	-11	0	0	0	-312	1	1	0	113
21:05:00	75900	2	9	0	-203	0	0	0	0	0	0	0	0	2	5	0	10	0	0	0	0	0	0	0	0	0	0	0	1	0	0	0	-11	0	0	0	-312	0	4	0	109
21:10:00	76200	2	8	2	-211	0	0	0	0	0	0	0	0	0	5	0	5	0	0	0	0	0	0	0	0	0	0	0	1	0	0	0	-11	0	0	2	-314	2	3	0	108
21:15:00	76500	1	3	0	-213	0	0	0	0	0	0	0	0	0	0	0	5	0	0	0	0	0	0	0	0	0	0	0	1	0	0	0	-11	0	0	0	-314	1	3	0	106
21:20:00	76800	0	2	0	-215	0	0	0	0	0	0	0	0	0	0	0	5	0	0	0	0	0	0	0	0	0	0	0	1	0	0	0	-11	0	0	0	-314	0	2	0	104
21:25:00	77100	2	3	1	-217	0	0	0	0	0	0	0	0	1	0	0	6	0	0	0	0	0	0	0	0	0	0	0	1	0	0	0	-11	0	0	1	-315	1	3	0	102
21:30:00	77400	2	5	0	-220	0	0	0	0	0	0	0	0	0	2	0	4	0	0	0	0	0	0	0	0	0	0	0	1	0	0	0	-11	0	0	0	-315	2	3	0	101
21:35:00	77700	0	3	0	-223	0	0	0	0	0	0	0	0	0	1	0	3	0	0	0	0	0	0	0	0	0	0	0	1	0	0	0	-11	0	0	0	-315	0	2	0	99
21:40:00	78000	1	2	1	-225	0	0	0	0	0	0	0	0	0	1	0	2	0	0	0	0	0	0	0	0	0	0	0	1	0	0	0	-11	0	0	1	-316	1	1	0	99
21:45:00	78300	0	0	0	-225	0	0	0	0	0	0	0	0	0	0	0	2	0	0	0	0	0	0	0	0	0	0	0	1	0	0	0	-11	0	0	0	-316	0	0	0	99
21:50:00	78600	1	2	0	-226	0	0	0	0	0	0	0	0	1	0	0	3	0	0	0	0	0	0	0	0	0	0	0	1	0	0	0	-11	0	0	0	-316	0	2	0	97
21:55:00	78900	2	3	0	-227	0	0	0	0	0	0	0	0	0	1	0	2	0	0	0	0	0	0	0	0	0	0	0	1	0	0	0	-11	0	0	0	-316	2	2	0	97
22:00:00	79200	1	3	0	-229	0	0	0	0	0	0	0	0	0	0	0	2	0	0	0	0	0	0	0	0	0	0	0	1	0	0	0	-11	0	0	0	-316	1	3	0	95
22:05:00	79500	1	1	0	-229	0	0	0	0	0	0	0	0	1	0	0	3	0	0	0	0	0	0	0	0	0	0	0	1	0	0	0	-11	0	0	0	-316	0	1	0	94
22:10:00	79800	1	4	0	-232	0	0	0	0	0	0	0	0	0	0	0	3	0	0	0	0	0	0	0	0	0	0	0	1	0	0	0	-11	0	0	0	-316	1	4	0	91
22:15:00	80100	3	4	1	-234	0	0	0	0	0	0	0	0	1	0	0	4	0	0	0	0	0	0	0	0	0	0	0	1	0	0	0	-11	0	0	1	-317	2	4	0	89
22:20:00	80400	3	3	0	-234	0	0	0	0	0	0	0	0	1	1	0	4	0	0	0	0	0	0	0	0	0	0	0	1	0	0	0	-11	0	0	0	-317	2	2	0	89
22:25:00	80700	1	2	0	-235	0	0	0	0	0	0	0	0	1	1	0	4	0	0	0	0	0	0	0	0	0	0	0	1	0	0	0	-11	0	0	0	-317	0	1	0	88
22:30:00	81000	2	5	1	-239	0	0	0	0	0	0	0	0	1	3	0	2	0	0	0	0	0	0	0	0	0	0	0	1	0	0	0	-11	0	0	1	-318	1	2	0	87
22:35:00	81300	2	3	0	-240	0	0	0	0	0	0	0	0	1	0	0	3	0	0	0	0	0	0	0	0	0	0	0	1	0	0	0	-11	0	0	0	-318	1	3	0	85
22:40:00	81600	3	5	1	-243	0	0	0	0	0	0	0	0	1	2	0	2	0	0	0	0	0	0	0	0	0	0	0	1	0	0	0	-11	0	0	1	-319	2	3	0	84
22:45:00	81900	0	1	0	-244	0	0	0	0	0	0	0	0	0	1	0	1	0	0	0	0	0	0	0	0	0	0	0	1	0	0	0	-11	0	0	0	-319	0	0	0	84
22:50:00	82200	1	4	0	-247	0	0	0	0	0	0	0	0	0	1	0	0	0	0	0	0	0	0	0	0	0	0	0	1	0	0	0	-11	0	0	0	-319	1	3	0	82
22:55:00	82500	1	2	1	-249	0	0	0	0	0	0	0	0	0	0	0	0	0	0	0	0	0	0	0	0	0	0	0	1	0	0	0	-11	0	0	1	-320	1	2	0	81
23:00:00	82800	0	1	0	-250	0	0	0	0	0	0	0	0	0	0	0	0	0	0	0	0	0	0	0	0	0	0	0	1	0	0	0	-11	0	0	0	-320	0	1	0	80
23:05:00	83100	1	2	1	-252	0	0	0	0	0	0	0	0	0	0	0	0	0	0	0	0	0	0	0	0	0	0	0	1	0	0	0	-11	0	0	1	-321	1	2	0	79
23:10:00	83400	1	1	1	-253	0	0	0	0	0	0	0	0	0	0	0	0	0	0	0	0	0	0	0	0	0	0	0	1	0	0	0	-11	0	0	1	-322	1	1	0	79
23:15:00	83700	4	0	0	-249	0	0	0	0	0	0	0	0	3	0	0	3	0	0	0	0	0	0	0	0	0	0	0	1	0	0	0	-11	0	0	0	-322	1	0	0	80
23:20:00	84000	3	3	0	-249	0	0	0	0	0	0	0	0	2	3	0	2	0	0	0	0	0	0	0	0	0	0	0	1	0	0	0	-11	0	0	0	-322	1	0	0	81
23:25:00	84300	5	3	0	-247	0	0	0	0	0	0	0	0	3	1	0	4	0	0	0	0	0	0	0	0	0	0	0	1	0	0	0	-11	0	0	0	-322	2	2	0	81
23:30:00	84600	2	9	1	-255	0	0	0	0	0	0	0	0	0	3	0	1	0	0	0	0	0	0	0	0	0	0	0	1	0	0	0	-11	0	0	1	-323	2	6	0	77
23:35:00	84900	5	5	3	-258	0	0	0	0	0	0	0	0	2	0	0	3	0	0	0	0	0	0	0	0	0	0	0	1	0	0	0	-11	0	0	3	-326	3	5	0	75
23:40:00	85200	2	0	0	-256	0	0	0	0	0	0	0	0	2	0	0	5	0	0	0	0	0	0	0	0	0	0	0	1	0	0	0	-11	0	0	0	-326	0	0	0	75
23:45:00	85500	5	5	0	-256	0	0	0	0	0	0	0	0	5	3	0	7	0	0	0	0	0	0	0	0	0	0	0	1	0	0	0	-11	0	0	0	-326	0	2	0	73
23:50:00	85800	3	4	0	-257	0	0	0	0	0	0	0	0	2	3	0	6	0	0	0	0	0	0	0	0	0	0	0	1	0	0	0	-11	0	0	0	-326	1	1	0	73
23:55:00	86100	2	1	0	-256	0	0	0	0	0	0	0	0	1	1	0	6	0	0	0	0	0	0	0	0	0	0	0	1	0	0	0	-11	0	0	0	-326	1	0	0	74
24:00:00	86400	4	2	0	-254	0	0	0	0	0	0	0	0	3	0	0	9	0	0	0	0	0	0	0	0	0	0	0	1	0	0	0	-11	0	0	0	-326	1	2	0	73
24:05:00	86700	1	6	0	-259	0	0	0	0	0	0	0	0	1	5	0	5	0	0	0	0	0	0	0	0	0	0	0	1	0	0	0	-11	0	0	0	-326	0	1	0	72
24:10:00	87000	4	5	0	-260	0	0	0	0	0	0	0	0	4	2	0	7	0	0	0	0	0	0	0	0	0	0	0	1	0	0	0	-11	0	0	0	-326	0	3	0	69
24:15:00	87300	0	2	0	-262	0	0	0	0	0	0	0	0	0	1	0	6	0	0	0	0	0	0	0	0	0	0	0	1	0	0	0	-11	0	0	0	-326	0	1	0	68
24:20:00	87600	4	6	0	-264	0	0	0	0	0	0	0	0	2	3	0	5	0	0	0	0	0	0	0	0	0	0	0	1	0	0	0	-11	0	0	0	-326	2	3	0	67
24:25:00	87900	4	5	1	-266	1	0	0	1	0	0	0	0	1	1	0	5	0	0	0	0	0	0	0	0	0	0	0	1	0	0	0	-11	0	0	1	-327	2	4	0	65
24:30:00	88200	3	5	1	-269	0	1	0	0	0	0	0	0	1	0	0	6	0	0	0	0	0	0	0	0	0	0	0	1	0	0	0	-11	0	0	1	-328	2	4	0	63
24:35:00	88500	2	5	1	-273	0	0	0	0	0	0	0	0	1	3	0	4	0	0	0	0	0	0	0	0	0	0	0	1	0	0	0	-11	0	0	1	-329	1	2	0	62
24:40:00	88800	0	1	0	-274	0	0	0	0	0	0	0	0	0	0	0	4	0	0	0	0	0	0	0	0	0	0	0	1	0	0	0	-11	0	0	0	-329	0	1	0	61
24:45:00	89100	0	0	0	-274	0	0	0	0	0	0	0	0	0	0	0	4	0	0	0	0	0	0	0	0	0	0	0	1	0	0	0	-11	0	0	0	-329	0	0	0	61
24:50:00	89400	0	1	0	-275	0	0	0	0	0	0	0	0	0	0	0	4	0	0	0	0	0	0	0	0	0	0	0	1	0	0	0	-11	0	0	0	-329	0	1	0	60
24:55:00	89700	0	2	0	-277	0	0	0	0	0	0	0	0	0	2	0	2	0	0	0	0	0	0	0	0	0	0	0	1	0	0	0	-11	0	0	0	-329	0	0	0	60
25:00:00	90000	1	2	0	-278	0	0	0	0	0	0	0	0	0	1	0	1	0	0	0	0	0	0	0	0	0	0	0	1	0	0	0	-11	0	0	0	-329	1	1	0	60
25:05:00	90300	2	2	1	-279	0	0	0	0	0	0	0	0	0	0	0	1	0	0	0	0	0	0	0	0	0	0	0	1	0	0	0	-11	0	0	1	-330	2	2	0	60
25:10:00	90600	1	2	0	-280	0	0	0	0	0	0	0	0	0	1	0	0	0	0	0	0	0	0	0	0	0	0	0	1	0	0	0	-11	0	0	0	-330	1	1	0	60
25:15:00	90900	1	2	0	-281	0	0	0	0	0	0	0	0	1	1	0	0	0	0	0	0	0	0	0	0	0	0	0	1	0	0	0	-11	0	0	0	-330	0	1	0	59
25:20:00	91200	1	1	0	-281	0	0	0	0	0	0	0	0	0	0	0	0	0	0	0	0	0	0	0	0	0	0	0	1	0	0	0	-11	0	0	0	-330	1	1	0	59
25:25:00	91500	0	1	0	-282	0	0	0	0	0	0	0	0	0	0	0	0	0	0	0	0	0	0	0	0	0	0	0	1	0	0	0	-11	0	0	0	-330	0	1	0	58
25:30:00	91800	1	2	1	-284	0	0	0	0	0	0	0	0	0	0	0	0	0	0	0	0	0	0	0	0	0	0	0	1	0	0	0	-11	0	0	1	-331	1	2	0	57
25:35:00	92100	2	3	1	-286	0	0	0	0	0	0	0	0	1	1	0	0	0	0	0	0	0	0	0	0	0	0	0	1	0	0	0	-11	0	0	1	-332	1	2	0	56
25:40:00	92400	0	0	0	-286	0	0	0	0	0	0	0	0	0	0	0	0	0	0	0	0	0	0	0	0	0	0	0	1	0	0	0	-11	0	0	0	-332	0	0	0	56
25:45:00	92700	0	0	0	-286	0	0	0	0	0	0	0	0	0	0	0	0	0	0	0	0	0	0	0	0	0	0	0	1	0	0	0	-11	0	0	0	-332	0	0	0	56
25:50:00	93000	1	2	0	-287	0	0	0	0	0	0	0	0	0	0	0	0	0	0	0	0	0	0	0	0	0	0	0	1	0	0	0	-11	0	0	0	-332	1	2	0	55
25:55:00	93300	0	1	0	-288	0	0	0	0	0	0	0	0	0	0	0	0	0	0	0	0	0	0	0	0	0	0	0	1	0	0	0	-11	0	0	0	-332	0	1	0	54
26:00:00	93600	1	2	1	-290	0	0	0	0	0	0	0	0	0	0	0	0	0	0	0	0	0	0	0	0	0	0	0	1	0	0	0	-11	0	0	1	-333	1	2	0	53
26:05:00	93900	2	2	1	-291	0	0	0	0	0	0	0	0	0	0	0	0	0	0	0	0	0	0	0	0	0	0	0	1	0	0	0	-11	0	0	1	-334	2	2	0	53
26:10:00	94200	1	1	0	-291	0	0	0	0	0	0	0	0	0	0	0	0	0	0	0	0	0	0	0	0	0	0	0	1	0	0	0	-11	0	0	0	-334	1	1	0	53
26:15:00	94500	0	1	0	-292	0	0	0	0	0	0	0	0	0	0	0	0	0	0	0	0	0	0	0	0	0	0	0	1	0	0	0	-11	0	0	0	-334	0	1	0	52
26:20:00	94800	1	1	1	-293	0	0	0	0	0	0	0	0	0	0	0	0	0	0	0	0	0	0	0	0	0	0	0	1	0	0	0	-11	0	0	1	-335	1	1	0	52
26:25:00	95100	0	0	0	-293	0	0	0	0	0	0	0	0	0	0	0	0	0	0	0	0	0	0	0	0	0	0	0	1	0	0	0	-11	0	0	0	-335	0	0	0	52
26:30:00	95400	1	1	0	-293	0	0	0	0	0	0	0	0	0	0	0	0	0	0	0	0	0	0	0	0	0	0	0	1	0	0	0	-11	0	0	0	-335	1	1	0	52
26:35:00	95700	0	1	0	-294	0	0	0	0	0	0	0	0	0	0	0	0	0	0	0	0	0	0	0	0	0	0	0	1	0	0	0	-11	0	0	0	-335	0	1	0	51
26:40:00	96000	0	0	0	-294	0	0	0	0	0	0	0	0	0	0	0	0	0	0	0	0	0	0	0	0	0	0	0	1	0	0	0	-11	0	0	0	-335	0	0	0	51
26:45:00	96300	0	1	0	-295	0	0	0	0	0	0	0	0	0	0	0	0	0	0	0	0	0	0	0	0	0	0	0	1	0	0	0	-11	0	0	0	-335	0	1	0	50
26:50:00	96600	0	1	0	-296	0	0	0	0	0	0	0	0	0	0	0	0	0	0	0	0	0	0	0	0	0	0	0	1	0	0	0	-11	0	0	0	-335	0	1	0	49
26:55:00	96900	1	1	0	-296	0	0	0	0	0	0	0	0	0	0	0	0	0	0	0	0	0	0	0	0	0	0	0	1	0	0	0	-11	0	0	0	-335	1	1	0	49
27:00:00	97200	0	2	0	-298	0	0	0	0	0	0	0	0	0	0	0	0	0	0	0	0	0	0	0	0	0	0	0	1	0	0	0	-11	0	0	0	-335	0	2	0	47
27:05:00	97500	2	4	1	-301	0	0	0	0	0	0	0	0	0	0	0	0	0	0	0	0	0	0	0	0	0	0	0	1	0	0	0	-11	0	0	1	-336	2	4	0	45
27:10:00	97800	0	0	0	-301	0	0	0	0	0	0	0	0	0	0	0	0	0	0	0	0	0	0	0	0	0	0	0	1	0	0	0	-11	0	0	0	-336	0	0	0	45
27:15:00	98100	0	0	0	-301	0	0	0	0	0	0	0	0	0	0	0	0	0	0	0	0	0	0	0	0	0	0	0	1	0	0	0	-11	0	0	0	-336	0	0	0	45
27:20:00	98400	1	2	1	-303	0	0	0	0	0	0	0	0	0	0	0	0	0	0	0	0	0	0	0	0	0	0	0	1	0	0	0	-11	0	0	1	-337	1	2	0	44
27:25:00	98700	0	0	0	-303	0	0	0	0	0	0	0	0	0	0	0	0	0	0	0	0	0	0	0	0	0	0	0	1	0	0	0	-11	0	0	0	-337	0	0	0	44
27:30:00	99000	0	0	0	-303	0	0	0	0	0	0	0	0	0	0	0	0	0	0	0	0	0	0	0	0	0	0	0	1	0	0	0	-11	0	0	0	-337	0	0	0	44
27:35:00	99300	0	0	0	-303	0	0	0	0	0	0	0	0	0	0	0	0	0	0	0	0	0	0	0	0	0	0	0	1	0	0	0	-11	0	0	0	-337	0	0	0	44
27:40:00	99600	1	1	0	-303	0	0	0	0	0	0	0	0	0	0	0	0	0	0	0	0	0	0	0	0	0	0	0	1	0	0	0	-11	0	0	0	-337	1	1	0	44
27:45:00	99900	1	1	0	-303	0	0	0	0	0	0	0	0	0	0	0	0	0	0	0	0	0	0	0	0	0	0	0	1	0	0	0	-11	0	0	0	-337	1	1	0	44
27:50:00	100200	0	0	0	-303	0	0	0	0	0	0	0	0	0	0	0	0	0	0	0	0	0	0	0	0	0	0	0	1	0	0	0	-11	0	0	0	-337	0	0	0	44
27:55:00	100500	0	0	0	-303	0	0	0	0	0	0	0	0	0	0	0	0	0	0	0	0	0	0	0	0	0	0	0	1	0	0	0	-11	0	0	0	-337	0	0	0	44
28:00:00	100800	0	0	0	-303	0	0	0	0	0	0	0	0	0	0	0	0	0	0	0	0	0	0	0	0	0	0	0	1	0	0	0	-11	0	0	0	-337	0	0	0	44
28:05:00	101100	0	1	0	-304	0	0	0	0	0	0	0	0	0	0	0	0	0	0	0	0	0	0	0	0	0	0	0	1	0	0	0	-11	0	0	0	-337	0	1	0	43
28:10:00	101400	1	2	1	-306	0	0	0	0	0	0	0	0	0	0	0	0	0	0	0	0	0	0	0	0	0	0	0	1	0	0	0	-11	0	0	1	-338	1	2	0	42
28:15:00	101700	1	1	1	-307	0	0	0	0	0	0	0	0	0	0	0	0	0	0	0	0	0	0	0	0	0	0	0	1	0	0	0	-11	0	0	1	-339	1	1	0	42
28:20:00	102000	0	0	0	-307	0	0	0	0	0	0	0	0	0	0	0	0	0	0	0	0	0	0	0	0	0	0	0	1	0	0	0	-11	0	0	0	-339	0	0	0	42
28:25:00	102300	0	0	0	-307	0	0	0	0	0	0	0	0	0	0	0	0	0	0	0	0	0	0	0	0	0	0	0	1	0	0	0	-11	0	0	0	-339	0	0	0	42
28:30:00	102600	0	0	0	-307	0	0	0	0	0	0	0	0	0	0	0	0	0	0	0	0	0	0	0	0	0	0	0	1	0	0	0	-11	0	0	0	-339	0	0	0	42
28:35:00	102900	2	2	0	-307	0	0	0	0	0	0	0	0	1	0	0	1	0	0	0	0	0	0	0	0	0	0	0	1	0	0	0	-11	0	0	0	-339	1	2	0	41
28:40:00	103200	1	1	0	-307	0	0	0	0	0	0	0	0	0	0	0	1	0	0	0	0	0	0	0	0	0	0	0	1	0	0	0	-11	0	0	0	-339	1	1	0	41
28:45:00	103500	0	0	0	-307	0	0	0	0	0	0	0	0	0	0	0	1	0	0	0	0	0	0	0	0	0	0	0	1	0	0	0	-11	0	0	0	-339	0	0	0	41
28:50:00	103800	0	0	0	-307	0	0	0	0	0	0	0	0	0	0	0	1	0	0	0	0	0	0	0	0	0	0	0	1	0	0	0	-11	0	0	0	-339	0	0	0	41
28:55:00	104100	0	0	0	-307	0	0	0	0	0	0	0	0	0	0	0	1	0	0	0	0	0	0	0	0	0	0	0	1	0	0	0	-11	0	0	0	-339	0	0	0	41
29:00:00	104400	0	1	0	-308	0	0	0	0	0	0	0	0	0	0	0	1	0	0	0	0	0	0	0	0	0	0	0	1	0	0	0	-11	0	0	0	-339	0	1	0	40
29:05:00	104700	0	1	0	-309	0	0	0	0	0	0	0	0	0	0	0	1	0	0	0	0	0	0	0	0	0	0	0	1	0	0	0	-11	0	0	0	-339	0	1	0	39
29:10:00	105000	1	1	1	-310	0	0	0	0	0	0	0	0	0	0	0	1	0	0	0	0	0	0	0	0	0	0	0	1	0	0	0	-11	0	0	1	-340	1	1	0	39
29:15:00	105300	0	0	0	-310	0	0	0	0	0	0	0	0	0	0	0	1	0	0	0	0	0	0	0	0	0	0	0	1	0	0	0	-11	0	0	0	-340	0	0	0	39
29:20:00	105600	1	1	0	-310	0	0	0	0	0	0	0	0	1	1	0	1	0	0	0	0	0	0	0	0	0	0	0	1	0	0	0	-11	0	0	0	-340	0	0	0	39
29:25:00	105900	1	3	0	-312	0	0	0	0	0	0	0	0	0	1	0	0	0	0	0	0	0	0	0	0	0	0	0	1	0	0	0	-11	0	0	0	-340	1	2	0	38
29:30:00	106200	0	1	0	-313	0	0	0	0	0	0	0	0	0	0	0	0	0	0	0	0	0	0	0	0	0	0	0	1	0	0	0	-11	0	0	0	-340	0	1	0	37
29:35:00	106500	0	1	0	-314	0	0	0	0	0	0	0	0	0	0	0	0	0	0	0	0	0	0	0	0	0	0	0	1	0	0	0	-11	0	0	0	-340	0	1	0	36
29:40:00	106800	1	1	1	-315	0	0	0	0	0	0	0	0	0	0	0	0	0	0	0	0	0	0	0	0	0	0	0	1	0	0	0	-11	0	0	1	-341	1	1	0	36
29:45:00	107100	0	0	0	-315	0	0	0	0	0	0	0	0	0	0	0	0	0	0	0	0	0	0	0	0	0	0	0	1	0	0	0	-11	0	0	0	-341	0	0	0	36
29:50:00	107400	0	0	0	-315	0	0	0	0	0	0	0	0	0	0	0	0	0	0	0	0	0	0	0	0	0	0	0	1	0	0	0	-11	0	0	0	-341	0	0	0	36
29:55:00	107700	0	0	0	-315	0	0	0	0	0	0	0	0	0	0	0	0	0	0	0	0	0	0	0	0	0	0	0	1	0	0	0	-11	0	0	0	-341	0	0	0	36
30:00:00	108000	0	0	37	-352	0	0	0	0	0	0	0	0	0	0	0	0	0	0	0	0	0	0	0	0	0	0	1	0	0	0	0	-11	0	0	0	-341	0	0	36	0
30:05:00	108300	0	0	0	-352	0	0	0	0	0	0	0	0	0	0	0	0	0	0	0	0	0	0	0	0	0	0	0	0	0	0	0	-11	0	0	0	-341	0	0	0	0
