time	time	departures_all	arrivals_all	stuck_all	en-route_all	departures_Shared-Bike	arrivals_Shared-Bike	stuck_Shared-Bike	en-route_Shared-Bike	departures_bike	arrivals_bike	stuck_bike	en-route_bike	departures_car	arrivals_car	stuck_car	en-route_car	departures_car_passenger	arrivals_car_passenger	stuck_car_passenger	en-route_car_passenger	departures_eScooter	arrivals_eScooter	stuck_eScooter	en-route_eScooter	departures_pt	arrivals_pt	stuck_pt	en-route_pt	departures_sharing:standardBikeShare	arrivals_sharing:standardBikeShare	stuck_sharing:standardBikeShare	en-route_sharing:standardBikeShare	departures_sharing:standardeScooter	arrivals_sharing:standardeScooter	stuck_sharing:standardeScooter	en-route_sharing:standardeScooter	departures_walk	arrivals_walk	stuck_walk	en-route_walk
00:00:00	0	0	0	0	0	0	0	0	0	0	0	0	0	0	0	0	0	0	0	0	0	0	0	0	0	0	0	0	0	0	0	0	0	0	0	0	0	0	0	0	0
00:05:00	300	0	0	0	0	0	0	0	0	0	0	0	0	0	0	0	0	0	0	0	0	0	0	0	0	0	0	0	0	0	0	0	0	0	0	0	0	0	0	0	0
00:10:00	600	0	0	0	0	0	0	0	0	0	0	0	0	0	0	0	0	0	0	0	0	0	0	0	0	0	0	0	0	0	0	0	0	0	0	0	0	0	0	0	0
00:15:00	900	0	0	0	0	0	0	0	0	0	0	0	0	0	0	0	0	0	0	0	0	0	0	0	0	0	0	0	0	0	0	0	0	0	0	0	0	0	0	0	0
00:20:00	1200	0	0	0	0	0	0	0	0	0	0	0	0	0	0	0	0	0	0	0	0	0	0	0	0	0	0	0	0	0	0	0	0	0	0	0	0	0	0	0	0
00:25:00	1500	0	0	0	0	0	0	0	0	0	0	0	0	0	0	0	0	0	0	0	0	0	0	0	0	0	0	0	0	0	0	0	0	0	0	0	0	0	0	0	0
00:30:00	1800	0	0	0	0	0	0	0	0	0	0	0	0	0	0	0	0	0	0	0	0	0	0	0	0	0	0	0	0	0	0	0	0	0	0	0	0	0	0	0	0
00:35:00	2100	0	0	0	0	0	0	0	0	0	0	0	0	0	0	0	0	0	0	0	0	0	0	0	0	0	0	0	0	0	0	0	0	0	0	0	0	0	0	0	0
00:40:00	2400	0	0	0	0	0	0	0	0	0	0	0	0	0	0	0	0	0	0	0	0	0	0	0	0	0	0	0	0	0	0	0	0	0	0	0	0	0	0	0	0
00:45:00	2700	0	0	0	0	0	0	0	0	0	0	0	0	0	0	0	0	0	0	0	0	0	0	0	0	0	0	0	0	0	0	0	0	0	0	0	0	0	0	0	0
00:50:00	3000	0	0	0	0	0	0	0	0	0	0	0	0	0	0	0	0	0	0	0	0	0	0	0	0	0	0	0	0	0	0	0	0	0	0	0	0	0	0	0	0
00:55:00	3300	0	0	0	0	0	0	0	0	0	0	0	0	0	0	0	0	0	0	0	0	0	0	0	0	0	0	0	0	0	0	0	0	0	0	0	0	0	0	0	0
01:00:00	3600	0	0	0	0	0	0	0	0	0	0	0	0	0	0	0	0	0	0	0	0	0	0	0	0	0	0	0	0	0	0	0	0	0	0	0	0	0	0	0	0
01:05:00	3900	0	0	0	0	0	0	0	0	0	0	0	0	0	0	0	0	0	0	0	0	0	0	0	0	0	0	0	0	0	0	0	0	0	0	0	0	0	0	0	0
01:10:00	4200	0	0	0	0	0	0	0	0	0	0	0	0	0	0	0	0	0	0	0	0	0	0	0	0	0	0	0	0	0	0	0	0	0	0	0	0	0	0	0	0
01:15:00	4500	0	0	0	0	0	0	0	0	0	0	0	0	0	0	0	0	0	0	0	0	0	0	0	0	0	0	0	0	0	0	0	0	0	0	0	0	0	0	0	0
01:20:00	4800	0	0	0	0	0	0	0	0	0	0	0	0	0	0	0	0	0	0	0	0	0	0	0	0	0	0	0	0	0	0	0	0	0	0	0	0	0	0	0	0
01:25:00	5100	0	0	0	0	0	0	0	0	0	0	0	0	0	0	0	0	0	0	0	0	0	0	0	0	0	0	0	0	0	0	0	0	0	0	0	0	0	0	0	0
01:30:00	5400	0	0	0	0	0	0	0	0	0	0	0	0	0	0	0	0	0	0	0	0	0	0	0	0	0	0	0	0	0	0	0	0	0	0	0	0	0	0	0	0
01:35:00	5700	0	0	0	0	0	0	0	0	0	0	0	0	0	0	0	0	0	0	0	0	0	0	0	0	0	0	0	0	0	0	0	0	0	0	0	0	0	0	0	0
01:40:00	6000	0	0	0	0	0	0	0	0	0	0	0	0	0	0	0	0	0	0	0	0	0	0	0	0	0	0	0	0	0	0	0	0	0	0	0	0	0	0	0	0
01:45:00	6300	0	0	0	0	0	0	0	0	0	0	0	0	0	0	0	0	0	0	0	0	0	0	0	0	0	0	0	0	0	0	0	0	0	0	0	0	0	0	0	0
01:50:00	6600	0	0	0	0	0	0	0	0	0	0	0	0	0	0	0	0	0	0	0	0	0	0	0	0	0	0	0	0	0	0	0	0	0	0	0	0	0	0	0	0
01:55:00	6900	0	0	0	0	0	0	0	0	0	0	0	0	0	0	0	0	0	0	0	0	0	0	0	0	0	0	0	0	0	0	0	0	0	0	0	0	0	0	0	0
02:00:00	7200	0	0	0	0	0	0	0	0	0	0	0	0	0	0	0	0	0	0	0	0	0	0	0	0	0	0	0	0	0	0	0	0	0	0	0	0	0	0	0	0
02:05:00	7500	0	0	0	0	0	0	0	0	0	0	0	0	0	0	0	0	0	0	0	0	0	0	0	0	0	0	0	0	0	0	0	0	0	0	0	0	0	0	0	0
02:10:00	7800	0	0	0	0	0	0	0	0	0	0	0	0	0	0	0	0	0	0	0	0	0	0	0	0	0	0	0	0	0	0	0	0	0	0	0	0	0	0	0	0
02:15:00	8100	0	0	0	0	0	0	0	0	0	0	0	0	0	0	0	0	0	0	0	0	0	0	0	0	0	0	0	0	0	0	0	0	0	0	0	0	0	0	0	0
02:20:00	8400	0	0	0	0	0	0	0	0	0	0	0	0	0	0	0	0	0	0	0	0	0	0	0	0	0	0	0	0	0	0	0	0	0	0	0	0	0	0	0	0
02:25:00	8700	0	0	0	0	0	0	0	0	0	0	0	0	0	0	0	0	0	0	0	0	0	0	0	0	0	0	0	0	0	0	0	0	0	0	0	0	0	0	0	0
02:30:00	9000	0	0	0	0	0	0	0	0	0	0	0	0	0	0	0	0	0	0	0	0	0	0	0	0	0	0	0	0	0	0	0	0	0	0	0	0	0	0	0	0
02:35:00	9300	0	0	0	0	0	0	0	0	0	0	0	0	0	0	0	0	0	0	0	0	0	0	0	0	0	0	0	0	0	0	0	0	0	0	0	0	0	0	0	0
02:40:00	9600	0	0	0	0	0	0	0	0	0	0	0	0	0	0	0	0	0	0	0	0	0	0	0	0	0	0	0	0	0	0	0	0	0	0	0	0	0	0	0	0
02:45:00	9900	0	0	0	0	0	0	0	0	0	0	0	0	0	0	0	0	0	0	0	0	0	0	0	0	0	0	0	0	0	0	0	0	0	0	0	0	0	0	0	0
02:50:00	10200	0	0	0	0	0	0	0	0	0	0	0	0	0	0	0	0	0	0	0	0	0	0	0	0	0	0	0	0	0	0	0	0	0	0	0	0	0	0	0	0
02:55:00	10500	0	0	0	0	0	0	0	0	0	0	0	0	0	0	0	0	0	0	0	0	0	0	0	0	0	0	0	0	0	0	0	0	0	0	0	0	0	0	0	0
03:00:00	10800	0	0	0	0	0	0	0	0	0	0	0	0	0	0	0	0	0	0	0	0	0	0	0	0	0	0	0	0	0	0	0	0	0	0	0	0	0	0	0	0
03:05:00	11100	0	0	0	0	0	0	0	0	0	0	0	0	0	0	0	0	0	0	0	0	0	0	0	0	0	0	0	0	0	0	0	0	0	0	0	0	0	0	0	0
03:10:00	11400	0	0	0	0	0	0	0	0	0	0	0	0	0	0	0	0	0	0	0	0	0	0	0	0	0	0	0	0	0	0	0	0	0	0	0	0	0	0	0	0
03:15:00	11700	0	0	0	0	0	0	0	0	0	0	0	0	0	0	0	0	0	0	0	0	0	0	0	0	0	0	0	0	0	0	0	0	0	0	0	0	0	0	0	0
03:20:00	12000	0	0	0	0	0	0	0	0	0	0	0	0	0	0	0	0	0	0	0	0	0	0	0	0	0	0	0	0	0	0	0	0	0	0	0	0	0	0	0	0
03:25:00	12300	0	0	0	0	0	0	0	0	0	0	0	0	0	0	0	0	0	0	0	0	0	0	0	0	0	0	0	0	0	0	0	0	0	0	0	0	0	0	0	0
03:30:00	12600	0	0	0	0	0	0	0	0	0	0	0	0	0	0	0	0	0	0	0	0	0	0	0	0	0	0	0	0	0	0	0	0	0	0	0	0	0	0	0	0
03:35:00	12900	0	0	0	0	0	0	0	0	0	0	0	0	0	0	0	0	0	0	0	0	0	0	0	0	0	0	0	0	0	0	0	0	0	0	0	0	0	0	0	0
03:40:00	13200	0	0	0	0	0	0	0	0	0	0	0	0	0	0	0	0	0	0	0	0	0	0	0	0	0	0	0	0	0	0	0	0	0	0	0	0	0	0	0	0
03:45:00	13500	0	0	0	0	0	0	0	0	0	0	0	0	0	0	0	0	0	0	0	0	0	0	0	0	0	0	0	0	0	0	0	0	0	0	0	0	0	0	0	0
03:50:00	13800	0	0	0	0	0	0	0	0	0	0	0	0	0	0	0	0	0	0	0	0	0	0	0	0	0	0	0	0	0	0	0	0	0	0	0	0	0	0	0	0
03:55:00	14100	0	0	0	0	0	0	0	0	0	0	0	0	0	0	0	0	0	0	0	0	0	0	0	0	0	0	0	0	0	0	0	0	0	0	0	0	0	0	0	0
04:00:00	14400	0	0	0	0	0	0	0	0	0	0	0	0	0	0	0	0	0	0	0	0	0	0	0	0	0	0	0	0	0	0	0	0	0	0	0	0	0	0	0	0
04:05:00	14700	0	0	0	0	0	0	0	0	0	0	0	0	0	0	0	0	0	0	0	0	0	0	0	0	0	0	0	0	0	0	0	0	0	0	0	0	0	0	0	0
04:10:00	15000	0	0	0	0	0	0	0	0	0	0	0	0	0	0	0	0	0	0	0	0	0	0	0	0	0	0	0	0	0	0	0	0	0	0	0	0	0	0	0	0
04:15:00	15300	0	0	0	0	0	0	0	0	0	0	0	0	0	0	0	0	0	0	0	0	0	0	0	0	0	0	0	0	0	0	0	0	0	0	0	0	0	0	0	0
04:20:00	15600	0	0	0	0	0	0	0	0	0	0	0	0	0	0	0	0	0	0	0	0	0	0	0	0	0	0	0	0	0	0	0	0	0	0	0	0	0	0	0	0
04:25:00	15900	0	0	0	0	0	0	0	0	0	0	0	0	0	0	0	0	0	0	0	0	0	0	0	0	0	0	0	0	0	0	0	0	0	0	0	0	0	0	0	0
04:30:00	16200	0	0	0	0	0	0	0	0	0	0	0	0	0	0	0	0	0	0	0	0	0	0	0	0	0	0	0	0	0	0	0	0	0	0	0	0	0	0	0	0
04:35:00	16500	0	0	0	0	0	0	0	0	0	0	0	0	0	0	0	0	0	0	0	0	0	0	0	0	0	0	0	0	0	0	0	0	0	0	0	0	0	0	0	0
04:40:00	16800	0	0	0	0	0	0	0	0	0	0	0	0	0	0	0	0	0	0	0	0	0	0	0	0	0	0	0	0	0	0	0	0	0	0	0	0	0	0	0	0
04:45:00	17100	0	0	0	0	0	0	0	0	0	0	0	0	0	0	0	0	0	0	0	0	0	0	0	0	0	0	0	0	0	0	0	0	0	0	0	0	0	0	0	0
04:50:00	17400	0	0	0	0	0	0	0	0	0	0	0	0	0	0	0	0	0	0	0	0	0	0	0	0	0	0	0	0	0	0	0	0	0	0	0	0	0	0	0	0
04:55:00	17700	0	0	0	0	0	0	0	0	0	0	0	0	0	0	0	0	0	0	0	0	0	0	0	0	0	0	0	0	0	0	0	0	0	0	0	0	0	0	0	0
05:00:00	18000	0	0	0	0	0	0	0	0	0	0	0	0	0	0	0	0	0	0	0	0	0	0	0	0	0	0	0	0	0	0	0	0	0	0	0	0	0	0	0	0
05:05:00	18300	0	0	0	0	0	0	0	0	0	0	0	0	0	0	0	0	0	0	0	0	0	0	0	0	0	0	0	0	0	0	0	0	0	0	0	0	0	0	0	0
05:10:00	18600	0	0	0	0	0	0	0	0	0	0	0	0	0	0	0	0	0	0	0	0	0	0	0	0	0	0	0	0	0	0	0	0	0	0	0	0	0	0	0	0
05:15:00	18900	0	0	0	0	0	0	0	0	0	0	0	0	0	0	0	0	0	0	0	0	0	0	0	0	0	0	0	0	0	0	0	0	0	0	0	0	0	0	0	0
05:20:00	19200	0	0	0	0	0	0	0	0	0	0	0	0	0	0	0	0	0	0	0	0	0	0	0	0	0	0	0	0	0	0	0	0	0	0	0	0	0	0	0	0
05:25:00	19500	0	0	0	0	0	0	0	0	0	0	0	0	0	0	0	0	0	0	0	0	0	0	0	0	0	0	0	0	0	0	0	0	0	0	0	0	0	0	0	0
05:30:00	19800	0	0	0	0	0	0	0	0	0	0	0	0	0	0	0	0	0	0	0	0	0	0	0	0	0	0	0	0	0	0	0	0	0	0	0	0	0	0	0	0
05:35:00	20100	0	0	0	0	0	0	0	0	0	0	0	0	0	0	0	0	0	0	0	0	0	0	0	0	0	0	0	0	0	0	0	0	0	0	0	0	0	0	0	0
05:40:00	20400	0	0	0	0	0	0	0	0	0	0	0	0	0	0	0	0	0	0	0	0	0	0	0	0	0	0	0	0	0	0	0	0	0	0	0	0	0	0	0	0
05:45:00	20700	0	0	0	0	0	0	0	0	0	0	0	0	0	0	0	0	0	0	0	0	0	0	0	0	0	0	0	0	0	0	0	0	0	0	0	0	0	0	0	0
05:50:00	21000	0	0	0	0	0	0	0	0	0	0	0	0	0	0	0	0	0	0	0	0	0	0	0	0	0	0	0	0	0	0	0	0	0	0	0	0	0	0	0	0
05:55:00	21300	0	0	0	0	0	0	0	0	0	0	0	0	0	0	0	0	0	0	0	0	0	0	0	0	0	0	0	0	0	0	0	0	0	0	0	0	0	0	0	0
06:00:00	21600	4	1	1	2	0	0	0	0	0	0	0	0	1	0	0	1	0	0	0	0	0	0	0	0	0	0	0	0	0	0	0	0	0	0	1	-1	3	1	0	2
06:05:00	21900	4	0	0	6	0	0	0	0	0	0	0	0	2	0	0	3	0	0	0	0	0	0	0	0	0	0	0	0	0	0	0	0	0	0	0	-1	2	0	0	4
06:10:00	22200	3	2	0	7	0	0	0	0	0	0	0	0	2	1	0	4	0	0	0	0	0	0	0	0	0	0	0	0	0	0	0	0	0	0	0	-1	1	1	0	4
06:15:00	22500	1	2	0	6	0	0	0	0	0	0	0	0	0	2	0	2	0	0	0	0	0	0	0	0	0	0	0	0	0	0	0	0	0	0	0	-1	1	0	0	5
06:20:00	22800	3	0	0	9	0	0	0	0	0	0	0	0	1	0	0	3	0	0	0	0	0	0	0	0	0	0	0	0	0	0	0	0	0	0	0	-1	2	0	0	7
06:25:00	23100	5	3	2	9	0	0	0	0	0	0	0	0	2	1	0	4	0	0	0	0	0	0	0	0	0	0	0	0	0	0	0	0	0	0	2	-3	3	2	0	8
06:30:00	23400	43	3	1	48	0	0	0	0	0	0	0	0	27	1	0	30	0	0	0	0	0	0	0	0	1	0	0	1	0	0	0	0	0	0	1	-4	15	2	0	21
06:35:00	23700	37	21	1	63	0	0	0	0	0	0	0	0	21	16	0	35	0	0	0	0	0	0	0	0	0	0	0	1	0	0	0	0	0	0	1	-5	16	5	0	32
06:40:00	24000	40	24	1	78	0	0	0	0	0	0	0	0	20	14	0	41	0	0	0	0	1	0	0	1	4	0	0	5	0	0	0	0	0	0	1	-6	15	10	0	37
06:45:00	24300	36	30	1	83	0	0	0	0	0	0	0	0	19	21	0	39	0	0	0	0	2	0	0	3	2	0	0	7	0	0	0	0	0	0	1	-7	13	9	0	41
06:50:00	24600	44	32	4	91	1	0	0	1	0	0	0	0	20	20	0	39	0	0	0	0	0	1	0	2	3	0	0	10	0	0	0	0	0	0	4	-11	20	11	0	50
06:55:00	24900	82	39	2	132	1	0	0	2	0	0	0	0	48	18	0	69	0	0	0	0	1	1	0	2	1	1	0	10	0	0	1	-1	0	0	1	-12	31	19	0	62
07:00:00	25200	69	50	2	149	2	0	0	4	0	0	0	0	39	36	0	72	0	0	0	0	1	1	0	2	0	0	0	10	0	0	0	-1	0	0	2	-14	27	13	0	76
07:05:00	25500	75	56	2	166	1	3	0	2	0	0	0	0	29	25	0	76	0	0	0	0	2	1	0	3	3	1	0	12	0	0	0	-1	0	0	2	-16	40	26	0	90
07:10:00	25800	77	69	1	173	1	1	0	2	0	0	0	0	41	32	0	85	0	0	0	0	3	2	0	4	5	6	0	11	0	0	0	-1	0	0	1	-17	27	28	0	89
07:15:00	26100	95	56	6	206	2	2	0	2	0	0	0	0	42	31	0	96	0	0	0	0	0	0	0	4	0	1	0	10	0	0	0	-1	0	0	6	-23	51	22	0	118
07:20:00	26400	95	76	5	220	1	2	0	1	0	0	0	0	47	43	0	100	0	0	0	0	4	4	0	4	7	1	0	16	0	0	0	-1	0	0	5	-28	36	26	0	128
07:25:00	26700	116	74	5	257	1	1	0	1	0	0	0	0	67	41	0	126	0	0	0	0	0	0	0	4	11	0	0	27	0	0	2	-3	0	0	3	-31	37	32	0	133
07:30:00	27000	72	80	3	246	1	0	0	2	0	0	0	0	48	58	0	116	0	0	0	0	1	1	0	4	5	2	0	30	0	0	0	-3	0	0	3	-34	17	19	0	131
07:35:00	27300	90	93	1	242	1	1	0	2	0	0	0	0	44	60	0	100	0	0	0	0	0	2	0	2	3	9	0	24	0	0	0	-3	0	0	1	-35	42	21	0	152
07:40:00	27600	91	66	5	262	0	1	0	1	0	0	0	0	53	38	0	115	0	0	0	0	1	1	0	2	4	0	0	28	0	0	0	-3	0	0	5	-40	33	26	0	159
07:45:00	27900	101	90	8	265	0	0	0	1	0	0	0	0	49	52	0	112	0	0	0	0	1	2	0	1	6	2	0	32	0	0	0	-3	0	0	8	-48	45	34	0	170
07:50:00	28200	118	80	3	300	1	2	0	0	0	0	0	0	60	42	0	130	0	0	0	0	0	1	0	0	9	6	0	35	0	0	0	-3	0	0	3	-51	48	29	0	189
07:55:00	28500	117	92	5	320	0	0	0	0	0	0	0	0	57	59	0	128	12	1	0	11	2	0	0	2	6	4	0	37	0	0	0	-3	0	0	5	-56	40	28	0	201
08:00:00	28800	129	113	2	334	2	1	0	1	0	0	0	0	66	66	0	128	24	8	0	27	0	0	0	2	6	4	0	39	0	0	0	-3	0	0	2	-58	31	34	0	198
08:05:00	29100	112	98	3	345	0	1	0	0	0	0	0	0	56	54	0	130	17	9	0	35	0	0	0	2	5	4	0	40	0	0	0	-3	0	0	3	-61	34	30	0	202
08:10:00	29400	133	113	2	363	0	0	0	0	0	0	0	0	60	64	0	126	26	16	0	45	1	0	0	3	7	7	0	40	0	0	0	-3	0	0	2	-63	39	26	0	215
08:15:00	29700	98	111	3	347	1	0	0	1	0	0	0	0	36	54	0	108	14	17	0	42	2	2	0	3	3	0	0	43	0	0	0	-3	0	0	3	-66	42	38	0	219
08:20:00	30000	109	98	2	356	0	1	0	0	0	0	0	0	62	53	0	117	16	16	0	42	2	0	0	5	5	2	0	46	0	0	0	-3	0	0	2	-68	24	26	0	217
08:25:00	30300	109	96	3	366	1	0	0	1	0	0	0	0	44	51	0	110	20	13	0	49	1	4	0	2	1	5	0	42	0	0	0	-3	0	0	3	-71	42	23	0	236
08:30:00	30600	99	103	5	357	1	1	0	1	0	0	0	0	31	44	0	97	21	15	0	55	2	1	0	3	7	4	0	45	0	0	0	-3	0	0	5	-76	37	38	0	235
08:35:00	30900	86	93	4	346	2	3	0	0	0	0	0	0	39	44	0	92	8	21	0	42	0	0	0	3	7	3	0	49	0	0	0	-3	0	0	4	-80	30	22	0	243
08:40:00	31200	90	81	2	353	0	0	0	0	0	0	0	0	29	35	0	86	24	17	0	49	0	2	0	1	5	4	0	50	0	0	0	-3	0	0	2	-82	32	23	0	252
08:45:00	31500	108	77	4	380	1	0	0	1	0	0	0	0	38	35	0	89	39	13	0	75	1	0	0	2	6	1	0	55	0	0	0	-3	0	0	4	-86	23	28	0	247
08:50:00	31800	74	78	3	373	0	1	0	0	0	0	0	0	29	32	0	86	13	23	0	65	0	1	0	1	6	0	0	61	0	0	0	-3	0	0	3	-89	26	21	0	252
08:55:00	32100	79	81	2	369	0	0	0	0	0	0	0	0	28	37	0	77	18	19	0	64	0	0	0	1	7	5	0	63	0	0	0	-3	0	0	2	-91	26	20	0	258
09:00:00	32400	94	85	4	374	0	0	0	0	0	0	0	0	46	37	0	86	4	16	0	52	1	0	0	2	8	4	0	67	0	0	0	-3	0	0	4	-95	35	28	0	265
09:05:00	32700	68	82	4	356	0	0	0	0	0	0	0	0	31	34	0	83	6	12	0	46	1	0	0	3	5	5	0	67	0	0	0	-3	0	0	4	-99	25	31	0	259
09:10:00	33000	50	77	5	324	0	0	0	0	0	0	0	0	25	34	0	74	3	13	0	36	0	1	0	2	3	1	0	69	0	0	0	-3	0	0	5	-104	19	28	0	250
09:15:00	33300	57	70	1	310	0	0	0	0	0	0	0	0	29	34	0	69	2	10	0	28	0	2	0	0	7	1	0	75	0	0	0	-3	0	0	1	-105	19	23	0	246
09:20:00	33600	45	69	3	283	1	0	0	1	0	0	0	0	18	34	0	53	2	10	0	20	1	0	0	1	5	2	0	78	0	0	0	-3	0	0	3	-108	18	23	0	241
09:25:00	33900	61	67	2	275	0	0	0	1	0	0	0	0	19	20	0	52	4	2	0	22	0	0	0	1	0	20	0	58	0	0	0	-3	0	0	2	-110	38	25	0	254
09:30:00	34200	49	64	4	256	0	0	0	1	0	0	0	0	23	20	0	55	1	8	0	15	0	0	0	1	0	2	0	56	0	0	0	-3	0	0	4	-114	25	34	0	245
09:35:00	34500	52	63	4	241	1	1	0	1	0	0	0	0	17	26	0	46	8	5	0	18	1	2	0	0	5	1	0	60	0	0	0	-3	0	0	4	-118	20	28	0	237
09:40:00	34800	43	59	2	223	0	1	0	0	0	0	0	0	19	24	0	41	2	5	0	15	1	0	0	1	1	3	0	58	0	0	0	-3	0	0	2	-120	20	26	0	231
09:45:00	35100	41	54	0	210	0	0	0	0	0	0	0	0	21	26	0	36	0	5	0	10	0	0	0	1	3	2	0	59	0	0	0	-3	0	0	0	-120	17	21	0	227
09:50:00	35400	44	48	3	203	0	0	0	0	0	0	0	0	18	15	0	39	0	4	0	6	0	1	0	0	4	0	0	63	0	0	0	-3	0	0	3	-123	22	28	0	221
09:55:00	35700	46	47	5	197	0	0	0	0	0	0	0	0	27	23	0	43	0	2	0	4	0	0	0	0	0	1	0	62	0	0	0	-3	0	0	5	-128	19	21	0	219
10:00:00	36000	76	64	4	205	0	0	0	0	0	0	0	0	30	20	0	53	0	3	0	1	1	0	0	1	2	10	0	54	0	0	0	-3	0	0	4	-132	43	31	0	231
10:05:00	36300	59	62	5	197	0	0	0	0	0	0	0	0	26	28	0	51	0	0	0	1	0	0	0	1	0	4	0	50	0	0	0	-3	0	0	5	-137	33	30	0	234
10:10:00	36600	85	83	7	192	0	0	0	0	0	0	0	0	40	31	0	60	0	1	0	0	0	1	0	0	3	6	0	47	0	0	2	-5	0	0	5	-142	42	44	0	232
10:15:00	36900	62	65	2	187	0	0	0	0	0	0	0	0	29	27	0	62	0	0	0	0	0	0	0	0	1	2	0	46	0	0	0	-5	0	0	2	-144	32	36	0	228
10:20:00	37200	69	78	6	172	0	0	0	0	0	0	0	0	37	38	0	61	0	0	0	0	0	0	0	0	3	0	0	49	0	0	1	-6	0	0	5	-149	29	40	0	217
10:25:00	37500	74	69	0	177	0	0	0	0	0	0	0	0	40	34	0	67	0	0	0	0	0	0	0	0	3	3	0	49	0	0	0	-6	0	0	0	-149	31	32	0	216
10:30:00	37800	65	74	5	163	0	0	0	0	0	0	0	0	34	29	0	72	0	0	0	0	1	0	0	1	1	2	0	48	0	0	0	-6	0	0	5	-154	29	43	0	202
10:35:00	38100	50	75	1	137	0	0	0	0	0	0	0	0	21	42	0	51	2	1	0	1	1	1	0	1	2	1	0	49	0	0	0	-6	0	0	1	-155	24	30	0	196
10:40:00	38400	56	55	1	137	0	0	0	0	0	0	0	0	23	25	0	49	1	1	0	1	1	1	0	1	1	0	0	50	0	0	0	-6	0	0	1	-156	30	28	0	198
10:45:00	38700	72	72	0	137	0	0	0	0	0	0	0	0	28	33	0	44	3	0	0	4	0	1	0	0	2	7	0	45	0	0	0	-6	0	0	0	-156	39	31	0	206
10:50:00	39000	47	58	2	124	0	0	0	0	0	0	0	0	19	19	0	44	0	3	0	1	0	0	0	0	2	1	0	46	0	0	0	-6	0	0	2	-158	26	35	0	197
10:55:00	39300	46	61	2	107	0	0	0	0	0	0	0	0	17	22	0	39	2	0	0	3	0	0	0	0	1	1	0	46	0	0	0	-6	0	0	2	-160	26	38	0	185
11:00:00	39600	53	55	2	103	0	0	0	0	0	0	0	0	22	22	0	39	4	1	0	6	0	0	0	0	1	0	0	47	0	0	1	-7	0	0	1	-161	26	32	0	179
11:05:00	39900	72	64	2	109	0	0	0	0	0	0	0	0	22	15	0	46	1	1	0	6	1	0	0	1	6	7	0	46	0	0	1	-8	0	0	1	-162	42	41	0	180
11:10:00	40200	77	53	3	130	1	0	0	1	0	0	0	0	38	22	0	62	2	1	0	7	1	0	0	2	2	2	0	46	0	0	1	-9	0	0	2	-164	33	28	0	185
11:15:00	40500	61	58	1	132	1	1	0	1	0	0	0	0	31	30	0	63	10	3	0	14	0	1	0	1	3	0	0	49	0	0	0	-9	0	0	1	-165	16	23	0	178
11:20:00	40800	64	58	1	137	0	0	0	1	0	0	0	0	28	28	0	63	2	2	0	14	1	0	0	2	5	1	0	53	0	0	0	-9	0	0	1	-166	28	27	0	179
11:25:00	41100	71	75	2	131	0	1	0	0	0	0	0	0	33	37	0	59	3	3	0	14	0	1	0	1	0	1	0	52	0	0	0	-9	0	0	2	-168	35	32	0	182
11:30:00	41400	85	75	7	134	0	0	0	0	0	0	0	0	40	26	0	73	1	5	0	10	2	1	0	2	5	2	0	55	0	0	2	-11	0	0	5	-173	37	41	0	178
11:35:00	41700	85	84	2	133	1	1	0	0	0	0	0	0	34	38	0	69	3	3	0	10	0	1	0	1	5	6	0	54	0	0	0	-11	0	0	2	-175	42	35	0	185
11:40:00	42000	82	77	2	136	0	0	0	0	0	0	0	0	26	27	0	68	0	4	0	6	1	1	0	1	4	16	0	42	0	0	0	-11	0	0	2	-177	51	29	0	207
11:45:00	42300	79	87	5	123	0	0	0	0	0	0	0	0	33	35	0	66	3	4	0	5	0	1	0	0	6	5	0	43	0	0	1	-12	0	0	4	-181	37	42	0	202
11:50:00	42600	85	76	4	128	1	1	0	0	0	0	0	0	38	26	0	78	5	2	0	8	0	0	0	0	4	0	0	47	0	0	0	-12	0	0	4	-185	37	47	0	192
11:55:00	42900	95	86	5	132	0	0	0	0	0	0	0	0	47	40	0	85	1	1	0	8	1	0	0	1	3	3	0	47	0	0	1	-13	0	0	4	-189	43	42	0	193
12:00:00	43200	75	84	6	117	1	0	0	1	0	0	0	0	39	45	0	79	2	2	0	8	3	0	0	4	0	0	0	47	0	0	0	-13	0	0	6	-195	30	37	0	186
12:05:00	43500	62	74	3	102	1	0	0	2	0	0	0	0	28	35	0	72	8	5	0	11	2	3	0	3	1	0	0	48	0	0	0	-13	0	0	3	-198	22	31	0	177
12:10:00	43800	55	45	2	110	1	0	0	3	0	0	0	0	34	28	0	78	2	0	0	13	0	1	0	2	1	0	0	49	0	0	0	-13	0	0	2	-200	17	16	0	178
12:15:00	44100	49	67	2	90	1	2	0	2	0	0	0	0	25	36	0	67	1	3	0	11	0	2	0	0	1	3	0	47	0	0	0	-13	0	0	2	-202	21	21	0	178
12:20:00	44400	46	63	3	70	1	2	0	1	0	0	0	0	26	38	0	55	0	3	0	8	1	0	0	1	0	2	0	45	0	0	1	-14	0	0	2	-204	18	18	0	178
12:25:00	44700	50	51	2	67	0	0	0	1	0	0	0	0	34	28	0	61	0	3	0	5	1	0	0	2	1	3	0	43	0	0	0	-14	0	0	2	-206	14	17	0	175
12:30:00	45000	39	38	2	66	0	0	0	1	0	0	0	0	18	21	0	58	0	1	0	4	0	1	0	1	1	1	0	43	0	0	0	-14	0	0	2	-208	20	14	0	181
12:35:00	45300	25	40	1	50	0	1	0	0	0	0	0	0	10	23	0	45	0	2	0	2	1	0	0	2	1	3	0	41	0	0	0	-14	0	0	1	-209	13	11	0	183
12:40:00	45600	32	29	1	52	0	0	0	0	0	0	0	0	19	15	0	49	0	1	0	1	0	1	0	1	2	1	0	42	0	0	0	-14	0	0	1	-210	11	11	0	183
12:45:00	45900	50	41	1	60	0	0	0	0	0	0	0	0	30	21	0	58	0	0	0	1	1	0	0	2	4	2	0	44	0	0	0	-14	0	0	1	-211	15	18	0	180
12:50:00	46200	29	36	2	51	0	0	0	0	0	0	0	0	18	21	0	55	0	1	0	0	2	2	0	2	2	0	0	46	0	0	1	-15	0	0	1	-212	7	12	0	175
12:55:00	46500	33	41	4	39	0	0	0	0	0	0	0	0	16	26	0	45	0	0	0	0	0	0	0	2	1	1	0	46	0	0	1	-16	0	0	3	-215	16	14	0	177
13:00:00	46800	7	29	3	14	0	0	0	0	0	0	0	0	0	17	0	28	0	0	0	0	0	0	0	2	1	1	0	46	0	0	0	-16	0	0	3	-218	6	11	0	172
13:05:00	47100	5	23	1	-5	1	0	0	1	0	0	0	0	1	17	0	12	0	0	0	0	0	0	0	2	1	0	0	47	0	0	0	-16	0	0	1	-219	2	6	0	168
13:10:00	47400	2	12	0	-15	0	0	0	1	0	0	0	0	0	3	0	9	0	0	0	0	0	0	0	2	1	0	0	48	0	0	0	-16	0	0	0	-219	1	9	0	160
13:15:00	47700	16	9	1	-9	0	0	0	1	0	0	0	0	7	3	0	13	0	0	0	0	0	0	0	2	1	0	0	49	0	0	0	-16	0	0	1	-220	8	6	0	162
13:20:00	48000	18	22	1	-14	0	1	0	0	0	0	0	0	4	5	0	12	0	0	0	0	1	0	0	3	2	4	0	47	0	0	0	-16	0	0	1	-221	11	12	0	161
13:25:00	48300	15	19	2	-20	0	0	0	0	0	0	0	0	5	3	0	14	0	0	0	0	0	1	0	2	1	3	0	45	0	0	0	-16	0	0	2	-223	9	12	0	158
13:30:00	48600	44	18	0	6	0	0	0	0	0	0	0	0	33	5	0	42	1	0	0	1	0	0	0	2	0	1	0	44	0	0	0	-16	0	0	0	-223	10	12	0	156
13:35:00	48900	54	44	1	15	0	0	0	0	0	0	0	0	27	28	0	41	5	0	0	6	0	1	0	1	1	4	0	41	0	0	1	-17	0	0	0	-223	21	11	0	166
13:40:00	49200	47	45	2	15	0	0	0	0	0	0	0	0	24	24	0	41	5	2	0	9	0	0	0	1	0	5	0	36	0	0	0	-17	0	0	2	-225	18	14	0	170
13:45:00	49500	49	40	1	23	0	0	0	0	0	0	0	0	27	21	0	47	2	3	0	8	1	1	0	1	1	0	0	37	0	0	0	-17	0	0	1	-226	18	15	0	173
13:50:00	49800	84	46	2	59	0	0	0	0	0	0	0	0	42	19	0	70	15	7	0	16	0	0	0	1	4	2	0	39	0	0	0	-17	0	0	2	-228	23	18	0	178
13:55:00	50100	94	62	4	87	0	0	0	0	0	0	0	0	55	38	0	87	12	5	0	23	0	1	0	0	1	0	0	40	0	0	1	-18	0	0	3	-231	26	18	0	186
14:00:00	50400	74	68	3	90	0	0	0	0	0	0	0	0	35	37	0	85	3	9	0	17	0	0	0	0	2	0	0	42	0	0	0	-18	0	0	3	-234	34	22	0	198
14:05:00	50700	76	81	0	85	2	0	0	2	0	0	0	0	30	38	0	77	9	6	0	20	1	0	0	1	1	0	0	43	0	0	0	-18	0	0	0	-234	33	37	0	194
14:10:00	51000	73	68	1	89	2	0	0	4	0	0	0	0	37	31	0	83	14	11	0	23	0	1	0	0	3	0	0	46	0	0	0	-18	0	0	1	-235	17	25	0	186
14:15:00	51300	70	72	3	84	0	1	0	3	0	0	0	0	31	37	0	77	8	9	0	22	1	0	0	1	6	2	0	50	0	0	0	-18	0	0	3	-238	24	23	0	187
14:20:00	51600	82	80	3	83	0	3	0	0	0	0	0	0	28	30	0	75	14	8	0	28	0	0	0	1	8	4	0	54	0	0	0	-18	0	0	3	-241	32	35	0	184
14:25:00	51900	71	62	0	92	0	0	0	0	0	0	0	0	38	37	0	76	16	11	0	33	1	0	0	2	2	1	0	55	0	0	0	-18	0	0	0	-241	14	13	0	185
14:30:00	52200	49	57	3	81	0	0	0	0	0	0	0	0	19	25	0	70	12	13	0	32	0	0	0	2	2	1	0	56	0	0	0	-18	0	0	3	-244	16	18	0	183
14:35:00	52500	69	69	2	79	0	0	0	0	0	0	0	0	37	31	0	76	4	12	0	24	0	1	0	1	1	1	0	56	0	0	0	-18	0	0	2	-246	27	24	0	186
14:40:00	52800	60	74	2	63	1	0	0	1	0	0	0	0	22	40	0	58	8	7	0	25	0	1	0	0	3	3	0	56	0	0	0	-18	0	0	2	-248	26	23	0	189
14:45:00	53100	49	65	2	45	1	1	0	1	0	0	0	0	17	22	0	53	9	14	0	20	0	0	0	0	0	11	0	45	0	0	1	-19	0	0	1	-249	22	17	0	194
14:50:00	53400	60	70	3	32	0	1	0	0	0	0	0	0	23	33	0	43	3	6	0	17	0	0	0	0	3	2	0	46	0	0	0	-19	0	0	3	-252	31	28	0	197
14:55:00	53700	50	59	2	21	0	0	0	0	0	0	0	0	15	20	0	38	8	5	0	20	1	0	0	1	2	5	0	43	0	0	0	-19	0	0	2	-254	24	29	0	192
15:00:00	54000	45	50	1	15	0	0	0	0	0	0	0	0	20	19	0	39	3	10	0	13	3	1	0	3	0	4	0	39	0	0	0	-19	0	0	1	-255	19	16	0	195
15:05:00	54300	51	52	2	12	0	0	0	0	0	0	0	0	22	24	0	37	1	4	0	10	0	0	0	3	1	1	0	39	0	0	0	-19	0	0	2	-257	27	23	0	199
15:10:00	54600	51	61	1	1	0	0	0	0	1	1	0	0	25	22	0	40	0	4	0	6	2	3	0	2	2	0	0	41	0	0	1	-20	0	0	0	-257	21	31	0	189
15:15:00	54900	54	38	0	17	0	0	0	0	0	0	0	0	28	14	0	54	1	2	0	5	1	1	0	2	1	0	0	42	0	0	0	-20	0	0	0	-257	23	21	0	191
15:20:00	55200	51	48	5	15	0	0	0	0	0	0	0	0	23	19	0	58	1	1	0	5	1	1	0	2	1	0	0	43	0	0	0	-20	0	0	5	-262	25	27	0	189
15:25:00	55500	46	53	1	7	0	0	0	0	0	0	0	0	24	30	0	52	0	0	0	5	0	0	0	2	3	0	0	46	0	0	0	-20	0	0	1	-263	19	23	0	185
15:30:00	55800	76	55	4	24	0	0	0	0	0	0	0	0	39	26	0	65	0	1	0	4	1	0	0	3	3	1	0	48	0	0	0	-20	0	0	4	-267	33	27	0	191
15:35:00	56100	96	61	3	56	1	0	0	1	0	0	0	0	42	28	0	79	0	0	0	4	0	1	0	2	3	2	0	49	0	0	0	-20	0	0	3	-270	50	30	0	211
15:40:00	56400	100	96	7	53	0	0	0	1	0	0	0	0	52	45	0	86	0	1	0	3	1	1	0	2	2	1	0	50	0	0	0	-20	0	0	7	-277	45	48	0	208
15:45:00	56700	77	86	7	37	0	0	0	1	0	0	0	0	43	42	0	87	0	1	0	2	0	0	0	2	5	4	0	51	0	0	0	-20	0	0	7	-284	29	39	0	198
15:50:00	57000	80	68	5	44	0	1	0	0	0	0	0	0	37	37	0	87	0	0	0	2	1	0	0	3	2	0	0	53	0	0	0	-20	0	0	5	-289	40	30	0	208
15:55:00	57300	64	89	5	14	0	0	0	0	0	0	0	0	22	43	0	66	0	0	0	2	1	1	0	3	4	5	0	52	0	0	1	-21	0	0	4	-293	37	40	0	205
16:00:00	57600	88	74	3	25	0	0	0	0	0	0	0	0	28	28	0	66	21	0	0	23	1	1	0	3	2	4	0	50	0	0	0	-21	0	0	3	-296	36	41	0	200
16:05:00	57900	82	70	4	33	0	0	0	0	0	0	0	0	28	33	0	61	19	7	0	35	0	2	0	1	1	2	0	49	0	0	0	-21	0	0	4	-300	34	26	0	208
16:10:00	58200	68	83	2	16	0	0	0	0	0	0	0	0	23	27	0	57	18	16	0	37	0	0	0	1	3	0	0	52	0	0	0	-21	0	0	2	-302	24	40	0	192
16:15:00	58500	81	84	4	9	0	0	0	0	0	0	0	0	24	31	0	50	16	13	0	40	0	0	0	1	3	6	0	49	0	0	0	-21	0	0	4	-306	38	34	0	196
16:20:00	58800	90	71	3	25	1	0	0	1	0	0	0	0	32	23	0	59	17	10	0	47	0	0	0	1	1	0	0	50	0	0	0	-21	0	0	3	-309	39	38	0	197
16:25:00	59100	100	86	5	34	0	1	0	0	0	0	0	0	38	26	0	71	28	24	0	51	0	0	0	1	2	2	0	50	0	0	0	-21	0	0	5	-314	32	33	0	196
16:30:00	59400	112	87	4	55	0	0	0	0	0	0	0	0	37	34	0	74	30	11	0	70	1	1	0	1	6	4	0	52	0	0	0	-21	0	0	4	-318	38	37	0	197
16:35:00	59700	122	93	3	81	0	0	0	0	0	0	0	0	44	30	0	88	28	24	0	74	1	1	0	1	2	2	0	52	0	0	0	-21	0	0	3	-321	47	36	0	208
16:40:00	60000	120	117	3	81	0	0	0	0	0	0	0	0	55	40	0	103	19	25	0	68	0	0	0	1	4	7	0	49	0	0	0	-21	0	0	3	-324	42	45	0	205
16:45:00	60300	96	105	10	62	0	0	0	0	0	0	0	0	25	42	0	86	29	21	0	76	0	0	0	1	3	7	0	45	0	0	0	-21	0	0	10	-334	39	35	0	209
16:50:00	60600	136	100	3	95	0	0	0	0	0	0	0	0	56	43	0	99	45	29	0	92	0	0	0	1	2	3	0	44	0	0	0	-21	0	0	3	-337	33	25	0	217
16:55:00	60900	117	110	1	101	0	0	0	0	0	0	0	0	47	47	0	99	33	29	0	96	1	1	0	1	4	1	0	47	0	0	0	-21	0	0	1	-338	32	32	0	217
17:00:00	61200	149	127	2	121	0	0	0	0	0	0	0	0	75	45	0	129	19	29	0	86	1	1	0	1	5	8	0	44	0	0	0	-21	0	0	2	-340	49	44	0	222
17:05:00	61500	155	119	10	147	1	0	0	1	0	0	0	0	79	56	0	152	12	22	0	76	1	0	0	2	5	5	0	44	0	0	0	-21	0	0	10	-350	57	36	0	243
17:10:00	61800	132	139	4	136	1	0	0	2	0	0	0	0	63	63	0	152	16	21	0	71	1	1	0	2	5	3	0	46	0	0	1	-22	0	0	3	-353	46	51	0	238
17:15:00	62100	155	148	6	137	0	2	0	0	0	0	0	0	63	69	0	146	26	20	0	77	3	1	0	4	5	7	0	44	0	0	0	-22	0	0	6	-359	58	49	0	247
17:20:00	62400	147	128	8	148	0	0	0	0	0	0	0	0	77	57	0	166	14	23	0	68	0	0	0	4	3	1	0	46	0	0	0	-22	0	0	8	-367	53	47	0	253
17:25:00	62700	99	148	7	92	1	0	0	1	0	0	0	0	42	70	0	138	1	25	0	44	1	0	0	5	5	2	0	49	0	0	0	-22	0	0	7	-374	49	51	0	251
17:30:00	63000	74	106	3	57	0	1	0	0	0	0	0	0	44	56	0	126	1	11	0	34	2	2	0	5	2	5	0	46	0	0	0	-22	0	0	3	-377	25	31	0	245
17:35:00	63300	78	80	3	52	0	0	0	0	0	0	0	0	41	44	0	123	2	8	0	28	1	0	0	6	7	1	0	52	0	0	0	-22	0	0	3	-380	27	27	0	245
17:40:00	63600	61	76	1	36	0	0	0	0	0	0	0	0	29	43	0	109	1	4	0	25	0	1	0	5	6	8	0	50	0	0	0	-22	0	0	1	-381	25	20	0	250
17:45:00	63900	91	75	0	52	0	0	0	0	1	0	0	1	62	44	0	127	1	2	0	24	0	2	0	3	2	4	0	48	0	0	0	-22	0	0	0	-381	25	23	0	252
17:50:00	64200	87	86	6	47	1	0	0	1	0	0	0	1	39	46	0	120	1	6	0	19	1	1	0	3	4	1	0	51	0	0	0	-22	0	0	6	-387	41	32	0	261
17:55:00	64500	94	96	4	41	0	1	0	0	0	1	0	0	47	43	0	124	0	3	0	16	4	1	0	6	9	7	0	53	0	0	0	-22	0	0	4	-391	34	40	0	255
18:00:00	64800	60	90	4	7	0	0	0	0	0	0	0	0	39	55	0	108	1	1	0	16	1	1	0	6	1	2	0	52	0	0	0	-22	0	0	4	-395	18	31	0	242
18:05:00	65100	66	77	2	-6	0	0	0	0	0	0	0	0	33	39	0	102	0	2	0	14	0	2	0	4	3	11	0	44	0	0	0	-22	0	0	2	-397	30	23	0	249
18:10:00	65400	41	76	2	-43	0	0	0	0	0	0	0	0	23	41	0	84	0	0	0	14	0	1	0	3	2	7	0	39	0	0	0	-22	0	0	2	-399	16	27	0	238
18:15:00	65700	37	72	3	-81	0	0	0	0	0	0	0	0	17	39	0	62	1	2	0	13	0	3	0	0	2	4	0	37	0	0	0	-22	0	0	3	-402	17	24	0	231
18:20:00	66000	55	61	1	-88	0	0	0	0	0	0	0	0	33	23	0	72	0	2	0	11	1	0	0	1	1	7	0	31	0	0	0	-22	0	0	1	-403	20	29	0	222
18:25:00	66300	42	57	8	-111	0	0	0	0	0	0	0	0	17	27	0	62	0	1	0	10	0	0	0	1	0	7	0	24	0	0	0	-22	0	0	8	-411	25	22	0	225
18:30:00	66600	39	54	4	-130	0	0	0	0	0	0	0	0	19	23	0	58	1	2	0	9	0	0	0	1	2	2	0	24	0	0	0	-22	0	0	4	-415	17	27	0	215
18:35:00	66900	55	55	5	-135	0	0	0	0	0	0	0	0	29	27	0	60	0	2	0	7	1	0	0	2	0	2	0	22	0	0	0	-22	0	0	5	-420	25	24	0	216
18:40:00	67200	25	44	1	-155	0	0	0	0	0	0	0	0	8	22	0	46	0	1	0	6	0	1	0	1	1	4	0	19	0	0	0	-22	0	0	1	-421	16	16	0	216
18:45:00	67500	27	41	2	-171	0	0	0	0	0	0	0	0	17	20	0	43	0	2	0	4	0	0	0	1	2	2	0	19	0	0	0	-22	0	0	2	-423	8	17	0	207
18:50:00	67800	14	33	1	-191	0	0	0	0	0	0	0	0	6	15	0	34	0	0	0	4	0	0	0	1	0	5	0	14	0	0	0	-22	0	0	1	-424	8	13	0	202
18:55:00	68100	29	34	2	-198	0	0	0	0	0	0	0	0	17	13	0	38	0	0	0	4	1	0	0	2	1	0	0	15	0	0	0	-22	0	0	2	-426	10	21	0	191
19:00:00	68400	50	28	3	-179	0	0	0	0	0	0	0	0	34	14	0	58	0	0	0	4	0	0	0	2	1	5	0	11	0	0	0	-22	0	0	3	-429	15	9	0	197
19:05:00	68700	62	42	3	-162	0	0	0	0	0	0	0	0	46	22	0	82	0	0	0	4	0	1	0	1	0	0	0	11	0	0	0	-22	0	0	3	-432	16	19	0	194
19:10:00	69000	56	56	4	-166	0	0	0	0	0	0	0	0	37	36	0	83	0	0	0	4	0	0	0	1	0	1	0	10	0	0	0	-22	0	0	4	-436	19	19	0	194
19:15:00	69300	46	61	4	-185	2	1	0	1	0	0	0	0	27	37	0	73	0	1	0	3	0	0	0	1	2	3	0	9	0	0	0	-22	0	0	4	-440	15	19	0	190
19:20:00	69600	49	56	4	-196	0	1	0	0	0	0	0	0	32	33	0	72	0	0	0	3	1	0	0	2	0	0	0	9	0	0	0	-22	0	0	4	-444	16	22	0	184
19:25:00	69900	72	49	5	-178	0	0	0	0	0	0	0	0	45	28	0	89	0	0	0	3	1	1	0	2	0	2	0	7	0	0	0	-22	0	0	5	-449	26	18	0	192
19:30:00	70200	63	53	3	-171	1	1	0	0	0	0	0	0	32	32	0	89	0	0	0	3	1	0	0	3	3	2	0	8	0	0	0	-22	0	0	3	-452	26	18	0	200
19:35:00	70500	34	61	3	-201	0	0	0	0	0	0	0	0	19	42	0	66	0	0	0	3	2	0	0	5	1	2	0	7	0	0	0	-22	0	0	3	-455	12	17	0	195
19:40:00	70800	40	49	2	-212	0	0	0	0	0	0	0	0	24	27	0	63	0	1	0	2	1	2	0	4	2	0	0	9	0	0	0	-22	0	0	2	-457	13	19	0	189
19:45:00	71100	59	48	3	-204	1	0	0	1	0	0	0	0	37	33	0	67	0	0	0	2	1	1	0	4	1	1	0	9	0	0	0	-22	0	0	3	-460	19	13	0	195
19:50:00	71400	33	52	2	-225	1	1	0	1	0	0	0	0	25	25	0	67	0	0	0	2	0	1	0	3	0	0	0	9	0	0	0	-22	0	0	2	-462	7	25	0	177
19:55:00	71700	39	51	2	-239	0	0	0	1	0	0	0	0	24	36	0	55	0	0	0	2	0	0	0	3	0	2	0	7	0	0	0	-22	0	0	2	-464	15	13	0	179
20:00:00	72000	5	34	2	-270	0	1	0	0	0	0	0	0	1	21	0	35	0	0	0	2	0	0	0	3	0	2	0	5	0	0	0	-22	0	0	2	-466	4	10	0	173
20:05:00	72300	3	24	1	-292	0	0	0	0	0	0	0	0	1	15	0	21	0	0	0	2	0	0	0	3	0	0	0	5	0	0	0	-22	0	0	1	-467	2	9	0	166
20:10:00	72600	3	14	0	-303	0	0	0	0	0	0	0	0	0	6	0	15	0	0	0	2	0	0	0	3	0	0	0	5	0	0	0	-22	0	0	0	-467	3	8	0	161
20:15:00	72900	14	25	3	-317	0	0	0	0	0	0	0	0	3	8	0	10	0	0	0	2	1	1	0	3	1	0	0	6	0	0	0	-22	0	0	3	-470	9	16	0	154
20:20:00	73200	5	15	2	-329	0	0	0	0	0	0	0	0	1	4	0	7	0	1	0	1	0	0	0	3	0	0	0	6	0	0	0	-22	0	0	2	-472	4	10	0	148
20:25:00	73500	10	20	3	-342	0	0	0	0	0	0	0	0	3	3	0	7	0	1	0	0	0	1	0	2	0	2	0	4	0	0	0	-22	0	0	3	-475	7	13	0	142
20:30:00	73800	5	11	1	-349	0	0	0	0	0	0	0	0	0	3	0	4	0	0	0	0	0	0	0	2	0	2	0	2	0	0	0	-22	0	0	1	-476	5	6	0	141
20:35:00	74100	6	11	1	-355	0	0	0	0	0	0	0	0	1	0	0	5	0	0	0	0	0	2	0	0	0	2	0	0	0	0	0	-22	0	0	1	-477	5	7	0	139
20:40:00	74400	6	4	0	-353	0	0	0	0	0	0	0	0	2	0	0	7	0	0	0	0	0	0	0	0	0	0	0	0	0	0	0	-22	0	0	0	-477	4	4	0	139
20:45:00	74700	5	5	0	-353	0	0	0	0	0	0	0	0	0	1	0	6	0	0	0	0	0	0	0	0	0	0	0	0	0	0	0	-22	0	0	0	-477	5	4	0	140
20:50:00	75000	10	14	1	-358	1	1	0	0	0	0	0	0	5	3	0	8	0	0	0	0	0	0	0	0	0	0	0	0	0	0	0	-22	0	0	1	-478	4	10	0	134
20:55:00	75300	5	10	1	-364	0	0	0	0	0	0	0	0	3	2	0	9	0	0	0	0	0	0	0	0	0	0	0	0	0	0	0	-22	0	0	1	-479	2	8	0	128
21:00:00	75600	7	9	1	-367	0	0	0	0	0	0	0	0	2	2	0	9	0	0	0	0	0	0	0	0	0	0	0	0	0	0	0	-22	0	0	1	-480	5	7	0	126
21:05:00	75900	3	7	1	-372	0	0	0	0	0	0	0	0	1	3	0	7	0	0	0	0	0	0	0	0	0	0	0	0	0	0	0	-22	0	0	1	-481	2	4	0	124
21:10:00	76200	1	6	0	-377	0	0	0	0	0	0	0	0	0	2	0	5	0	0	0	0	0	0	0	0	0	0	0	0	0	0	0	-22	0	0	0	-481	1	4	0	121
21:15:00	76500	3	3	0	-377	1	1	0	0	0	0	0	0	0	0	0	5	0	0	0	0	0	0	0	0	0	0	0	0	0	0	0	-22	0	0	0	-481	2	2	0	121
21:20:00	76800	0	3	0	-380	0	0	0	0	0	0	0	0	0	0	0	5	0	0	0	0	0	0	0	0	0	0	0	0	0	0	0	-22	0	0	0	-481	0	3	0	118
21:25:00	77100	3	4	2	-383	0	0	0	0	0	0	0	0	1	2	0	4	0	0	0	0	0	0	0	0	0	0	0	0	0	0	0	-22	0	0	2	-483	2	2	0	118
21:30:00	77400	1	3	0	-385	0	0	0	0	0	0	0	0	0	1	0	3	0	0	0	0	0	0	0	0	0	0	0	0	0	0	0	-22	0	0	0	-483	1	2	0	117
21:35:00	77700	0	2	0	-387	0	0	0	0	0	0	0	0	0	1	0	2	0	0	0	0	0	0	0	0	0	0	0	0	0	0	0	-22	0	0	0	-483	0	1	0	116
21:40:00	78000	0	3	0	-390	0	0	0	0	0	0	0	0	0	0	0	2	0	0	0	0	0	0	0	0	0	0	0	0	0	0	0	-22	0	0	0	-483	0	3	0	113
21:45:00	78300	0	2	0	-392	0	0	0	0	0	0	0	0	0	0	0	2	0	0	0	0	0	0	0	0	0	0	0	0	0	0	0	-22	0	0	0	-483	0	2	0	111
21:50:00	78600	5	6	0	-393	0	0	0	0	0	0	0	0	1	0	0	3	0	0	0	0	0	0	0	0	0	0	0	0	0	0	0	-22	0	0	0	-483	4	6	0	109
21:55:00	78900	2	2	0	-393	0	0	0	0	0	0	0	0	0	1	0	2	0	0	0	0	1	0	0	1	0	0	0	0	0	0	0	-22	0	0	0	-483	1	1	0	109
22:00:00	79200	0	2	0	-395	0	0	0	0	0	0	0	0	0	0	0	2	0	0	0	0	0	0	0	1	0	0	0	0	0	0	0	-22	0	0	0	-483	0	2	0	107
22:05:00	79500	0	2	0	-397	0	0	0	0	0	0	0	0	0	0	0	2	0	0	0	0	0	0	0	1	0	0	0	0	0	0	0	-22	0	0	0	-483	0	2	0	105
22:10:00	79800	2	4	0	-399	0	0	0	0	0	0	0	0	0	0	0	2	0	0	0	0	0	1	0	0	0	0	0	0	0	0	0	-22	0	0	0	-483	2	3	0	104
22:15:00	80100	2	4	1	-402	0	0	0	0	0	0	0	0	1	1	0	2	0	0	0	0	0	0	0	0	0	0	0	0	0	0	0	-22	0	0	1	-484	1	3	0	102
22:20:00	80400	2	3	0	-403	0	0	0	0	0	0	0	0	1	0	0	3	0	0	0	0	0	0	0	0	0	0	0	0	0	0	0	-22	0	0	0	-484	1	3	0	100
22:25:00	80700	1	2	0	-404	0	0	0	0	0	0	0	0	1	0	0	4	0	0	0	0	0	0	0	0	0	0	0	0	0	0	0	-22	0	0	0	-484	0	2	0	98
22:30:00	81000	2	2	0	-404	0	0	0	0	0	0	0	0	2	2	0	4	0	0	0	0	0	0	0	0	0	0	0	0	0	0	0	-22	0	0	0	-484	0	0	0	98
22:35:00	81300	2	4	0	-406	0	0	0	0	0	0	0	0	1	2	0	3	0	0	0	0	0	0	0	0	0	0	0	0	0	0	0	-22	0	0	0	-484	1	2	0	97
22:40:00	81600	2	4	1	-409	0	0	0	0	0	0	0	0	1	2	0	2	0	0	0	0	0	0	0	0	0	0	0	0	0	0	0	-22	0	0	1	-485	1	2	0	96
22:45:00	81900	0	1	0	-410	0	0	0	0	0	0	0	0	0	1	0	1	0	0	0	0	0	0	0	0	0	0	0	0	0	0	0	-22	0	0	0	-485	0	0	0	96
22:50:00	82200	2	4	0	-412	0	0	0	0	0	0	0	0	1	1	0	1	0	0	0	0	0	0	0	0	0	0	0	0	0	0	0	-22	0	0	0	-485	1	3	0	94
22:55:00	82500	1	1	0	-412	0	0	0	0	0	0	0	0	1	1	0	1	0	0	0	0	0	0	0	0	0	0	0	0	0	0	0	-22	0	0	0	-485	0	0	0	94
23:00:00	82800	0	2	0	-414	0	0	0	0	0	0	0	0	0	1	0	0	0	0	0	0	0	0	0	0	0	0	0	0	0	0	0	-22	0	0	0	-485	0	1	0	93
23:05:00	83100	2	2	1	-415	0	0	0	0	0	0	0	0	1	0	0	1	0	0	0	0	0	0	0	0	0	0	0	0	0	0	0	-22	0	0	1	-486	1	2	0	92
23:10:00	83400	0	0	0	-415	0	0	0	0	0	0	0	0	0	0	0	1	0	0	0	0	0	0	0	0	0	0	0	0	0	0	0	-22	0	0	0	-486	0	0	0	92
23:15:00	83700	1	1	0	-415	0	0	0	0	0	0	0	0	1	0	0	2	0	0	0	0	0	0	0	0	0	0	0	0	0	0	0	-22	0	0	0	-486	0	1	0	91
23:20:00	84000	1	2	0	-416	0	0	0	0	0	0	0	0	1	1	0	2	0	0	0	0	0	0	0	0	0	0	0	0	0	0	0	-22	0	0	0	-486	0	1	0	90
23:25:00	84300	7	5	1	-415	0	0	0	0	0	0	0	0	2	0	0	4	0	0	0	0	0	0	0	0	0	0	0	0	0	0	0	-22	0	0	1	-487	5	5	0	90
23:30:00	84600	0	3	0	-418	0	0	0	0	0	0	0	0	0	2	0	2	0	0	0	0	0	0	0	0	0	0	0	0	0	0	0	-22	0	0	0	-487	0	1	0	89
23:35:00	84900	1	2	0	-419	0	0	0	0	0	0	0	0	1	1	0	2	0	0	0	0	0	0	0	0	0	0	0	0	0	0	0	-22	0	0	0	-487	0	1	0	88
23:40:00	85200	2	0	0	-417	0	0	0	0	0	0	0	0	2	0	0	4	0	0	0	0	0	0	0	0	0	0	0	0	0	0	0	-22	0	0	0	-487	0	0	0	88
23:45:00	85500	4	5	0	-418	0	0	0	0	0	0	0	0	2	2	0	4	0	0	0	0	0	0	0	0	0	0	0	0	0	0	0	-22	0	0	0	-487	2	3	0	87
23:50:00	85800	4	5	0	-419	0	0	0	0	0	0	0	0	2	2	0	4	0	0	0	0	0	0	0	0	0	0	0	0	0	0	0	-22	0	0	0	-487	2	3	0	86
23:55:00	86100	3	2	0	-418	0	0	0	0	0	0	0	0	1	1	0	4	0	0	0	0	0	0	0	0	0	0	0	0	0	0	0	-22	0	0	0	-487	2	1	0	87
24:00:00	86400	2	1	0	-417	0	0	0	0	0	0	0	0	1	0	0	5	0	0	0	0	0	0	0	0	0	0	0	0	0	0	0	-22	0	0	0	-487	1	1	0	87
24:05:00	86700	3	4	0	-418	0	0	0	0	0	0	0	0	1	2	0	4	0	0	0	0	0	0	0	0	0	0	0	0	0	0	0	-22	0	0	0	-487	2	2	0	87
24:10:00	87000	4	7	0	-421	0	0	0	0	0	0	0	0	3	3	0	4	0	0	0	0	0	0	0	0	0	0	0	0	0	0	0	-22	0	0	0	-487	1	4	0	84
24:15:00	87300	0	2	0	-423	0	0	0	0	0	0	0	0	0	1	0	3	0	0	0	0	0	0	0	0	0	0	0	0	0	0	0	-22	0	0	0	-487	0	1	0	83
24:20:00	87600	1	2	0	-424	0	0	0	0	0	0	0	0	1	1	0	3	0	0	0	0	0	0	0	0	0	0	0	0	0	0	0	-22	0	0	0	-487	0	1	0	82
24:25:00	87900	1	1	1	-425	0	0	0	0	0	0	0	0	0	0	0	3	0	0	0	0	0	0	0	0	0	0	0	0	0	0	0	-22	0	0	1	-488	1	1	0	82
24:30:00	88200	2	3	0	-426	0	0	0	0	0	0	0	0	2	0	0	5	0	0	0	0	0	0	0	0	0	0	0	0	0	0	0	-22	0	0	0	-488	0	3	0	79
24:35:00	88500	5	7	0	-428	0	0	0	0	0	0	0	0	2	3	0	4	0	0	0	0	1	1	0	0	0	0	0	0	0	0	0	-22	0	0	0	-488	2	3	0	78
24:40:00	88800	2	2	0	-428	0	0	0	0	0	0	0	0	1	1	0	4	0	0	0	0	0	0	0	0	0	0	0	0	0	0	0	-22	0	0	0	-488	1	1	0	78
24:45:00	89100	0	2	0	-430	0	0	0	0	0	0	0	0	0	1	0	3	0	0	0	0	0	0	0	0	0	0	0	0	0	0	0	-22	0	0	0	-488	0	1	0	77
24:50:00	89400	1	1	0	-430	0	0	0	0	0	0	0	0	0	0	0	3	0	0	0	0	0	0	0	0	0	0	0	0	0	0	0	-22	0	0	0	-488	1	1	0	77
24:55:00	89700	0	1	0	-431	0	0	0	0	0	0	0	0	0	1	0	2	0	0	0	0	0	0	0	0	0	0	0	0	0	0	0	-22	0	0	0	-488	0	0	0	77
25:00:00	90000	1	2	0	-432	0	0	0	0	0	0	0	0	0	0	0	2	0	0	0	0	0	0	0	0	0	0	0	0	0	0	0	-22	0	0	0	-488	1	2	0	76
25:05:00	90300	1	1	1	-433	0	0	0	0	0	0	0	0	0	0	0	2	0	0	0	0	0	0	0	0	0	0	0	0	0	0	0	-22	0	0	1	-489	1	1	0	76
25:10:00	90600	1	1	0	-433	0	0	0	0	0	0	0	0	0	1	0	1	0	0	0	0	0	0	0	0	0	0	0	0	0	0	0	-22	0	0	0	-489	1	0	0	77
25:15:00	90900	3	4	0	-434	0	0	0	0	0	0	0	0	2	1	0	2	0	0	0	0	0	0	0	0	0	0	0	0	0	0	0	-22	0	0	0	-489	1	3	0	75
25:20:00	91200	1	2	0	-435	0	0	0	0	0	0	0	0	1	0	0	3	0	0	0	0	0	0	0	0	0	0	0	0	0	0	0	-22	0	0	0	-489	0	2	0	73
25:25:00	91500	1	2	0	-436	0	0	0	0	0	0	0	0	1	2	0	2	0	0	0	0	0	0	0	0	0	0	0	0	0	0	0	-22	0	0	0	-489	0	0	0	73
25:30:00	91800	0	0	0	-436	0	0	0	0	0	0	0	0	0	0	0	2	0	0	0	0	0	0	0	0	0	0	0	0	0	0	0	-22	0	0	0	-489	0	0	0	73
25:35:00	92100	0	1	0	-437	0	0	0	0	0	0	0	0	0	0	0	2	0	0	0	0	0	0	0	0	0	0	0	0	0	0	0	-22	0	0	0	-489	0	1	0	72
25:40:00	92400	0	2	0	-439	0	0	0	0	0	0	0	0	0	1	0	1	0	0	0	0	0	0	0	0	0	0	0	0	0	0	0	-22	0	0	0	-489	0	1	0	71
25:45:00	92700	1	2	1	-441	0	0	0	0	0	0	0	0	0	0	0	1	0	0	0	0	0	0	0	0	0	0	0	0	0	0	0	-22	0	0	1	-490	1	2	0	70
25:50:00	93000	1	1	0	-441	0	0	0	0	0	0	0	0	0	0	0	1	0	0	0	0	0	0	0	0	0	0	0	0	0	0	0	-22	0	0	0	-490	1	1	0	70
25:55:00	93300	0	1	0	-442	0	0	0	0	0	0	0	0	0	0	0	1	0	0	0	0	0	0	0	0	0	0	0	0	0	0	0	-22	0	0	0	-490	0	1	0	69
26:00:00	93600	2	4	1	-445	0	0	0	0	0	0	0	0	1	1	0	1	0	0	0	0	0	0	0	0	0	0	0	0	0	0	0	-22	0	0	1	-491	1	3	0	67
26:05:00	93900	2	3	1	-447	0	0	0	0	0	0	0	0	1	0	0	2	0	0	0	0	0	0	0	0	0	0	0	0	0	0	0	-22	0	0	1	-492	1	3	0	65
26:10:00	94200	3	3	1	-448	0	0	0	0	0	0	0	0	1	0	0	3	0	0	0	0	0	0	0	0	0	0	0	0	0	0	0	-22	0	0	1	-493	2	3	0	64
26:15:00	94500	1	1	0	-448	0	0	0	0	0	0	0	0	0	0	0	3	0	0	0	0	0	0	0	0	0	0	0	0	0	0	0	-22	0	0	0	-493	1	1	0	64
26:20:00	94800	0	2	0	-450	0	0	0	0	0	0	0	0	0	0	0	3	0	0	0	0	0	0	0	0	0	0	0	0	0	0	0	-22	0	0	0	-493	0	2	0	62
26:25:00	95100	1	1	0	-450	0	0	0	0	0	0	0	0	0	0	0	3	0	0	0	0	0	0	0	0	0	0	0	0	0	0	0	-22	0	0	0	-493	1	1	0	62
26:30:00	95400	2	2	0	-450	0	0	0	0	0	0	0	0	0	1	0	2	0	0	0	0	0	0	0	0	0	0	0	0	0	0	0	-22	0	0	0	-493	2	1	0	63
26:35:00	95700	0	1	0	-451	0	0	0	0	0	0	0	0	0	0	0	2	0	0	0	0	0	0	0	0	0	0	0	0	0	0	0	-22	0	0	0	-493	0	1	0	62
26:40:00	96000	0	0	0	-451	0	0	0	0	0	0	0	0	0	0	0	2	0	0	0	0	0	0	0	0	0	0	0	0	0	0	0	-22	0	0	0	-493	0	0	0	62
26:45:00	96300	1	1	0	-451	0	0	0	0	0	0	0	0	1	1	0	2	0	0	0	0	0	0	0	0	0	0	0	0	0	0	0	-22	0	0	0	-493	0	0	0	62
26:50:00	96600	0	1	0	-452	0	0	0	0	0	0	0	0	0	0	0	2	0	0	0	0	0	0	0	0	0	0	0	0	0	0	0	-22	0	0	0	-493	0	1	0	61
26:55:00	96900	3	4	1	-454	0	0	0	0	0	0	0	0	1	1	0	2	0	0	0	0	0	0	0	0	0	0	0	0	0	0	0	-22	0	0	1	-494	2	3	0	60
27:00:00	97200	1	3	1	-457	0	0	0	0	0	0	0	0	0	0	0	2	0	0	0	0	0	0	0	0	0	0	0	0	0	0	1	-23	0	0	0	-494	1	3	0	58
27:05:00	97500	0	0	0	-457	0	0	0	0	0	0	0	0	0	0	0	2	0	0	0	0	0	0	0	0	0	0	0	0	0	0	0	-23	0	0	0	-494	0	0	0	58
27:10:00	97800	2	2	0	-457	0	0	0	0	0	0	0	0	1	1	0	2	0	0	0	0	0	0	0	0	0	0	0	0	0	0	0	-23	0	0	0	-494	1	1	0	58
27:15:00	98100	0	0	0	-457	0	0	0	0	0	0	0	0	0	0	0	2	0	0	0	0	0	0	0	0	0	0	0	0	0	0	0	-23	0	0	0	-494	0	0	0	58
27:20:00	98400	0	2	0	-459	0	0	0	0	0	0	0	0	0	1	0	1	0	0	0	0	0	0	0	0	0	0	0	0	0	0	0	-23	0	0	0	-494	0	1	0	57
27:25:00	98700	2	2	1	-460	0	0	0	0	0	0	0	0	0	0	0	1	0	0	0	0	0	0	0	0	0	0	0	0	0	0	0	-23	0	0	1	-495	2	2	0	57
27:30:00	99000	0	0	0	-460	0	0	0	0	0	0	0	0	0	0	0	1	0	0	0	0	0	0	0	0	0	0	0	0	0	0	0	-23	0	0	0	-495	0	0	0	57
27:35:00	99300	0	2	0	-462	0	0	0	0	0	0	0	0	0	0	0	1	0	0	0	0	0	0	0	0	0	0	0	0	0	0	0	-23	0	0	0	-495	0	2	0	55
27:40:00	99600	3	3	2	-464	0	0	0	0	0	0	0	0	1	1	0	1	0	0	0	0	0	0	0	0	0	0	0	0	0	0	0	-23	0	0	2	-497	2	2	0	55
27:45:00	99900	1	2	0	-465	0	0	0	0	0	0	0	0	0	0	0	1	0	0	0	0	0	0	0	0	0	0	0	0	0	0	0	-23	0	0	0	-497	1	2	0	54
27:50:00	100200	0	0	0	-465	0	0	0	0	0	0	0	0	0	0	0	1	0	0	0	0	0	0	0	0	0	0	0	0	0	0	0	-23	0	0	0	-497	0	0	0	54
27:55:00	100500	1	1	0	-465	0	0	0	0	0	0	0	0	0	0	0	1	0	0	0	0	0	0	0	0	0	0	0	0	0	0	0	-23	0	0	0	-497	1	1	0	54
28:00:00	100800	1	1	0	-465	0	0	0	0	0	0	0	0	1	1	0	1	0	0	0	0	0	0	0	0	0	0	0	0	0	0	0	-23	0	0	0	-497	0	0	0	54
28:05:00	101100	0	1	0	-466	0	0	0	0	0	0	0	0	0	0	0	1	0	0	0	0	0	0	0	0	0	0	0	0	0	0	0	-23	0	0	0	-497	0	1	0	53
28:10:00	101400	1	2	1	-468	0	0	0	0	0	0	0	0	0	0	0	1	0	0	0	0	0	0	0	0	0	0	0	0	0	0	0	-23	0	0	1	-498	1	2	0	52
28:15:00	101700	1	2	1	-470	0	0	0	0	0	0	0	0	0	0	0	1	0	0	0	0	0	0	0	0	0	0	0	0	0	0	0	-23	0	0	1	-499	1	2	0	51
28:20:00	102000	0	0	0	-470	0	0	0	0	0	0	0	0	0	0	0	1	0	0	0	0	0	0	0	0	0	0	0	0	0	0	0	-23	0	0	0	-499	0	0	0	51
28:25:00	102300	1	1	0	-470	0	0	0	0	0	0	0	0	1	1	0	1	0	0	0	0	0	0	0	0	0	0	0	0	0	0	0	-23	0	0	0	-499	0	0	0	51
28:30:00	102600	1	1	0	-470	0	0	0	0	0	0	0	0	0	0	0	1	0	0	0	0	0	0	0	0	0	0	0	0	0	0	0	-23	0	0	0	-499	1	1	0	51
28:35:00	102900	1	1	0	-470	0	0	0	0	0	0	0	0	1	1	0	1	0	0	0	0	0	0	0	0	0	0	0	0	0	0	0	-23	0	0	0	-499	0	0	0	51
28:40:00	103200	1	1	0	-470	0	0	0	0	0	0	0	0	0	0	0	1	0	0	0	0	0	0	0	0	0	0	0	0	0	0	0	-23	0	0	0	-499	1	1	0	51
28:45:00	103500	3	3	0	-470	0	0	0	0	0	0	0	0	2	1	0	2	0	0	0	0	0	0	0	0	0	0	0	0	0	0	0	-23	0	0	0	-499	1	2	0	50
28:50:00	103800	0	1	0	-471	0	0	0	0	0	0	0	0	0	1	0	1	0	0	0	0	0	0	0	0	0	0	0	0	0	0	0	-23	0	0	0	-499	0	0	0	50
28:55:00	104100	1	2	0	-472	0	0	0	0	0	0	0	0	1	1	0	1	0	0	0	0	0	0	0	0	0	0	0	0	0	0	0	-23	0	0	0	-499	0	1	0	49
29:00:00	104400	2	3	1	-474	0	0	0	0	0	0	0	0	0	1	0	0	0	0	0	0	0	0	0	0	0	0	0	0	0	0	0	-23	0	0	1	-500	2	2	0	49
29:05:00	104700	0	2	0	-476	0	0	0	0	0	0	0	0	0	0	0	0	0	0	0	0	0	0	0	0	0	0	0	0	0	0	0	-23	0	0	0	-500	0	2	0	47
29:10:00	105000	2	2	2	-478	0	0	0	0	0	0	0	0	0	0	0	0	0	0	0	0	0	0	0	0	0	0	0	0	0	0	0	-23	0	0	2	-502	2	2	0	47
29:15:00	105300	1	1	0	-478	0	0	0	0	0	0	0	0	1	0	0	1	0	0	0	0	0	0	0	0	0	0	0	0	0	0	0	-23	0	0	0	-502	0	1	0	46
29:20:00	105600	0	0	0	-478	0	0	0	0	0	0	0	0	0	0	0	1	0	0	0	0	0	0	0	0	0	0	0	0	0	0	0	-23	0	0	0	-502	0	0	0	46
29:25:00	105900	1	2	0	-479	0	0	0	0	0	0	0	0	0	0	0	1	0	0	0	0	0	0	0	0	0	0	0	0	0	0	0	-23	0	0	0	-502	1	2	0	45
29:30:00	106200	0	0	0	-479	0	0	0	0	0	0	0	0	0	0	0	1	0	0	0	0	0	0	0	0	0	0	0	0	0	0	0	-23	0	0	0	-502	0	0	0	45
29:35:00	106500	0	1	0	-480	0	0	0	0	0	0	0	0	0	0	0	1	0	0	0	0	0	0	0	0	0	0	0	0	0	0	0	-23	0	0	0	-502	0	1	0	44
29:40:00	106800	1	1	1	-481	0	0	0	0	0	0	0	0	0	0	0	1	0	0	0	0	0	0	0	0	0	0	0	0	0	0	0	-23	0	0	1	-503	1	1	0	44
29:45:00	107100	0	0	0	-481	0	0	0	0	0	0	0	0	0	0	0	1	0	0	0	0	0	0	0	0	0	0	0	0	0	0	0	-23	0	0	0	-503	0	0	0	44
29:50:00	107400	0	1	0	-482	0	0	0	0	0	0	0	0	0	0	0	1	0	0	0	0	0	0	0	0	0	0	0	0	0	0	0	-23	0	0	0	-503	0	1	0	43
29:55:00	107700	1	1	1	-483	0	0	0	0	0	0	0	0	0	0	0	1	0	0	0	0	0	0	0	0	0	0	0	0	0	0	0	-23	0	0	1	-504	1	1	0	43
30:00:00	108000	0	0	44	-527	0	0	0	0	0	0	0	0	0	0	1	0	0	0	0	0	0	0	0	0	0	0	0	0	0	0	0	-23	0	0	0	-504	0	0	43	0
30:05:00	108300	0	0	0	-527	0	0	0	0	0	0	0	0	0	0	0	0	0	0	0	0	0	0	0	0	0	0	0	0	0	0	0	-23	0	0	0	-504	0	0	0	0
