time	time	departures_all	arrivals_all	stuck_all	en-route_all	departures_Shared-Bike	arrivals_Shared-Bike	stuck_Shared-Bike	en-route_Shared-Bike	departures_bike	arrivals_bike	stuck_bike	en-route_bike	departures_car	arrivals_car	stuck_car	en-route_car	departures_car_passenger	arrivals_car_passenger	stuck_car_passenger	en-route_car_passenger	departures_eScooter	arrivals_eScooter	stuck_eScooter	en-route_eScooter	departures_pt	arrivals_pt	stuck_pt	en-route_pt	departures_sharing:standardBikeShare	arrivals_sharing:standardBikeShare	stuck_sharing:standardBikeShare	en-route_sharing:standardBikeShare	departures_sharing:standardeScooter	arrivals_sharing:standardeScooter	stuck_sharing:standardeScooter	en-route_sharing:standardeScooter	departures_walk	arrivals_walk	stuck_walk	en-route_walk
00:00:00	0	0	0	0	0	0	0	0	0	0	0	0	0	0	0	0	0	0	0	0	0	0	0	0	0	0	0	0	0	0	0	0	0	0	0	0	0	0	0	0	0
00:05:00	300	0	0	0	0	0	0	0	0	0	0	0	0	0	0	0	0	0	0	0	0	0	0	0	0	0	0	0	0	0	0	0	0	0	0	0	0	0	0	0	0
00:10:00	600	0	0	0	0	0	0	0	0	0	0	0	0	0	0	0	0	0	0	0	0	0	0	0	0	0	0	0	0	0	0	0	0	0	0	0	0	0	0	0	0
00:15:00	900	0	0	0	0	0	0	0	0	0	0	0	0	0	0	0	0	0	0	0	0	0	0	0	0	0	0	0	0	0	0	0	0	0	0	0	0	0	0	0	0
00:20:00	1200	0	0	0	0	0	0	0	0	0	0	0	0	0	0	0	0	0	0	0	0	0	0	0	0	0	0	0	0	0	0	0	0	0	0	0	0	0	0	0	0
00:25:00	1500	0	0	0	0	0	0	0	0	0	0	0	0	0	0	0	0	0	0	0	0	0	0	0	0	0	0	0	0	0	0	0	0	0	0	0	0	0	0	0	0
00:30:00	1800	0	0	0	0	0	0	0	0	0	0	0	0	0	0	0	0	0	0	0	0	0	0	0	0	0	0	0	0	0	0	0	0	0	0	0	0	0	0	0	0
00:35:00	2100	0	0	0	0	0	0	0	0	0	0	0	0	0	0	0	0	0	0	0	0	0	0	0	0	0	0	0	0	0	0	0	0	0	0	0	0	0	0	0	0
00:40:00	2400	0	0	0	0	0	0	0	0	0	0	0	0	0	0	0	0	0	0	0	0	0	0	0	0	0	0	0	0	0	0	0	0	0	0	0	0	0	0	0	0
00:45:00	2700	0	0	0	0	0	0	0	0	0	0	0	0	0	0	0	0	0	0	0	0	0	0	0	0	0	0	0	0	0	0	0	0	0	0	0	0	0	0	0	0
00:50:00	3000	0	0	0	0	0	0	0	0	0	0	0	0	0	0	0	0	0	0	0	0	0	0	0	0	0	0	0	0	0	0	0	0	0	0	0	0	0	0	0	0
00:55:00	3300	0	0	0	0	0	0	0	0	0	0	0	0	0	0	0	0	0	0	0	0	0	0	0	0	0	0	0	0	0	0	0	0	0	0	0	0	0	0	0	0
01:00:00	3600	0	0	0	0	0	0	0	0	0	0	0	0	0	0	0	0	0	0	0	0	0	0	0	0	0	0	0	0	0	0	0	0	0	0	0	0	0	0	0	0
01:05:00	3900	0	0	0	0	0	0	0	0	0	0	0	0	0	0	0	0	0	0	0	0	0	0	0	0	0	0	0	0	0	0	0	0	0	0	0	0	0	0	0	0
01:10:00	4200	0	0	0	0	0	0	0	0	0	0	0	0	0	0	0	0	0	0	0	0	0	0	0	0	0	0	0	0	0	0	0	0	0	0	0	0	0	0	0	0
01:15:00	4500	0	0	0	0	0	0	0	0	0	0	0	0	0	0	0	0	0	0	0	0	0	0	0	0	0	0	0	0	0	0	0	0	0	0	0	0	0	0	0	0
01:20:00	4800	0	0	0	0	0	0	0	0	0	0	0	0	0	0	0	0	0	0	0	0	0	0	0	0	0	0	0	0	0	0	0	0	0	0	0	0	0	0	0	0
01:25:00	5100	0	0	0	0	0	0	0	0	0	0	0	0	0	0	0	0	0	0	0	0	0	0	0	0	0	0	0	0	0	0	0	0	0	0	0	0	0	0	0	0
01:30:00	5400	0	0	0	0	0	0	0	0	0	0	0	0	0	0	0	0	0	0	0	0	0	0	0	0	0	0	0	0	0	0	0	0	0	0	0	0	0	0	0	0
01:35:00	5700	0	0	0	0	0	0	0	0	0	0	0	0	0	0	0	0	0	0	0	0	0	0	0	0	0	0	0	0	0	0	0	0	0	0	0	0	0	0	0	0
01:40:00	6000	0	0	0	0	0	0	0	0	0	0	0	0	0	0	0	0	0	0	0	0	0	0	0	0	0	0	0	0	0	0	0	0	0	0	0	0	0	0	0	0
01:45:00	6300	0	0	0	0	0	0	0	0	0	0	0	0	0	0	0	0	0	0	0	0	0	0	0	0	0	0	0	0	0	0	0	0	0	0	0	0	0	0	0	0
01:50:00	6600	0	0	0	0	0	0	0	0	0	0	0	0	0	0	0	0	0	0	0	0	0	0	0	0	0	0	0	0	0	0	0	0	0	0	0	0	0	0	0	0
01:55:00	6900	0	0	0	0	0	0	0	0	0	0	0	0	0	0	0	0	0	0	0	0	0	0	0	0	0	0	0	0	0	0	0	0	0	0	0	0	0	0	0	0
02:00:00	7200	0	0	0	0	0	0	0	0	0	0	0	0	0	0	0	0	0	0	0	0	0	0	0	0	0	0	0	0	0	0	0	0	0	0	0	0	0	0	0	0
02:05:00	7500	0	0	0	0	0	0	0	0	0	0	0	0	0	0	0	0	0	0	0	0	0	0	0	0	0	0	0	0	0	0	0	0	0	0	0	0	0	0	0	0
02:10:00	7800	0	0	0	0	0	0	0	0	0	0	0	0	0	0	0	0	0	0	0	0	0	0	0	0	0	0	0	0	0	0	0	0	0	0	0	0	0	0	0	0
02:15:00	8100	0	0	0	0	0	0	0	0	0	0	0	0	0	0	0	0	0	0	0	0	0	0	0	0	0	0	0	0	0	0	0	0	0	0	0	0	0	0	0	0
02:20:00	8400	0	0	0	0	0	0	0	0	0	0	0	0	0	0	0	0	0	0	0	0	0	0	0	0	0	0	0	0	0	0	0	0	0	0	0	0	0	0	0	0
02:25:00	8700	0	0	0	0	0	0	0	0	0	0	0	0	0	0	0	0	0	0	0	0	0	0	0	0	0	0	0	0	0	0	0	0	0	0	0	0	0	0	0	0
02:30:00	9000	0	0	0	0	0	0	0	0	0	0	0	0	0	0	0	0	0	0	0	0	0	0	0	0	0	0	0	0	0	0	0	0	0	0	0	0	0	0	0	0
02:35:00	9300	0	0	0	0	0	0	0	0	0	0	0	0	0	0	0	0	0	0	0	0	0	0	0	0	0	0	0	0	0	0	0	0	0	0	0	0	0	0	0	0
02:40:00	9600	0	0	0	0	0	0	0	0	0	0	0	0	0	0	0	0	0	0	0	0	0	0	0	0	0	0	0	0	0	0	0	0	0	0	0	0	0	0	0	0
02:45:00	9900	0	0	0	0	0	0	0	0	0	0	0	0	0	0	0	0	0	0	0	0	0	0	0	0	0	0	0	0	0	0	0	0	0	0	0	0	0	0	0	0
02:50:00	10200	0	0	0	0	0	0	0	0	0	0	0	0	0	0	0	0	0	0	0	0	0	0	0	0	0	0	0	0	0	0	0	0	0	0	0	0	0	0	0	0
02:55:00	10500	0	0	0	0	0	0	0	0	0	0	0	0	0	0	0	0	0	0	0	0	0	0	0	0	0	0	0	0	0	0	0	0	0	0	0	0	0	0	0	0
03:00:00	10800	0	0	0	0	0	0	0	0	0	0	0	0	0	0	0	0	0	0	0	0	0	0	0	0	0	0	0	0	0	0	0	0	0	0	0	0	0	0	0	0
03:05:00	11100	0	0	0	0	0	0	0	0	0	0	0	0	0	0	0	0	0	0	0	0	0	0	0	0	0	0	0	0	0	0	0	0	0	0	0	0	0	0	0	0
03:10:00	11400	0	0	0	0	0	0	0	0	0	0	0	0	0	0	0	0	0	0	0	0	0	0	0	0	0	0	0	0	0	0	0	0	0	0	0	0	0	0	0	0
03:15:00	11700	0	0	0	0	0	0	0	0	0	0	0	0	0	0	0	0	0	0	0	0	0	0	0	0	0	0	0	0	0	0	0	0	0	0	0	0	0	0	0	0
03:20:00	12000	0	0	0	0	0	0	0	0	0	0	0	0	0	0	0	0	0	0	0	0	0	0	0	0	0	0	0	0	0	0	0	0	0	0	0	0	0	0	0	0
03:25:00	12300	0	0	0	0	0	0	0	0	0	0	0	0	0	0	0	0	0	0	0	0	0	0	0	0	0	0	0	0	0	0	0	0	0	0	0	0	0	0	0	0
03:30:00	12600	0	0	0	0	0	0	0	0	0	0	0	0	0	0	0	0	0	0	0	0	0	0	0	0	0	0	0	0	0	0	0	0	0	0	0	0	0	0	0	0
03:35:00	12900	0	0	0	0	0	0	0	0	0	0	0	0	0	0	0	0	0	0	0	0	0	0	0	0	0	0	0	0	0	0	0	0	0	0	0	0	0	0	0	0
03:40:00	13200	0	0	0	0	0	0	0	0	0	0	0	0	0	0	0	0	0	0	0	0	0	0	0	0	0	0	0	0	0	0	0	0	0	0	0	0	0	0	0	0
03:45:00	13500	0	0	0	0	0	0	0	0	0	0	0	0	0	0	0	0	0	0	0	0	0	0	0	0	0	0	0	0	0	0	0	0	0	0	0	0	0	0	0	0
03:50:00	13800	0	0	0	0	0	0	0	0	0	0	0	0	0	0	0	0	0	0	0	0	0	0	0	0	0	0	0	0	0	0	0	0	0	0	0	0	0	0	0	0
03:55:00	14100	0	0	0	0	0	0	0	0	0	0	0	0	0	0	0	0	0	0	0	0	0	0	0	0	0	0	0	0	0	0	0	0	0	0	0	0	0	0	0	0
04:00:00	14400	0	0	0	0	0	0	0	0	0	0	0	0	0	0	0	0	0	0	0	0	0	0	0	0	0	0	0	0	0	0	0	0	0	0	0	0	0	0	0	0
04:05:00	14700	0	0	0	0	0	0	0	0	0	0	0	0	0	0	0	0	0	0	0	0	0	0	0	0	0	0	0	0	0	0	0	0	0	0	0	0	0	0	0	0
04:10:00	15000	0	0	0	0	0	0	0	0	0	0	0	0	0	0	0	0	0	0	0	0	0	0	0	0	0	0	0	0	0	0	0	0	0	0	0	0	0	0	0	0
04:15:00	15300	0	0	0	0	0	0	0	0	0	0	0	0	0	0	0	0	0	0	0	0	0	0	0	0	0	0	0	0	0	0	0	0	0	0	0	0	0	0	0	0
04:20:00	15600	0	0	0	0	0	0	0	0	0	0	0	0	0	0	0	0	0	0	0	0	0	0	0	0	0	0	0	0	0	0	0	0	0	0	0	0	0	0	0	0
04:25:00	15900	0	0	0	0	0	0	0	0	0	0	0	0	0	0	0	0	0	0	0	0	0	0	0	0	0	0	0	0	0	0	0	0	0	0	0	0	0	0	0	0
04:30:00	16200	0	0	0	0	0	0	0	0	0	0	0	0	0	0	0	0	0	0	0	0	0	0	0	0	0	0	0	0	0	0	0	0	0	0	0	0	0	0	0	0
04:35:00	16500	0	0	0	0	0	0	0	0	0	0	0	0	0	0	0	0	0	0	0	0	0	0	0	0	0	0	0	0	0	0	0	0	0	0	0	0	0	0	0	0
04:40:00	16800	0	0	0	0	0	0	0	0	0	0	0	0	0	0	0	0	0	0	0	0	0	0	0	0	0	0	0	0	0	0	0	0	0	0	0	0	0	0	0	0
04:45:00	17100	0	0	0	0	0	0	0	0	0	0	0	0	0	0	0	0	0	0	0	0	0	0	0	0	0	0	0	0	0	0	0	0	0	0	0	0	0	0	0	0
04:50:00	17400	0	0	0	0	0	0	0	0	0	0	0	0	0	0	0	0	0	0	0	0	0	0	0	0	0	0	0	0	0	0	0	0	0	0	0	0	0	0	0	0
04:55:00	17700	0	0	0	0	0	0	0	0	0	0	0	0	0	0	0	0	0	0	0	0	0	0	0	0	0	0	0	0	0	0	0	0	0	0	0	0	0	0	0	0
05:00:00	18000	0	0	0	0	0	0	0	0	0	0	0	0	0	0	0	0	0	0	0	0	0	0	0	0	0	0	0	0	0	0	0	0	0	0	0	0	0	0	0	0
05:05:00	18300	0	0	0	0	0	0	0	0	0	0	0	0	0	0	0	0	0	0	0	0	0	0	0	0	0	0	0	0	0	0	0	0	0	0	0	0	0	0	0	0
05:10:00	18600	0	0	0	0	0	0	0	0	0	0	0	0	0	0	0	0	0	0	0	0	0	0	0	0	0	0	0	0	0	0	0	0	0	0	0	0	0	0	0	0
05:15:00	18900	0	0	0	0	0	0	0	0	0	0	0	0	0	0	0	0	0	0	0	0	0	0	0	0	0	0	0	0	0	0	0	0	0	0	0	0	0	0	0	0
05:20:00	19200	0	0	0	0	0	0	0	0	0	0	0	0	0	0	0	0	0	0	0	0	0	0	0	0	0	0	0	0	0	0	0	0	0	0	0	0	0	0	0	0
05:25:00	19500	0	0	0	0	0	0	0	0	0	0	0	0	0	0	0	0	0	0	0	0	0	0	0	0	0	0	0	0	0	0	0	0	0	0	0	0	0	0	0	0
05:30:00	19800	0	0	0	0	0	0	0	0	0	0	0	0	0	0	0	0	0	0	0	0	0	0	0	0	0	0	0	0	0	0	0	0	0	0	0	0	0	0	0	0
05:35:00	20100	0	0	0	0	0	0	0	0	0	0	0	0	0	0	0	0	0	0	0	0	0	0	0	0	0	0	0	0	0	0	0	0	0	0	0	0	0	0	0	0
05:40:00	20400	0	0	0	0	0	0	0	0	0	0	0	0	0	0	0	0	0	0	0	0	0	0	0	0	0	0	0	0	0	0	0	0	0	0	0	0	0	0	0	0
05:45:00	20700	0	0	0	0	0	0	0	0	0	0	0	0	0	0	0	0	0	0	0	0	0	0	0	0	0	0	0	0	0	0	0	0	0	0	0	0	0	0	0	0
05:50:00	21000	0	0	0	0	0	0	0	0	0	0	0	0	0	0	0	0	0	0	0	0	0	0	0	0	0	0	0	0	0	0	0	0	0	0	0	0	0	0	0	0
05:55:00	21300	0	0	0	0	0	0	0	0	0	0	0	0	0	0	0	0	0	0	0	0	0	0	0	0	0	0	0	0	0	0	0	0	0	0	0	0	0	0	0	0
06:00:00	21600	4	0	0	4	0	0	0	0	0	0	0	0	2	0	0	2	0	0	0	0	0	0	0	0	0	0	0	0	0	0	0	0	0	0	0	0	2	0	0	2
06:05:00	21900	4	0	0	8	0	0	0	0	0	0	0	0	3	0	0	5	0	0	0	0	0	0	0	0	0	0	0	0	0	0	0	0	0	0	0	0	1	0	0	3
06:10:00	22200	3	2	0	9	0	0	0	0	0	0	0	0	3	1	0	7	0	0	0	0	0	0	0	0	0	0	0	0	0	0	0	0	0	0	0	0	0	1	0	2
06:15:00	22500	1	3	0	7	0	0	0	0	0	0	0	0	0	3	0	4	0	0	0	0	0	0	0	0	0	0	0	0	0	0	0	0	0	0	0	0	1	0	0	3
06:20:00	22800	4	0	0	11	0	0	0	0	0	0	0	0	4	0	0	8	0	0	0	0	0	0	0	0	0	0	0	0	0	0	0	0	0	0	0	0	0	0	0	3
06:25:00	23100	6	4	0	13	0	0	0	0	0	0	0	0	2	3	0	7	0	0	0	0	0	0	0	0	0	0	0	0	0	0	0	0	0	0	0	0	4	1	0	6
06:30:00	23400	44	7	3	47	0	0	0	0	0	0	0	0	28	2	0	33	0	0	0	0	1	0	0	1	1	0	0	1	0	0	0	0	0	0	3	-3	14	5	0	15
06:35:00	23700	38	22	3	60	0	0	0	0	0	0	0	0	24	15	0	42	0	0	0	0	0	0	0	1	0	0	0	1	0	0	0	0	0	0	3	-6	14	7	0	22
06:40:00	24000	36	19	0	77	1	1	0	0	0	0	0	0	25	15	0	52	0	0	0	0	0	0	0	1	2	0	0	3	0	0	0	0	0	0	0	-6	8	3	0	27
06:45:00	24300	39	38	1	77	0	0	0	0	0	0	0	0	17	25	0	44	0	0	0	0	0	1	0	0	2	1	0	4	0	0	0	0	0	0	1	-7	20	11	0	36
06:50:00	24600	46	26	1	96	0	0	0	0	0	0	0	0	24	19	0	49	0	0	0	0	3	0	0	3	1	0	0	5	0	0	0	0	0	0	1	-8	18	7	0	47
06:55:00	24900	81	38	4	135	1	0	0	1	0	0	0	0	44	20	0	73	0	0	0	0	1	1	0	3	1	1	0	5	0	0	1	-1	0	0	3	-11	34	16	0	65
07:00:00	25200	68	48	3	152	0	0	0	1	0	0	0	0	40	34	0	79	0	0	0	0	2	1	0	4	2	0	0	7	0	0	0	-1	0	0	3	-14	24	13	0	76
07:05:00	25500	65	54	10	153	0	1	0	0	0	0	0	0	29	28	0	80	0	0	0	0	0	1	0	3	2	0	0	9	0	0	0	-1	0	0	10	-24	34	24	0	86
07:10:00	25800	69	46	2	174	0	0	0	0	0	0	0	0	40	22	0	98	0	0	0	0	2	1	0	4	5	3	0	11	0	0	0	-1	0	0	2	-26	22	20	0	88
07:15:00	26100	89	60	4	199	0	0	0	0	0	0	0	0	58	43	0	113	0	0	0	0	0	1	0	3	2	1	0	12	0	0	1	-2	0	0	3	-29	29	15	0	102
07:20:00	26400	82	65	5	211	0	0	0	0	0	0	0	0	50	40	0	123	0	0	0	0	1	2	0	2	6	1	0	17	0	0	1	-3	0	0	4	-33	25	22	0	105
07:25:00	26700	120	88	7	236	1	1	0	0	0	0	0	0	71	52	0	142	0	0	0	0	0	2	0	0	9	0	0	26	0	0	1	-4	0	0	6	-39	39	33	0	111
07:30:00	27000	78	82	5	227	0	0	0	0	0	0	0	0	42	58	0	126	0	0	0	0	1	0	0	1	4	3	0	27	0	0	0	-4	0	0	5	-44	31	21	0	121
07:35:00	27300	89	87	5	224	2	0	0	2	0	0	0	0	44	61	0	109	0	0	0	0	1	0	0	2	3	4	0	26	0	0	0	-4	0	0	5	-49	39	22	0	138
07:40:00	27600	92	66	2	248	1	0	0	3	0	0	0	0	52	42	0	119	0	0	0	0	0	0	0	2	5	3	0	28	0	0	0	-4	0	0	2	-51	34	21	0	151
07:45:00	27900	94	78	4	260	0	2	0	1	0	0	0	0	53	48	0	124	0	0	0	0	2	1	0	3	6	0	0	34	0	0	0	-4	0	0	4	-55	33	27	0	157
07:50:00	28200	117	86	4	287	1	1	0	1	0	0	0	0	57	47	0	134	0	0	0	0	1	1	0	3	7	7	0	34	0	0	0	-4	0	0	4	-59	51	30	0	178
07:55:00	28500	109	92	2	302	1	0	0	2	0	0	0	0	64	59	0	139	12	1	0	11	1	1	0	3	6	2	0	38	0	0	1	-5	0	0	1	-60	25	29	0	174
08:00:00	28800	123	116	3	306	1	2	0	1	0	0	0	0	63	71	0	131	24	8	0	27	0	1	0	2	7	4	0	41	0	0	0	-5	0	0	3	-63	28	30	0	172
08:05:00	29100	103	89	6	314	0	1	0	0	0	0	0	0	53	48	0	136	17	9	0	35	0	0	0	2	4	1	0	44	0	0	0	-5	0	0	6	-69	29	30	0	171
08:10:00	29400	137	112	3	336	0	0	0	0	0	0	0	0	59	61	0	134	26	16	0	45	2	2	0	2	7	5	0	46	0	0	0	-5	0	0	3	-72	43	28	0	186
08:15:00	29700	92	96	3	329	1	0	0	1	0	0	0	0	45	53	0	126	14	16	0	43	1	0	0	3	4	2	0	48	0	0	0	-5	0	0	3	-75	27	25	0	188
08:20:00	30000	108	92	5	340	0	1	0	0	0	0	0	0	60	46	0	140	16	17	0	42	0	1	0	2	2	3	0	47	0	0	0	-5	0	0	5	-80	30	24	0	194
08:25:00	30300	115	98	1	356	1	0	0	1	0	0	0	0	60	58	0	142	20	15	0	47	0	1	0	1	5	1	0	51	0	0	0	-5	0	0	1	-81	29	23	0	200
08:30:00	30600	98	97	5	352	1	1	0	1	0	0	0	0	35	47	0	130	21	13	0	55	2	0	0	3	6	6	0	51	0	0	0	-5	0	0	5	-86	33	30	0	203
08:35:00	30900	77	92	1	336	1	1	0	1	0	0	0	0	36	49	0	117	8	21	0	42	0	0	0	3	2	6	0	47	0	0	0	-5	0	0	1	-87	30	15	0	218
08:40:00	31200	89	85	1	339	1	0	0	2	0	0	0	0	36	43	0	110	24	16	0	50	2	0	0	5	4	4	0	47	0	0	0	-5	0	0	1	-88	22	22	0	218
08:45:00	31500	110	82	3	364	0	1	0	1	0	0	0	0	43	37	0	116	39	15	0	74	0	1	0	4	5	0	0	52	0	0	0	-5	0	0	3	-91	23	28	0	213
08:50:00	31800	80	94	3	347	0	1	0	0	0	0	0	0	37	46	0	107	13	22	0	65	3	2	0	5	3	1	0	54	0	0	0	-5	0	0	3	-94	24	22	0	215
08:55:00	32100	85	83	1	348	0	0	0	0	0	0	0	0	38	37	0	108	18	18	0	65	0	1	0	4	7	4	0	57	0	0	0	-5	0	0	1	-95	22	23	0	214
09:00:00	32400	90	94	4	340	0	0	0	0	0	0	0	0	54	49	0	113	4	18	0	51	0	1	0	3	4	2	0	59	0	0	0	-5	0	0	4	-99	28	24	0	218
09:05:00	32700	65	84	4	317	0	0	0	0	0	0	0	0	27	32	0	108	6	10	0	47	1	0	0	4	3	8	0	54	0	0	0	-5	0	0	4	-103	28	34	0	212
09:10:00	33000	63	86	5	289	0	0	0	0	0	0	0	0	29	40	0	97	3	12	0	38	1	3	0	2	3	1	0	56	0	0	0	-5	0	0	5	-108	27	30	0	209
09:15:00	33300	68	90	4	263	0	0	0	0	0	0	0	0	36	42	0	91	2	11	0	29	2	1	0	3	7	1	0	62	0	0	0	-5	0	0	4	-112	21	35	0	195
09:20:00	33600	49	76	4	232	1	0	0	1	0	0	0	0	25	40	0	76	2	12	0	19	0	0	0	3	2	3	0	61	0	0	0	-5	0	0	4	-116	19	21	0	193
09:25:00	33900	59	66	1	224	0	0	0	1	0	0	0	0	23	29	0	70	4	1	0	22	0	0	0	3	3	11	0	53	0	0	0	-5	0	0	1	-117	29	25	0	197
09:30:00	34200	48	64	4	204	1	0	0	2	0	0	0	0	21	23	0	68	1	7	0	16	2	3	0	2	1	3	0	51	0	0	0	-5	0	0	4	-121	22	28	0	191
09:35:00	34500	53	69	2	186	0	1	0	1	0	0	0	0	23	33	0	58	8	6	0	18	1	1	0	2	4	5	0	50	0	0	0	-5	0	0	2	-123	17	23	0	185
09:40:00	34800	41	55	1	171	0	1	0	0	0	0	0	0	19	28	0	49	2	5	0	15	0	0	0	2	1	2	0	49	0	0	0	-5	0	0	1	-124	19	19	0	185
09:45:00	35100	51	62	2	158	1	0	0	1	0	0	0	0	23	29	0	43	0	5	0	10	0	1	0	1	5	1	0	53	0	0	0	-5	0	0	2	-126	22	26	0	181
09:50:00	35400	45	52	4	147	1	1	0	1	0	0	0	0	23	16	0	50	0	5	0	5	1	1	0	1	3	1	0	55	0	0	0	-5	0	0	4	-130	17	28	0	170
09:55:00	35700	50	46	3	148	0	1	0	0	0	0	0	0	27	22	0	55	0	1	0	4	0	0	0	1	1	1	0	55	0	0	0	-5	0	0	3	-133	22	21	0	171
10:00:00	36000	76	71	6	147	0	0	0	0	0	0	0	0	32	24	0	63	0	2	0	2	0	0	0	1	3	9	0	49	0	0	0	-5	0	0	6	-139	41	36	0	176
10:05:00	36300	61	58	3	147	0	0	0	0	0	0	0	0	33	30	0	66	0	1	0	1	0	0	0	1	0	4	0	45	0	0	0	-5	0	0	3	-142	28	23	0	181
10:10:00	36600	81	75	8	145	0	0	0	0	0	0	0	0	39	34	0	71	0	1	0	0	0	0	0	1	3	4	0	44	0	0	1	-6	0	0	7	-149	39	36	0	184
10:15:00	36900	66	72	2	137	0	0	0	0	0	0	0	0	29	36	0	64	0	0	0	0	0	1	0	0	1	1	0	44	0	0	0	-6	0	0	2	-151	36	34	0	186
10:20:00	37200	68	65	5	135	1	1	0	0	0	0	0	0	32	28	0	68	0	0	0	0	0	0	0	0	1	1	0	44	0	0	0	-6	0	0	5	-156	34	35	0	185
10:25:00	37500	74	80	1	128	1	0	0	1	0	0	0	0	39	42	0	65	0	0	0	0	0	0	0	0	1	1	0	44	0	0	1	-7	0	0	0	-156	33	37	0	181
10:30:00	37800	62	68	2	120	0	1	0	0	0	0	0	0	29	29	0	65	0	0	0	0	0	0	0	0	2	0	0	46	0	0	0	-7	0	0	2	-158	31	38	0	174
10:35:00	38100	45	65	3	97	0	0	0	0	0	0	0	0	21	29	0	57	2	1	0	1	0	0	0	0	0	0	0	46	0	0	0	-7	0	0	3	-161	22	35	0	161
10:40:00	38400	56	61	2	90	1	1	0	0	0	0	0	0	25	32	0	50	1	1	0	1	0	0	0	0	1	1	0	46	0	0	0	-7	0	0	2	-163	28	26	0	163
10:45:00	38700	68	63	1	94	0	0	0	0	0	0	0	0	28	26	0	52	3	0	0	4	0	0	0	0	1	5	0	42	0	0	0	-7	0	0	1	-164	36	32	0	167
10:50:00	39000	45	59	1	79	0	0	0	0	0	0	0	0	19	25	0	46	0	3	0	1	0	0	0	0	2	0	0	44	0	0	1	-8	0	0	0	-164	24	31	0	160
10:55:00	39300	37	50	1	65	0	0	0	0	0	0	0	0	14	19	0	41	2	0	0	3	0	0	0	0	1	1	0	44	0	0	0	-8	0	0	1	-165	20	30	0	150
11:00:00	39600	49	49	2	63	0	0	0	0	0	0	0	0	20	17	0	44	4	1	0	6	0	0	0	0	1	0	0	45	0	0	0	-8	0	0	2	-167	24	31	0	143
11:05:00	39900	80	67	2	74	0	0	0	0	0	0	0	0	34	22	0	56	1	1	0	6	0	0	0	0	10	9	0	46	0	0	0	-8	0	0	2	-169	35	35	0	143
11:10:00	40200	74	51	6	91	0	0	0	0	0	0	0	0	37	23	0	70	2	1	0	7	1	0	0	1	1	0	0	47	0	0	0	-8	0	0	6	-175	33	27	0	149
11:15:00	40500	58	62	1	86	0	0	0	0	0	0	0	0	26	34	0	62	10	3	0	14	0	0	0	1	1	3	0	45	0	0	0	-8	0	0	1	-176	21	22	0	148
11:20:00	40800	66	58	2	92	0	0	0	0	0	0	0	0	25	22	0	65	2	2	0	14	3	0	0	4	3	2	0	46	0	0	1	-9	0	0	1	-177	33	32	0	149
11:25:00	41100	75	70	2	95	0	0	0	0	0	0	0	0	35	35	0	65	3	4	0	13	0	3	0	1	1	1	0	46	0	0	0	-9	0	0	2	-179	36	27	0	158
11:30:00	41400	79	68	1	105	0	0	0	0	0	0	0	0	35	27	0	73	1	4	0	10	2	1	0	2	3	1	0	48	0	0	0	-9	0	0	1	-180	38	35	0	161
11:35:00	41700	86	87	2	102	1	0	0	1	0	0	0	0	32	36	0	69	3	3	0	10	2	1	0	3	4	7	0	45	0	0	0	-9	0	0	2	-182	44	40	0	165
11:40:00	42000	75	62	1	114	1	1	0	1	0	0	0	0	33	22	0	80	0	3	0	7	1	0	0	4	2	10	0	37	0	0	0	-9	0	0	1	-183	38	26	0	177
11:45:00	42300	84	95	4	99	0	1	0	0	0	0	0	0	41	37	0	84	3	6	0	4	0	1	0	3	5	5	0	37	0	0	0	-9	0	0	4	-187	35	45	0	167
11:50:00	42600	82	78	2	101	0	0	0	0	0	0	0	0	42	36	0	90	5	1	0	8	1	1	0	3	1	0	0	38	0	0	0	-9	0	0	2	-189	33	40	0	160
11:55:00	42900	96	84	1	112	1	0	0	1	0	0	0	0	51	40	0	101	1	1	0	8	0	1	0	2	3	3	0	38	0	0	1	-10	0	0	0	-189	40	39	0	161
12:00:00	43200	69	73	2	106	1	1	0	1	0	0	0	0	42	42	0	101	2	3	0	7	1	0	0	3	0	0	0	38	0	0	0	-10	0	0	2	-191	23	27	0	157
12:05:00	43500	57	66	1	96	1	0	0	2	0	0	0	0	26	40	0	87	8	4	0	11	2	0	0	5	3	0	0	41	0	0	0	-10	0	0	1	-192	17	22	0	152
12:10:00	43800	68	68	4	92	0	1	0	1	0	0	0	0	32	36	0	83	2	0	0	13	1	3	0	3	4	1	0	44	0	0	0	-10	0	0	4	-196	29	27	0	154
12:15:00	44100	54	59	1	86	1	0	0	2	0	0	0	0	26	34	0	75	1	3	0	11	1	0	0	4	2	2	0	44	0	0	0	-10	0	0	1	-197	23	20	0	157
12:20:00	44400	52	60	2	76	1	1	0	2	0	0	0	0	30	34	0	71	0	3	0	8	3	2	0	5	2	1	0	45	0	0	0	-10	0	0	2	-199	16	19	0	154
12:25:00	44700	57	64	2	67	1	2	0	1	0	0	0	0	35	29	0	77	0	3	0	5	0	0	0	5	2	2	0	45	0	0	0	-10	0	0	2	-201	19	28	0	145
12:30:00	45000	44	50	3	58	0	0	0	1	0	0	0	0	26	27	0	76	0	1	0	4	2	3	0	4	1	1	0	45	0	0	0	-10	0	0	3	-204	15	18	0	142
12:35:00	45300	31	47	1	41	1	1	0	1	0	0	0	0	11	25	0	62	0	2	0	2	0	1	0	3	4	3	0	46	0	0	0	-10	0	0	1	-205	15	15	0	142
12:40:00	45600	35	36	3	37	1	0	0	2	0	0	0	0	16	16	0	62	0	1	0	1	0	1	0	2	2	0	0	48	0	0	1	-11	0	0	2	-207	16	18	0	140
12:45:00	45900	48	36	1	48	1	0	0	3	0	0	0	0	23	24	0	61	0	0	0	1	2	0	0	4	1	1	0	48	0	0	1	-12	0	0	0	-207	21	11	0	150
12:50:00	46200	31	42	0	37	1	2	0	2	0	0	0	0	15	25	0	51	0	1	0	0	0	2	0	2	3	0	0	51	0	0	0	-12	0	0	0	-207	12	12	0	150
12:55:00	46500	40	38	0	39	0	2	0	0	0	0	0	0	22	20	0	53	0	0	0	0	0	0	0	2	4	3	0	52	0	0	0	-12	0	0	0	-207	14	13	0	151
13:00:00	46800	4	27	2	14	0	0	0	0	0	0	0	0	0	19	0	34	0	0	0	0	0	0	0	2	0	1	0	51	0	0	0	-12	0	0	2	-209	4	7	0	148
13:05:00	47100	4	27	1	-10	0	0	0	0	0	0	0	0	0	16	0	18	0	0	0	0	0	0	0	2	1	0	0	52	0	0	0	-12	0	0	1	-210	3	11	0	140
13:10:00	47400	4	14	1	-21	0	0	0	0	0	0	0	0	0	6	0	12	0	0	0	0	0	0	0	2	3	0	0	55	0	0	0	-12	0	0	1	-211	1	8	0	133
13:15:00	47700	18	15	0	-18	0	0	0	0	0	0	0	0	13	6	0	19	0	0	0	0	0	0	0	2	1	2	0	54	0	0	0	-12	0	0	0	-211	4	7	0	130
13:20:00	48000	12	14	1	-21	0	0	0	0	0	0	0	0	6	9	0	16	0	0	0	0	0	0	0	2	0	1	0	53	0	0	0	-12	0	0	1	-212	6	4	0	132
13:25:00	48300	15	22	0	-28	0	0	0	0	0	0	0	0	9	8	0	17	0	0	0	0	0	0	0	2	2	4	0	51	0	0	0	-12	0	0	0	-212	4	10	0	126
13:30:00	48600	51	19	2	2	0	0	0	0	0	0	0	0	39	6	0	50	1	0	0	1	0	0	0	2	1	2	0	50	0	0	0	-12	0	0	2	-214	10	11	0	125
13:35:00	48900	59	54	3	4	0	0	0	0	0	0	0	0	32	30	0	52	5	0	0	6	0	0	0	2	0	10	0	40	0	0	1	-13	0	0	2	-216	22	14	0	133
13:40:00	49200	42	43	2	1	0	0	0	0	0	0	0	0	22	25	0	49	5	2	0	9	0	1	0	1	0	3	0	37	0	0	0	-13	0	0	2	-218	15	12	0	136
13:45:00	49500	55	46	1	9	0	0	0	0	0	0	0	0	32	25	0	56	2	3	0	8	1	0	0	2	1	2	0	36	0	0	0	-13	0	0	1	-219	19	16	0	139
13:50:00	49800	94	62	6	35	0	0	0	0	0	0	0	0	46	26	0	76	15	6	0	17	1	0	0	3	2	0	0	38	0	0	0	-13	0	0	6	-225	30	30	0	139
13:55:00	50100	99	63	2	69	2	0	0	2	0	0	0	0	52	38	0	90	12	6	0	23	3	2	0	4	1	0	0	39	0	0	0	-13	0	0	2	-227	29	17	0	151
14:00:00	50400	81	85	7	58	1	2	0	1	0	0	0	0	49	43	0	96	3	10	0	16	0	1	0	3	4	0	0	43	0	0	0	-13	0	0	7	-234	24	29	0	146
14:05:00	50700	85	77	2	64	0	1	0	0	0	0	0	0	28	31	0	93	9	6	0	19	1	2	0	2	1	0	0	44	0	0	0	-13	0	0	2	-236	46	37	0	155
14:10:00	51000	81	75	6	64	1	0	0	1	0	0	0	0	35	33	0	95	14	12	0	21	3	1	0	4	6	0	0	50	0	0	1	-14	0	0	5	-241	22	29	0	148
14:15:00	51300	62	61	1	64	1	1	0	1	0	0	0	0	36	35	0	96	8	8	0	21	0	1	0	3	1	0	0	51	0	0	0	-14	0	0	1	-242	16	16	0	148
14:20:00	51600	77	67	2	72	0	0	0	1	0	0	0	0	30	31	0	95	14	7	0	28	0	3	0	0	3	7	0	47	0	0	0	-14	0	0	2	-244	30	19	0	159
14:25:00	51900	69	71	1	69	0	0	0	1	0	0	0	0	42	48	0	89	16	11	0	33	0	0	0	0	2	1	0	48	0	0	0	-14	0	0	1	-245	9	11	0	157
14:30:00	52200	56	66	3	56	0	1	0	0	0	0	0	0	20	26	0	83	12	13	0	32	0	0	0	0	4	4	0	48	0	0	0	-14	0	0	3	-248	20	22	0	155
14:35:00	52500	74	70	3	57	0	0	0	0	0	0	0	0	36	30	0	89	4	12	0	24	1	0	0	1	2	2	0	48	0	0	0	-14	0	0	3	-251	31	26	0	160
14:40:00	52800	60	82	3	32	0	0	0	0	0	0	0	0	26	41	0	74	8	9	0	23	0	0	0	1	2	2	0	48	0	0	0	-14	0	0	3	-254	24	30	0	154
14:45:00	53100	46	55	2	21	0	0	0	0	0	0	0	0	18	23	0	69	9	11	0	21	0	0	0	1	2	7	0	43	0	0	0	-14	0	0	2	-256	17	14	0	157
14:50:00	53400	56	72	4	1	0	0	0	0	0	0	0	0	24	35	0	58	3	6	0	18	0	1	0	0	3	1	0	45	0	0	0	-14	0	0	4	-260	26	29	0	154
14:55:00	53700	44	46	0	-1	0	0	0	0	0	0	0	0	17	22	0	53	8	6	0	20	0	0	0	0	3	3	0	45	0	0	0	-14	0	0	0	-260	16	15	0	155
15:00:00	54000	41	49	1	-10	0	0	0	0	0	0	0	0	17	22	0	48	3	9	0	14	0	0	0	0	0	2	0	43	0	0	0	-14	0	0	1	-261	21	16	0	160
15:05:00	54300	46	49	2	-15	0	0	0	0	0	0	0	0	17	24	0	41	1	5	0	10	0	0	0	0	1	1	0	43	0	0	0	-14	0	0	2	-263	27	19	0	168
15:10:00	54600	52	53	2	-18	0	0	0	0	0	0	0	0	16	20	0	37	0	4	0	6	3	1	0	2	2	0	0	45	0	0	0	-14	0	0	2	-265	31	28	0	171
15:15:00	54900	53	48	1	-14	0	0	0	0	0	0	0	0	24	17	0	44	1	2	0	5	0	0	0	2	4	2	0	47	0	0	0	-14	0	0	1	-266	24	27	0	168
15:20:00	55200	56	53	3	-14	0	0	0	0	0	0	0	0	29	21	0	52	1	1	0	5	1	1	0	2	2	0	0	49	0	0	0	-14	0	0	3	-269	23	30	0	161
15:25:00	55500	51	57	4	-24	0	0	0	0	0	0	0	0	28	29	0	51	0	0	0	5	1	0	0	3	3	1	0	51	0	0	0	-14	0	0	4	-273	19	27	0	153
15:30:00	55800	71	47	7	-7	0	0	0	0	0	0	0	0	34	21	0	64	0	1	0	4	0	1	0	2	0	0	0	51	0	0	0	-14	0	0	7	-280	37	24	0	166
15:35:00	56100	97	68	0	22	0	0	0	0	0	0	0	0	49	33	0	80	0	0	0	4	1	0	0	3	5	5	0	51	0	0	0	-14	0	0	0	-280	42	30	0	178
15:40:00	56400	101	91	5	27	0	0	0	0	0	0	0	0	44	41	0	83	0	1	0	3	1	1	0	3	3	1	0	53	0	0	1	-15	0	0	4	-284	53	47	0	184
15:45:00	56700	73	75	3	22	0	0	0	0	0	0	0	0	36	32	0	87	0	0	0	3	0	0	0	3	5	3	0	55	0	0	0	-15	0	0	3	-287	32	40	0	176
15:50:00	57000	73	77	2	16	1	1	0	0	2	1	0	1	35	41	0	81	0	1	0	2	1	0	0	4	0	0	0	55	0	0	0	-15	0	0	2	-289	34	33	0	177
15:55:00	57300	61	73	5	-1	0	0	0	0	0	1	0	0	20	35	0	66	0	0	0	2	0	0	0	4	1	4	0	52	0	0	0	-15	0	0	5	-294	40	33	0	184
16:00:00	57600	94	81	3	9	0	0	0	0	0	0	0	0	31	29	0	68	21	0	0	23	1	2	0	3	2	4	0	50	0	0	0	-15	0	0	3	-297	39	46	0	177
16:05:00	57900	86	76	4	15	1	0	0	1	0	0	0	0	34	33	0	69	19	8	0	34	0	0	0	3	0	4	0	46	0	0	0	-15	0	0	4	-301	32	31	0	178
16:10:00	58200	71	84	3	-1	0	0	0	1	0	0	0	0	22	29	0	62	18	14	0	38	0	1	0	2	1	1	0	46	0	0	0	-15	0	0	3	-304	30	39	0	169
16:15:00	58500	89	89	5	-6	0	1	0	0	0	0	0	0	24	31	0	55	16	14	0	40	1	0	0	3	8	8	0	46	0	0	0	-15	0	0	5	-309	40	35	0	174
16:20:00	58800	88	73	3	6	0	0	0	0	0	0	0	0	37	24	0	68	17	12	0	45	0	1	0	2	1	3	0	44	0	0	0	-15	0	0	3	-312	33	33	0	174
16:25:00	59100	106	94	7	11	1	0	0	1	0	0	0	0	26	29	0	65	28	21	0	52	0	2	0	0	3	3	0	44	0	0	0	-15	0	0	7	-319	48	39	0	183
16:30:00	59400	116	89	4	34	0	1	0	0	0	0	0	0	34	31	0	68	30	14	0	68	1	0	0	1	7	4	0	47	0	0	0	-15	0	0	4	-323	44	39	0	188
16:35:00	59700	131	97	5	63	1	0	0	1	0	0	0	0	50	24	0	94	28	23	0	73	1	0	0	2	5	3	0	49	0	0	0	-15	0	0	5	-328	46	47	0	187
16:40:00	60000	124	122	4	61	0	0	0	1	0	0	0	0	52	47	0	99	19	24	0	68	1	0	0	3	3	5	0	47	0	0	0	-15	0	0	4	-332	49	46	0	190
16:45:00	60300	94	101	7	47	1	1	0	1	0	0	0	0	28	37	0	90	28	21	0	75	2	1	0	4	0	6	0	41	0	0	0	-15	0	0	7	-339	35	35	0	190
16:50:00	60600	147	114	5	75	0	1	0	0	0	0	0	0	46	44	0	92	47	30	0	92	1	1	0	4	2	1	0	42	0	0	0	-15	0	0	5	-344	51	37	0	204
16:55:00	60900	121	114	0	82	0	0	0	0	0	0	0	0	48	42	0	98	32	29	0	95	1	3	0	2	2	2	0	42	0	0	0	-15	0	0	0	-344	38	38	0	204
17:00:00	61200	154	127	5	104	0	0	0	0	1	0	0	1	73	47	0	124	19	27	0	87	2	2	0	2	4	7	0	39	0	0	0	-15	0	0	5	-349	55	44	0	215
17:05:00	61500	150	114	5	135	0	0	0	0	0	0	0	1	85	55	0	154	12	23	0	76	0	0	0	2	4	8	0	35	0	0	0	-15	0	0	5	-354	49	28	0	236
17:10:00	61800	143	134	3	141	0	0	0	0	0	1	0	0	70	61	0	163	16	21	0	71	1	0	0	3	9	1	0	43	0	0	0	-15	0	0	3	-357	47	50	0	233
17:15:00	62100	146	141	4	142	1	1	0	0	0	0	0	0	67	70	0	160	25	19	0	77	0	1	0	2	3	5	0	41	0	0	0	-15	0	0	4	-361	50	45	0	238
17:20:00	62400	152	134	3	157	0	0	0	0	0	0	0	0	81	61	0	180	16	24	0	69	2	2	0	2	6	2	0	45	0	0	0	-15	0	0	3	-364	47	45	0	240
17:25:00	62700	102	146	1	112	0	0	0	0	0	0	0	0	45	72	0	153	0	23	0	46	1	2	0	1	5	3	0	47	0	0	0	-15	0	0	1	-365	51	46	0	245
17:30:00	63000	87	104	2	93	1	0	0	1	0	0	0	0	54	58	0	149	1	13	0	34	1	0	0	2	2	4	0	45	0	0	0	-15	0	0	2	-367	28	29	0	244
17:35:00	63300	83	95	3	78	0	0	0	1	0	0	0	0	50	51	0	148	2	8	0	28	1	0	0	3	9	3	0	51	0	0	0	-15	0	0	3	-370	21	33	0	232
17:40:00	63600	54	86	2	44	0	0	0	1	0	0	0	0	24	51	0	121	2	5	0	25	1	1	0	3	5	5	0	51	0	0	0	-15	0	0	2	-372	22	24	0	230
17:45:00	63900	90	73	2	59	0	1	0	0	0	0	0	0	53	46	0	128	0	0	0	25	1	0	0	4	1	3	0	49	0	0	0	-15	0	0	2	-374	35	23	0	242
17:50:00	64200	79	80	4	54	0	0	0	0	0	0	0	0	58	47	0	139	1	6	0	20	0	0	0	4	5	1	0	53	0	0	0	-15	0	0	4	-378	15	26	0	231
17:55:00	64500	74	84	5	39	0	0	0	0	0	0	0	0	47	49	0	137	0	4	0	16	0	0	0	4	3	6	0	50	0	0	0	-15	0	0	5	-383	24	25	0	230
18:00:00	64800	62	98	1	2	0	0	0	0	0	0	0	0	32	63	0	106	1	2	0	15	0	2	0	2	4	5	0	49	0	0	0	-15	0	0	1	-384	25	26	0	229
18:05:00	65100	63	69	5	-9	0	0	0	0	0	0	0	0	37	41	0	102	0	1	0	14	1	0	0	3	2	7	0	44	0	0	0	-15	0	0	5	-389	23	20	0	232
18:10:00	65400	42	61	3	-31	0	0	0	0	0	0	0	0	25	36	0	91	1	1	0	14	0	0	0	3	3	5	0	42	0	0	0	-15	0	0	3	-392	13	19	0	226
18:15:00	65700	40	70	2	-63	0	0	0	0	0	0	0	0	21	44	0	68	0	1	0	13	0	2	0	1	1	5	0	38	0	0	0	-15	0	0	2	-394	18	18	0	226
18:20:00	66000	50	53	0	-66	0	0	0	0	0	0	0	0	29	25	0	72	0	2	0	11	0	0	0	1	2	8	0	32	0	0	0	-15	0	0	0	-394	19	18	0	227
18:25:00	66300	38	48	2	-78	0	0	0	0	0	0	0	0	26	27	0	71	0	1	0	10	0	0	0	1	1	3	0	30	0	0	0	-15	0	0	2	-396	11	17	0	221
18:30:00	66600	41	60	4	-101	0	0	0	0	0	0	0	0	21	33	0	59	0	0	0	10	0	0	0	1	3	7	0	26	0	0	0	-15	0	0	4	-400	17	20	0	218
18:35:00	66900	52	58	3	-110	0	0	0	0	0	0	0	0	29	28	0	60	1	4	0	7	0	1	0	0	0	4	0	22	0	0	1	-16	0	0	2	-402	22	21	0	219
18:40:00	67200	31	40	5	-124	0	0	0	0	0	0	0	0	15	20	0	55	0	1	0	6	1	0	0	1	2	2	0	22	0	0	0	-16	0	0	5	-407	13	17	0	215
18:45:00	67500	22	39	0	-141	0	0	0	0	0	0	0	0	15	25	0	45	0	2	0	4	0	0	0	1	0	1	0	21	0	0	0	-16	0	0	0	-407	7	11	0	211
18:50:00	67800	14	36	2	-165	0	0	0	0	0	0	0	0	5	15	0	35	0	0	0	4	0	0	0	1	0	5	0	16	0	0	0	-16	0	0	2	-409	9	16	0	204
18:55:00	68100	23	25	1	-168	0	0	0	0	0	0	0	0	14	11	0	38	0	0	0	4	0	0	0	1	1	1	0	16	0	0	0	-16	0	0	1	-410	8	13	0	199
19:00:00	68400	52	38	1	-155	0	0	0	0	0	0	0	0	35	18	0	55	0	0	0	4	0	1	0	0	1	6	0	11	0	0	0	-16	0	0	1	-411	16	13	0	202
19:05:00	68700	63	36	2	-130	0	0	0	0	1	0	0	1	46	18	0	83	0	0	0	4	0	0	0	0	1	0	0	12	0	0	0	-16	0	0	2	-413	15	18	0	199
19:10:00	69000	50	53	2	-135	0	0	0	0	0	0	0	1	36	38	0	81	0	1	0	3	0	0	0	0	0	0	0	12	0	0	0	-16	0	0	2	-415	14	14	0	199
19:15:00	69300	49	56	1	-143	0	0	0	0	0	0	0	1	29	34	0	76	0	0	0	3	3	0	0	3	1	5	0	8	0	0	0	-16	0	0	1	-416	16	17	0	198
19:20:00	69600	50	54	2	-149	0	0	0	0	0	0	0	1	31	32	0	75	0	0	0	3	1	0	0	4	0	1	0	7	0	0	0	-16	0	0	2	-418	18	21	0	195
19:25:00	69900	64	54	1	-140	1	1	0	0	0	1	0	0	51	39	0	87	0	0	0	3	0	1	0	3	0	1	0	6	0	0	0	-16	0	0	1	-419	12	11	0	196
19:30:00	70200	51	59	4	-152	0	0	0	0	1	0	0	1	38	37	0	88	0	0	0	3	0	0	0	3	1	1	0	6	0	0	0	-16	0	0	4	-423	11	21	0	186
19:35:00	70500	36	56	2	-174	1	0	0	1	0	1	0	0	25	41	0	72	0	0	0	3	0	1	0	2	1	0	0	7	0	0	0	-16	0	0	2	-425	9	13	0	182
19:40:00	70800	32	40	0	-182	1	0	0	2	0	0	0	0	20	31	0	61	0	1	0	2	0	1	0	1	1	0	0	8	0	0	0	-16	0	0	0	-425	10	7	0	185
19:45:00	71100	50	40	1	-173	0	2	0	0	0	0	0	0	39	30	0	70	0	0	0	2	0	0	0	1	1	1	0	8	0	0	0	-16	0	0	1	-426	10	7	0	188
19:50:00	71400	34	41	0	-180	0	0	0	0	0	0	0	0	28	31	0	67	0	0	0	2	0	1	0	0	0	2	0	6	0	0	0	-16	0	0	0	-426	6	7	0	187
19:55:00	71700	40	45	1	-186	0	0	0	0	0	0	0	0	31	35	0	63	0	0	0	2	0	0	0	0	0	0	0	6	0	0	0	-16	0	0	1	-427	9	10	0	186
20:00:00	72000	8	38	1	-217	1	0	0	1	0	0	0	0	3	26	0	40	0	0	0	2	0	0	0	0	1	1	0	6	0	0	0	-16	0	0	1	-428	3	11	0	178
20:05:00	72300	5	26	0	-238	0	0	0	1	0	0	0	0	3	14	0	29	0	0	0	2	0	0	0	0	1	0	0	7	0	0	0	-16	0	0	0	-428	1	12	0	167
20:10:00	72600	5	21	1	-255	0	1	0	0	0	0	0	0	1	9	0	21	0	0	0	2	0	0	0	0	0	0	0	7	0	0	0	-16	0	0	1	-429	4	11	0	160
20:15:00	72900	8	18	1	-266	0	0	0	0	0	0	0	0	3	10	0	14	0	0	0	2	0	0	0	0	1	1	0	7	0	0	0	-16	0	0	1	-430	4	7	0	157
20:20:00	73200	5	13	0	-274	0	0	0	0	0	0	0	0	1	6	0	9	0	1	0	1	0	0	0	0	0	1	0	6	0	0	0	-16	0	0	0	-430	4	5	0	156
20:25:00	73500	5	7	0	-276	0	0	0	0	0	0	0	0	3	2	0	10	0	0	0	1	0	0	0	0	0	1	0	5	0	0	0	-16	0	0	0	-430	2	4	0	154
20:30:00	73800	4	8	0	-280	0	0	0	0	0	0	0	0	1	2	0	9	0	1	0	0	0	0	0	0	0	2	0	3	0	0	0	-16	0	0	0	-430	3	3	0	154
20:35:00	74100	7	10	0	-283	0	0	0	0	0	0	0	0	4	2	0	11	0	0	0	0	0	0	0	0	0	1	0	2	0	0	0	-16	0	0	0	-430	3	7	0	150
20:40:00	74400	5	7	1	-286	0	0	0	0	0	0	0	0	2	2	0	11	0	0	0	0	0	0	0	0	0	0	0	2	0	0	0	-16	0	0	1	-431	3	5	0	148
20:45:00	74700	4	9	0	-291	0	0	0	0	0	0	0	0	0	3	0	8	0	0	0	0	0	0	0	0	0	0	0	2	0	0	0	-16	0	0	0	-431	4	6	0	146
20:50:00	75000	5	11	0	-297	0	0	0	0	0	0	0	0	4	4	0	8	0	0	0	0	0	0	0	0	0	0	0	2	0	0	0	-16	0	0	0	-431	1	7	0	140
20:55:00	75300	2	6	0	-301	0	0	0	0	0	0	0	0	1	2	0	7	0	0	0	0	0	0	0	0	0	0	0	2	0	0	0	-16	0	0	0	-431	1	4	0	137
21:00:00	75600	9	11	2	-305	0	0	0	0	0	0	0	0	5	3	0	9	0	0	0	0	0	0	0	0	0	0	0	2	0	0	0	-16	0	0	2	-433	4	8	0	133
21:05:00	75900	2	5	0	-308	0	0	0	0	0	0	0	0	2	1	0	10	0	0	0	0	0	0	0	0	0	0	0	2	0	0	0	-16	0	0	0	-433	0	4	0	129
21:10:00	76200	5	11	1	-315	0	0	0	0	0	0	0	0	2	5	0	7	0	0	0	0	0	0	0	0	0	0	0	2	0	0	0	-16	0	0	1	-434	3	6	0	126
21:15:00	76500	4	8	1	-320	0	0	0	0	0	0	0	0	1	1	0	7	0	0	0	0	0	0	0	0	0	0	0	2	0	0	0	-16	0	0	1	-435	3	7	0	122
21:20:00	76800	1	2	0	-321	0	0	0	0	0	0	0	0	1	0	0	8	0	0	0	0	0	0	0	0	0	0	0	2	0	0	0	-16	0	0	0	-435	0	2	0	120
21:25:00	77100	0	3	0	-324	0	0	0	0	0	0	0	0	0	1	0	7	0	0	0	0	0	0	0	0	0	0	0	2	0	0	0	-16	0	0	0	-435	0	2	0	118
21:30:00	77400	2	5	0	-327	0	0	0	0	0	0	0	0	1	2	0	6	0	0	0	0	0	0	0	0	0	0	0	2	0	0	0	-16	0	0	0	-435	1	3	0	116
21:35:00	77700	1	1	0	-327	0	0	0	0	0	0	0	0	1	0	0	7	0	0	0	0	0	0	0	0	0	0	0	2	0	0	0	-16	0	0	0	-435	0	1	0	115
21:40:00	78000	0	3	0	-330	0	0	0	0	0	0	0	0	0	2	0	5	0	0	0	0	0	0	0	0	0	0	0	2	0	0	0	-16	0	0	0	-435	0	1	0	114
21:45:00	78300	1	3	0	-332	0	0	0	0	0	0	0	0	1	0	0	6	0	0	0	0	0	0	0	0	0	0	0	2	0	0	0	-16	0	0	0	-435	0	3	0	111
21:50:00	78600	2	3	0	-333	0	0	0	0	0	0	0	0	2	2	0	6	0	0	0	0	0	0	0	0	0	0	0	2	0	0	0	-16	0	0	0	-435	0	1	0	110
21:55:00	78900	1	4	0	-336	0	0	0	0	0	0	0	0	1	3	0	4	0	0	0	0	0	0	0	0	0	0	0	2	0	0	0	-16	0	0	0	-435	0	1	0	109
22:00:00	79200	0	2	0	-338	0	0	0	0	0	0	0	0	0	0	0	4	0	0	0	0	0	0	0	0	0	0	0	2	0	0	0	-16	0	0	0	-435	0	2	0	107
22:05:00	79500	1	2	1	-340	0	0	0	0	0	0	0	0	0	0	0	4	0	0	0	0	0	0	0	0	0	0	0	2	0	0	0	-16	0	0	1	-436	1	2	0	106
22:10:00	79800	1	3	0	-342	0	0	0	0	0	0	0	0	1	1	0	4	0	0	0	0	0	0	0	0	0	0	0	2	0	0	0	-16	0	0	0	-436	0	2	0	104
22:15:00	80100	3	5	1	-345	0	0	0	0	0	0	0	0	1	0	0	5	0	0	0	0	0	0	0	0	0	0	0	2	0	0	0	-16	0	0	1	-437	2	5	0	101
22:20:00	80400	5	5	0	-345	0	0	0	0	0	0	0	0	1	1	0	5	0	0	0	0	0	0	0	0	0	0	0	2	0	0	0	-16	0	0	0	-437	4	4	0	101
22:25:00	80700	2	4	0	-347	0	0	0	0	0	0	0	0	1	1	0	5	0	0	0	0	0	0	0	0	0	0	0	2	0	0	0	-16	0	0	0	-437	1	3	0	99
22:30:00	81000	0	4	0	-351	0	0	0	0	0	0	0	0	0	2	0	3	0	0	0	0	0	0	0	0	0	0	0	2	0	0	0	-16	0	0	0	-437	0	2	0	97
22:35:00	81300	4	6	2	-355	0	0	0	0	0	0	0	0	2	2	0	3	0	0	0	0	0	0	0	0	0	0	0	2	0	0	0	-16	0	0	2	-439	2	4	0	95
22:40:00	81600	1	4	0	-358	0	0	0	0	0	0	0	0	0	2	0	1	0	0	0	0	0	0	0	0	0	0	0	2	0	0	0	-16	0	0	0	-439	1	2	0	94
22:45:00	81900	1	1	0	-358	0	0	0	0	0	0	0	0	1	0	0	2	0	0	0	0	0	0	0	0	0	0	0	2	0	0	0	-16	0	0	0	-439	0	1	0	93
22:50:00	82200	1	2	0	-359	0	0	0	0	0	0	0	0	1	1	0	2	0	0	0	0	0	0	0	0	0	0	0	2	0	0	0	-16	0	0	0	-439	0	1	0	92
22:55:00	82500	1	3	1	-362	0	0	0	0	0	0	0	0	0	1	0	1	0	0	0	0	0	0	0	0	0	0	0	2	0	0	0	-16	0	0	1	-440	1	2	0	91
23:00:00	82800	0	1	0	-363	0	0	0	0	0	0	0	0	0	0	0	1	0	0	0	0	0	0	0	0	0	0	0	2	0	0	0	-16	0	0	0	-440	0	1	0	90
23:05:00	83100	2	3	1	-365	0	0	0	0	0	0	0	0	0	0	0	1	0	0	0	0	0	0	0	0	0	0	0	2	0	0	0	-16	0	0	1	-441	2	3	0	89
23:10:00	83400	1	1	1	-366	0	0	0	0	0	0	0	0	0	0	0	1	0	0	0	0	0	0	0	0	0	0	0	2	0	0	0	-16	0	0	1	-442	1	1	0	89
23:15:00	83700	3	0	0	-363	0	0	0	0	0	0	0	0	3	0	0	4	0	0	0	0	0	0	0	0	0	0	0	2	0	0	0	-16	0	0	0	-442	0	0	0	89
23:20:00	84000	4	4	1	-364	0	0	0	0	0	0	0	0	2	3	0	3	0	0	0	0	0	0	0	0	0	0	0	2	0	0	0	-16	0	0	1	-443	2	1	0	90
23:25:00	84300	6	5	0	-363	0	0	0	0	0	0	0	0	4	2	0	5	0	0	0	0	0	0	0	0	0	0	0	2	0	0	0	-16	0	0	0	-443	2	3	0	89
23:30:00	84600	2	6	1	-368	0	0	0	0	0	0	0	0	0	3	0	2	0	0	0	0	0	0	0	0	0	0	0	2	0	0	0	-16	0	0	1	-444	2	3	0	88
23:35:00	84900	3	2	1	-368	0	0	0	0	0	0	0	0	2	0	0	4	0	0	0	0	0	0	0	0	0	0	0	2	0	0	0	-16	0	0	1	-445	1	2	0	87
23:40:00	85200	2	1	0	-367	0	0	0	0	0	0	0	0	2	0	0	6	0	0	0	0	0	0	0	0	0	0	0	2	0	0	0	-16	0	0	0	-445	0	1	0	86
23:45:00	85500	3	5	1	-370	0	0	0	0	0	0	0	0	2	3	0	5	0	0	0	0	0	0	0	0	0	0	0	2	0	0	0	-16	0	0	1	-446	1	2	0	85
23:50:00	85800	2	3	0	-371	0	0	0	0	0	0	0	0	1	2	0	4	0	0	0	0	0	0	0	0	0	0	0	2	0	0	0	-16	0	0	0	-446	1	1	0	85
23:55:00	86100	4	4	0	-371	0	0	0	0	0	0	0	0	1	2	0	3	0	0	0	0	0	0	0	0	0	0	0	2	0	0	0	-16	0	0	0	-446	3	2	0	86
24:00:00	86400	3	2	0	-370	0	0	0	0	0	0	0	0	1	0	0	4	0	0	0	0	0	0	0	0	0	0	0	2	0	0	0	-16	0	0	0	-446	2	2	0	86
24:05:00	86700	0	3	0	-373	0	0	0	0	0	0	0	0	0	3	0	1	0	0	0	0	0	0	0	0	0	0	0	2	0	0	0	-16	0	0	0	-446	0	0	0	86
24:10:00	87000	2	2	0	-373	0	0	0	0	0	0	0	0	1	0	0	2	0	0	0	0	0	0	0	0	0	0	0	2	0	0	0	-16	0	0	0	-446	1	2	0	85
24:15:00	87300	0	2	0	-375	0	0	0	0	0	0	0	0	0	1	0	1	0	0	0	0	0	0	0	0	0	0	0	2	0	0	0	-16	0	0	0	-446	0	1	0	84
24:20:00	87600	4	5	0	-376	0	0	0	0	0	0	0	0	2	2	0	1	0	0	0	0	0	0	0	0	0	0	0	2	0	0	0	-16	0	0	0	-446	2	3	0	83
24:25:00	87900	4	4	1	-377	1	0	0	1	0	0	0	0	1	1	0	1	0	0	0	0	0	0	0	0	0	0	0	2	0	0	0	-16	0	0	1	-447	2	3	0	82
24:30:00	88200	2	3	0	-378	0	1	0	0	0	0	0	0	1	0	0	2	0	0	0	0	0	0	0	0	0	0	0	2	0	0	0	-16	0	0	0	-447	1	2	0	81
24:35:00	88500	3	7	0	-382	0	0	0	0	0	0	0	0	1	2	0	1	0	0	0	0	0	0	0	0	0	0	0	2	0	0	0	-16	0	0	0	-447	2	5	0	78
24:40:00	88800	4	5	1	-384	0	0	0	0	0	0	0	0	1	0	0	2	0	0	0	0	1	1	0	0	0	0	0	2	0	0	0	-16	0	0	1	-448	2	4	0	76
24:45:00	89100	1	2	1	-386	0	0	0	0	0	0	0	0	0	0	0	2	0	0	0	0	0	0	0	0	0	0	0	2	0	0	0	-16	0	0	1	-449	1	2	0	75
24:50:00	89400	2	2	0	-386	0	0	0	0	0	0	0	0	1	0	0	3	0	0	0	0	0	0	0	0	0	0	0	2	0	0	0	-16	0	0	0	-449	1	2	0	74
24:55:00	89700	0	0	0	-386	0	0	0	0	0	0	0	0	0	0	0	3	0	0	0	0	0	0	0	0	0	0	0	2	0	0	0	-16	0	0	0	-449	0	0	0	74
25:00:00	90000	0	0	0	-386	0	0	0	0	0	0	0	0	0	0	0	3	0	0	0	0	0	0	0	0	0	0	0	2	0	0	0	-16	0	0	0	-449	0	0	0	74
25:05:00	90300	1	1	0	-386	0	0	0	0	0	0	0	0	0	0	0	3	0	0	0	0	0	0	0	0	0	0	0	2	0	0	0	-16	0	0	0	-449	1	1	0	74
25:10:00	90600	2	2	0	-386	0	0	0	0	0	0	0	0	0	1	0	2	0	0	0	0	0	0	0	0	0	0	0	2	0	0	0	-16	0	0	0	-449	2	1	0	75
25:15:00	90900	2	3	0	-387	0	0	0	0	0	0	0	0	1	1	0	2	0	0	0	0	0	0	0	0	0	0	0	2	0	0	0	-16	0	0	0	-449	1	2	0	74
25:20:00	91200	0	0	0	-387	0	0	0	0	0	0	0	0	0	0	0	2	0	0	0	0	0	0	0	0	0	0	0	2	0	0	0	-16	0	0	0	-449	0	0	0	74
25:25:00	91500	0	0	0	-387	0	0	0	0	0	0	0	0	0	0	0	2	0	0	0	0	0	0	0	0	0	0	0	2	0	0	0	-16	0	0	0	-449	0	0	0	74
25:30:00	91800	1	1	0	-387	0	0	0	0	0	0	0	0	0	0	0	2	0	0	0	0	0	0	0	0	0	0	0	2	0	0	0	-16	0	0	0	-449	1	1	0	74
25:35:00	92100	1	1	0	-387	0	0	0	0	0	0	0	0	1	1	0	2	0	0	0	0	0	0	0	0	0	0	0	2	0	0	0	-16	0	0	0	-449	0	0	0	74
25:40:00	92400	0	1	0	-388	0	0	0	0	0	0	0	0	0	1	0	1	0	0	0	0	0	0	0	0	0	0	0	2	0	0	0	-16	0	0	0	-449	0	0	0	74
25:45:00	92700	0	0	0	-388	0	0	0	0	0	0	0	0	0	0	0	1	0	0	0	0	0	0	0	0	0	0	0	2	0	0	0	-16	0	0	0	-449	0	0	0	74
25:50:00	93000	2	3	0	-389	0	0	0	0	0	0	0	0	1	1	0	1	0	0	0	0	0	0	0	0	0	0	0	2	0	0	0	-16	0	0	0	-449	1	2	0	73
25:55:00	93300	0	1	0	-390	0	0	0	0	0	0	0	0	0	0	0	1	0	0	0	0	0	0	0	0	0	0	0	2	0	0	0	-16	0	0	0	-449	0	1	0	72
26:00:00	93600	2	3	1	-392	0	0	0	0	0	0	0	0	1	0	0	2	0	0	0	0	0	0	0	0	0	0	0	2	0	0	0	-16	0	0	1	-450	1	3	0	70
26:05:00	93900	2	3	1	-394	0	0	0	0	0	0	0	0	0	0	0	2	0	0	0	0	0	0	0	0	0	0	0	2	0	0	0	-16	0	0	1	-451	2	3	0	69
26:10:00	94200	3	4	0	-395	0	0	0	0	0	0	0	0	1	1	0	2	0	0	0	0	0	0	0	0	0	0	0	2	0	0	0	-16	0	0	0	-451	2	3	0	68
26:15:00	94500	1	1	0	-395	0	0	0	0	0	0	0	0	0	0	0	2	0	0	0	0	0	0	0	0	0	0	0	2	0	0	0	-16	0	0	0	-451	1	1	0	68
26:20:00	94800	0	0	0	-395	0	0	0	0	0	0	0	0	0	0	0	2	0	0	0	0	0	0	0	0	0	0	0	2	0	0	0	-16	0	0	0	-451	0	0	0	68
26:25:00	95100	0	0	0	-395	0	0	0	0	0	0	0	0	0	0	0	2	0	0	0	0	0	0	0	0	0	0	0	2	0	0	0	-16	0	0	0	-451	0	0	0	68
26:30:00	95400	1	1	0	-395	0	0	0	0	0	0	0	0	0	0	0	2	0	0	0	0	0	0	0	0	0	0	0	2	0	0	0	-16	0	0	0	-451	1	1	0	68
26:35:00	95700	0	0	0	-395	0	0	0	0	0	0	0	0	0	0	0	2	0	0	0	0	0	0	0	0	0	0	0	2	0	0	0	-16	0	0	0	-451	0	0	0	68
26:40:00	96000	1	1	0	-395	0	0	0	0	0	0	0	0	0	1	0	1	0	0	0	0	0	0	0	0	0	0	0	2	0	0	0	-16	0	0	0	-451	1	0	0	69
26:45:00	96300	0	1	0	-396	0	0	0	0	0	0	0	0	0	0	0	1	0	0	0	0	0	0	0	0	0	0	0	2	0	0	0	-16	0	0	0	-451	0	1	0	68
26:50:00	96600	0	2	0	-398	0	0	0	0	0	0	0	0	0	0	0	1	0	0	0	0	0	0	0	0	0	0	0	2	0	0	0	-16	0	0	0	-451	0	2	0	66
26:55:00	96900	4	5	2	-401	0	0	0	0	0	0	0	0	1	1	0	1	0	0	0	0	0	0	0	0	0	0	0	2	0	0	0	-16	0	0	2	-453	3	4	0	65
27:00:00	97200	1	1	1	-402	0	0	0	0	0	0	0	0	0	0	0	1	0	0	0	0	0	0	0	0	0	0	0	2	0	0	0	-16	0	0	1	-454	1	1	0	65
27:05:00	97500	0	1	0	-403	0	0	0	0	0	0	0	0	0	0	0	1	0	0	0	0	0	0	0	0	0	0	0	2	0	0	0	-16	0	0	0	-454	0	1	0	64
27:10:00	97800	1	3	0	-405	0	0	0	0	0	0	0	0	1	1	0	1	0	0	0	0	0	0	0	0	0	0	0	2	0	0	0	-16	0	0	0	-454	0	2	0	62
27:15:00	98100	1	1	1	-406	0	0	0	0	0	0	0	0	0	0	0	1	0	0	0	0	0	0	0	0	0	0	0	2	0	0	0	-16	0	0	1	-455	1	1	0	62
27:20:00	98400	0	0	0	-406	0	0	0	0	0	0	0	0	0	0	0	1	0	0	0	0	0	0	0	0	0	0	0	2	0	0	0	-16	0	0	0	-455	0	0	0	62
27:25:00	98700	0	0	0	-406	0	0	0	0	0	0	0	0	0	0	0	1	0	0	0	0	0	0	0	0	0	0	0	2	0	0	0	-16	0	0	0	-455	0	0	0	62
27:30:00	99000	0	1	0	-407	0	0	0	0	0	0	0	0	0	0	0	1	0	0	0	0	0	0	0	0	0	0	0	2	0	0	0	-16	0	0	0	-455	0	1	0	61
27:35:00	99300	1	2	1	-409	0	0	0	0	0	0	0	0	0	0	0	1	0	0	0	0	0	0	0	0	0	0	0	2	0	0	0	-16	0	0	1	-456	1	2	0	60
27:40:00	99600	5	7	1	-412	0	0	0	0	0	0	0	0	1	1	0	1	0	0	0	0	0	0	0	0	0	0	0	2	0	0	0	-16	0	0	1	-457	4	6	0	58
27:45:00	99900	3	4	2	-415	0	0	0	0	0	0	0	0	0	0	0	1	0	0	0	0	0	0	0	0	0	0	0	2	0	0	0	-16	0	0	2	-459	3	4	0	57
27:50:00	100200	0	0	0	-415	0	0	0	0	0	0	0	0	0	0	0	1	0	0	0	0	0	0	0	0	0	0	0	2	0	0	0	-16	0	0	0	-459	0	0	0	57
27:55:00	100500	1	1	0	-415	0	0	0	0	0	0	0	0	1	0	0	2	0	0	0	0	0	0	0	0	0	0	0	2	0	0	0	-16	0	0	0	-459	0	1	0	56
28:00:00	100800	2	2	0	-415	0	0	0	0	0	0	0	0	1	2	0	1	0	0	0	0	0	0	0	0	0	0	0	2	0	0	0	-16	0	0	0	-459	1	0	0	57
28:05:00	101100	0	2	0	-417	0	0	0	0	0	0	0	0	0	1	0	0	0	0	0	0	0	0	0	0	0	0	0	2	0	0	0	-16	0	0	0	-459	0	1	0	56
28:10:00	101400	0	2	0	-419	0	0	0	0	0	0	0	0	0	0	0	0	0	0	0	0	0	0	0	0	0	0	0	2	0	0	0	-16	0	0	0	-459	0	2	0	54
28:15:00	101700	1	1	1	-420	0	0	0	0	0	0	0	0	0	0	0	0	0	0	0	0	0	0	0	0	0	0	0	2	0	0	0	-16	0	0	1	-460	1	1	0	54
28:20:00	102000	0	0	0	-420	0	0	0	0	0	0	0	0	0	0	0	0	0	0	0	0	0	0	0	0	0	0	0	2	0	0	0	-16	0	0	0	-460	0	0	0	54
28:25:00	102300	0	0	0	-420	0	0	0	0	0	0	0	0	0	0	0	0	0	0	0	0	0	0	0	0	0	0	0	2	0	0	0	-16	0	0	0	-460	0	0	0	54
28:30:00	102600	0	0	0	-420	0	0	0	0	0	0	0	0	0	0	0	0	0	0	0	0	0	0	0	0	0	0	0	2	0	0	0	-16	0	0	0	-460	0	0	0	54
28:35:00	102900	2	2	0	-420	0	0	0	0	0	0	0	0	1	0	0	1	0	0	0	0	0	0	0	0	0	0	0	2	0	0	0	-16	0	0	0	-460	1	2	0	53
28:40:00	103200	0	1	0	-421	0	0	0	0	0	0	0	0	0	0	0	1	0	0	0	0	0	0	0	0	0	0	0	2	0	0	0	-16	0	0	0	-460	0	1	0	52
28:45:00	103500	1	1	1	-422	0	0	0	0	0	0	0	0	0	0	0	1	0	0	0	0	0	0	0	0	0	0	0	2	0	0	0	-16	0	0	1	-461	1	1	0	52
28:50:00	103800	0	2	0	-424	0	0	0	0	0	0	0	0	0	0	0	1	0	0	0	0	0	0	0	0	0	0	0	2	0	0	0	-16	0	0	0	-461	0	2	0	50
28:55:00	104100	1	1	0	-424	0	0	0	0	0	0	0	0	0	0	0	1	0	0	0	0	0	0	0	0	0	0	0	2	0	0	0	-16	0	0	0	-461	1	1	0	50
29:00:00	104400	1	2	0	-425	0	0	0	0	0	0	0	0	0	0	0	1	0	0	0	0	0	0	0	0	0	0	0	2	0	0	0	-16	0	0	0	-461	1	2	0	49
29:05:00	104700	0	0	0	-425	0	0	0	0	0	0	0	0	0	0	0	1	0	0	0	0	0	0	0	0	0	0	0	2	0	0	0	-16	0	0	0	-461	0	0	0	49
29:10:00	105000	0	0	0	-425	0	0	0	0	0	0	0	0	0	0	0	1	0	0	0	0	0	0	0	0	0	0	0	2	0	0	0	-16	0	0	0	-461	0	0	0	49
29:15:00	105300	0	0	0	-425	0	0	0	0	0	0	0	0	0	0	0	1	0	0	0	0	0	0	0	0	0	0	0	2	0	0	0	-16	0	0	0	-461	0	0	0	49
29:20:00	105600	2	2	0	-425	0	0	0	0	0	0	0	0	2	1	0	2	0	0	0	0	0	0	0	0	0	0	0	2	0	0	0	-16	0	0	0	-461	0	1	0	48
29:25:00	105900	2	4	0	-427	0	0	0	0	0	0	0	0	1	1	0	2	0	0	0	0	0	0	0	0	0	0	0	2	0	0	0	-16	0	0	0	-461	1	3	0	46
29:30:00	106200	1	2	0	-428	0	0	0	0	0	0	0	0	0	1	0	1	0	0	0	0	0	0	0	0	0	0	0	2	0	0	0	-16	0	0	0	-461	1	1	0	46
29:35:00	106500	0	1	0	-429	0	0	0	0	0	0	0	0	0	0	0	1	0	0	0	0	0	0	0	0	0	0	0	2	0	0	0	-16	0	0	0	-461	0	1	0	45
29:40:00	106800	2	2	1	-430	0	0	0	0	0	0	0	0	1	1	0	1	0	0	0	0	0	0	0	0	0	0	0	2	0	0	0	-16	0	0	1	-462	1	1	0	45
29:45:00	107100	0	0	0	-430	0	0	0	0	0	0	0	0	0	0	0	1	0	0	0	0	0	0	0	0	0	0	0	2	0	0	0	-16	0	0	0	-462	0	0	0	45
29:50:00	107400	0	3	0	-433	0	0	0	0	0	0	0	0	0	1	0	0	0	0	0	0	0	0	0	0	0	0	0	2	0	0	0	-16	0	0	0	-462	0	2	0	43
29:55:00	107700	0	0	0	-433	0	0	0	0	0	0	0	0	0	0	0	0	0	0	0	0	0	0	0	0	0	0	0	2	0	0	0	-16	0	0	0	-462	0	0	0	43
30:00:00	108000	0	0	45	-478	0	0	0	0	0	0	0	0	0	0	0	0	0	0	0	0	0	0	0	0	0	0	2	0	0	0	0	-16	0	0	0	-462	0	0	43	0
30:05:00	108300	0	0	0	-478	0	0	0	0	0	0	0	0	0	0	0	0	0	0	0	0	0	0	0	0	0	0	0	0	0	0	0	-16	0	0	0	-462	0	0	0	0
