time	time	departures_all	arrivals_all	stuck_all	en-route_all	departures_Shared-Bike	arrivals_Shared-Bike	stuck_Shared-Bike	en-route_Shared-Bike	departures_bike	arrivals_bike	stuck_bike	en-route_bike	departures_car	arrivals_car	stuck_car	en-route_car	departures_car_passenger	arrivals_car_passenger	stuck_car_passenger	en-route_car_passenger	departures_eScooter	arrivals_eScooter	stuck_eScooter	en-route_eScooter	departures_pt	arrivals_pt	stuck_pt	en-route_pt	departures_sharing:standardBikeShare	arrivals_sharing:standardBikeShare	stuck_sharing:standardBikeShare	en-route_sharing:standardBikeShare	departures_sharing:standardeScooter	arrivals_sharing:standardeScooter	stuck_sharing:standardeScooter	en-route_sharing:standardeScooter	departures_walk	arrivals_walk	stuck_walk	en-route_walk
00:00:00	0	0	0	0	0	0	0	0	0	0	0	0	0	0	0	0	0	0	0	0	0	0	0	0	0	0	0	0	0	0	0	0	0	0	0	0	0	0	0	0	0
00:05:00	300	0	0	0	0	0	0	0	0	0	0	0	0	0	0	0	0	0	0	0	0	0	0	0	0	0	0	0	0	0	0	0	0	0	0	0	0	0	0	0	0
00:10:00	600	0	0	0	0	0	0	0	0	0	0	0	0	0	0	0	0	0	0	0	0	0	0	0	0	0	0	0	0	0	0	0	0	0	0	0	0	0	0	0	0
00:15:00	900	0	0	0	0	0	0	0	0	0	0	0	0	0	0	0	0	0	0	0	0	0	0	0	0	0	0	0	0	0	0	0	0	0	0	0	0	0	0	0	0
00:20:00	1200	0	0	0	0	0	0	0	0	0	0	0	0	0	0	0	0	0	0	0	0	0	0	0	0	0	0	0	0	0	0	0	0	0	0	0	0	0	0	0	0
00:25:00	1500	0	0	0	0	0	0	0	0	0	0	0	0	0	0	0	0	0	0	0	0	0	0	0	0	0	0	0	0	0	0	0	0	0	0	0	0	0	0	0	0
00:30:00	1800	0	0	0	0	0	0	0	0	0	0	0	0	0	0	0	0	0	0	0	0	0	0	0	0	0	0	0	0	0	0	0	0	0	0	0	0	0	0	0	0
00:35:00	2100	0	0	0	0	0	0	0	0	0	0	0	0	0	0	0	0	0	0	0	0	0	0	0	0	0	0	0	0	0	0	0	0	0	0	0	0	0	0	0	0
00:40:00	2400	0	0	0	0	0	0	0	0	0	0	0	0	0	0	0	0	0	0	0	0	0	0	0	0	0	0	0	0	0	0	0	0	0	0	0	0	0	0	0	0
00:45:00	2700	0	0	0	0	0	0	0	0	0	0	0	0	0	0	0	0	0	0	0	0	0	0	0	0	0	0	0	0	0	0	0	0	0	0	0	0	0	0	0	0
00:50:00	3000	0	0	0	0	0	0	0	0	0	0	0	0	0	0	0	0	0	0	0	0	0	0	0	0	0	0	0	0	0	0	0	0	0	0	0	0	0	0	0	0
00:55:00	3300	0	0	0	0	0	0	0	0	0	0	0	0	0	0	0	0	0	0	0	0	0	0	0	0	0	0	0	0	0	0	0	0	0	0	0	0	0	0	0	0
01:00:00	3600	0	0	0	0	0	0	0	0	0	0	0	0	0	0	0	0	0	0	0	0	0	0	0	0	0	0	0	0	0	0	0	0	0	0	0	0	0	0	0	0
01:05:00	3900	0	0	0	0	0	0	0	0	0	0	0	0	0	0	0	0	0	0	0	0	0	0	0	0	0	0	0	0	0	0	0	0	0	0	0	0	0	0	0	0
01:10:00	4200	0	0	0	0	0	0	0	0	0	0	0	0	0	0	0	0	0	0	0	0	0	0	0	0	0	0	0	0	0	0	0	0	0	0	0	0	0	0	0	0
01:15:00	4500	0	0	0	0	0	0	0	0	0	0	0	0	0	0	0	0	0	0	0	0	0	0	0	0	0	0	0	0	0	0	0	0	0	0	0	0	0	0	0	0
01:20:00	4800	0	0	0	0	0	0	0	0	0	0	0	0	0	0	0	0	0	0	0	0	0	0	0	0	0	0	0	0	0	0	0	0	0	0	0	0	0	0	0	0
01:25:00	5100	0	0	0	0	0	0	0	0	0	0	0	0	0	0	0	0	0	0	0	0	0	0	0	0	0	0	0	0	0	0	0	0	0	0	0	0	0	0	0	0
01:30:00	5400	0	0	0	0	0	0	0	0	0	0	0	0	0	0	0	0	0	0	0	0	0	0	0	0	0	0	0	0	0	0	0	0	0	0	0	0	0	0	0	0
01:35:00	5700	0	0	0	0	0	0	0	0	0	0	0	0	0	0	0	0	0	0	0	0	0	0	0	0	0	0	0	0	0	0	0	0	0	0	0	0	0	0	0	0
01:40:00	6000	0	0	0	0	0	0	0	0	0	0	0	0	0	0	0	0	0	0	0	0	0	0	0	0	0	0	0	0	0	0	0	0	0	0	0	0	0	0	0	0
01:45:00	6300	0	0	0	0	0	0	0	0	0	0	0	0	0	0	0	0	0	0	0	0	0	0	0	0	0	0	0	0	0	0	0	0	0	0	0	0	0	0	0	0
01:50:00	6600	0	0	0	0	0	0	0	0	0	0	0	0	0	0	0	0	0	0	0	0	0	0	0	0	0	0	0	0	0	0	0	0	0	0	0	0	0	0	0	0
01:55:00	6900	0	0	0	0	0	0	0	0	0	0	0	0	0	0	0	0	0	0	0	0	0	0	0	0	0	0	0	0	0	0	0	0	0	0	0	0	0	0	0	0
02:00:00	7200	0	0	0	0	0	0	0	0	0	0	0	0	0	0	0	0	0	0	0	0	0	0	0	0	0	0	0	0	0	0	0	0	0	0	0	0	0	0	0	0
02:05:00	7500	0	0	0	0	0	0	0	0	0	0	0	0	0	0	0	0	0	0	0	0	0	0	0	0	0	0	0	0	0	0	0	0	0	0	0	0	0	0	0	0
02:10:00	7800	0	0	0	0	0	0	0	0	0	0	0	0	0	0	0	0	0	0	0	0	0	0	0	0	0	0	0	0	0	0	0	0	0	0	0	0	0	0	0	0
02:15:00	8100	0	0	0	0	0	0	0	0	0	0	0	0	0	0	0	0	0	0	0	0	0	0	0	0	0	0	0	0	0	0	0	0	0	0	0	0	0	0	0	0
02:20:00	8400	0	0	0	0	0	0	0	0	0	0	0	0	0	0	0	0	0	0	0	0	0	0	0	0	0	0	0	0	0	0	0	0	0	0	0	0	0	0	0	0
02:25:00	8700	0	0	0	0	0	0	0	0	0	0	0	0	0	0	0	0	0	0	0	0	0	0	0	0	0	0	0	0	0	0	0	0	0	0	0	0	0	0	0	0
02:30:00	9000	0	0	0	0	0	0	0	0	0	0	0	0	0	0	0	0	0	0	0	0	0	0	0	0	0	0	0	0	0	0	0	0	0	0	0	0	0	0	0	0
02:35:00	9300	0	0	0	0	0	0	0	0	0	0	0	0	0	0	0	0	0	0	0	0	0	0	0	0	0	0	0	0	0	0	0	0	0	0	0	0	0	0	0	0
02:40:00	9600	0	0	0	0	0	0	0	0	0	0	0	0	0	0	0	0	0	0	0	0	0	0	0	0	0	0	0	0	0	0	0	0	0	0	0	0	0	0	0	0
02:45:00	9900	0	0	0	0	0	0	0	0	0	0	0	0	0	0	0	0	0	0	0	0	0	0	0	0	0	0	0	0	0	0	0	0	0	0	0	0	0	0	0	0
02:50:00	10200	0	0	0	0	0	0	0	0	0	0	0	0	0	0	0	0	0	0	0	0	0	0	0	0	0	0	0	0	0	0	0	0	0	0	0	0	0	0	0	0
02:55:00	10500	0	0	0	0	0	0	0	0	0	0	0	0	0	0	0	0	0	0	0	0	0	0	0	0	0	0	0	0	0	0	0	0	0	0	0	0	0	0	0	0
03:00:00	10800	0	0	0	0	0	0	0	0	0	0	0	0	0	0	0	0	0	0	0	0	0	0	0	0	0	0	0	0	0	0	0	0	0	0	0	0	0	0	0	0
03:05:00	11100	0	0	0	0	0	0	0	0	0	0	0	0	0	0	0	0	0	0	0	0	0	0	0	0	0	0	0	0	0	0	0	0	0	0	0	0	0	0	0	0
03:10:00	11400	0	0	0	0	0	0	0	0	0	0	0	0	0	0	0	0	0	0	0	0	0	0	0	0	0	0	0	0	0	0	0	0	0	0	0	0	0	0	0	0
03:15:00	11700	0	0	0	0	0	0	0	0	0	0	0	0	0	0	0	0	0	0	0	0	0	0	0	0	0	0	0	0	0	0	0	0	0	0	0	0	0	0	0	0
03:20:00	12000	0	0	0	0	0	0	0	0	0	0	0	0	0	0	0	0	0	0	0	0	0	0	0	0	0	0	0	0	0	0	0	0	0	0	0	0	0	0	0	0
03:25:00	12300	0	0	0	0	0	0	0	0	0	0	0	0	0	0	0	0	0	0	0	0	0	0	0	0	0	0	0	0	0	0	0	0	0	0	0	0	0	0	0	0
03:30:00	12600	0	0	0	0	0	0	0	0	0	0	0	0	0	0	0	0	0	0	0	0	0	0	0	0	0	0	0	0	0	0	0	0	0	0	0	0	0	0	0	0
03:35:00	12900	0	0	0	0	0	0	0	0	0	0	0	0	0	0	0	0	0	0	0	0	0	0	0	0	0	0	0	0	0	0	0	0	0	0	0	0	0	0	0	0
03:40:00	13200	0	0	0	0	0	0	0	0	0	0	0	0	0	0	0	0	0	0	0	0	0	0	0	0	0	0	0	0	0	0	0	0	0	0	0	0	0	0	0	0
03:45:00	13500	0	0	0	0	0	0	0	0	0	0	0	0	0	0	0	0	0	0	0	0	0	0	0	0	0	0	0	0	0	0	0	0	0	0	0	0	0	0	0	0
03:50:00	13800	0	0	0	0	0	0	0	0	0	0	0	0	0	0	0	0	0	0	0	0	0	0	0	0	0	0	0	0	0	0	0	0	0	0	0	0	0	0	0	0
03:55:00	14100	0	0	0	0	0	0	0	0	0	0	0	0	0	0	0	0	0	0	0	0	0	0	0	0	0	0	0	0	0	0	0	0	0	0	0	0	0	0	0	0
04:00:00	14400	0	0	0	0	0	0	0	0	0	0	0	0	0	0	0	0	0	0	0	0	0	0	0	0	0	0	0	0	0	0	0	0	0	0	0	0	0	0	0	0
04:05:00	14700	0	0	0	0	0	0	0	0	0	0	0	0	0	0	0	0	0	0	0	0	0	0	0	0	0	0	0	0	0	0	0	0	0	0	0	0	0	0	0	0
04:10:00	15000	0	0	0	0	0	0	0	0	0	0	0	0	0	0	0	0	0	0	0	0	0	0	0	0	0	0	0	0	0	0	0	0	0	0	0	0	0	0	0	0
04:15:00	15300	0	0	0	0	0	0	0	0	0	0	0	0	0	0	0	0	0	0	0	0	0	0	0	0	0	0	0	0	0	0	0	0	0	0	0	0	0	0	0	0
04:20:00	15600	0	0	0	0	0	0	0	0	0	0	0	0	0	0	0	0	0	0	0	0	0	0	0	0	0	0	0	0	0	0	0	0	0	0	0	0	0	0	0	0
04:25:00	15900	0	0	0	0	0	0	0	0	0	0	0	0	0	0	0	0	0	0	0	0	0	0	0	0	0	0	0	0	0	0	0	0	0	0	0	0	0	0	0	0
04:30:00	16200	0	0	0	0	0	0	0	0	0	0	0	0	0	0	0	0	0	0	0	0	0	0	0	0	0	0	0	0	0	0	0	0	0	0	0	0	0	0	0	0
04:35:00	16500	0	0	0	0	0	0	0	0	0	0	0	0	0	0	0	0	0	0	0	0	0	0	0	0	0	0	0	0	0	0	0	0	0	0	0	0	0	0	0	0
04:40:00	16800	0	0	0	0	0	0	0	0	0	0	0	0	0	0	0	0	0	0	0	0	0	0	0	0	0	0	0	0	0	0	0	0	0	0	0	0	0	0	0	0
04:45:00	17100	0	0	0	0	0	0	0	0	0	0	0	0	0	0	0	0	0	0	0	0	0	0	0	0	0	0	0	0	0	0	0	0	0	0	0	0	0	0	0	0
04:50:00	17400	0	0	0	0	0	0	0	0	0	0	0	0	0	0	0	0	0	0	0	0	0	0	0	0	0	0	0	0	0	0	0	0	0	0	0	0	0	0	0	0
04:55:00	17700	0	0	0	0	0	0	0	0	0	0	0	0	0	0	0	0	0	0	0	0	0	0	0	0	0	0	0	0	0	0	0	0	0	0	0	0	0	0	0	0
05:00:00	18000	0	0	0	0	0	0	0	0	0	0	0	0	0	0	0	0	0	0	0	0	0	0	0	0	0	0	0	0	0	0	0	0	0	0	0	0	0	0	0	0
05:05:00	18300	0	0	0	0	0	0	0	0	0	0	0	0	0	0	0	0	0	0	0	0	0	0	0	0	0	0	0	0	0	0	0	0	0	0	0	0	0	0	0	0
05:10:00	18600	0	0	0	0	0	0	0	0	0	0	0	0	0	0	0	0	0	0	0	0	0	0	0	0	0	0	0	0	0	0	0	0	0	0	0	0	0	0	0	0
05:15:00	18900	0	0	0	0	0	0	0	0	0	0	0	0	0	0	0	0	0	0	0	0	0	0	0	0	0	0	0	0	0	0	0	0	0	0	0	0	0	0	0	0
05:20:00	19200	0	0	0	0	0	0	0	0	0	0	0	0	0	0	0	0	0	0	0	0	0	0	0	0	0	0	0	0	0	0	0	0	0	0	0	0	0	0	0	0
05:25:00	19500	0	0	0	0	0	0	0	0	0	0	0	0	0	0	0	0	0	0	0	0	0	0	0	0	0	0	0	0	0	0	0	0	0	0	0	0	0	0	0	0
05:30:00	19800	0	0	0	0	0	0	0	0	0	0	0	0	0	0	0	0	0	0	0	0	0	0	0	0	0	0	0	0	0	0	0	0	0	0	0	0	0	0	0	0
05:35:00	20100	0	0	0	0	0	0	0	0	0	0	0	0	0	0	0	0	0	0	0	0	0	0	0	0	0	0	0	0	0	0	0	0	0	0	0	0	0	0	0	0
05:40:00	20400	0	0	0	0	0	0	0	0	0	0	0	0	0	0	0	0	0	0	0	0	0	0	0	0	0	0	0	0	0	0	0	0	0	0	0	0	0	0	0	0
05:45:00	20700	0	0	0	0	0	0	0	0	0	0	0	0	0	0	0	0	0	0	0	0	0	0	0	0	0	0	0	0	0	0	0	0	0	0	0	0	0	0	0	0
05:50:00	21000	0	0	0	0	0	0	0	0	0	0	0	0	0	0	0	0	0	0	0	0	0	0	0	0	0	0	0	0	0	0	0	0	0	0	0	0	0	0	0	0
05:55:00	21300	0	0	0	0	0	0	0	0	0	0	0	0	0	0	0	0	0	0	0	0	0	0	0	0	0	0	0	0	0	0	0	0	0	0	0	0	0	0	0	0
06:00:00	21600	4	1	1	2	0	0	0	0	0	0	0	0	2	0	0	2	0	0	0	0	0	0	0	0	0	0	0	0	0	0	0	0	0	0	1	-1	2	1	0	1
06:05:00	21900	4	2	1	3	0	0	0	0	0	0	0	0	0	1	0	1	0	0	0	0	0	0	0	0	0	0	0	0	0	0	0	0	0	0	1	-2	4	1	0	4
06:10:00	22200	3	1	0	5	0	0	0	0	0	0	0	0	3	1	0	3	0	0	0	0	0	0	0	0	0	0	0	0	0	0	0	0	0	0	0	-2	0	0	0	4
06:15:00	22500	1	1	0	5	0	0	0	0	0	0	0	0	0	1	0	2	0	0	0	0	0	0	0	0	0	0	0	0	0	0	0	0	0	0	0	-2	1	0	0	5
06:20:00	22800	3	0	0	8	0	0	0	0	0	0	0	0	2	0	0	4	0	0	0	0	0	0	0	0	0	0	0	0	0	0	0	0	0	0	0	-2	1	0	0	6
06:25:00	23100	4	4	2	6	0	0	0	0	0	0	0	0	1	2	0	3	0	0	0	0	0	0	0	0	0	0	0	0	0	0	0	0	0	0	2	-4	3	2	0	7
06:30:00	23400	43	3	1	45	0	0	0	0	0	0	0	0	28	1	0	30	0	0	0	0	0	0	0	0	1	0	0	1	0	0	0	0	0	0	1	-5	14	2	0	19
06:35:00	23700	36	22	2	57	0	0	0	0	0	0	0	0	21	16	0	35	0	0	0	0	0	0	0	0	0	0	0	1	0	0	0	0	0	0	2	-7	15	6	0	28
06:40:00	24000	36	20	1	72	0	0	0	0	0	0	0	0	25	14	0	46	0	0	0	0	0	0	0	0	2	0	0	3	0	0	0	0	0	0	1	-8	9	6	0	31
06:45:00	24300	37	31	1	77	0	0	0	0	1	0	0	1	17	23	0	40	0	0	0	0	2	0	0	2	3	0	0	6	0	0	0	0	0	0	1	-9	14	8	0	37
06:50:00	24600	45	29	1	92	0	0	0	0	0	0	0	1	23	20	0	43	0	0	0	0	1	0	0	3	1	0	0	7	0	0	0	0	0	0	1	-10	20	9	0	48
06:55:00	24900	87	45	4	130	3	0	0	3	0	0	0	1	38	20	0	61	0	0	0	0	2	2	0	3	3	1	0	9	0	0	0	0	0	0	4	-14	41	22	0	67
07:00:00	25200	67	44	5	148	1	1	0	3	0	0	0	1	34	28	0	67	0	0	0	0	1	0	0	4	0	0	0	9	0	0	0	0	0	0	5	-19	31	15	0	83
07:05:00	25500	65	49	3	161	2	2	0	3	0	1	0	0	29	26	0	70	0	0	0	0	0	0	0	4	0	1	0	8	0	0	0	0	0	0	3	-22	34	19	0	98
07:10:00	25800	71	61	3	168	0	1	0	2	0	0	0	0	40	30	0	80	0	0	0	0	1	1	0	4	6	4	0	10	0	0	0	0	0	0	3	-25	24	25	0	97
07:15:00	26100	92	53	4	203	1	1	0	2	0	0	0	0	47	31	0	96	0	0	0	0	0	2	0	2	1	1	0	10	0	0	0	0	0	0	4	-29	43	18	0	122
07:20:00	26400	85	67	3	218	1	2	0	1	1	0	0	1	51	44	0	103	0	0	0	0	1	2	0	1	6	1	0	15	0	0	0	0	0	0	3	-32	25	18	0	129
07:25:00	26700	119	75	3	259	1	1	0	1	0	1	0	0	73	42	0	134	0	0	0	0	1	0	0	2	8	0	0	23	0	0	0	0	0	0	3	-35	36	31	0	134
07:30:00	27000	75	82	2	250	1	0	0	2	1	0	0	1	41	59	0	116	0	0	0	0	3	2	0	3	5	2	0	26	0	0	0	0	0	0	2	-37	24	19	0	139
07:35:00	27300	92	86	3	253	1	2	0	1	0	1	0	0	50	61	0	105	0	0	0	0	1	1	0	3	4	4	0	26	0	0	0	0	0	0	3	-40	36	17	0	158
07:40:00	27600	99	72	5	275	0	0	0	1	0	0	0	0	57	39	0	123	0	0	0	0	0	0	0	3	7	1	0	32	0	0	0	0	0	0	5	-45	35	32	0	161
07:45:00	27900	97	80	6	286	0	1	0	0	0	0	0	0	54	48	0	129	0	0	0	0	2	2	0	3	1	1	0	32	0	0	1	-1	0	0	5	-50	40	28	0	173
07:50:00	28200	127	99	8	306	1	0	0	1	0	0	0	0	63	55	0	137	0	0	0	0	2	2	0	3	9	6	0	35	0	0	0	-1	0	0	8	-58	52	36	0	189
07:55:00	28500	119	103	3	319	0	1	0	0	0	0	0	0	54	61	0	130	12	1	0	11	2	3	0	2	8	2	0	41	0	0	0	-1	0	0	3	-61	43	35	0	197
08:00:00	28800	129	111	5	332	1	1	0	0	0	0	0	0	50	63	0	117	24	7	0	28	1	2	0	1	8	3	0	46	0	0	0	-1	0	0	5	-66	45	35	0	207
08:05:00	29100	117	100	3	346	2	0	0	2	0	0	0	0	51	45	0	123	17	10	0	35	1	1	0	1	10	4	0	52	0	0	0	-1	0	0	3	-69	36	40	0	203
08:10:00	29400	134	112	2	366	0	2	0	0	0	0	0	0	56	63	0	116	26	16	0	45	1	0	0	2	6	8	0	50	0	0	0	-1	0	0	2	-71	45	23	0	225
08:15:00	29700	105	107	3	361	0	0	0	0	0	0	0	0	35	46	0	105	14	16	0	43	1	1	0	2	7	3	0	54	0	0	0	-1	0	0	3	-74	48	41	0	232
08:20:00	30000	110	99	4	368	1	0	0	1	0	0	0	0	56	46	0	115	16	17	0	42	2	0	0	4	6	2	0	58	0	0	0	-1	0	0	4	-78	29	34	0	227
08:25:00	30300	113	93	2	386	1	0	0	2	0	0	0	0	51	54	0	112	20	13	0	49	0	3	0	1	4	2	0	60	0	0	0	-1	0	0	2	-80	37	21	0	243
08:30:00	30600	100	117	8	361	1	2	0	1	0	0	0	0	32	51	0	93	21	16	0	54	1	1	0	1	10	8	0	62	0	0	0	-1	0	0	8	-88	35	39	0	239
08:35:00	30900	78	82	1	356	0	1	0	0	0	0	0	0	37	39	0	91	8	20	0	42	0	1	0	0	5	5	0	62	0	0	0	-1	0	0	1	-89	28	16	0	251
08:40:00	31200	86	80	5	357	0	0	0	0	1	0	0	1	26	38	0	79	24	17	0	49	0	0	0	0	5	4	0	63	0	0	0	-1	0	0	5	-94	30	21	0	260
08:45:00	31500	106	73	4	386	1	0	0	1	0	1	0	0	39	29	0	89	39	14	0	74	1	0	0	1	5	1	0	67	0	0	0	-1	0	0	4	-98	21	28	0	253
08:50:00	31800	76	88	4	370	1	1	0	1	0	0	0	0	29	36	0	82	13	22	0	65	0	0	0	1	7	0	0	74	0	0	0	-1	0	0	4	-102	26	29	0	250
08:55:00	32100	79	78	7	364	0	1	0	0	0	0	0	0	27	33	0	76	18	19	0	64	0	0	0	1	5	6	0	73	0	0	0	-1	0	0	7	-109	29	19	0	260
09:00:00	32400	85	83	3	363	0	0	0	0	0	0	0	0	39	35	0	80	4	17	0	51	1	0	0	2	5	2	0	76	0	0	0	-1	0	0	3	-112	36	29	0	267
09:05:00	32700	81	93	5	346	1	0	0	1	0	0	0	0	39	36	0	83	6	11	0	46	1	0	0	3	3	11	0	68	0	0	0	-1	0	0	5	-117	31	35	0	263
09:10:00	33000	49	75	2	318	0	1	0	0	0	0	0	0	23	34	0	72	3	12	0	37	0	0	0	3	2	1	0	69	0	0	0	-1	0	0	2	-119	21	27	0	257
09:15:00	33300	58	73	2	301	0	0	0	0	0	0	0	0	32	34	0	70	2	12	0	27	0	2	0	1	4	2	0	71	0	0	0	-1	0	0	2	-121	20	23	0	254
09:20:00	33600	55	81	3	272	0	0	0	0	0	0	0	0	20	32	0	58	2	9	0	20	2	1	0	2	9	3	0	77	0	0	0	-1	0	0	3	-124	22	36	0	240
09:25:00	33900	58	60	1	269	0	0	0	0	0	0	0	0	20	19	0	59	4	3	0	21	1	1	0	2	1	19	0	59	0	0	0	-1	0	0	1	-125	32	18	0	254
09:30:00	34200	46	63	2	250	0	0	0	0	0	0	0	0	25	24	0	60	1	7	0	15	0	0	0	2	1	4	0	56	0	0	1	-2	0	0	1	-126	19	28	0	245
09:35:00	34500	41	58	1	232	0	0	0	0	0	0	0	0	16	24	0	52	8	5	0	18	1	2	0	1	3	0	0	59	0	0	0	-2	0	0	1	-127	13	27	0	231
09:40:00	34800	35	49	1	217	0	0	0	0	0	0	0	0	20	21	0	51	2	5	0	15	0	1	0	0	1	1	0	59	0	0	0	-2	0	0	1	-128	12	21	0	222
09:45:00	35100	45	62	1	199	0	0	0	0	0	0	0	0	21	31	0	41	0	5	0	10	0	0	0	0	4	3	0	60	0	0	0	-2	0	0	1	-129	20	23	0	219
09:50:00	35400	41	54	3	183	0	0	0	0	1	0	0	1	19	19	0	41	0	5	0	5	0	0	0	0	5	0	0	65	0	0	0	-2	0	0	3	-132	16	30	0	205
09:55:00	35700	51	52	5	177	0	0	0	0	0	0	0	1	26	21	0	46	0	1	0	4	0	0	0	0	0	1	0	64	0	0	0	-2	0	0	5	-137	25	29	0	201
10:00:00	36000	70	60	2	185	0	0	0	0	0	1	0	0	27	23	0	50	0	3	0	1	1	1	0	0	3	9	0	58	0	0	0	-2	0	0	2	-139	39	23	0	217
10:05:00	36300	59	55	3	186	0	0	0	0	0	0	0	0	25	23	0	52	0	0	0	1	0	0	0	0	0	3	0	55	0	0	0	-2	0	0	3	-142	34	29	0	222
10:10:00	36600	84	87	6	177	1	0	0	1	0	0	0	0	40	31	0	61	0	1	0	0	0	0	0	0	3	6	0	52	0	0	1	-3	0	0	5	-147	40	49	0	213
10:15:00	36900	66	67	4	172	0	0	0	1	0	0	0	0	28	28	0	61	0	0	0	0	1	0	0	1	4	1	0	55	0	0	0	-3	0	0	4	-151	33	38	0	208
10:20:00	37200	73	82	3	160	0	1	0	0	0	0	0	0	35	36	0	60	0	0	0	0	0	0	0	1	1	2	0	54	0	0	0	-3	0	0	3	-154	37	43	0	202
10:25:00	37500	70	68	5	157	0	0	0	0	0	0	0	0	30	27	0	63	0	0	0	0	1	0	0	2	1	3	0	52	0	0	1	-4	0	0	4	-158	38	38	0	202
10:30:00	37800	65	75	6	141	1	0	0	1	0	0	0	0	32	28	0	67	0	0	0	0	0	1	0	1	1	2	0	51	0	0	0	-4	0	0	6	-164	31	44	0	189
10:35:00	38100	49	71	2	117	0	0	0	1	0	0	0	0	27	38	0	56	2	1	0	1	0	0	0	1	1	1	0	51	0	0	0	-4	0	0	2	-166	19	31	0	177
10:40:00	38400	57	67	2	105	0	0	0	1	0	0	0	0	19	30	0	45	1	1	0	1	0	0	0	1	2	0	0	53	0	0	0	-4	0	0	2	-168	35	36	0	176
10:45:00	38700	68	67	2	104	0	1	0	0	0	0	0	0	30	27	0	48	3	0	0	4	0	0	0	1	1	3	0	51	0	0	0	-4	0	0	2	-170	34	36	0	174
10:50:00	39000	51	64	4	87	1	0	0	1	0	0	0	0	19	24	0	43	0	3	0	1	2	0	0	3	2	1	0	52	0	0	0	-4	0	0	4	-174	27	36	0	165
10:55:00	39300	43	49	2	79	0	1	0	0	0	0	0	0	16	16	0	43	2	0	0	3	0	1	0	2	0	1	0	51	0	0	0	-4	0	0	2	-176	25	30	0	160
11:00:00	39600	52	52	4	75	0	0	0	0	0	0	0	0	23	19	0	47	4	1	0	6	0	1	0	1	1	0	0	52	0	0	0	-4	0	0	4	-180	24	31	0	153
11:05:00	39900	83	78	1	79	0	0	0	0	0	0	0	0	27	23	0	51	1	1	0	6	0	1	0	0	11	11	0	52	0	0	1	-5	0	0	0	-180	44	42	0	155
11:10:00	40200	73	48	5	99	1	0	0	1	0	0	0	0	33	17	0	67	2	1	0	7	0	0	0	0	2	1	0	53	0	0	0	-5	0	0	5	-185	35	29	0	161
11:15:00	40500	61	60	1	99	0	1	0	0	0	0	0	0	32	34	0	65	10	3	0	14	1	0	0	1	0	2	0	51	0	0	0	-5	0	0	1	-186	18	20	0	159
11:20:00	40800	67	58	3	105	1	1	0	0	0	0	0	0	25	22	0	68	2	2	0	14	1	0	0	2	3	3	0	51	0	0	0	-5	0	0	3	-189	35	30	0	164
11:25:00	41100	76	78	5	98	0	0	0	0	0	0	0	0	30	37	0	61	3	3	0	14	1	1	0	2	3	1	0	53	0	0	0	-5	0	0	5	-194	39	36	0	167
11:30:00	41400	79	79	7	91	0	0	0	0	1	1	0	0	33	27	0	67	1	5	0	10	1	1	0	2	4	4	0	53	0	0	2	-7	0	0	5	-199	39	41	0	165
11:35:00	41700	87	85	6	87	0	0	0	0	0	0	0	0	33	34	0	66	3	3	0	10	1	0	0	3	5	5	0	53	0	0	0	-7	0	0	6	-205	45	43	0	167
11:40:00	42000	83	80	4	86	1	0	0	1	0	0	0	0	33	29	0	70	0	4	0	6	2	2	0	3	1	13	0	41	0	0	0	-7	0	0	4	-209	46	32	0	181
11:45:00	42300	81	83	3	81	0	0	0	1	0	0	0	0	34	31	0	73	3	4	0	5	0	1	0	2	6	3	0	44	0	0	0	-7	0	0	3	-212	38	44	0	175
11:50:00	42600	91	79	2	91	1	1	0	1	0	0	0	0	42	37	0	78	5	2	0	8	2	1	0	3	2	1	0	45	0	0	0	-7	0	0	2	-214	39	37	0	177
11:55:00	42900	101	90	5	97	1	0	0	2	0	0	0	0	47	38	0	87	1	1	0	8	1	0	0	4	3	8	0	40	0	0	0	-7	0	0	5	-219	48	43	0	182
12:00:00	43200	75	81	3	88	0	0	0	2	0	0	0	0	37	44	0	80	2	2	0	8	0	1	0	3	3	0	0	43	0	0	0	-7	0	0	3	-222	33	34	0	181
12:05:00	43500	65	71	4	78	1	1	0	2	0	0	0	0	28	33	0	75	8	5	0	11	3	1	0	5	6	0	0	49	0	0	0	-7	0	0	4	-226	19	31	0	169
12:10:00	43800	65	66	0	77	0	1	0	1	0	0	0	0	34	30	0	79	2	0	0	13	0	3	0	2	4	2	0	51	0	0	0	-7	0	0	0	-226	25	30	0	164
12:15:00	44100	51	68	3	57	1	1	0	1	0	0	0	0	21	37	0	63	1	3	0	11	1	0	0	3	0	5	0	46	0	0	0	-7	0	0	3	-229	27	22	0	169
12:20:00	44400	42	54	1	44	0	1	0	0	0	0	0	0	29	35	0	57	0	3	0	8	0	1	0	2	0	2	0	44	0	0	0	-7	0	0	1	-230	13	12	0	170
12:25:00	44700	57	60	4	37	0	0	0	0	0	0	0	0	31	28	0	60	0	3	0	5	1	0	0	3	3	4	0	43	0	0	0	-7	0	0	4	-234	22	25	0	167
12:30:00	45000	41	45	1	32	0	0	0	0	0	0	0	0	23	26	0	57	0	1	0	4	2	2	0	3	2	1	0	44	0	0	0	-7	0	0	1	-235	14	15	0	166
12:35:00	45300	29	42	2	17	0	0	0	0	0	0	0	0	9	21	0	45	0	2	0	2	1	1	0	3	3	2	0	45	0	0	0	-7	0	0	2	-237	16	16	0	166
12:40:00	45600	33	28	0	22	0	0	0	0	0	0	0	0	18	12	0	51	0	1	0	1	1	0	0	4	2	2	0	45	0	0	0	-7	0	0	0	-237	12	13	0	165
12:45:00	45900	53	41	3	31	1	0	0	1	0	0	0	0	29	22	0	58	0	0	0	1	1	2	0	3	5	1	0	49	0	0	0	-7	0	0	3	-240	17	16	0	166
12:50:00	46200	29	38	1	21	0	0	0	1	0	0	0	0	18	25	0	51	0	1	0	0	0	0	0	3	3	0	0	52	0	0	0	-7	0	0	1	-241	8	12	0	162
12:55:00	46500	38	46	2	11	0	1	0	0	0	0	0	0	20	25	0	46	0	0	0	0	1	1	0	3	2	3	0	51	0	0	0	-7	0	0	2	-243	15	16	0	161
13:00:00	46800	9	29	4	-13	0	0	0	0	0	0	0	0	1	17	0	30	0	0	0	0	0	0	0	3	2	1	0	52	0	0	0	-7	0	0	4	-247	6	11	0	156
13:05:00	47100	3	24	0	-34	0	0	0	0	0	0	0	0	0	17	0	13	0	0	0	0	0	0	0	3	1	0	0	53	0	0	0	-7	0	0	0	-247	2	7	0	151
13:10:00	47400	2	15	0	-47	0	0	0	0	0	0	0	0	0	6	0	7	0	0	0	0	0	0	0	3	2	0	0	55	0	0	0	-7	0	0	0	-247	0	9	0	142
13:15:00	47700	18	11	1	-41	0	0	0	0	0	0	0	0	5	2	0	10	0	0	0	0	0	1	0	2	0	0	0	55	0	0	0	-7	0	0	1	-248	13	8	0	147
13:20:00	48000	16	14	0	-39	0	0	0	0	0	0	0	0	5	5	0	10	0	0	0	0	2	1	0	3	2	3	0	54	0	0	0	-7	0	0	0	-248	7	5	0	149
13:25:00	48300	18	24	1	-46	0	0	0	0	0	0	0	0	4	3	0	11	0	0	0	0	0	1	0	2	2	6	0	50	0	0	0	-7	0	0	1	-249	12	14	0	147
13:30:00	48600	52	22	3	-19	0	0	0	0	0	0	0	0	38	6	0	43	1	0	0	1	1	1	0	2	1	0	0	51	0	0	0	-7	0	0	3	-252	11	15	0	143
13:35:00	48900	61	53	0	-11	1	0	0	1	0	0	0	0	24	30	0	37	5	0	0	6	0	1	0	1	0	8	0	43	0	0	0	-7	0	0	0	-252	31	14	0	160
13:40:00	49200	47	48	3	-15	0	1	0	0	0	0	0	0	22	20	0	39	5	2	0	9	1	0	0	2	0	5	0	38	0	0	0	-7	0	0	3	-255	19	20	0	159
13:45:00	49500	52	43	4	-10	1	0	0	1	0	0	0	0	26	19	0	46	2	3	0	8	1	1	0	2	2	1	0	39	0	0	0	-7	0	0	4	-259	20	19	0	160
13:50:00	49800	95	55	3	27	0	1	0	0	0	0	0	0	45	22	0	69	15	7	0	16	2	1	0	3	3	1	0	41	0	0	0	-7	0	0	3	-262	30	23	0	167
13:55:00	50100	96	67	3	53	1	0	0	1	0	0	0	0	47	38	0	78	12	5	0	23	2	2	0	3	2	1	0	42	0	0	1	-8	0	0	2	-264	32	21	0	178
14:00:00	50400	73	70	2	54	0	0	0	1	0	0	0	0	38	38	0	78	3	9	0	17	1	1	0	3	3	0	0	45	0	0	1	-9	0	0	1	-265	28	22	0	184
14:05:00	50700	78	75	1	56	0	1	0	0	0	0	0	0	31	36	0	73	9	6	0	20	0	1	0	2	1	0	0	46	0	0	1	-10	0	0	0	-265	37	31	0	190
14:10:00	51000	72	76	5	47	2	0	0	2	0	0	0	0	28	36	0	65	14	12	0	22	1	1	0	2	3	0	0	49	0	0	0	-10	0	0	5	-270	24	27	0	187
14:15:00	51300	68	55	2	58	0	2	0	0	0	0	0	0	30	20	0	75	8	8	0	22	1	0	0	3	4	0	0	53	0	0	0	-10	0	0	2	-272	25	25	0	187
14:20:00	51600	83	73	3	65	1	0	0	1	0	0	0	0	32	31	0	76	14	8	0	28	1	0	0	4	4	4	0	53	0	0	1	-11	0	0	2	-274	31	30	0	188
14:25:00	51900	71	67	1	68	0	1	0	0	0	0	0	0	37	36	0	77	16	11	0	33	0	3	0	1	3	1	0	55	0	0	0	-11	0	0	1	-275	15	15	0	188
14:30:00	52200	54	72	2	48	0	0	0	0	0	0	0	0	16	28	0	65	12	13	0	32	1	0	0	2	3	2	0	56	0	0	0	-11	0	0	2	-277	22	29	0	181
14:35:00	52500	74	65	2	55	0	0	0	0	0	0	0	0	39	27	0	77	4	12	0	24	0	0	0	2	1	2	0	55	0	0	0	-11	0	0	2	-279	30	24	0	187
14:40:00	52800	69	83	4	37	0	0	0	0	0	0	0	0	27	43	0	61	8	8	0	24	2	1	0	3	3	4	0	54	0	0	0	-11	0	0	4	-283	29	27	0	189
14:45:00	53100	55	67	3	22	1	0	0	1	0	0	0	0	16	18	0	59	9	14	0	19	0	0	0	3	3	14	0	43	0	0	1	-12	0	0	2	-285	26	21	0	194
14:50:00	53400	61	75	4	4	0	1	0	0	0	0	0	0	27	31	0	55	3	5	0	17	0	2	0	1	4	3	0	44	0	0	0	-12	0	0	4	-289	27	33	0	188
14:55:00	53700	51	62	3	-10	0	0	0	0	0	0	0	0	17	20	0	52	8	6	0	19	0	0	0	1	3	3	0	44	0	0	0	-12	0	0	3	-292	23	33	0	178
15:00:00	54000	43	60	1	-28	0	0	0	0	0	0	0	0	25	28	0	49	3	9	0	13	2	1	0	2	1	1	0	44	0	0	0	-12	0	0	1	-293	12	21	0	169
15:05:00	54300	50	55	5	-38	0	0	0	0	0	0	0	0	17	26	0	40	1	4	0	10	1	1	0	2	1	1	0	44	0	0	0	-12	0	0	5	-298	30	23	0	176
15:10:00	54600	43	46	3	-44	0	0	0	0	0	0	0	0	22	24	0	38	0	4	0	6	0	0	0	2	1	0	0	45	0	0	0	-12	0	0	3	-301	20	18	0	178
15:15:00	54900	59	48	3	-36	1	1	0	0	0	0	0	0	24	18	0	44	1	2	0	5	1	0	0	3	3	2	0	46	0	0	0	-12	0	0	3	-304	29	25	0	182
15:20:00	55200	53	48	2	-33	1	0	0	1	0	0	0	0	26	16	0	54	1	1	0	5	0	3	0	0	2	0	0	48	0	0	0	-12	0	0	2	-306	23	28	0	177
15:25:00	55500	51	55	3	-40	0	0	0	1	0	0	0	0	25	30	0	49	0	0	0	5	0	0	0	0	4	1	0	51	0	0	0	-12	0	0	3	-309	22	24	0	175
15:30:00	55800	66	46	1	-21	0	0	0	1	0	0	0	0	33	21	0	61	0	1	0	4	1	0	0	1	2	0	0	53	0	0	0	-12	0	0	1	-310	30	24	0	181
15:35:00	56100	95	67	3	4	0	1	0	0	0	0	0	0	40	31	0	70	0	0	0	4	0	0	0	1	6	4	0	55	0	0	0	-12	0	0	3	-313	49	31	0	199
15:40:00	56400	101	86	5	14	1	0	0	1	0	0	0	0	49	38	0	81	0	1	0	3	0	1	0	0	4	2	0	57	0	0	1	-13	0	0	4	-317	47	44	0	202
15:45:00	56700	77	82	2	7	1	1	0	1	0	0	0	0	40	44	0	77	0	0	0	3	1	0	0	1	6	5	0	58	0	0	0	-13	0	0	2	-319	29	32	0	199
15:50:00	57000	79	75	2	9	0	0	0	1	0	0	0	0	40	41	0	76	0	1	0	2	2	1	0	2	1	0	0	59	0	0	0	-13	0	0	2	-321	36	32	0	203
15:55:00	57300	58	78	3	-14	0	0	0	1	0	0	0	0	21	33	0	64	0	0	0	2	0	1	0	1	3	4	0	58	0	0	0	-13	0	0	3	-324	34	40	0	197
16:00:00	57600	91	77	2	-2	0	1	0	0	0	0	0	0	35	28	0	71	21	0	0	23	1	1	0	1	2	8	0	52	0	0	0	-13	0	0	2	-326	32	39	0	190
16:05:00	57900	79	68	3	6	0	0	0	0	0	0	0	0	33	28	0	76	19	8	0	34	0	1	0	0	0	4	0	48	0	0	0	-13	0	0	3	-329	27	27	0	190
16:10:00	58200	71	91	3	-17	0	0	0	0	0	0	0	0	22	34	0	64	18	15	0	37	0	0	0	0	2	0	0	50	0	0	0	-13	0	0	3	-332	29	42	0	177
16:15:00	58500	78	84	3	-26	0	0	0	0	0	0	0	0	22	31	0	55	16	13	0	40	0	0	0	0	4	5	0	49	0	0	0	-13	0	0	3	-335	36	35	0	178
16:20:00	58800	91	77	3	-15	0	0	0	0	0	0	0	0	40	29	0	66	17	12	0	45	0	0	0	0	2	1	0	50	0	0	0	-13	0	0	3	-338	32	35	0	175
16:25:00	59100	100	90	5	-10	1	0	0	1	0	0	0	0	30	25	0	71	28	21	0	52	1	0	0	1	2	4	0	48	0	0	0	-13	0	0	5	-343	38	40	0	173
16:30:00	59400	116	94	5	7	0	1	0	0	0	0	0	0	31	36	0	66	30	13	0	69	2	2	0	1	5	4	0	49	0	0	0	-13	0	0	5	-348	48	38	0	183
16:35:00	59700	124	83	1	47	2	0	0	2	0	0	0	0	50	26	0	90	27	23	0	73	0	0	0	1	2	1	0	50	0	0	0	-13	0	0	1	-349	43	33	0	193
16:40:00	60000	119	114	1	51	0	1	0	1	0	0	0	0	51	41	0	100	20	25	0	68	1	0	0	2	7	6	0	51	0	0	0	-13	0	0	1	-350	40	41	0	192
16:45:00	60300	95	91	4	51	0	0	0	1	0	0	0	0	32	38	0	94	28	19	0	77	0	0	0	2	3	7	0	47	0	0	0	-13	0	0	4	-354	32	27	0	197
16:50:00	60600	139	116	4	70	0	1	0	0	1	0	0	1	50	45	0	99	47	33	0	91	0	0	0	2	1	3	0	45	0	0	0	-13	0	0	4	-358	40	34	0	203
16:55:00	60900	113	104	6	73	0	0	0	0	0	0	0	1	38	43	0	94	32	28	0	95	1	1	0	2	1	0	0	46	0	0	0	-13	0	0	6	-364	41	32	0	212
17:00:00	61200	152	119	3	103	0	0	0	0	0	1	0	0	76	49	0	121	19	28	0	86	0	0	0	2	6	9	0	43	0	0	0	-13	0	0	3	-367	51	32	0	231
17:05:00	61500	152	125	6	124	0	0	0	0	0	0	0	0	79	53	0	147	12	21	0	77	2	2	0	2	5	8	0	40	0	0	0	-13	0	0	6	-373	54	41	0	244
17:10:00	61800	139	135	6	122	0	0	0	0	0	0	0	0	64	59	0	152	17	21	0	73	0	0	0	2	4	3	0	41	0	0	0	-13	0	0	6	-379	54	52	0	246
17:15:00	62100	141	144	9	110	0	0	0	0	0	0	0	0	64	71	0	145	25	22	0	76	2	0	0	4	3	2	0	42	0	0	0	-13	0	0	9	-388	47	49	0	244
17:20:00	62400	136	126	4	116	0	0	0	0	0	0	0	0	79	62	0	162	14	22	0	68	0	0	0	4	2	2	0	42	0	0	0	-13	0	0	4	-392	41	40	0	245
17:25:00	62700	98	140	6	68	0	0	0	0	0	0	0	0	42	68	0	136	1	25	0	44	0	0	0	4	8	4	0	46	0	0	0	-13	0	0	6	-398	47	43	0	249
17:30:00	63000	74	94	3	45	0	0	0	0	0	0	0	0	42	53	0	125	1	10	0	35	1	1	0	4	4	1	0	49	0	0	0	-13	0	0	3	-401	26	29	0	246
17:35:00	63300	73	84	3	31	0	0	0	0	0	0	0	0	36	47	0	114	2	8	0	29	1	1	0	4	6	3	0	52	0	0	0	-13	0	0	3	-404	28	25	0	249
17:40:00	63600	58	73	3	13	0	0	0	0	0	0	0	0	21	40	0	95	1	5	0	25	0	2	0	2	6	5	0	53	0	0	0	-13	0	0	3	-407	30	21	0	258
17:45:00	63900	97	85	6	19	0	0	0	0	0	0	0	0	53	43	0	105	1	1	0	25	0	1	0	1	3	6	0	50	0	0	0	-13	0	0	6	-413	40	34	0	264
17:50:00	64200	82	84	9	8	0	0	0	0	0	0	0	0	43	41	0	107	0	7	0	18	1	1	0	1	5	3	0	52	0	0	0	-13	0	0	9	-422	33	32	0	265
17:55:00	64500	78	79	0	7	0	0	0	0	0	0	0	0	48	45	0	110	1	3	0	16	1	1	0	1	4	4	0	52	0	0	0	-13	0	0	0	-422	24	26	0	263
18:00:00	64800	65	88	5	-21	0	0	0	0	0	0	0	0	41	55	0	96	1	1	0	16	0	1	0	0	2	3	0	51	0	0	0	-13	0	0	5	-427	21	28	0	256
18:05:00	65100	60	73	2	-36	0	0	0	0	0	0	0	0	27	31	0	92	0	2	0	14	1	0	0	1	4	7	0	48	0	0	0	-13	0	0	2	-429	28	33	0	251
18:10:00	65400	40	66	5	-67	0	0	0	0	0	0	0	0	20	38	0	74	0	0	0	14	0	0	0	1	1	5	0	44	0	0	0	-13	0	0	5	-434	19	23	0	247
18:15:00	65700	38	67	2	-98	0	0	0	0	0	0	0	0	21	35	0	60	1	2	0	13	0	1	0	0	2	6	0	40	0	0	0	-13	0	0	2	-436	14	23	0	238
18:20:00	66000	63	63	2	-100	0	0	0	0	0	0	0	0	34	20	0	74	0	2	0	11	0	0	0	0	2	10	0	32	0	0	0	-13	0	0	2	-438	27	31	0	234
18:25:00	66300	39	54	6	-121	0	0	0	0	0	0	0	0	15	26	0	63	0	1	0	10	0	0	0	0	0	6	0	26	0	0	0	-13	0	0	6	-444	24	21	0	237
18:30:00	66600	37	46	5	-135	0	0	0	0	0	0	0	0	18	22	0	59	1	2	0	9	0	0	0	0	1	2	0	25	0	0	0	-13	0	0	5	-449	17	20	0	234
18:35:00	66900	50	51	2	-138	0	0	0	0	0	0	0	0	25	27	0	57	0	2	0	7	0	0	0	0	2	2	0	25	0	0	0	-13	0	0	2	-451	23	20	0	237
18:40:00	67200	15	40	1	-164	0	0	0	0	0	0	0	0	9	20	0	46	0	1	0	6	0	0	0	0	0	1	0	24	0	0	0	-13	0	0	1	-452	6	18	0	225
18:45:00	67500	29	45	3	-183	0	0	0	0	0	0	0	0	15	21	0	40	0	2	0	4	0	0	0	0	2	1	0	25	0	0	0	-13	0	0	3	-455	12	21	0	216
18:50:00	67800	17	31	1	-198	0	0	0	0	0	0	0	0	4	13	0	31	0	0	0	4	1	1	0	0	0	6	0	19	0	0	0	-13	0	0	1	-456	12	11	0	217
18:55:00	68100	22	28	0	-204	0	0	0	0	0	0	0	0	12	13	0	30	0	0	0	4	0	0	0	0	1	2	0	18	0	0	0	-13	0	0	0	-456	9	13	0	213
19:00:00	68400	52	36	4	-192	0	0	0	0	0	0	0	0	29	13	0	46	0	0	0	4	1	0	0	1	1	5	0	14	0	0	0	-13	0	0	4	-460	21	18	0	216
19:05:00	68700	61	34	2	-167	0	0	0	0	0	0	0	0	34	18	0	62	0	0	0	4	1	1	0	1	2	1	0	15	0	0	0	-13	0	0	2	-462	24	14	0	226
19:10:00	69000	62	55	5	-165	0	0	0	0	0	0	0	0	30	27	0	65	0	0	0	4	1	0	0	2	1	1	0	15	0	0	0	-13	0	0	5	-467	30	27	0	229
19:15:00	69300	49	56	3	-175	3	1	0	2	0	0	0	0	23	29	0	59	0	1	0	3	2	0	0	4	2	2	0	15	0	0	0	-13	0	0	3	-470	19	23	0	225
19:20:00	69600	54	55	4	-180	1	1	0	2	0	0	0	0	24	24	0	59	0	0	0	3	2	1	0	5	1	1	0	15	0	0	0	-13	0	0	4	-474	26	28	0	223
19:25:00	69900	69	56	3	-170	0	0	0	2	0	0	0	0	43	32	0	70	0	0	0	3	2	1	0	6	1	1	0	15	0	0	0	-13	0	0	3	-477	23	22	0	224
19:30:00	70200	60	53	3	-166	0	1	0	1	0	0	0	0	32	28	0	74	0	0	0	3	2	2	0	6	2	2	0	15	0	0	0	-13	0	0	3	-480	24	20	0	228
19:35:00	70500	38	54	0	-182	0	1	0	0	0	0	0	0	22	33	0	63	0	0	0	3	0	2	0	4	1	2	0	14	0	0	0	-13	0	0	0	-480	15	16	0	227
19:40:00	70800	37	49	4	-198	1	0	0	1	0	0	0	0	17	30	0	50	0	1	0	2	0	0	0	4	1	1	0	14	0	0	0	-13	0	0	4	-484	18	17	0	228
19:45:00	71100	55	49	0	-192	0	1	0	0	0	0	0	0	31	22	0	59	0	0	0	2	0	2	0	2	1	4	0	11	0	0	0	-13	0	0	0	-484	23	20	0	231
19:50:00	71400	33	48	0	-207	0	0	0	0	0	0	0	0	23	26	0	56	0	0	0	2	1	0	0	3	1	0	0	12	0	0	0	-13	0	0	0	-484	8	22	0	217
19:55:00	71700	44	48	2	-213	0	0	0	0	0	0	0	0	30	30	0	56	0	0	0	2	0	0	0	3	1	1	0	12	0	0	0	-13	0	0	2	-486	13	17	0	213
20:00:00	72000	7	39	0	-245	0	0	0	0	0	0	0	0	2	24	0	34	0	0	0	2	0	0	0	3	0	1	0	11	0	0	0	-13	0	0	0	-486	5	14	0	204
20:05:00	72300	7	35	0	-273	0	0	0	0	0	0	0	0	3	18	0	19	0	0	0	2	0	1	0	2	1	0	0	12	0	0	0	-13	0	0	0	-486	3	16	0	191
20:10:00	72600	7	16	1	-283	0	0	0	0	0	0	0	0	1	5	0	15	0	0	0	2	0	1	0	1	1	0	0	13	0	0	0	-13	0	0	1	-487	5	10	0	186
20:15:00	72900	15	23	2	-293	0	0	0	0	0	0	0	0	6	8	0	13	0	0	0	2	1	0	0	2	1	1	0	13	0	0	0	-13	0	0	2	-489	7	14	0	179
20:20:00	73200	5	15	0	-303	0	0	0	0	0	0	0	0	1	5	0	9	0	1	0	1	0	0	0	2	1	0	0	14	0	0	0	-13	0	0	0	-489	3	9	0	173
20:25:00	73500	9	20	2	-316	0	0	0	0	0	0	0	0	2	3	0	8	0	1	0	0	0	1	0	1	0	3	0	11	0	0	0	-13	0	0	2	-491	7	12	0	168
20:30:00	73800	10	17	3	-326	0	0	0	0	0	0	0	0	0	2	0	6	0	0	0	0	0	0	0	1	0	6	0	5	0	0	0	-13	0	0	3	-494	10	9	0	169
20:35:00	74100	8	13	0	-331	0	0	0	0	0	0	0	0	1	2	0	5	0	0	0	0	0	1	0	0	0	3	0	2	0	0	0	-13	0	0	0	-494	7	7	0	169
20:40:00	74400	11	13	0	-333	0	0	0	0	0	0	0	0	7	0	0	12	0	0	0	0	0	0	0	0	0	0	0	2	0	0	0	-13	0	0	0	-494	4	13	0	160
20:45:00	74700	7	12	2	-340	0	0	0	0	0	0	0	0	1	3	0	10	0	0	0	0	0	0	0	0	0	0	0	2	0	0	0	-13	0	0	2	-496	6	9	0	157
20:50:00	75000	9	9	1	-341	0	0	0	0	0	0	0	0	4	2	0	12	0	0	0	0	0	0	0	0	0	0	0	2	0	0	0	-13	0	0	1	-497	5	7	0	155
20:55:00	75300	4	12	0	-349	0	0	0	0	0	0	0	0	1	1	0	12	0	0	0	0	0	0	0	0	0	0	0	2	0	0	0	-13	0	0	0	-497	3	11	0	147
21:00:00	75600	6	9	0	-352	0	0	0	0	0	0	0	0	5	2	0	15	0	0	0	0	0	0	0	0	0	0	0	2	0	0	0	-13	0	0	0	-497	1	7	0	141
21:05:00	75900	4	9	0	-357	0	0	0	0	0	0	0	0	2	4	0	13	0	0	0	0	0	0	0	0	0	0	0	2	0	0	0	-13	0	0	0	-497	2	5	0	138
21:10:00	76200	1	7	1	-364	0	0	0	0	0	0	0	0	0	5	0	8	0	0	0	0	0	0	0	0	0	0	0	2	0	0	0	-13	0	0	1	-498	1	2	0	137
21:15:00	76500	4	8	0	-368	0	0	0	0	0	0	0	0	1	3	0	6	0	0	0	0	0	0	0	0	0	0	0	2	0	0	0	-13	0	0	0	-498	3	5	0	135
21:20:00	76800	3	5	3	-373	0	0	0	0	0	0	0	0	0	0	0	6	0	0	0	0	0	0	0	0	0	0	0	2	0	0	0	-13	0	0	3	-501	3	5	0	133
21:25:00	77100	4	6	0	-375	0	0	0	0	0	0	0	0	4	2	0	8	0	0	0	0	0	0	0	0	0	0	0	2	0	0	0	-13	0	0	0	-501	0	4	0	129
21:30:00	77400	1	2	1	-377	0	0	0	0	0	0	0	0	0	1	0	7	0	0	0	0	0	0	0	0	0	0	0	2	0	0	0	-13	0	0	1	-502	1	1	0	129
21:35:00	77700	0	3	0	-380	0	0	0	0	0	0	0	0	0	3	0	4	0	0	0	0	0	0	0	0	0	0	0	2	0	0	0	-13	0	0	0	-502	0	0	0	129
21:40:00	78000	1	4	0	-383	0	0	0	0	0	0	0	0	1	1	0	4	0	0	0	0	0	0	0	0	0	0	0	2	0	0	0	-13	0	0	0	-502	0	3	0	126
21:45:00	78300	3	6	1	-387	0	0	0	0	0	0	0	0	1	2	0	3	0	0	0	0	0	0	0	0	0	0	0	2	0	0	0	-13	0	0	1	-503	2	4	0	124
21:50:00	78600	0	4	0	-391	0	0	0	0	0	0	0	0	0	1	0	2	0	0	0	0	0	0	0	0	0	0	0	2	0	0	0	-13	0	0	0	-503	0	3	0	121
21:55:00	78900	1	3	0	-393	0	0	0	0	0	0	0	0	1	1	0	2	0	0	0	0	0	0	0	0	0	0	0	2	0	0	0	-13	0	0	0	-503	0	2	0	119
22:00:00	79200	2	3	1	-395	0	0	0	0	0	0	0	0	1	1	0	2	0	0	0	0	0	0	0	0	0	0	0	2	0	0	0	-13	0	0	1	-504	1	2	0	118
22:05:00	79500	1	2	0	-396	0	0	0	0	0	0	0	0	1	1	0	2	0	0	0	0	0	0	0	0	0	0	0	2	0	0	0	-13	0	0	0	-504	0	1	0	117
22:10:00	79800	1	4	0	-399	0	0	0	0	0	0	0	0	1	1	0	2	0	0	0	0	0	0	0	0	0	0	0	2	0	0	0	-13	0	0	0	-504	0	3	0	114
22:15:00	80100	4	6	2	-403	0	0	0	0	0	0	0	0	1	0	0	3	0	0	0	0	0	0	0	0	0	0	0	2	0	0	0	-13	0	0	2	-506	3	6	0	111
22:20:00	80400	4	5	2	-406	0	0	0	0	0	0	0	0	2	1	0	4	0	0	0	0	0	0	0	0	0	0	0	2	0	0	0	-13	0	0	2	-508	2	4	0	109
22:25:00	80700	0	1	0	-407	0	0	0	0	0	0	0	0	0	0	0	4	0	0	0	0	0	0	0	0	0	0	0	2	0	0	0	-13	0	0	0	-508	0	1	0	108
22:30:00	81000	3	7	0	-411	0	0	0	0	0	0	0	0	3	3	0	4	0	0	0	0	0	0	0	0	0	0	0	2	0	0	0	-13	0	0	0	-508	0	4	0	104
22:35:00	81300	4	8	3	-418	0	0	0	0	0	0	0	0	1	0	0	5	0	0	0	0	0	0	0	0	0	0	0	2	0	0	0	-13	0	0	3	-511	3	8	0	99
22:40:00	81600	3	5	1	-421	0	0	0	0	0	0	0	0	2	3	0	4	0	0	0	0	0	0	0	0	0	0	0	2	0	0	0	-13	0	0	1	-512	1	2	0	98
22:45:00	81900	1	3	0	-423	0	0	0	0	0	0	0	0	1	1	0	4	0	0	0	0	0	0	0	0	0	0	0	2	0	0	0	-13	0	0	0	-512	0	2	0	96
22:50:00	82200	3	6	1	-427	0	0	0	0	0	0	0	0	1	2	0	3	0	0	0	0	0	0	0	0	0	0	0	2	0	0	0	-13	0	0	1	-513	2	4	0	94
22:55:00	82500	2	5	1	-431	0	0	0	0	0	0	0	0	0	2	0	1	0	0	0	0	0	0	0	0	0	0	0	2	0	0	0	-13	0	0	1	-514	2	3	0	93
23:00:00	82800	1	2	0	-432	0	0	0	0	0	0	0	0	0	0	0	1	0	0	0	0	0	0	0	0	0	0	0	2	0	0	0	-13	0	0	0	-514	1	2	0	92
23:05:00	83100	0	1	0	-433	0	0	0	0	0	0	0	0	0	0	0	1	0	0	0	0	0	0	0	0	0	0	0	2	0	0	0	-13	0	0	0	-514	0	1	0	91
23:10:00	83400	0	2	0	-435	0	0	0	0	0	0	0	0	0	1	0	0	0	0	0	0	0	0	0	0	0	0	0	2	0	0	0	-13	0	0	0	-514	0	1	0	90
23:15:00	83700	5	3	1	-434	0	0	0	0	0	0	0	0	3	0	0	3	0	0	0	0	0	0	0	0	0	0	0	2	0	0	0	-13	0	0	1	-515	2	3	0	89
23:20:00	84000	3	5	2	-438	0	0	0	0	0	0	0	0	0	2	0	1	0	0	0	0	0	0	0	0	0	0	0	2	0	0	0	-13	0	0	2	-517	3	3	0	89
23:25:00	84300	2	1	0	-437	0	0	0	0	0	0	0	0	1	0	0	2	0	0	0	0	0	0	0	0	0	0	0	2	0	0	0	-13	0	0	0	-517	1	1	0	89
23:30:00	84600	2	5	1	-441	0	0	0	0	0	0	0	0	0	2	0	0	0	0	0	0	0	0	0	0	0	0	0	2	0	0	0	-13	0	0	1	-518	2	3	0	88
23:35:00	84900	1	1	0	-441	0	0	0	0	0	0	0	0	1	0	0	1	0	0	0	0	0	0	0	0	0	0	0	2	0	0	0	-13	0	0	0	-518	0	1	0	87
23:40:00	85200	3	1	0	-439	0	0	0	0	0	0	0	0	2	0	0	3	0	0	0	0	0	0	0	0	0	0	0	2	0	0	0	-13	0	0	0	-518	1	1	0	87
23:45:00	85500	3	2	0	-438	0	0	0	0	0	0	0	0	0	1	0	2	0	0	0	0	0	0	0	0	0	0	0	2	0	0	0	-13	0	0	0	-518	3	1	0	89
23:50:00	85800	3	5	0	-440	0	0	0	0	0	0	0	0	1	1	0	2	0	0	0	0	0	0	0	0	0	0	0	2	0	0	0	-13	0	0	0	-518	2	4	0	87
23:55:00	86100	3	5	1	-443	0	0	0	0	0	0	0	0	0	1	0	1	0	0	0	0	0	0	0	0	0	0	0	2	0	0	0	-13	0	0	1	-519	3	4	0	86
24:00:00	86400	5	2	0	-440	0	0	0	0	0	0	0	0	2	0	0	3	0	0	0	0	0	0	0	0	0	0	0	2	0	0	0	-13	0	0	0	-519	3	2	0	87
24:05:00	86700	2	2	0	-440	0	0	0	0	0	0	0	0	2	1	0	4	0	0	0	0	0	0	0	0	0	0	0	2	0	0	0	-13	0	0	0	-519	0	1	0	86
24:10:00	87000	2	6	0	-444	0	0	0	0	0	0	0	0	1	2	0	3	0	0	0	0	0	0	0	0	0	0	0	2	0	0	0	-13	0	0	0	-519	1	4	0	83
24:15:00	87300	3	4	2	-447	0	0	0	0	0	0	0	0	0	0	0	3	0	0	0	0	0	0	0	0	0	0	0	2	0	0	0	-13	0	0	2	-521	3	4	0	82
24:20:00	87600	0	3	0	-450	0	0	0	0	0	0	0	0	0	1	0	2	0	0	0	0	0	0	0	0	0	0	0	2	0	0	0	-13	0	0	0	-521	0	2	0	80
24:25:00	87900	3	4	2	-453	0	0	0	0	0	0	0	0	1	0	0	3	0	0	0	0	0	0	0	0	0	0	0	2	0	0	0	-13	0	0	2	-523	2	4	0	78
24:30:00	88200	3	6	1	-457	0	0	0	0	0	0	0	0	2	0	0	5	0	0	0	0	0	0	0	0	0	0	0	2	0	0	0	-13	0	0	1	-524	1	6	0	73
24:35:00	88500	3	4	1	-459	0	0	0	0	0	0	0	0	2	3	0	4	0	0	0	0	0	0	0	0	0	0	0	2	0	0	0	-13	0	0	1	-525	1	1	0	73
24:40:00	88800	0	0	0	-459	0	0	0	0	0	0	0	0	0	0	0	4	0	0	0	0	0	0	0	0	0	0	0	2	0	0	0	-13	0	0	0	-525	0	0	0	73
24:45:00	89100	0	1	0	-460	0	0	0	0	0	0	0	0	0	0	0	4	0	0	0	0	0	0	0	0	0	0	0	2	0	0	0	-13	0	0	0	-525	0	1	0	72
24:50:00	89400	1	2	0	-461	0	0	0	0	0	0	0	0	1	2	0	3	0	0	0	0	0	0	0	0	0	0	0	2	0	0	0	-13	0	0	0	-525	0	0	0	72
24:55:00	89700	0	1	0	-462	0	0	0	0	0	0	0	0	0	1	0	2	0	0	0	0	0	0	0	0	0	0	0	2	0	0	0	-13	0	0	0	-525	0	0	0	72
25:00:00	90000	1	1	0	-462	0	0	0	0	0	0	0	0	1	1	0	2	0	0	0	0	0	0	0	0	0	0	0	2	0	0	0	-13	0	0	0	-525	0	0	0	72
25:05:00	90300	0	0	0	-462	0	0	0	0	0	0	0	0	0	0	0	2	0	0	0	0	0	0	0	0	0	0	0	2	0	0	0	-13	0	0	0	-525	0	0	0	72
25:10:00	90600	3	5	0	-464	0	0	0	0	0	0	0	0	0	2	0	0	0	0	0	0	0	0	0	0	0	0	0	2	0	0	0	-13	0	0	0	-525	3	3	0	72
25:15:00	90900	3	3	1	-465	0	0	0	0	0	0	0	0	2	0	0	2	0	0	0	0	0	0	0	0	0	0	0	2	0	0	0	-13	0	0	1	-526	1	3	0	70
25:20:00	91200	0	1	0	-466	0	0	0	0	0	0	0	0	0	0	0	2	0	0	0	0	0	0	0	0	0	0	0	2	0	0	0	-13	0	0	0	-526	0	1	0	69
25:25:00	91500	2	2	0	-466	0	0	0	0	0	0	0	0	2	1	0	3	0	0	0	0	0	0	0	0	0	0	0	2	0	0	0	-13	0	0	0	-526	0	1	0	68
25:30:00	91800	0	0	0	-466	0	0	0	0	0	0	0	0	0	0	0	3	0	0	0	0	0	0	0	0	0	0	0	2	0	0	0	-13	0	0	0	-526	0	0	0	68
25:35:00	92100	0	1	0	-467	0	0	0	0	0	0	0	0	0	0	0	3	0	0	0	0	0	0	0	0	0	0	0	2	0	0	0	-13	0	0	0	-526	0	1	0	67
25:40:00	92400	0	1	0	-468	0	0	0	0	0	0	0	0	0	1	0	2	0	0	0	0	0	0	0	0	0	0	0	2	0	0	0	-13	0	0	0	-526	0	0	0	67
25:45:00	92700	0	1	0	-469	0	0	0	0	0	0	0	0	0	0	0	2	0	0	0	0	0	0	0	0	0	0	0	2	0	0	0	-13	0	0	0	-526	0	1	0	66
25:50:00	93000	2	2	0	-469	0	0	0	0	0	0	0	0	0	0	0	2	0	0	0	0	0	0	0	0	0	0	0	2	0	0	0	-13	0	0	0	-526	2	2	0	66
25:55:00	93300	0	1	0	-470	0	0	0	0	0	0	0	0	0	0	0	2	0	0	0	0	0	0	0	0	0	0	0	2	0	0	0	-13	0	0	0	-526	0	1	0	65
26:00:00	93600	3	6	1	-474	0	0	0	0	0	0	0	0	2	1	0	3	0	0	0	0	0	0	0	0	0	0	0	2	0	0	0	-13	0	0	1	-527	1	5	0	61
26:05:00	93900	3	3	2	-476	0	0	0	0	0	0	0	0	1	0	0	4	0	0	0	0	0	0	0	0	0	0	0	2	0	0	0	-13	0	0	2	-529	2	3	0	60
26:10:00	94200	1	1	0	-476	0	0	0	0	0	0	0	0	1	0	0	5	0	0	0	0	0	0	0	0	0	0	0	2	0	0	0	-13	0	0	0	-529	0	1	0	59
26:15:00	94500	0	1	0	-477	0	0	0	0	0	0	0	0	0	0	0	5	0	0	0	0	0	0	0	0	0	0	0	2	0	0	0	-13	0	0	0	-529	0	1	0	58
26:20:00	94800	2	4	1	-480	0	0	0	0	0	0	0	0	1	1	0	5	0	0	0	0	0	0	0	0	0	0	0	2	0	0	0	-13	0	0	1	-530	1	3	0	56
26:25:00	95100	2	2	1	-481	0	0	0	0	0	0	0	0	0	1	0	4	0	0	0	0	0	0	0	0	0	0	0	2	0	0	0	-13	0	0	1	-531	2	1	0	57
26:30:00	95400	1	2	0	-482	0	0	0	0	0	0	0	0	0	1	0	3	0	0	0	0	0	0	0	0	0	0	0	2	0	0	0	-13	0	0	0	-531	1	1	0	57
26:35:00	95700	0	0	0	-482	0	0	0	0	0	0	0	0	0	0	0	3	0	0	0	0	0	0	0	0	0	0	0	2	0	0	0	-13	0	0	0	-531	0	0	0	57
26:40:00	96000	1	1	0	-482	0	0	0	0	0	0	0	0	0	1	0	2	0	0	0	0	0	0	0	0	0	0	0	2	0	0	0	-13	0	0	0	-531	1	0	0	58
26:45:00	96300	1	2	0	-483	0	0	0	0	0	0	0	0	1	1	0	2	0	0	0	0	0	0	0	0	0	0	0	2	0	0	0	-13	0	0	0	-531	0	1	0	57
26:50:00	96600	1	2	0	-484	0	0	0	0	0	0	0	0	0	0	0	2	0	0	0	0	0	0	0	0	0	0	0	2	0	0	0	-13	0	0	0	-531	1	2	0	56
26:55:00	96900	3	3	1	-485	0	0	0	0	0	0	0	0	1	1	0	2	0	0	0	0	0	0	0	0	0	0	0	2	0	0	0	-13	0	0	1	-532	2	2	0	56
27:00:00	97200	0	0	0	-485	0	0	0	0	0	0	0	0	0	0	0	2	0	0	0	0	0	0	0	0	0	0	0	2	0	0	0	-13	0	0	0	-532	0	0	0	56
27:05:00	97500	0	0	0	-485	0	0	0	0	0	0	0	0	0	0	0	2	0	0	0	0	0	0	0	0	0	0	0	2	0	0	0	-13	0	0	0	-532	0	0	0	56
27:10:00	97800	1	1	0	-485	0	0	0	0	0	0	0	0	1	1	0	2	0	0	0	0	0	0	0	0	0	0	0	2	0	0	0	-13	0	0	0	-532	0	0	0	56
27:15:00	98100	0	1	0	-486	0	0	0	0	0	0	0	0	0	0	0	2	0	0	0	0	0	0	0	0	0	0	0	2	0	0	0	-13	0	0	0	-532	0	1	0	55
27:20:00	98400	0	2	0	-488	0	0	0	0	0	0	0	0	0	1	0	1	0	0	0	0	0	0	0	0	0	0	0	2	0	0	0	-13	0	0	0	-532	0	1	0	54
27:25:00	98700	0	0	0	-488	0	0	0	0	0	0	0	0	0	0	0	1	0	0	0	0	0	0	0	0	0	0	0	2	0	0	0	-13	0	0	0	-532	0	0	0	54
27:30:00	99000	0	0	0	-488	0	0	0	0	0	0	0	0	0	0	0	1	0	0	0	0	0	0	0	0	0	0	0	2	0	0	0	-13	0	0	0	-532	0	0	0	54
27:35:00	99300	0	2	0	-490	0	0	0	0	0	0	0	0	0	0	0	1	0	0	0	0	0	0	0	0	0	0	0	2	0	0	0	-13	0	0	0	-532	0	2	0	52
27:40:00	99600	5	5	2	-492	0	0	0	0	0	0	0	0	1	1	0	1	0	0	0	0	0	0	0	0	0	0	0	2	0	0	0	-13	0	0	2	-534	4	4	0	52
27:45:00	99900	0	1	0	-493	0	0	0	0	0	0	0	0	0	0	0	1	0	0	0	0	0	0	0	0	0	0	0	2	0	0	0	-13	0	0	0	-534	0	1	0	51
27:50:00	100200	0	0	0	-493	0	0	0	0	0	0	0	0	0	0	0	1	0	0	0	0	0	0	0	0	0	0	0	2	0	0	0	-13	0	0	0	-534	0	0	0	51
27:55:00	100500	1	1	0	-493	0	0	0	0	0	0	0	0	0	0	0	1	0	0	0	0	0	0	0	0	0	0	0	2	0	0	0	-13	0	0	0	-534	1	1	0	51
28:00:00	100800	1	1	0	-493	0	0	0	0	0	0	0	0	0	1	0	0	0	0	0	0	0	0	0	0	0	0	0	2	0	0	0	-13	0	0	0	-534	1	0	0	52
28:05:00	101100	0	1	0	-494	0	0	0	0	0	0	0	0	0	0	0	0	0	0	0	0	0	0	0	0	0	0	0	2	0	0	0	-13	0	0	0	-534	0	1	0	51
28:10:00	101400	3	3	1	-495	0	0	0	0	0	0	0	0	1	0	0	1	0	0	0	0	0	0	0	0	0	0	0	2	0	0	0	-13	0	0	1	-535	2	3	0	50
28:15:00	101700	0	0	0	-495	0	0	0	0	0	0	0	0	0	0	0	1	0	0	0	0	0	0	0	0	0	0	0	2	0	0	0	-13	0	0	0	-535	0	0	0	50
28:20:00	102000	0	0	0	-495	0	0	0	0	0	0	0	0	0	0	0	1	0	0	0	0	0	0	0	0	0	0	0	2	0	0	0	-13	0	0	0	-535	0	0	0	50
28:25:00	102300	0	0	0	-495	0	0	0	0	0	0	0	0	0	0	0	1	0	0	0	0	0	0	0	0	0	0	0	2	0	0	0	-13	0	0	0	-535	0	0	0	50
28:30:00	102600	0	0	0	-495	0	0	0	0	0	0	0	0	0	0	0	1	0	0	0	0	0	0	0	0	0	0	0	2	0	0	0	-13	0	0	0	-535	0	0	0	50
28:35:00	102900	1	1	0	-495	0	0	0	0	0	0	0	0	0	0	0	1	0	0	0	0	0	0	0	0	0	0	0	2	0	0	0	-13	0	0	0	-535	1	1	0	50
28:40:00	103200	1	1	0	-495	0	0	0	0	0	0	0	0	0	0	0	1	0	0	0	0	0	0	0	0	0	0	0	2	0	0	0	-13	0	0	0	-535	1	1	0	50
28:45:00	103500	0	0	0	-495	0	0	0	0	0	0	0	0	0	0	0	1	0	0	0	0	0	0	0	0	0	0	0	2	0	0	0	-13	0	0	0	-535	0	0	0	50
28:50:00	103800	0	1	0	-496	0	0	0	0	0	0	0	0	0	1	0	0	0	0	0	0	0	0	0	0	0	0	0	2	0	0	0	-13	0	0	0	-535	0	0	0	50
28:55:00	104100	1	2	0	-497	0	0	0	0	0	0	0	0	1	0	0	1	0	0	0	0	0	0	0	0	0	0	0	2	0	0	0	-13	0	0	0	-535	0	2	0	48
29:00:00	104400	1	1	1	-498	0	0	0	0	0	0	0	0	0	0	0	1	0	0	0	0	0	0	0	0	0	0	0	2	0	0	0	-13	0	0	1	-536	1	1	0	48
29:05:00	104700	2	2	0	-498	0	0	0	0	0	0	0	0	2	1	0	2	0	0	0	0	0	0	0	0	0	0	0	2	0	0	0	-13	0	0	0	-536	0	1	0	47
29:10:00	105000	1	3	0	-500	0	0	0	0	0	0	0	0	1	2	0	1	0	0	0	0	0	0	0	0	0	0	0	2	0	0	0	-13	0	0	0	-536	0	1	0	46
29:15:00	105300	0	0	0	-500	0	0	0	0	0	0	0	0	0	0	0	1	0	0	0	0	0	0	0	0	0	0	0	2	0	0	0	-13	0	0	0	-536	0	0	0	46
29:20:00	105600	1	1	0	-500	0	0	0	0	0	0	0	0	0	1	0	0	0	0	0	0	0	0	0	0	0	0	0	2	0	0	0	-13	0	0	0	-536	1	0	0	47
29:25:00	105900	0	1	0	-501	0	0	0	0	0	0	0	0	0	0	0	0	0	0	0	0	0	0	0	0	0	0	0	2	0	0	0	-13	0	0	0	-536	0	1	0	46
29:30:00	106200	0	0	0	-501	0	0	0	0	0	0	0	0	0	0	0	0	0	0	0	0	0	0	0	0	0	0	0	2	0	0	0	-13	0	0	0	-536	0	0	0	46
29:35:00	106500	0	0	0	-501	0	0	0	0	0	0	0	0	0	0	0	0	0	0	0	0	0	0	0	0	0	0	0	2	0	0	0	-13	0	0	0	-536	0	0	0	46
29:40:00	106800	0	0	0	-501	0	0	0	0	0	0	0	0	0	0	0	0	0	0	0	0	0	0	0	0	0	0	0	2	0	0	0	-13	0	0	0	-536	0	0	0	46
29:45:00	107100	0	2	0	-503	0	0	0	0	0	0	0	0	0	0	0	0	0	0	0	0	0	0	0	0	0	0	0	2	0	0	0	-13	0	0	0	-536	0	2	0	44
29:50:00	107400	2	2	1	-504	0	0	0	0	0	0	0	0	1	0	0	1	0	0	0	0	0	0	0	0	0	0	0	2	0	0	0	-13	0	0	1	-537	1	2	0	43
29:55:00	107700	0	0	0	-504	0	0	0	0	0	0	0	0	0	0	0	1	0	0	0	0	0	0	0	0	0	0	0	2	0	0	0	-13	0	0	0	-537	0	0	0	43
30:00:00	108000	0	0	46	-550	0	0	0	0	0	0	0	0	0	0	1	0	0	0	0	0	0	0	0	0	0	0	2	0	0	0	0	-13	0	0	0	-537	0	0	43	0
30:05:00	108300	0	0	0	-550	0	0	0	0	0	0	0	0	0	0	0	0	0	0	0	0	0	0	0	0	0	0	0	0	0	0	0	-13	0	0	0	-537	0	0	0	0
