time	time	departures_all	arrivals_all	stuck_all	en-route_all	departures_Shared-Bike	arrivals_Shared-Bike	stuck_Shared-Bike	en-route_Shared-Bike	departures_bike	arrivals_bike	stuck_bike	en-route_bike	departures_car	arrivals_car	stuck_car	en-route_car	departures_car_passenger	arrivals_car_passenger	stuck_car_passenger	en-route_car_passenger	departures_pt	arrivals_pt	stuck_pt	en-route_pt	departures_sharing:standardBikeShare	arrivals_sharing:standardBikeShare	stuck_sharing:standardBikeShare	en-route_sharing:standardBikeShare	departures_walk	arrivals_walk	stuck_walk	en-route_walk
00:00:00	0	0	0	0	0	0	0	0	0	0	0	0	0	0	0	0	0	0	0	0	0	0	0	0	0	0	0	0	0	0	0	0	0
00:05:00	300	0	0	0	0	0	0	0	0	0	0	0	0	0	0	0	0	0	0	0	0	0	0	0	0	0	0	0	0	0	0	0	0
00:10:00	600	0	0	0	0	0	0	0	0	0	0	0	0	0	0	0	0	0	0	0	0	0	0	0	0	0	0	0	0	0	0	0	0
00:15:00	900	0	0	0	0	0	0	0	0	0	0	0	0	0	0	0	0	0	0	0	0	0	0	0	0	0	0	0	0	0	0	0	0
00:20:00	1200	0	0	0	0	0	0	0	0	0	0	0	0	0	0	0	0	0	0	0	0	0	0	0	0	0	0	0	0	0	0	0	0
00:25:00	1500	0	0	0	0	0	0	0	0	0	0	0	0	0	0	0	0	0	0	0	0	0	0	0	0	0	0	0	0	0	0	0	0
00:30:00	1800	0	0	0	0	0	0	0	0	0	0	0	0	0	0	0	0	0	0	0	0	0	0	0	0	0	0	0	0	0	0	0	0
00:35:00	2100	0	0	0	0	0	0	0	0	0	0	0	0	0	0	0	0	0	0	0	0	0	0	0	0	0	0	0	0	0	0	0	0
00:40:00	2400	0	0	0	0	0	0	0	0	0	0	0	0	0	0	0	0	0	0	0	0	0	0	0	0	0	0	0	0	0	0	0	0
00:45:00	2700	0	0	0	0	0	0	0	0	0	0	0	0	0	0	0	0	0	0	0	0	0	0	0	0	0	0	0	0	0	0	0	0
00:50:00	3000	0	0	0	0	0	0	0	0	0	0	0	0	0	0	0	0	0	0	0	0	0	0	0	0	0	0	0	0	0	0	0	0
00:55:00	3300	0	0	0	0	0	0	0	0	0	0	0	0	0	0	0	0	0	0	0	0	0	0	0	0	0	0	0	0	0	0	0	0
01:00:00	3600	0	0	0	0	0	0	0	0	0	0	0	0	0	0	0	0	0	0	0	0	0	0	0	0	0	0	0	0	0	0	0	0
01:05:00	3900	0	0	0	0	0	0	0	0	0	0	0	0	0	0	0	0	0	0	0	0	0	0	0	0	0	0	0	0	0	0	0	0
01:10:00	4200	0	0	0	0	0	0	0	0	0	0	0	0	0	0	0	0	0	0	0	0	0	0	0	0	0	0	0	0	0	0	0	0
01:15:00	4500	0	0	0	0	0	0	0	0	0	0	0	0	0	0	0	0	0	0	0	0	0	0	0	0	0	0	0	0	0	0	0	0
01:20:00	4800	0	0	0	0	0	0	0	0	0	0	0	0	0	0	0	0	0	0	0	0	0	0	0	0	0	0	0	0	0	0	0	0
01:25:00	5100	0	0	0	0	0	0	0	0	0	0	0	0	0	0	0	0	0	0	0	0	0	0	0	0	0	0	0	0	0	0	0	0
01:30:00	5400	0	0	0	0	0	0	0	0	0	0	0	0	0	0	0	0	0	0	0	0	0	0	0	0	0	0	0	0	0	0	0	0
01:35:00	5700	0	0	0	0	0	0	0	0	0	0	0	0	0	0	0	0	0	0	0	0	0	0	0	0	0	0	0	0	0	0	0	0
01:40:00	6000	0	0	0	0	0	0	0	0	0	0	0	0	0	0	0	0	0	0	0	0	0	0	0	0	0	0	0	0	0	0	0	0
01:45:00	6300	0	0	0	0	0	0	0	0	0	0	0	0	0	0	0	0	0	0	0	0	0	0	0	0	0	0	0	0	0	0	0	0
01:50:00	6600	0	0	0	0	0	0	0	0	0	0	0	0	0	0	0	0	0	0	0	0	0	0	0	0	0	0	0	0	0	0	0	0
01:55:00	6900	0	0	0	0	0	0	0	0	0	0	0	0	0	0	0	0	0	0	0	0	0	0	0	0	0	0	0	0	0	0	0	0
02:00:00	7200	0	0	0	0	0	0	0	0	0	0	0	0	0	0	0	0	0	0	0	0	0	0	0	0	0	0	0	0	0	0	0	0
02:05:00	7500	0	0	0	0	0	0	0	0	0	0	0	0	0	0	0	0	0	0	0	0	0	0	0	0	0	0	0	0	0	0	0	0
02:10:00	7800	0	0	0	0	0	0	0	0	0	0	0	0	0	0	0	0	0	0	0	0	0	0	0	0	0	0	0	0	0	0	0	0
02:15:00	8100	0	0	0	0	0	0	0	0	0	0	0	0	0	0	0	0	0	0	0	0	0	0	0	0	0	0	0	0	0	0	0	0
02:20:00	8400	0	0	0	0	0	0	0	0	0	0	0	0	0	0	0	0	0	0	0	0	0	0	0	0	0	0	0	0	0	0	0	0
02:25:00	8700	0	0	0	0	0	0	0	0	0	0	0	0	0	0	0	0	0	0	0	0	0	0	0	0	0	0	0	0	0	0	0	0
02:30:00	9000	0	0	0	0	0	0	0	0	0	0	0	0	0	0	0	0	0	0	0	0	0	0	0	0	0	0	0	0	0	0	0	0
02:35:00	9300	0	0	0	0	0	0	0	0	0	0	0	0	0	0	0	0	0	0	0	0	0	0	0	0	0	0	0	0	0	0	0	0
02:40:00	9600	0	0	0	0	0	0	0	0	0	0	0	0	0	0	0	0	0	0	0	0	0	0	0	0	0	0	0	0	0	0	0	0
02:45:00	9900	0	0	0	0	0	0	0	0	0	0	0	0	0	0	0	0	0	0	0	0	0	0	0	0	0	0	0	0	0	0	0	0
02:50:00	10200	0	0	0	0	0	0	0	0	0	0	0	0	0	0	0	0	0	0	0	0	0	0	0	0	0	0	0	0	0	0	0	0
02:55:00	10500	0	0	0	0	0	0	0	0	0	0	0	0	0	0	0	0	0	0	0	0	0	0	0	0	0	0	0	0	0	0	0	0
03:00:00	10800	0	0	0	0	0	0	0	0	0	0	0	0	0	0	0	0	0	0	0	0	0	0	0	0	0	0	0	0	0	0	0	0
03:05:00	11100	0	0	0	0	0	0	0	0	0	0	0	0	0	0	0	0	0	0	0	0	0	0	0	0	0	0	0	0	0	0	0	0
03:10:00	11400	0	0	0	0	0	0	0	0	0	0	0	0	0	0	0	0	0	0	0	0	0	0	0	0	0	0	0	0	0	0	0	0
03:15:00	11700	0	0	0	0	0	0	0	0	0	0	0	0	0	0	0	0	0	0	0	0	0	0	0	0	0	0	0	0	0	0	0	0
03:20:00	12000	0	0	0	0	0	0	0	0	0	0	0	0	0	0	0	0	0	0	0	0	0	0	0	0	0	0	0	0	0	0	0	0
03:25:00	12300	0	0	0	0	0	0	0	0	0	0	0	0	0	0	0	0	0	0	0	0	0	0	0	0	0	0	0	0	0	0	0	0
03:30:00	12600	0	0	0	0	0	0	0	0	0	0	0	0	0	0	0	0	0	0	0	0	0	0	0	0	0	0	0	0	0	0	0	0
03:35:00	12900	0	0	0	0	0	0	0	0	0	0	0	0	0	0	0	0	0	0	0	0	0	0	0	0	0	0	0	0	0	0	0	0
03:40:00	13200	0	0	0	0	0	0	0	0	0	0	0	0	0	0	0	0	0	0	0	0	0	0	0	0	0	0	0	0	0	0	0	0
03:45:00	13500	0	0	0	0	0	0	0	0	0	0	0	0	0	0	0	0	0	0	0	0	0	0	0	0	0	0	0	0	0	0	0	0
03:50:00	13800	0	0	0	0	0	0	0	0	0	0	0	0	0	0	0	0	0	0	0	0	0	0	0	0	0	0	0	0	0	0	0	0
03:55:00	14100	0	0	0	0	0	0	0	0	0	0	0	0	0	0	0	0	0	0	0	0	0	0	0	0	0	0	0	0	0	0	0	0
04:00:00	14400	0	0	0	0	0	0	0	0	0	0	0	0	0	0	0	0	0	0	0	0	0	0	0	0	0	0	0	0	0	0	0	0
04:05:00	14700	0	0	0	0	0	0	0	0	0	0	0	0	0	0	0	0	0	0	0	0	0	0	0	0	0	0	0	0	0	0	0	0
04:10:00	15000	0	0	0	0	0	0	0	0	0	0	0	0	0	0	0	0	0	0	0	0	0	0	0	0	0	0	0	0	0	0	0	0
04:15:00	15300	0	0	0	0	0	0	0	0	0	0	0	0	0	0	0	0	0	0	0	0	0	0	0	0	0	0	0	0	0	0	0	0
04:20:00	15600	0	0	0	0	0	0	0	0	0	0	0	0	0	0	0	0	0	0	0	0	0	0	0	0	0	0	0	0	0	0	0	0
04:25:00	15900	0	0	0	0	0	0	0	0	0	0	0	0	0	0	0	0	0	0	0	0	0	0	0	0	0	0	0	0	0	0	0	0
04:30:00	16200	0	0	0	0	0	0	0	0	0	0	0	0	0	0	0	0	0	0	0	0	0	0	0	0	0	0	0	0	0	0	0	0
04:35:00	16500	0	0	0	0	0	0	0	0	0	0	0	0	0	0	0	0	0	0	0	0	0	0	0	0	0	0	0	0	0	0	0	0
04:40:00	16800	0	0	0	0	0	0	0	0	0	0	0	0	0	0	0	0	0	0	0	0	0	0	0	0	0	0	0	0	0	0	0	0
04:45:00	17100	0	0	0	0	0	0	0	0	0	0	0	0	0	0	0	0	0	0	0	0	0	0	0	0	0	0	0	0	0	0	0	0
04:50:00	17400	0	0	0	0	0	0	0	0	0	0	0	0	0	0	0	0	0	0	0	0	0	0	0	0	0	0	0	0	0	0	0	0
04:55:00	17700	0	0	0	0	0	0	0	0	0	0	0	0	0	0	0	0	0	0	0	0	0	0	0	0	0	0	0	0	0	0	0	0
05:00:00	18000	0	0	0	0	0	0	0	0	0	0	0	0	0	0	0	0	0	0	0	0	0	0	0	0	0	0	0	0	0	0	0	0
05:05:00	18300	0	0	0	0	0	0	0	0	0	0	0	0	0	0	0	0	0	0	0	0	0	0	0	0	0	0	0	0	0	0	0	0
05:10:00	18600	0	0	0	0	0	0	0	0	0	0	0	0	0	0	0	0	0	0	0	0	0	0	0	0	0	0	0	0	0	0	0	0
05:15:00	18900	0	0	0	0	0	0	0	0	0	0	0	0	0	0	0	0	0	0	0	0	0	0	0	0	0	0	0	0	0	0	0	0
05:20:00	19200	0	0	0	0	0	0	0	0	0	0	0	0	0	0	0	0	0	0	0	0	0	0	0	0	0	0	0	0	0	0	0	0
05:25:00	19500	0	0	0	0	0	0	0	0	0	0	0	0	0	0	0	0	0	0	0	0	0	0	0	0	0	0	0	0	0	0	0	0
05:30:00	19800	0	0	0	0	0	0	0	0	0	0	0	0	0	0	0	0	0	0	0	0	0	0	0	0	0	0	0	0	0	0	0	0
05:35:00	20100	0	0	0	0	0	0	0	0	0	0	0	0	0	0	0	0	0	0	0	0	0	0	0	0	0	0	0	0	0	0	0	0
05:40:00	20400	0	0	0	0	0	0	0	0	0	0	0	0	0	0	0	0	0	0	0	0	0	0	0	0	0	0	0	0	0	0	0	0
05:45:00	20700	0	0	0	0	0	0	0	0	0	0	0	0	0	0	0	0	0	0	0	0	0	0	0	0	0	0	0	0	0	0	0	0
05:50:00	21000	0	0	0	0	0	0	0	0	0	0	0	0	0	0	0	0	0	0	0	0	0	0	0	0	0	0	0	0	0	0	0	0
05:55:00	21300	0	0	0	0	0	0	0	0	0	0	0	0	0	0	0	0	0	0	0	0	0	0	0	0	0	0	0	0	0	0	0	0
06:00:00	21600	4	0	0	4	0	0	0	0	0	0	0	0	2	0	0	2	0	0	0	0	0	0	0	0	0	0	0	0	2	0	0	2
06:05:00	21900	4	0	0	8	0	0	0	0	0	0	0	0	2	0	0	4	0	0	0	0	0	0	0	0	0	0	0	0	2	0	0	4
06:10:00	22200	3	2	0	9	0	0	0	0	0	0	0	0	3	1	0	6	0	0	0	0	0	0	0	0	0	0	0	0	0	1	0	3
06:15:00	22500	1	1	0	9	0	0	0	0	0	0	0	0	1	1	0	6	0	0	0	0	0	0	0	0	0	0	0	0	0	0	0	3
06:20:00	22800	5	3	0	11	0	0	0	0	0	0	0	0	3	1	0	8	0	0	0	0	2	0	0	2	0	0	0	0	0	2	0	1
06:25:00	23100	6	4	0	13	0	0	0	0	0	0	0	0	4	3	0	9	0	0	0	0	0	1	0	1	0	0	0	0	2	0	0	3
06:30:00	23400	43	4	0	52	0	0	0	0	0	0	0	0	34	3	0	40	0	0	0	0	0	1	0	0	0	0	0	0	9	0	0	12
06:35:00	23700	38	20	0	70	0	0	0	0	0	0	0	0	30	16	0	54	0	0	0	0	0	0	0	0	0	0	0	0	8	4	0	16
06:40:00	24000	37	18	0	89	0	0	0	0	0	0	0	0	29	14	0	69	0	0	0	0	4	0	0	4	0	0	0	0	4	4	0	16
06:45:00	24300	35	34	0	90	0	0	0	0	0	0	0	0	28	28	0	69	0	0	0	0	3	0	0	7	0	0	0	0	4	6	0	14
06:50:00	24600	41	29	0	102	0	0	0	0	0	0	0	0	25	23	0	71	0	0	0	0	1	0	0	8	0	0	0	0	15	6	0	23
06:55:00	24900	79	36	0	145	1	0	0	1	0	0	0	0	64	29	0	106	0	0	0	0	1	0	0	9	0	0	0	0	13	7	0	29
07:00:00	25200	67	54	0	158	1	0	0	2	0	0	0	0	47	42	0	111	0	0	0	0	3	0	0	12	0	0	0	0	16	12	0	33
07:05:00	25500	66	45	0	179	1	2	0	1	1	0	0	1	40	33	0	118	0	0	0	0	3	0	0	15	0	0	0	0	21	10	0	44
07:10:00	25800	73	62	0	190	1	1	0	1	1	0	0	2	46	39	0	125	0	0	0	0	6	4	0	17	0	0	0	0	19	18	0	45
07:15:00	26100	89	52	0	227	0	0	0	1	0	0	0	2	64	41	0	148	0	0	0	0	3	2	0	18	0	0	0	0	22	9	0	58
07:20:00	26400	89	75	0	241	1	1	0	1	0	0	0	2	62	53	0	157	0	0	0	0	11	2	0	27	0	0	0	0	15	19	0	54
07:25:00	26700	118	81	0	278	1	0	0	2	1	2	0	1	86	57	0	186	0	0	0	0	7	2	0	32	0	0	0	0	23	20	0	57
07:30:00	27000	80	93	0	265	0	0	0	2	0	0	0	1	60	72	0	174	0	0	0	0	6	2	0	36	0	0	0	0	14	19	0	52
07:35:00	27300	102	98	0	269	2	3	0	1	0	0	0	1	55	69	0	160	0	0	0	0	4	9	0	31	0	0	0	0	41	17	0	76
07:40:00	27600	96	79	0	286	1	1	0	1	0	1	0	0	69	50	0	179	0	0	0	0	5	1	0	35	0	0	0	0	21	26	0	71
07:45:00	27900	100	87	0	299	0	1	0	0	0	0	0	0	78	60	0	197	0	0	0	0	7	1	0	41	0	0	0	0	15	25	0	61
07:50:00	28200	112	85	0	326	0	0	0	0	0	0	0	0	81	62	0	216	0	0	0	0	4	7	0	38	0	0	0	0	27	16	0	72
07:55:00	28500	126	111	1	340	1	0	0	1	0	0	0	0	86	85	0	217	12	1	0	11	8	3	0	43	0	0	1	-1	19	22	0	69
08:00:00	28800	136	123	0	353	0	1	0	0	0	0	0	0	78	85	0	210	24	7	0	28	8	5	0	46	0	0	0	-1	26	25	0	70
08:05:00	29100	116	108	2	359	0	0	0	0	0	0	0	0	62	67	0	205	17	10	0	35	9	4	0	51	0	0	2	-3	28	27	0	71
08:10:00	29400	138	126	0	371	0	0	0	0	0	0	0	0	73	81	0	197	26	16	0	45	6	8	0	49	0	0	0	-3	33	21	0	83
08:15:00	29700	102	115	0	358	1	0	0	1	0	0	0	0	59	70	0	186	14	15	0	44	7	2	0	54	0	0	0	-3	21	28	0	76
08:20:00	30000	113	101	0	370	0	1	0	0	0	0	0	0	76	57	0	205	16	18	0	42	7	2	0	59	0	0	0	-3	14	23	0	67
08:25:00	30300	116	106	0	380	1	0	0	1	0	0	0	0	68	74	0	199	20	12	0	50	6	2	0	63	0	0	0	-3	21	18	0	70
08:30:00	30600	101	110	0	371	0	0	0	1	0	0	0	0	49	61	0	187	21	16	0	55	11	7	0	67	0	0	0	-3	20	26	0	64
08:35:00	30900	80	96	0	355	1	1	0	1	0	0	0	0	56	61	0	182	8	19	0	44	4	4	0	67	0	0	0	-3	11	11	0	64
08:40:00	31200	88	91	0	352	0	1	0	0	0	0	0	0	48	54	0	176	24	18	0	50	4	6	0	65	0	0	0	-3	12	12	0	64
08:45:00	31500	106	76	1	381	0	0	0	0	0	0	0	0	48	50	0	174	39	14	0	75	5	2	0	68	0	0	1	-4	14	10	0	68
08:50:00	31800	86	96	0	371	0	0	0	0	0	0	0	0	57	61	0	170	13	22	0	66	5	0	0	73	0	0	0	-4	11	13	0	66
08:55:00	32100	88	93	0	366	0	0	0	0	1	0	0	1	43	56	0	157	18	19	0	65	9	4	0	78	0	0	0	-4	17	14	0	69
09:00:00	32400	98	95	0	369	0	0	0	0	0	0	0	1	73	58	0	172	4	16	0	53	8	2	0	84	0	0	0	-4	13	19	0	63
09:05:00	32700	80	92	0	357	2	0	0	2	0	0	0	1	44	46	0	170	6	12	0	47	3	8	0	79	0	0	0	-4	25	26	0	62
09:10:00	33000	65	85	0	337	3	1	0	4	0	0	0	1	42	50	0	162	3	11	0	39	2	2	0	79	0	0	0	-4	15	21	0	56
09:15:00	33300	58	71	0	324	0	1	0	3	0	0	0	1	42	47	0	157	2	11	0	30	5	0	0	84	0	0	0	-4	9	12	0	53
09:20:00	33600	50	84	0	290	0	1	0	2	1	0	0	2	30	53	0	134	2	12	0	20	4	3	0	85	0	0	0	-4	13	15	0	51
09:25:00	33900	60	68	0	282	0	2	0	0	0	1	0	1	32	40	0	126	4	2	0	22	1	10	0	76	0	0	0	-4	23	13	0	61
09:30:00	34200	49	68	0	263	0	0	0	0	0	0	0	1	32	39	0	119	1	6	0	17	1	8	0	69	0	0	0	-4	15	15	0	61
09:35:00	34500	48	61	0	250	0	0	0	0	0	0	0	1	23	37	0	105	8	6	0	19	4	3	0	70	0	0	0	-4	13	15	0	59
09:40:00	34800	44	65	0	229	0	0	0	0	0	0	0	1	29	37	0	97	2	5	0	16	2	1	0	71	0	0	0	-4	11	22	0	48
09:45:00	35100	45	74	0	200	0	0	0	0	0	1	0	0	32	49	0	80	0	6	0	10	5	2	0	74	0	0	0	-4	8	16	0	40
09:50:00	35400	40	44	0	196	0	0	0	0	0	0	0	0	25	23	0	82	0	4	0	6	6	0	0	80	0	0	0	-4	9	17	0	32
09:55:00	35700	47	42	0	201	0	0	0	0	0	0	0	0	34	28	0	88	0	2	0	4	0	1	0	79	0	0	0	-4	13	11	0	34
10:00:00	36000	74	62	0	213	0	0	0	0	0	0	0	0	42	33	0	97	0	2	0	2	3	9	0	73	0	0	0	-4	29	18	0	45
10:05:00	36300	61	57	0	217	0	0	0	0	0	0	0	0	40	39	0	98	0	1	0	1	0	3	0	70	0	0	0	-4	21	14	0	52
10:10:00	36600	82	74	0	225	1	0	0	1	0	0	0	0	48	39	0	107	0	1	0	0	2	8	0	64	0	0	0	-4	31	26	0	57
10:15:00	36900	63	76	0	212	0	0	0	1	0	0	0	0	39	41	0	105	0	0	0	0	1	1	0	64	0	0	0	-4	23	34	0	46
10:20:00	37200	71	70	0	213	0	1	0	0	0	0	0	0	36	39	0	102	0	0	0	0	6	1	0	69	0	0	0	-4	29	29	0	46
10:25:00	37500	76	79	0	210	0	0	0	0	0	0	0	0	53	50	0	105	0	0	0	0	1	2	0	68	0	0	0	-4	22	27	0	41
10:30:00	37800	63	72	0	201	0	0	0	0	0	0	0	0	38	42	0	101	0	0	0	0	1	1	0	68	0	0	0	-4	24	29	0	36
10:35:00	38100	45	72	0	174	0	0	0	0	0	0	0	0	24	48	0	77	2	1	0	1	3	0	0	71	0	0	0	-4	16	23	0	29
10:40:00	38400	54	56	0	172	0	0	0	0	0	0	0	0	24	28	0	73	1	1	0	1	2	0	0	73	0	0	0	-4	27	27	0	29
10:45:00	38700	65	66	0	171	0	0	0	0	0	0	0	0	31	35	0	69	3	0	0	4	1	6	0	68	0	0	0	-4	30	25	0	34
10:50:00	39000	46	57	0	160	0	0	0	0	0	0	0	0	24	27	0	66	0	3	0	1	2	3	0	67	0	0	0	-4	20	24	0	30
10:55:00	39300	37	49	0	148	0	0	0	0	0	0	0	0	16	23	0	59	2	0	0	3	2	1	0	68	0	0	0	-4	17	25	0	22
11:00:00	39600	49	43	0	154	0	0	0	0	0	0	0	0	25	24	0	60	4	1	0	6	0	0	0	68	0	0	0	-4	20	18	0	24
11:05:00	39900	93	71	0	176	1	1	0	0	0	0	0	0	40	21	0	79	1	1	0	6	13	13	0	68	0	0	0	-4	38	35	0	27
11:10:00	40200	79	50	0	205	0	0	0	0	0	0	0	0	46	24	0	101	2	1	0	7	2	1	0	69	0	0	0	-4	29	24	0	32
11:15:00	40500	62	63	0	204	1	0	0	1	0	0	0	0	35	38	0	98	10	3	0	14	3	1	0	71	0	0	0	-4	13	21	0	24
11:20:00	40800	61	59	0	206	0	0	0	1	0	0	0	0	35	37	0	96	2	1	0	15	2	3	0	70	0	0	0	-4	22	18	0	28
11:25:00	41100	71	66	0	211	0	1	0	0	0	0	0	0	46	38	0	104	3	4	0	14	1	1	0	70	0	0	0	-4	21	22	0	27
11:30:00	41400	84	68	0	227	0	0	0	0	0	0	0	0	48	35	0	117	1	4	0	11	4	3	0	71	0	0	0	-4	31	26	0	32
11:35:00	41700	100	92	0	235	0	0	0	0	0	0	0	0	49	47	0	119	3	4	0	10	9	12	0	68	0	0	0	-4	39	29	0	42
11:40:00	42000	86	82	0	239	0	0	0	0	0	0	0	0	46	37	0	128	0	3	0	7	3	15	0	56	0	0	0	-4	37	27	0	52
11:45:00	42300	84	90	0	233	0	0	0	0	0	0	0	0	49	48	0	129	3	5	0	5	6	6	0	56	0	0	0	-4	26	31	0	47
11:50:00	42600	84	75	0	242	0	0	0	0	0	0	0	0	47	43	0	133	5	2	0	8	1	1	0	56	0	0	0	-4	31	29	0	49
11:55:00	42900	105	88	0	259	0	0	0	0	0	0	0	0	60	48	0	145	1	1	0	8	2	8	0	50	0	0	0	-4	42	31	0	60
12:00:00	43200	87	93	0	253	1	0	0	1	0	0	0	0	61	56	0	150	2	1	0	9	7	0	0	57	0	0	0	-4	16	36	0	40
12:05:00	43500	64	79	0	238	1	1	0	1	0	0	0	0	38	47	0	141	8	6	0	11	4	0	0	61	0	0	0	-4	13	25	0	28
12:10:00	43800	70	65	0	243	2	2	0	1	0	0	0	0	44	41	0	144	2	0	0	13	4	1	0	64	0	0	0	-4	18	21	0	25
12:15:00	44100	59	71	0	231	2	0	0	3	0	0	0	0	33	53	0	124	1	3	0	11	4	4	0	64	0	0	0	-4	19	11	0	33
12:20:00	44400	48	61	1	217	0	2	0	1	0	0	0	0	37	45	0	116	0	3	0	8	3	1	0	66	0	0	1	-5	8	10	0	31
12:25:00	44700	66	68	1	214	0	1	0	0	0	0	0	0	41	33	0	124	0	3	0	5	6	7	0	65	0	0	1	-6	19	24	0	26
12:30:00	45000	39	42	0	211	1	0	0	1	0	0	0	0	31	32	0	123	0	1	0	4	1	2	0	64	0	0	0	-6	6	7	0	25
12:35:00	45300	29	53	0	187	0	1	0	0	0	0	0	0	13	38	0	98	0	2	0	2	5	3	0	66	0	0	0	-6	11	9	0	27
12:40:00	45600	33	38	0	182	1	0	0	1	0	0	0	0	26	29	0	95	0	1	0	1	2	1	0	67	0	0	0	-6	4	7	0	24
12:45:00	45900	46	38	0	190	0	0	0	1	0	0	0	0	33	30	0	98	0	0	0	1	3	2	0	68	0	0	0	-6	10	6	0	28
12:50:00	46200	28	43	0	175	0	1	0	0	0	0	0	0	21	35	0	84	0	1	0	0	3	0	0	71	0	0	0	-6	4	6	0	26
12:55:00	46500	36	37	1	173	0	0	0	0	0	0	0	0	23	28	0	79	0	0	0	0	2	4	0	69	0	0	1	-7	11	5	0	32
13:00:00	46800	3	29	0	147	0	0	0	0	0	0	0	0	0	21	0	58	0	0	0	0	3	0	0	72	0	0	0	-7	0	8	0	24
13:05:00	47100	3	27	0	123	0	0	0	0	0	0	0	0	2	21	0	39	0	0	0	0	0	0	0	72	0	0	0	-7	1	6	0	19
13:10:00	47400	5	18	0	110	0	0	0	0	0	0	0	0	0	12	0	27	0	0	0	0	4	0	0	76	0	0	0	-7	1	6	0	14
13:15:00	47700	25	15	0	120	0	0	0	0	0	0	0	0	19	8	0	38	0	0	0	0	1	2	0	75	0	0	0	-7	5	5	0	14
13:20:00	48000	17	21	0	116	1	0	0	1	0	0	0	0	8	13	0	33	0	0	0	0	0	2	0	73	0	0	0	-7	8	6	0	16
13:25:00	48300	21	14	0	123	0	0	0	1	0	0	0	0	12	6	0	39	0	0	0	0	2	4	0	71	0	0	0	-7	7	4	0	19
13:30:00	48600	56	21	0	158	0	1	0	0	0	0	0	0	41	16	0	64	1	0	0	1	0	1	0	70	0	0	0	-7	14	3	0	30
13:35:00	48900	68	55	0	171	2	1	0	1	0	0	0	0	36	28	0	72	5	0	0	6	1	8	0	63	0	0	0	-7	24	18	0	36
13:40:00	49200	49	44	0	176	0	0	0	1	1	0	0	1	28	26	0	74	5	2	0	9	1	4	0	60	0	0	0	-7	14	12	0	38
13:45:00	49500	61	50	1	186	3	1	0	3	0	1	0	0	34	24	0	84	2	3	0	8	2	3	0	59	0	0	1	-8	20	18	0	40
13:50:00	49800	101	55	0	232	0	1	0	2	0	0	0	0	67	29	0	122	15	6	0	17	4	2	0	61	0	0	0	-8	15	17	0	38
13:55:00	50100	114	76	0	270	2	1	0	3	0	0	0	0	80	50	0	152	12	6	0	23	1	2	0	60	0	0	0	-8	19	17	0	40
14:00:00	50400	92	88	1	273	0	1	0	2	0	0	0	0	62	58	0	156	3	9	0	17	3	0	0	63	0	0	1	-9	24	20	0	44
14:05:00	50700	90	80	0	283	3	2	0	3	0	0	0	0	52	50	0	158	9	6	0	20	2	0	0	65	0	0	0	-9	24	22	0	46
14:10:00	51000	86	94	0	275	0	3	0	0	0	0	0	0	55	57	0	156	14	12	0	22	4	0	0	69	0	0	0	-9	13	22	0	37
14:15:00	51300	69	75	0	269	1	1	0	0	0	0	0	0	37	52	0	141	8	7	0	23	7	1	0	75	0	0	0	-9	16	14	0	39
14:20:00	51600	79	70	0	278	0	0	0	0	0	0	0	0	44	44	0	141	14	8	0	29	4	1	0	78	0	0	0	-9	17	17	0	39
14:25:00	51900	77	83	0	272	0	0	0	0	0	0	0	0	49	57	0	133	16	11	0	34	3	1	0	80	0	0	0	-9	9	14	0	34
14:30:00	52200	55	67	0	260	0	0	0	0	0	0	0	0	22	34	0	121	11	13	0	32	5	3	0	82	0	0	0	-9	17	17	0	34
14:35:00	52500	77	69	0	268	1	0	0	1	0	0	0	0	42	34	0	129	5	13	0	24	3	3	0	82	0	0	0	-9	26	19	0	41
14:40:00	52800	64	87	0	245	0	0	0	1	0	0	0	0	37	55	0	111	8	7	0	25	3	4	0	81	0	0	0	-9	16	21	0	36
14:45:00	53100	57	68	0	234	0	0	0	1	0	0	0	0	23	29	0	105	9	13	0	21	7	11	0	77	0	0	0	-9	18	15	0	39
14:50:00	53400	53	70	0	217	0	1	0	0	0	0	0	0	27	37	0	95	3	6	0	18	1	3	0	75	0	0	0	-9	22	23	0	38
14:55:00	53700	46	57	0	206	0	0	0	0	0	0	0	0	17	27	0	85	8	6	0	20	5	4	0	76	0	0	0	-9	16	20	0	34
15:00:00	54000	46	60	0	192	0	0	0	0	0	0	0	0	27	30	0	82	3	9	0	14	1	5	0	72	0	0	0	-9	15	16	0	33
15:05:00	54300	51	50	0	193	0	0	0	0	0	0	0	0	28	32	0	78	1	4	0	11	2	1	0	73	0	0	0	-9	20	13	0	40
15:10:00	54600	49	56	0	186	0	0	0	0	0	0	0	0	30	35	0	73	0	5	0	6	2	0	0	75	0	0	0	-9	17	16	0	41
15:15:00	54900	59	48	0	197	0	0	0	0	0	0	0	0	36	25	0	84	1	2	0	5	5	1	0	79	0	0	0	-9	17	20	0	38
15:20:00	55200	54	52	0	199	0	0	0	0	0	0	0	0	33	26	0	91	1	1	0	5	3	1	0	81	0	0	0	-9	17	24	0	31
15:25:00	55500	54	58	0	195	0	0	0	0	0	0	0	0	37	41	0	87	0	0	0	5	3	1	0	83	0	0	0	-9	14	16	0	29
15:30:00	55800	78	51	0	222	0	0	0	0	0	0	0	0	49	29	0	107	0	1	0	4	2	2	0	83	0	0	0	-9	27	19	0	37
15:35:00	56100	102	72	0	252	0	0	0	0	0	0	0	0	63	42	0	128	0	0	0	4	4	6	0	81	0	0	0	-9	35	24	0	48
15:40:00	56400	110	97	0	265	0	0	0	0	0	0	0	0	66	51	0	143	0	1	0	3	4	5	0	80	0	0	0	-9	40	40	0	48
15:45:00	56700	79	91	0	253	0	0	0	0	0	0	0	0	52	59	0	136	0	0	0	3	5	4	0	81	0	0	0	-9	22	28	0	42
15:50:00	57000	84	82	0	255	2	1	0	1	0	0	0	0	53	49	0	140	0	1	0	2	0	0	0	81	0	0	0	-9	29	31	0	40
15:55:00	57300	68	86	0	237	1	1	0	1	0	0	0	0	41	55	0	126	0	0	0	2	1	7	0	75	0	0	0	-9	25	23	0	42
16:00:00	57600	94	85	0	246	1	1	0	1	0	0	0	0	39	47	0	118	21	0	0	23	5	5	0	75	0	0	0	-9	28	32	0	38
16:05:00	57900	84	77	0	253	0	1	0	0	0	0	0	0	44	48	0	114	19	8	0	34	1	4	0	72	0	0	0	-9	20	16	0	42
16:10:00	58200	70	86	0	237	1	1	0	0	0	0	0	0	25	41	0	98	18	14	0	38	1	0	0	73	0	0	0	-9	25	30	0	37
16:15:00	58500	86	89	0	234	1	1	0	0	0	0	0	0	30	38	0	90	16	14	0	40	5	10	0	68	0	0	0	-9	34	26	0	45
16:20:00	58800	96	73	0	257	0	0	0	0	0	0	0	0	51	28	0	113	17	12	0	45	1	2	0	67	0	0	0	-9	27	31	0	41
16:25:00	59100	104	81	0	280	0	0	0	0	0	0	0	0	45	38	0	120	27	19	0	53	3	5	0	65	0	0	0	-9	29	19	0	51
16:30:00	59400	118	92	0	306	0	0	0	0	0	0	0	0	60	50	0	130	31	14	0	70	5	2	0	68	0	0	0	-9	22	26	0	47
16:35:00	59700	134	90	0	350	0	0	0	0	0	0	0	0	71	39	0	162	27	20	0	77	3	3	0	68	0	0	0	-9	33	28	0	52
16:40:00	60000	141	127	0	364	1	0	0	1	0	0	0	0	84	62	0	184	20	29	0	68	5	4	0	69	0	0	0	-9	31	32	0	51
16:45:00	60300	100	97	0	367	0	0	0	1	0	0	0	0	47	53	0	178	28	19	0	77	3	4	0	68	0	0	0	-9	22	21	0	52
16:50:00	60600	157	142	0	382	0	1	0	0	0	0	0	0	73	73	0	178	47	31	0	93	1	5	0	64	0	0	0	-9	36	32	0	56
16:55:00	60900	134	126	1	389	0	0	0	0	0	0	0	0	70	68	0	180	31	27	0	97	4	2	0	66	0	0	1	-10	29	29	0	56
17:00:00	61200	180	128	0	441	0	0	0	0	0	0	0	0	114	60	0	234	20	30	0	87	5	9	0	62	0	0	0	-10	41	29	0	68
17:05:00	61500	191	137	0	495	1	0	0	1	0	0	0	0	132	75	0	291	11	19	0	79	8	12	0	58	0	0	0	-10	39	31	0	76
17:10:00	61800	166	163	0	498	1	2	0	0	1	0	0	1	95	93	0	293	16	23	0	72	6	3	0	61	0	0	0	-10	47	42	0	81
17:15:00	62100	186	170	0	514	1	1	0	0	1	0	0	2	109	103	0	299	25	20	0	77	4	5	0	60	0	0	0	-10	46	41	0	86
17:20:00	62400	187	164	0	537	1	0	0	1	0	0	0	2	118	94	0	323	14	22	0	69	9	2	0	67	0	0	0	-10	45	46	0	85
17:25:00	62700	125	169	0	493	0	1	0	0	0	1	0	1	80	98	0	305	3	25	0	47	7	5	0	69	0	0	0	-10	35	39	0	81
17:30:00	63000	112	146	0	459	1	0	0	1	0	1	0	0	83	96	0	292	1	12	0	36	5	8	0	66	0	0	0	-10	22	29	0	74
17:35:00	63300	107	113	0	453	0	1	0	0	0	0	0	0	75	76	0	291	0	4	0	32	12	3	0	75	0	0	0	-10	20	29	0	65
17:40:00	63600	82	113	1	421	0	0	0	0	0	0	0	0	38	71	0	258	3	10	0	25	13	9	0	79	0	0	1	-11	28	23	0	70
17:45:00	63900	116	103	0	434	0	0	0	0	0	0	0	0	86	72	0	272	1	1	0	25	6	6	0	79	0	0	0	-11	23	24	0	69
17:50:00	64200	91	99	0	426	0	0	0	0	0	0	0	0	69	76	0	265	0	3	0	22	7	0	0	86	0	0	0	-11	15	20	0	64
17:55:00	64500	105	112	0	419	1	0	0	1	0	0	0	0	74	80	0	259	1	6	0	17	8	4	0	90	0	0	0	-11	21	22	0	63
18:00:00	64800	70	105	0	384	0	1	0	0	0	0	0	0	53	80	0	232	1	2	0	16	2	3	0	89	0	0	0	-11	14	19	0	58
18:05:00	65100	69	93	0	360	0	0	0	0	0	0	0	0	42	61	0	213	0	2	0	14	5	13	0	81	0	0	0	-11	22	17	0	63
18:10:00	65400	47	76	0	331	0	0	0	0	0	0	0	0	31	59	0	185	0	0	0	14	3	4	0	80	0	0	0	-11	13	13	0	63
18:15:00	65700	51	85	0	297	1	1	0	0	0	0	0	0	28	55	0	158	1	2	0	13	2	9	0	73	0	0	0	-11	19	18	0	64
18:20:00	66000	63	69	0	291	0	0	0	0	0	0	0	0	43	39	0	162	0	1	0	12	1	12	0	62	0	0	0	-11	19	17	0	66
18:25:00	66300	47	63	0	275	1	0	0	1	0	0	0	0	28	38	0	152	0	1	0	11	1	9	0	54	0	0	0	-11	17	15	0	68
18:30:00	66600	46	72	0	249	1	1	0	1	0	0	0	0	23	39	0	136	0	0	0	11	2	12	0	44	0	0	0	-11	20	20	0	68
18:35:00	66900	62	76	0	235	0	1	0	0	0	0	0	0	39	48	0	127	1	3	0	9	1	7	0	38	0	0	0	-11	21	17	0	72
18:40:00	67200	34	56	0	213	0	0	0	0	0	0	0	0	23	31	0	119	0	2	0	7	3	2	0	39	0	0	0	-11	8	21	0	59
18:45:00	67500	38	56	0	195	0	0	0	0	0	0	0	0	29	31	0	117	0	3	0	4	4	3	0	40	0	0	0	-11	5	19	0	45
18:50:00	67800	19	45	0	169	0	0	0	0	0	0	0	0	9	25	0	101	0	0	0	4	1	8	0	33	0	0	0	-11	9	12	0	42
18:55:00	68100	25	39	0	155	0	0	0	0	1	0	0	1	15	24	0	92	0	0	0	4	0	5	0	28	0	0	0	-11	9	10	0	41
19:00:00	68400	67	40	0	182	0	0	0	0	0	0	0	1	52	24	0	120	0	0	0	4	0	10	0	18	0	0	0	-11	15	6	0	50
19:05:00	68700	83	39	0	226	0	0	0	0	0	1	0	0	65	26	0	159	0	0	0	4	3	0	0	21	0	0	0	-11	15	12	0	53
19:10:00	69000	68	62	0	232	1	0	0	1	0	0	0	0	54	46	0	167	0	0	0	4	1	1	0	21	0	0	0	-11	12	15	0	50
19:15:00	69300	57	73	0	216	2	1	0	2	1	1	0	0	41	51	0	157	0	1	0	3	2	4	0	19	0	0	0	-11	11	15	0	46
19:20:00	69600	60	64	0	212	0	1	0	1	0	0	0	0	47	51	0	153	0	0	0	3	2	0	0	21	0	0	0	-11	11	12	0	45
19:25:00	69900	89	65	0	236	0	1	0	0	0	0	0	0	74	48	0	179	0	0	0	3	1	1	0	21	0	0	0	-11	14	15	0	44
19:30:00	70200	68	61	0	243	1	0	0	1	0	0	0	0	54	48	0	185	0	0	0	3	1	5	0	17	0	0	0	-11	12	8	0	48
19:35:00	70500	53	83	0	213	0	1	0	0	0	0	0	0	39	68	0	156	0	0	0	3	1	4	0	14	0	0	0	-11	13	10	0	51
19:40:00	70800	39	60	0	192	0	0	0	0	0	0	0	0	32	44	0	144	0	0	0	3	1	0	0	15	0	0	0	-11	6	16	0	41
19:45:00	71100	68	58	0	202	1	0	0	1	0	0	0	0	50	43	0	151	0	1	0	2	3	4	0	14	0	0	0	-11	14	10	0	45
19:50:00	71400	47	55	0	194	0	0	0	1	0	0	0	0	41	43	0	149	0	0	0	2	2	1	0	15	0	0	0	-11	4	11	0	38
19:55:00	71700	53	66	0	181	1	0	0	2	1	0	0	1	40	55	0	134	0	0	0	2	2	1	0	16	0	0	0	-11	9	10	0	37
20:00:00	72000	9	44	0	146	0	1	0	1	0	1	0	0	3	34	0	103	0	0	0	2	1	2	0	15	0	0	0	-11	5	6	0	36
20:05:00	72300	5	40	0	111	0	0	0	1	0	0	0	0	4	28	0	79	0	0	0	2	1	0	0	16	0	0	0	-11	0	12	0	24
20:10:00	72600	7	21	0	97	0	1	0	0	0	0	0	0	3	14	0	68	0	0	0	2	1	1	0	16	0	0	0	-11	3	5	0	22
20:15:00	72900	7	22	0	82	0	0	0	0	0	0	0	0	3	16	0	55	0	0	0	2	1	2	0	15	0	0	0	-11	3	4	0	21
20:20:00	73200	8	17	0	73	0	0	0	0	0	0	0	0	5	13	0	47	0	1	0	1	1	0	0	16	0	0	0	-11	2	3	0	20
20:25:00	73500	14	15	0	72	0	0	0	0	0	0	0	0	6	4	0	49	0	0	0	1	0	7	0	9	0	0	0	-11	8	4	0	24
20:30:00	73800	8	21	0	59	0	0	0	0	0	0	0	0	2	12	0	39	0	1	0	0	0	4	0	5	0	0	0	-11	6	4	0	26
20:35:00	74100	6	12	0	53	0	0	0	0	0	0	0	0	4	6	0	37	0	0	0	0	0	2	0	3	0	0	0	-11	2	4	0	24
20:40:00	74400	3	11	0	45	0	0	0	0	0	0	0	0	3	6	0	34	0	0	0	0	0	0	0	3	0	0	0	-11	0	5	0	19
20:45:00	74700	5	7	0	43	0	0	0	0	0	0	0	0	2	1	0	35	0	0	0	0	0	0	0	3	0	0	0	-11	3	6	0	16
20:50:00	75000	10	14	0	39	0	0	0	0	0	0	0	0	6	7	0	34	0	0	0	0	0	0	0	3	0	0	0	-11	4	7	0	13
20:55:00	75300	5	11	0	33	0	0	0	0	0	0	0	0	4	6	0	32	0	0	0	0	0	0	0	3	0	0	0	-11	1	5	0	9
21:00:00	75600	10	11	0	32	0	0	0	0	0	0	0	0	8	9	0	31	0	0	0	0	0	0	0	3	0	0	0	-11	2	2	0	9
21:05:00	75900	6	7	0	31	0	0	0	0	0	0	0	0	6	5	0	32	0	0	0	0	0	0	0	3	0	0	0	-11	0	2	0	7
21:10:00	76200	3	5	0	29	0	0	0	0	0	0	0	0	3	4	0	31	0	0	0	0	0	0	0	3	0	0	0	-11	0	1	0	6
21:15:00	76500	1	5	0	25	0	0	0	0	0	0	0	0	1	4	0	28	0	0	0	0	0	0	0	3	0	0	0	-11	0	1	0	5
21:20:00	76800	2	4	0	23	0	0	0	0	0	0	0	0	2	4	0	26	0	0	0	0	0	0	0	3	0	0	0	-11	0	0	0	5
21:25:00	77100	1	3	0	21	0	0	0	0	0	0	0	0	1	3	0	24	0	0	0	0	0	0	0	3	0	0	0	-11	0	0	0	5
21:30:00	77400	0	4	0	17	0	0	0	0	0	0	0	0	0	4	0	20	0	0	0	0	0	0	0	3	0	0	0	-11	0	0	0	5
21:35:00	77700	0	3	0	14	0	0	0	0	0	0	0	0	0	3	0	17	0	0	0	0	0	0	0	3	0	0	0	-11	0	0	0	5
21:40:00	78000	2	4	0	12	0	0	0	0	0	0	0	0	2	4	0	15	0	0	0	0	0	0	0	3	0	0	0	-11	0	0	0	5
21:45:00	78300	2	4	0	10	0	0	0	0	0	0	0	0	2	2	0	15	0	0	0	0	0	0	0	3	0	0	0	-11	0	2	0	3
21:50:00	78600	3	5	0	8	0	0	0	0	0	0	0	0	3	5	0	13	0	0	0	0	0	0	0	3	0	0	0	-11	0	0	0	3
21:55:00	78900	1	1	0	8	0	0	0	0	0	0	0	0	1	1	0	13	0	0	0	0	0	0	0	3	0	0	0	-11	0	0	0	3
22:00:00	79200	1	3	0	6	0	0	0	0	0	0	0	0	1	3	0	11	0	0	0	0	0	0	0	3	0	0	0	-11	0	0	0	3
22:05:00	79500	0	1	0	5	0	0	0	0	0	0	0	0	0	0	0	11	0	0	0	0	0	0	0	3	0	0	0	-11	0	1	0	2
22:10:00	79800	1	2	0	4	0	0	0	0	0	0	0	0	1	2	0	10	0	0	0	0	0	0	0	3	0	0	0	-11	0	0	0	2
22:15:00	80100	1	2	0	3	0	0	0	0	0	0	0	0	0	1	0	9	0	0	0	0	0	0	0	3	0	0	0	-11	1	1	0	2
22:20:00	80400	2	4	0	1	0	0	0	0	0	0	0	0	2	2	0	9	0	0	0	0	0	0	0	3	0	0	0	-11	0	2	0	0
22:25:00	80700	0	3	0	-2	0	0	0	0	0	0	0	0	0	3	0	6	0	0	0	0	0	0	0	3	0	0	0	-11	0	0	0	0
22:30:00	81000	0	0	0	-2	0	0	0	0	0	0	0	0	0	0	0	6	0	0	0	0	0	0	0	3	0	0	0	-11	0	0	0	0
22:35:00	81300	0	0	0	-2	0	0	0	0	0	0	0	0	0	0	0	6	0	0	0	0	0	0	0	3	0	0	0	-11	0	0	0	0
22:40:00	81600	1	2	0	-3	0	0	0	0	0	0	0	0	1	2	0	5	0	0	0	0	0	0	0	3	0	0	0	-11	0	0	0	0
22:45:00	81900	1	1	0	-3	0	0	0	0	0	0	0	0	1	1	0	5	0	0	0	0	0	0	0	3	0	0	0	-11	0	0	0	0
22:50:00	82200	0	1	0	-4	0	0	0	0	0	0	0	0	0	1	0	4	0	0	0	0	0	0	0	3	0	0	0	-11	0	0	0	0
22:55:00	82500	0	0	0	-4	0	0	0	0	0	0	0	0	0	0	0	4	0	0	0	0	0	0	0	3	0	0	0	-11	0	0	0	0
23:00:00	82800	0	0	0	-4	0	0	0	0	0	0	0	0	0	0	0	4	0	0	0	0	0	0	0	3	0	0	0	-11	0	0	0	0
23:05:00	83100	0	0	0	-4	0	0	0	0	0	0	0	0	0	0	0	4	0	0	0	0	0	0	0	3	0	0	0	-11	0	0	0	0
23:10:00	83400	0	0	0	-4	0	0	0	0	0	0	0	0	0	0	0	4	0	0	0	0	0	0	0	3	0	0	0	-11	0	0	0	0
23:15:00	83700	6	2	0	0	0	0	0	0	0	0	0	0	6	2	0	8	0	0	0	0	0	0	0	3	0	0	0	-11	0	0	0	0
23:20:00	84000	5	3	0	2	0	0	0	0	0	0	0	0	3	3	0	8	0	0	0	0	0	0	0	3	0	0	0	-11	2	0	0	2
23:25:00	84300	5	2	0	5	0	0	0	0	0	0	0	0	3	0	0	11	0	0	0	0	0	0	0	3	0	0	0	-11	2	2	0	2
23:30:00	84600	2	7	0	0	0	0	0	0	0	0	0	0	1	5	0	7	0	0	0	0	0	0	0	3	0	0	0	-11	1	2	0	1
23:35:00	84900	2	0	0	2	0	0	0	0	0	0	0	0	2	0	0	9	0	0	0	0	0	0	0	3	0	0	0	-11	0	0	0	1
23:40:00	85200	3	2	0	3	0	0	0	0	0	0	0	0	3	2	0	10	0	0	0	0	0	0	0	3	0	0	0	-11	0	0	0	1
23:45:00	85500	4	4	0	3	0	0	0	0	0	0	0	0	2	3	0	9	0	0	0	0	0	0	0	3	0	0	0	-11	2	1	0	2
23:50:00	85800	4	4	0	3	0	0	0	0	0	0	0	0	3	2	0	10	0	0	0	0	0	0	0	3	0	0	0	-11	1	2	0	1
23:55:00	86100	2	3	0	2	0	0	0	0	0	0	0	0	0	2	0	8	0	0	0	0	0	0	0	3	0	0	0	-11	2	1	0	2
24:00:00	86400	4	1	0	5	0	0	0	0	0	0	0	0	4	0	0	12	0	0	0	0	0	0	0	3	0	0	0	-11	0	1	0	1
24:05:00	86700	2	4	0	3	0	0	0	0	0	0	0	0	2	3	0	11	0	0	0	0	0	0	0	3	0	0	0	-11	0	1	0	0
24:10:00	87000	3	3	0	3	0	0	0	0	0	0	0	0	2	3	0	10	0	0	0	0	0	0	0	3	0	0	0	-11	1	0	0	1
24:15:00	87300	0	3	0	0	0	0	0	0	0	0	0	0	0	3	0	7	0	0	0	0	0	0	0	3	0	0	0	-11	0	0	0	1
24:20:00	87600	0	1	0	-1	0	0	0	0	0	0	0	0	0	1	0	6	0	0	0	0	0	0	0	3	0	0	0	-11	0	0	0	1
24:25:00	87900	0	2	0	-3	0	0	0	0	0	0	0	0	0	1	0	5	0	0	0	0	0	0	0	3	0	0	0	-11	0	1	0	0
24:30:00	88200	0	0	0	-3	0	0	0	0	0	0	0	0	0	0	0	5	0	0	0	0	0	0	0	3	0	0	0	-11	0	0	0	0
24:35:00	88500	0	2	0	-5	0	0	0	0	0	0	0	0	0	2	0	3	0	0	0	0	0	0	0	3	0	0	0	-11	0	0	0	0
24:40:00	88800	0	0	0	-5	0	0	0	0	0	0	0	0	0	0	0	3	0	0	0	0	0	0	0	3	0	0	0	-11	0	0	0	0
24:45:00	89100	0	0	0	-5	0	0	0	0	0	0	0	0	0	0	0	3	0	0	0	0	0	0	0	3	0	0	0	-11	0	0	0	0
24:50:00	89400	0	2	0	-7	0	0	0	0	0	0	0	0	0	2	0	1	0	0	0	0	0	0	0	3	0	0	0	-11	0	0	0	0
24:55:00	89700	0	0	0	-7	0	0	0	0	0	0	0	0	0	0	0	1	0	0	0	0	0	0	0	3	0	0	0	-11	0	0	0	0
25:00:00	90000	0	0	0	-7	0	0	0	0	0	0	0	0	0	0	0	1	0	0	0	0	0	0	0	3	0	0	0	-11	0	0	0	0
25:05:00	90300	0	0	0	-7	0	0	0	0	0	0	0	0	0	0	0	1	0	0	0	0	0	0	0	3	0	0	0	-11	0	0	0	0
25:10:00	90600	0	0	0	-7	0	0	0	0	0	0	0	0	0	0	0	1	0	0	0	0	0	0	0	3	0	0	0	-11	0	0	0	0
25:15:00	90900	0	0	0	-7	0	0	0	0	0	0	0	0	0	0	0	1	0	0	0	0	0	0	0	3	0	0	0	-11	0	0	0	0
25:20:00	91200	0	0	0	-7	0	0	0	0	0	0	0	0	0	0	0	1	0	0	0	0	0	0	0	3	0	0	0	-11	0	0	0	0
25:25:00	91500	0	0	0	-7	0	0	0	0	0	0	0	0	0	0	0	1	0	0	0	0	0	0	0	3	0	0	0	-11	0	0	0	0
25:30:00	91800	0	0	0	-7	0	0	0	0	0	0	0	0	0	0	0	1	0	0	0	0	0	0	0	3	0	0	0	-11	0	0	0	0
25:35:00	92100	0	0	0	-7	0	0	0	0	0	0	0	0	0	0	0	1	0	0	0	0	0	0	0	3	0	0	0	-11	0	0	0	0
25:40:00	92400	0	0	0	-7	0	0	0	0	0	0	0	0	0	0	0	1	0	0	0	0	0	0	0	3	0	0	0	-11	0	0	0	0
25:45:00	92700	0	0	0	-7	0	0	0	0	0	0	0	0	0	0	0	1	0	0	0	0	0	0	0	3	0	0	0	-11	0	0	0	0
25:50:00	93000	0	0	0	-7	0	0	0	0	0	0	0	0	0	0	0	1	0	0	0	0	0	0	0	3	0	0	0	-11	0	0	0	0
25:55:00	93300	0	0	0	-7	0	0	0	0	0	0	0	0	0	0	0	1	0	0	0	0	0	0	0	3	0	0	0	-11	0	0	0	0
26:00:00	93600	0	0	0	-7	0	0	0	0	0	0	0	0	0	0	0	1	0	0	0	0	0	0	0	3	0	0	0	-11	0	0	0	0
26:05:00	93900	2	2	0	-7	0	0	0	0	0	0	0	0	2	2	0	1	0	0	0	0	0	0	0	3	0	0	0	-11	0	0	0	0
26:10:00	94200	0	1	0	-8	0	0	0	0	0	0	0	0	0	1	0	0	0	0	0	0	0	0	0	3	0	0	0	-11	0	0	0	0
26:15:00	94500	0	0	0	-8	0	0	0	0	0	0	0	0	0	0	0	0	0	0	0	0	0	0	0	3	0	0	0	-11	0	0	0	0
26:20:00	94800	0	0	0	-8	0	0	0	0	0	0	0	0	0	0	0	0	0	0	0	0	0	0	0	3	0	0	0	-11	0	0	0	0
26:25:00	95100	0	0	0	-8	0	0	0	0	0	0	0	0	0	0	0	0	0	0	0	0	0	0	0	3	0	0	0	-11	0	0	0	0
26:30:00	95400	0	0	0	-8	0	0	0	0	0	0	0	0	0	0	0	0	0	0	0	0	0	0	0	3	0	0	0	-11	0	0	0	0
26:35:00	95700	0	0	0	-8	0	0	0	0	0	0	0	0	0	0	0	0	0	0	0	0	0	0	0	3	0	0	0	-11	0	0	0	0
26:40:00	96000	0	0	0	-8	0	0	0	0	0	0	0	0	0	0	0	0	0	0	0	0	0	0	0	3	0	0	0	-11	0	0	0	0
26:45:00	96300	0	0	0	-8	0	0	0	0	0	0	0	0	0	0	0	0	0	0	0	0	0	0	0	3	0	0	0	-11	0	0	0	0
26:50:00	96600	0	0	0	-8	0	0	0	0	0	0	0	0	0	0	0	0	0	0	0	0	0	0	0	3	0	0	0	-11	0	0	0	0
26:55:00	96900	0	0	0	-8	0	0	0	0	0	0	0	0	0	0	0	0	0	0	0	0	0	0	0	3	0	0	0	-11	0	0	0	0
27:00:00	97200	0	0	0	-8	0	0	0	0	0	0	0	0	0	0	0	0	0	0	0	0	0	0	0	3	0	0	0	-11	0	0	0	0
27:05:00	97500	0	0	0	-8	0	0	0	0	0	0	0	0	0	0	0	0	0	0	0	0	0	0	0	3	0	0	0	-11	0	0	0	0
27:10:00	97800	0	0	0	-8	0	0	0	0	0	0	0	0	0	0	0	0	0	0	0	0	0	0	0	3	0	0	0	-11	0	0	0	0
27:15:00	98100	0	0	0	-8	0	0	0	0	0	0	0	0	0	0	0	0	0	0	0	0	0	0	0	3	0	0	0	-11	0	0	0	0
27:20:00	98400	0	0	0	-8	0	0	0	0	0	0	0	0	0	0	0	0	0	0	0	0	0	0	0	3	0	0	0	-11	0	0	0	0
27:25:00	98700	0	0	0	-8	0	0	0	0	0	0	0	0	0	0	0	0	0	0	0	0	0	0	0	3	0	0	0	-11	0	0	0	0
27:30:00	99000	0	0	0	-8	0	0	0	0	0	0	0	0	0	0	0	0	0	0	0	0	0	0	0	3	0	0	0	-11	0	0	0	0
27:35:00	99300	0	0	0	-8	0	0	0	0	0	0	0	0	0	0	0	0	0	0	0	0	0	0	0	3	0	0	0	-11	0	0	0	0
27:40:00	99600	0	0	0	-8	0	0	0	0	0	0	0	0	0	0	0	0	0	0	0	0	0	0	0	3	0	0	0	-11	0	0	0	0
27:45:00	99900	0	0	0	-8	0	0	0	0	0	0	0	0	0	0	0	0	0	0	0	0	0	0	0	3	0	0	0	-11	0	0	0	0
27:50:00	100200	0	0	0	-8	0	0	0	0	0	0	0	0	0	0	0	0	0	0	0	0	0	0	0	3	0	0	0	-11	0	0	0	0
27:55:00	100500	0	0	0	-8	0	0	0	0	0	0	0	0	0	0	0	0	0	0	0	0	0	0	0	3	0	0	0	-11	0	0	0	0
28:00:00	100800	0	0	0	-8	0	0	0	0	0	0	0	0	0	0	0	0	0	0	0	0	0	0	0	3	0	0	0	-11	0	0	0	0
28:05:00	101100	0	0	0	-8	0	0	0	0	0	0	0	0	0	0	0	0	0	0	0	0	0	0	0	3	0	0	0	-11	0	0	0	0
28:10:00	101400	0	0	0	-8	0	0	0	0	0	0	0	0	0	0	0	0	0	0	0	0	0	0	0	3	0	0	0	-11	0	0	0	0
28:15:00	101700	0	0	0	-8	0	0	0	0	0	0	0	0	0	0	0	0	0	0	0	0	0	0	0	3	0	0	0	-11	0	0	0	0
28:20:00	102000	0	0	0	-8	0	0	0	0	0	0	0	0	0	0	0	0	0	0	0	0	0	0	0	3	0	0	0	-11	0	0	0	0
28:25:00	102300	0	0	0	-8	0	0	0	0	0	0	0	0	0	0	0	0	0	0	0	0	0	0	0	3	0	0	0	-11	0	0	0	0
28:30:00	102600	0	0	0	-8	0	0	0	0	0	0	0	0	0	0	0	0	0	0	0	0	0	0	0	3	0	0	0	-11	0	0	0	0
28:35:00	102900	0	0	0	-8	0	0	0	0	0	0	0	0	0	0	0	0	0	0	0	0	0	0	0	3	0	0	0	-11	0	0	0	0
28:40:00	103200	0	0	0	-8	0	0	0	0	0	0	0	0	0	0	0	0	0	0	0	0	0	0	0	3	0	0	0	-11	0	0	0	0
28:45:00	103500	0	0	0	-8	0	0	0	0	0	0	0	0	0	0	0	0	0	0	0	0	0	0	0	3	0	0	0	-11	0	0	0	0
28:50:00	103800	0	0	0	-8	0	0	0	0	0	0	0	0	0	0	0	0	0	0	0	0	0	0	0	3	0	0	0	-11	0	0	0	0
28:55:00	104100	0	0	0	-8	0	0	0	0	0	0	0	0	0	0	0	0	0	0	0	0	0	0	0	3	0	0	0	-11	0	0	0	0
29:00:00	104400	0	0	0	-8	0	0	0	0	0	0	0	0	0	0	0	0	0	0	0	0	0	0	0	3	0	0	0	-11	0	0	0	0
29:05:00	104700	0	0	0	-8	0	0	0	0	0	0	0	0	0	0	0	0	0	0	0	0	0	0	0	3	0	0	0	-11	0	0	0	0
29:10:00	105000	0	0	0	-8	0	0	0	0	0	0	0	0	0	0	0	0	0	0	0	0	0	0	0	3	0	0	0	-11	0	0	0	0
29:15:00	105300	0	0	0	-8	0	0	0	0	0	0	0	0	0	0	0	0	0	0	0	0	0	0	0	3	0	0	0	-11	0	0	0	0
29:20:00	105600	0	0	0	-8	0	0	0	0	0	0	0	0	0	0	0	0	0	0	0	0	0	0	0	3	0	0	0	-11	0	0	0	0
29:25:00	105900	0	0	0	-8	0	0	0	0	0	0	0	0	0	0	0	0	0	0	0	0	0	0	0	3	0	0	0	-11	0	0	0	0
29:30:00	106200	0	0	0	-8	0	0	0	0	0	0	0	0	0	0	0	0	0	0	0	0	0	0	0	3	0	0	0	-11	0	0	0	0
29:35:00	106500	0	0	0	-8	0	0	0	0	0	0	0	0	0	0	0	0	0	0	0	0	0	0	0	3	0	0	0	-11	0	0	0	0
29:40:00	106800	0	0	0	-8	0	0	0	0	0	0	0	0	0	0	0	0	0	0	0	0	0	0	0	3	0	0	0	-11	0	0	0	0
29:45:00	107100	0	0	0	-8	0	0	0	0	0	0	0	0	0	0	0	0	0	0	0	0	0	0	0	3	0	0	0	-11	0	0	0	0
29:50:00	107400	0	0	0	-8	0	0	0	0	0	0	0	0	0	0	0	0	0	0	0	0	0	0	0	3	0	0	0	-11	0	0	0	0
29:55:00	107700	0	0	0	-8	0	0	0	0	0	0	0	0	0	0	0	0	0	0	0	0	0	0	0	3	0	0	0	-11	0	0	0	0
30:00:00	108000	0	0	3	-11	0	0	0	0	0	0	0	0	0	0	0	0	0	0	0	0	0	0	3	0	0	0	0	-11	0	0	0	0
30:05:00	108300	0	0	0	-11	0	0	0	0	0	0	0	0	0	0	0	0	0	0	0	0	0	0	0	0	0	0	0	-11	0	0	0	0
