time	time	departures_all	arrivals_all	stuck_all	en-route_all	departures_Shared-Bike	arrivals_Shared-Bike	stuck_Shared-Bike	en-route_Shared-Bike	departures_bike	arrivals_bike	stuck_bike	en-route_bike	departures_car	arrivals_car	stuck_car	en-route_car	departures_car_passenger	arrivals_car_passenger	stuck_car_passenger	en-route_car_passenger	departures_eScooter	arrivals_eScooter	stuck_eScooter	en-route_eScooter	departures_pt	arrivals_pt	stuck_pt	en-route_pt	departures_sharing:standardBikeShare	arrivals_sharing:standardBikeShare	stuck_sharing:standardBikeShare	en-route_sharing:standardBikeShare	departures_sharing:standardeScooter	arrivals_sharing:standardeScooter	stuck_sharing:standardeScooter	en-route_sharing:standardeScooter	departures_walk	arrivals_walk	stuck_walk	en-route_walk
00:00:00	0	0	0	0	0	0	0	0	0	0	0	0	0	0	0	0	0	0	0	0	0	0	0	0	0	0	0	0	0	0	0	0	0	0	0	0	0	0	0	0	0
00:05:00	300	0	0	0	0	0	0	0	0	0	0	0	0	0	0	0	0	0	0	0	0	0	0	0	0	0	0	0	0	0	0	0	0	0	0	0	0	0	0	0	0
00:10:00	600	0	0	0	0	0	0	0	0	0	0	0	0	0	0	0	0	0	0	0	0	0	0	0	0	0	0	0	0	0	0	0	0	0	0	0	0	0	0	0	0
00:15:00	900	0	0	0	0	0	0	0	0	0	0	0	0	0	0	0	0	0	0	0	0	0	0	0	0	0	0	0	0	0	0	0	0	0	0	0	0	0	0	0	0
00:20:00	1200	0	0	0	0	0	0	0	0	0	0	0	0	0	0	0	0	0	0	0	0	0	0	0	0	0	0	0	0	0	0	0	0	0	0	0	0	0	0	0	0
00:25:00	1500	0	0	0	0	0	0	0	0	0	0	0	0	0	0	0	0	0	0	0	0	0	0	0	0	0	0	0	0	0	0	0	0	0	0	0	0	0	0	0	0
00:30:00	1800	0	0	0	0	0	0	0	0	0	0	0	0	0	0	0	0	0	0	0	0	0	0	0	0	0	0	0	0	0	0	0	0	0	0	0	0	0	0	0	0
00:35:00	2100	0	0	0	0	0	0	0	0	0	0	0	0	0	0	0	0	0	0	0	0	0	0	0	0	0	0	0	0	0	0	0	0	0	0	0	0	0	0	0	0
00:40:00	2400	0	0	0	0	0	0	0	0	0	0	0	0	0	0	0	0	0	0	0	0	0	0	0	0	0	0	0	0	0	0	0	0	0	0	0	0	0	0	0	0
00:45:00	2700	0	0	0	0	0	0	0	0	0	0	0	0	0	0	0	0	0	0	0	0	0	0	0	0	0	0	0	0	0	0	0	0	0	0	0	0	0	0	0	0
00:50:00	3000	0	0	0	0	0	0	0	0	0	0	0	0	0	0	0	0	0	0	0	0	0	0	0	0	0	0	0	0	0	0	0	0	0	0	0	0	0	0	0	0
00:55:00	3300	0	0	0	0	0	0	0	0	0	0	0	0	0	0	0	0	0	0	0	0	0	0	0	0	0	0	0	0	0	0	0	0	0	0	0	0	0	0	0	0
01:00:00	3600	0	0	0	0	0	0	0	0	0	0	0	0	0	0	0	0	0	0	0	0	0	0	0	0	0	0	0	0	0	0	0	0	0	0	0	0	0	0	0	0
01:05:00	3900	0	0	0	0	0	0	0	0	0	0	0	0	0	0	0	0	0	0	0	0	0	0	0	0	0	0	0	0	0	0	0	0	0	0	0	0	0	0	0	0
01:10:00	4200	0	0	0	0	0	0	0	0	0	0	0	0	0	0	0	0	0	0	0	0	0	0	0	0	0	0	0	0	0	0	0	0	0	0	0	0	0	0	0	0
01:15:00	4500	0	0	0	0	0	0	0	0	0	0	0	0	0	0	0	0	0	0	0	0	0	0	0	0	0	0	0	0	0	0	0	0	0	0	0	0	0	0	0	0
01:20:00	4800	0	0	0	0	0	0	0	0	0	0	0	0	0	0	0	0	0	0	0	0	0	0	0	0	0	0	0	0	0	0	0	0	0	0	0	0	0	0	0	0
01:25:00	5100	0	0	0	0	0	0	0	0	0	0	0	0	0	0	0	0	0	0	0	0	0	0	0	0	0	0	0	0	0	0	0	0	0	0	0	0	0	0	0	0
01:30:00	5400	0	0	0	0	0	0	0	0	0	0	0	0	0	0	0	0	0	0	0	0	0	0	0	0	0	0	0	0	0	0	0	0	0	0	0	0	0	0	0	0
01:35:00	5700	0	0	0	0	0	0	0	0	0	0	0	0	0	0	0	0	0	0	0	0	0	0	0	0	0	0	0	0	0	0	0	0	0	0	0	0	0	0	0	0
01:40:00	6000	0	0	0	0	0	0	0	0	0	0	0	0	0	0	0	0	0	0	0	0	0	0	0	0	0	0	0	0	0	0	0	0	0	0	0	0	0	0	0	0
01:45:00	6300	0	0	0	0	0	0	0	0	0	0	0	0	0	0	0	0	0	0	0	0	0	0	0	0	0	0	0	0	0	0	0	0	0	0	0	0	0	0	0	0
01:50:00	6600	0	0	0	0	0	0	0	0	0	0	0	0	0	0	0	0	0	0	0	0	0	0	0	0	0	0	0	0	0	0	0	0	0	0	0	0	0	0	0	0
01:55:00	6900	0	0	0	0	0	0	0	0	0	0	0	0	0	0	0	0	0	0	0	0	0	0	0	0	0	0	0	0	0	0	0	0	0	0	0	0	0	0	0	0
02:00:00	7200	0	0	0	0	0	0	0	0	0	0	0	0	0	0	0	0	0	0	0	0	0	0	0	0	0	0	0	0	0	0	0	0	0	0	0	0	0	0	0	0
02:05:00	7500	0	0	0	0	0	0	0	0	0	0	0	0	0	0	0	0	0	0	0	0	0	0	0	0	0	0	0	0	0	0	0	0	0	0	0	0	0	0	0	0
02:10:00	7800	0	0	0	0	0	0	0	0	0	0	0	0	0	0	0	0	0	0	0	0	0	0	0	0	0	0	0	0	0	0	0	0	0	0	0	0	0	0	0	0
02:15:00	8100	0	0	0	0	0	0	0	0	0	0	0	0	0	0	0	0	0	0	0	0	0	0	0	0	0	0	0	0	0	0	0	0	0	0	0	0	0	0	0	0
02:20:00	8400	0	0	0	0	0	0	0	0	0	0	0	0	0	0	0	0	0	0	0	0	0	0	0	0	0	0	0	0	0	0	0	0	0	0	0	0	0	0	0	0
02:25:00	8700	0	0	0	0	0	0	0	0	0	0	0	0	0	0	0	0	0	0	0	0	0	0	0	0	0	0	0	0	0	0	0	0	0	0	0	0	0	0	0	0
02:30:00	9000	0	0	0	0	0	0	0	0	0	0	0	0	0	0	0	0	0	0	0	0	0	0	0	0	0	0	0	0	0	0	0	0	0	0	0	0	0	0	0	0
02:35:00	9300	0	0	0	0	0	0	0	0	0	0	0	0	0	0	0	0	0	0	0	0	0	0	0	0	0	0	0	0	0	0	0	0	0	0	0	0	0	0	0	0
02:40:00	9600	0	0	0	0	0	0	0	0	0	0	0	0	0	0	0	0	0	0	0	0	0	0	0	0	0	0	0	0	0	0	0	0	0	0	0	0	0	0	0	0
02:45:00	9900	0	0	0	0	0	0	0	0	0	0	0	0	0	0	0	0	0	0	0	0	0	0	0	0	0	0	0	0	0	0	0	0	0	0	0	0	0	0	0	0
02:50:00	10200	0	0	0	0	0	0	0	0	0	0	0	0	0	0	0	0	0	0	0	0	0	0	0	0	0	0	0	0	0	0	0	0	0	0	0	0	0	0	0	0
02:55:00	10500	0	0	0	0	0	0	0	0	0	0	0	0	0	0	0	0	0	0	0	0	0	0	0	0	0	0	0	0	0	0	0	0	0	0	0	0	0	0	0	0
03:00:00	10800	0	0	0	0	0	0	0	0	0	0	0	0	0	0	0	0	0	0	0	0	0	0	0	0	0	0	0	0	0	0	0	0	0	0	0	0	0	0	0	0
03:05:00	11100	0	0	0	0	0	0	0	0	0	0	0	0	0	0	0	0	0	0	0	0	0	0	0	0	0	0	0	0	0	0	0	0	0	0	0	0	0	0	0	0
03:10:00	11400	0	0	0	0	0	0	0	0	0	0	0	0	0	0	0	0	0	0	0	0	0	0	0	0	0	0	0	0	0	0	0	0	0	0	0	0	0	0	0	0
03:15:00	11700	0	0	0	0	0	0	0	0	0	0	0	0	0	0	0	0	0	0	0	0	0	0	0	0	0	0	0	0	0	0	0	0	0	0	0	0	0	0	0	0
03:20:00	12000	0	0	0	0	0	0	0	0	0	0	0	0	0	0	0	0	0	0	0	0	0	0	0	0	0	0	0	0	0	0	0	0	0	0	0	0	0	0	0	0
03:25:00	12300	0	0	0	0	0	0	0	0	0	0	0	0	0	0	0	0	0	0	0	0	0	0	0	0	0	0	0	0	0	0	0	0	0	0	0	0	0	0	0	0
03:30:00	12600	0	0	0	0	0	0	0	0	0	0	0	0	0	0	0	0	0	0	0	0	0	0	0	0	0	0	0	0	0	0	0	0	0	0	0	0	0	0	0	0
03:35:00	12900	0	0	0	0	0	0	0	0	0	0	0	0	0	0	0	0	0	0	0	0	0	0	0	0	0	0	0	0	0	0	0	0	0	0	0	0	0	0	0	0
03:40:00	13200	0	0	0	0	0	0	0	0	0	0	0	0	0	0	0	0	0	0	0	0	0	0	0	0	0	0	0	0	0	0	0	0	0	0	0	0	0	0	0	0
03:45:00	13500	0	0	0	0	0	0	0	0	0	0	0	0	0	0	0	0	0	0	0	0	0	0	0	0	0	0	0	0	0	0	0	0	0	0	0	0	0	0	0	0
03:50:00	13800	0	0	0	0	0	0	0	0	0	0	0	0	0	0	0	0	0	0	0	0	0	0	0	0	0	0	0	0	0	0	0	0	0	0	0	0	0	0	0	0
03:55:00	14100	0	0	0	0	0	0	0	0	0	0	0	0	0	0	0	0	0	0	0	0	0	0	0	0	0	0	0	0	0	0	0	0	0	0	0	0	0	0	0	0
04:00:00	14400	0	0	0	0	0	0	0	0	0	0	0	0	0	0	0	0	0	0	0	0	0	0	0	0	0	0	0	0	0	0	0	0	0	0	0	0	0	0	0	0
04:05:00	14700	0	0	0	0	0	0	0	0	0	0	0	0	0	0	0	0	0	0	0	0	0	0	0	0	0	0	0	0	0	0	0	0	0	0	0	0	0	0	0	0
04:10:00	15000	0	0	0	0	0	0	0	0	0	0	0	0	0	0	0	0	0	0	0	0	0	0	0	0	0	0	0	0	0	0	0	0	0	0	0	0	0	0	0	0
04:15:00	15300	0	0	0	0	0	0	0	0	0	0	0	0	0	0	0	0	0	0	0	0	0	0	0	0	0	0	0	0	0	0	0	0	0	0	0	0	0	0	0	0
04:20:00	15600	0	0	0	0	0	0	0	0	0	0	0	0	0	0	0	0	0	0	0	0	0	0	0	0	0	0	0	0	0	0	0	0	0	0	0	0	0	0	0	0
04:25:00	15900	0	0	0	0	0	0	0	0	0	0	0	0	0	0	0	0	0	0	0	0	0	0	0	0	0	0	0	0	0	0	0	0	0	0	0	0	0	0	0	0
04:30:00	16200	0	0	0	0	0	0	0	0	0	0	0	0	0	0	0	0	0	0	0	0	0	0	0	0	0	0	0	0	0	0	0	0	0	0	0	0	0	0	0	0
04:35:00	16500	0	0	0	0	0	0	0	0	0	0	0	0	0	0	0	0	0	0	0	0	0	0	0	0	0	0	0	0	0	0	0	0	0	0	0	0	0	0	0	0
04:40:00	16800	0	0	0	0	0	0	0	0	0	0	0	0	0	0	0	0	0	0	0	0	0	0	0	0	0	0	0	0	0	0	0	0	0	0	0	0	0	0	0	0
04:45:00	17100	0	0	0	0	0	0	0	0	0	0	0	0	0	0	0	0	0	0	0	0	0	0	0	0	0	0	0	0	0	0	0	0	0	0	0	0	0	0	0	0
04:50:00	17400	0	0	0	0	0	0	0	0	0	0	0	0	0	0	0	0	0	0	0	0	0	0	0	0	0	0	0	0	0	0	0	0	0	0	0	0	0	0	0	0
04:55:00	17700	0	0	0	0	0	0	0	0	0	0	0	0	0	0	0	0	0	0	0	0	0	0	0	0	0	0	0	0	0	0	0	0	0	0	0	0	0	0	0	0
05:00:00	18000	0	0	0	0	0	0	0	0	0	0	0	0	0	0	0	0	0	0	0	0	0	0	0	0	0	0	0	0	0	0	0	0	0	0	0	0	0	0	0	0
05:05:00	18300	0	0	0	0	0	0	0	0	0	0	0	0	0	0	0	0	0	0	0	0	0	0	0	0	0	0	0	0	0	0	0	0	0	0	0	0	0	0	0	0
05:10:00	18600	0	0	0	0	0	0	0	0	0	0	0	0	0	0	0	0	0	0	0	0	0	0	0	0	0	0	0	0	0	0	0	0	0	0	0	0	0	0	0	0
05:15:00	18900	0	0	0	0	0	0	0	0	0	0	0	0	0	0	0	0	0	0	0	0	0	0	0	0	0	0	0	0	0	0	0	0	0	0	0	0	0	0	0	0
05:20:00	19200	0	0	0	0	0	0	0	0	0	0	0	0	0	0	0	0	0	0	0	0	0	0	0	0	0	0	0	0	0	0	0	0	0	0	0	0	0	0	0	0
05:25:00	19500	0	0	0	0	0	0	0	0	0	0	0	0	0	0	0	0	0	0	0	0	0	0	0	0	0	0	0	0	0	0	0	0	0	0	0	0	0	0	0	0
05:30:00	19800	0	0	0	0	0	0	0	0	0	0	0	0	0	0	0	0	0	0	0	0	0	0	0	0	0	0	0	0	0	0	0	0	0	0	0	0	0	0	0	0
05:35:00	20100	0	0	0	0	0	0	0	0	0	0	0	0	0	0	0	0	0	0	0	0	0	0	0	0	0	0	0	0	0	0	0	0	0	0	0	0	0	0	0	0
05:40:00	20400	0	0	0	0	0	0	0	0	0	0	0	0	0	0	0	0	0	0	0	0	0	0	0	0	0	0	0	0	0	0	0	0	0	0	0	0	0	0	0	0
05:45:00	20700	0	0	0	0	0	0	0	0	0	0	0	0	0	0	0	0	0	0	0	0	0	0	0	0	0	0	0	0	0	0	0	0	0	0	0	0	0	0	0	0
05:50:00	21000	0	0	0	0	0	0	0	0	0	0	0	0	0	0	0	0	0	0	0	0	0	0	0	0	0	0	0	0	0	0	0	0	0	0	0	0	0	0	0	0
05:55:00	21300	0	0	0	0	0	0	0	0	0	0	0	0	0	0	0	0	0	0	0	0	0	0	0	0	0	0	0	0	0	0	0	0	0	0	0	0	0	0	0	0
06:00:00	21600	4	0	0	4	0	0	0	0	0	0	0	0	2	0	0	2	0	0	0	0	0	0	0	0	0	0	0	0	0	0	0	0	0	0	0	0	2	0	0	2
06:05:00	21900	4	0	0	8	0	0	0	0	0	0	0	0	3	0	0	5	0	0	0	0	0	0	0	0	0	0	0	0	0	0	0	0	0	0	0	0	1	0	0	3
06:10:00	22200	3	2	0	9	0	0	0	0	0	0	0	0	3	1	0	7	0	0	0	0	0	0	0	0	0	0	0	0	0	0	0	0	0	0	0	0	0	1	0	2
06:15:00	22500	1	3	0	7	0	0	0	0	0	0	0	0	0	3	0	4	0	0	0	0	0	0	0	0	0	0	0	0	0	0	0	0	0	0	0	0	1	0	0	3
06:20:00	22800	4	0	0	11	0	0	0	0	0	0	0	0	4	0	0	8	0	0	0	0	0	0	0	0	0	0	0	0	0	0	0	0	0	0	0	0	0	0	0	3
06:25:00	23100	6	4	0	13	0	0	0	0	0	0	0	0	2	3	0	7	0	0	0	0	0	0	0	0	0	0	0	0	0	0	0	0	0	0	0	0	4	1	0	6
06:30:00	23400	44	7	3	47	0	0	0	0	0	0	0	0	28	2	0	33	0	0	0	0	1	0	0	1	1	0	0	1	0	0	0	0	0	0	3	-3	14	5	0	15
06:35:00	23700	37	20	3	61	0	0	0	0	1	0	0	1	24	14	0	43	0	0	0	0	0	0	0	1	0	0	0	1	0	0	0	0	0	0	3	-6	12	6	0	21
06:40:00	24000	35	18	1	77	0	0	0	0	0	0	0	1	25	14	0	54	0	0	0	0	0	0	0	1	2	0	0	3	0	0	0	0	0	0	1	-7	8	4	0	25
06:45:00	24300	38	36	0	79	0	0	0	0	0	1	0	0	19	24	0	49	0	0	0	0	0	1	0	0	2	1	0	4	0	0	0	0	0	0	0	-7	17	9	0	33
06:50:00	24600	46	28	1	96	0	0	0	0	0	0	0	0	24	21	0	52	0	0	0	0	3	0	0	3	1	0	0	5	0	0	0	0	0	0	1	-8	18	7	0	44
06:55:00	24900	82	43	6	129	2	0	0	2	0	0	0	0	43	22	0	73	0	0	0	0	0	1	0	2	2	1	0	6	0	0	1	-1	0	0	5	-13	35	19	0	60
07:00:00	25200	69	45	3	150	0	0	0	2	1	0	0	1	39	30	0	82	0	0	0	0	2	1	0	3	3	0	0	9	0	0	0	-1	0	0	3	-16	24	14	0	70
07:05:00	25500	68	58	8	152	0	2	0	0	0	0	0	1	28	30	0	80	0	0	0	0	1	1	0	3	2	0	0	11	0	0	0	-1	0	0	8	-24	37	25	0	82
07:10:00	25800	68	48	1	171	0	0	0	0	0	0	0	1	41	23	0	98	0	0	0	0	2	1	0	4	3	4	0	10	0	0	0	-1	0	0	1	-25	22	20	0	84
07:15:00	26100	92	58	4	201	0	0	0	0	0	0	0	1	55	40	0	113	0	0	0	0	1	1	0	4	2	0	0	12	0	0	1	-2	0	0	3	-28	34	17	0	101
07:20:00	26400	84	69	6	210	0	0	0	0	0	1	0	0	53	41	0	125	0	0	0	0	2	2	0	4	7	2	0	17	0	0	1	-3	0	0	5	-33	22	23	0	100
07:25:00	26700	121	88	5	238	0	0	0	0	0	0	0	0	69	53	0	141	0	0	0	0	0	4	0	0	9	0	0	26	0	0	1	-4	0	0	4	-37	43	31	0	112
07:30:00	27000	77	77	3	235	0	0	0	0	0	0	0	0	45	55	0	131	0	0	0	0	1	0	0	1	4	3	0	27	0	0	0	-4	0	0	3	-40	27	19	0	120
07:35:00	27300	87	82	4	236	2	0	0	2	0	0	0	0	42	59	0	114	0	0	0	0	1	0	0	2	2	4	0	25	0	0	0	-4	0	0	4	-44	40	19	0	141
07:40:00	27600	95	73	2	256	1	0	0	3	0	0	0	0	54	45	0	123	0	0	0	0	0	0	0	2	6	3	0	28	0	0	0	-4	0	0	2	-46	34	25	0	150
07:45:00	27900	93	79	5	265	0	2	0	1	0	0	0	0	54	49	0	128	0	0	0	0	1	1	0	2	5	0	0	33	0	0	0	-4	0	0	5	-51	33	27	0	156
07:50:00	28200	114	78	4	297	0	1	0	0	0	0	0	0	62	47	0	143	0	0	0	0	1	0	0	3	6	7	0	32	0	0	0	-4	0	0	4	-55	45	23	0	178
07:55:00	28500	112	101	2	306	0	0	0	0	0	0	0	0	68	68	0	143	12	1	0	11	1	1	0	3	7	1	0	38	0	0	1	-5	0	0	1	-56	24	30	0	172
08:00:00	28800	122	116	2	310	0	0	0	0	0	0	0	0	64	73	0	134	24	8	0	27	0	1	0	2	7	5	0	40	0	0	0	-5	0	0	2	-58	27	29	0	170
08:05:00	29100	103	85	7	321	0	0	0	0	0	0	0	0	54	47	0	141	17	9	0	35	0	0	0	2	4	1	0	43	0	0	0	-5	0	0	7	-65	28	28	0	170
08:10:00	29400	133	111	4	339	0	0	0	0	0	0	0	0	58	64	0	135	26	16	0	45	1	2	0	1	7	3	0	47	0	0	0	-5	0	0	4	-69	41	26	0	185
08:15:00	29700	94	95	3	335	1	0	0	1	0	0	0	0	44	54	0	125	14	16	0	43	1	0	0	2	4	2	0	49	0	0	0	-5	0	0	3	-72	30	23	0	192
08:20:00	30000	108	93	5	345	0	1	0	0	0	0	0	0	57	46	0	136	16	17	0	42	0	0	0	2	4	3	0	50	0	0	0	-5	0	0	5	-77	31	26	0	197
08:25:00	30300	111	95	2	359	1	0	0	1	0	0	0	0	57	57	0	136	20	14	0	48	0	1	0	1	3	1	0	52	0	0	0	-5	0	0	2	-79	30	22	0	205
08:30:00	30600	100	104	5	350	0	1	0	0	0	0	0	0	34	48	0	122	21	14	0	55	2	1	0	2	8	6	0	54	0	0	0	-5	0	0	5	-84	35	34	0	206
08:35:00	30900	79	92	2	335	1	0	0	1	0	0	0	0	36	48	0	110	8	20	0	43	0	0	0	2	4	6	0	52	0	0	0	-5	0	0	2	-86	30	18	0	218
08:40:00	31200	86	80	1	340	1	0	0	2	0	0	0	0	36	41	0	105	24	17	0	50	2	0	0	4	3	3	0	52	0	0	0	-5	0	0	1	-87	20	19	0	219
08:45:00	31500	109	82	4	363	0	1	0	1	0	0	0	0	42	36	0	111	39	15	0	74	0	1	0	3	5	0	0	57	0	0	0	-5	0	0	4	-91	23	29	0	213
08:50:00	31800	76	93	4	342	0	1	0	0	0	0	0	0	32	45	0	98	13	22	0	65	3	2	0	4	3	1	0	59	0	0	0	-5	0	0	4	-95	25	22	0	216
08:55:00	32100	81	75	1	347	0	0	0	0	0	0	0	0	38	32	0	104	18	18	0	65	0	0	0	4	6	5	0	60	0	0	0	-5	0	0	1	-96	19	20	0	215
09:00:00	32400	90	93	4	340	0	0	0	0	0	0	0	0	52	44	0	112	4	18	0	51	1	1	0	4	4	2	0	62	0	0	0	-5	0	0	4	-100	29	28	0	216
09:05:00	32700	70	91	5	314	0	0	0	0	0	0	0	0	28	33	0	107	6	10	0	47	1	0	0	5	3	9	0	56	0	0	0	-5	0	0	5	-105	32	39	0	209
09:10:00	33000	62	86	5	285	0	0	0	0	0	0	0	0	31	42	0	96	3	13	0	37	1	3	0	3	2	1	0	57	0	0	0	-5	0	0	5	-110	25	27	0	207
09:15:00	33300	69	88	4	262	0	0	0	0	0	0	0	0	34	42	0	88	2	10	0	29	2	2	0	3	8	1	0	64	0	0	0	-5	0	0	4	-114	23	33	0	197
09:20:00	33600	46	70	3	235	1	0	0	1	0	0	0	0	24	36	0	76	2	11	0	20	0	0	0	3	3	3	0	64	0	0	0	-5	0	0	3	-117	16	20	0	193
09:25:00	33900	56	67	1	223	0	0	0	1	0	0	0	0	21	27	0	70	4	2	0	22	0	0	0	3	2	13	0	53	0	0	0	-5	0	0	1	-118	29	25	0	197
09:30:00	34200	51	67	4	203	1	1	0	1	0	0	0	0	23	24	0	69	1	7	0	16	1	2	0	2	2	5	0	50	0	0	0	-5	0	0	4	-122	23	28	0	192
09:35:00	34500	51	66	1	187	0	0	0	1	0	0	0	0	23	33	0	59	8	6	0	18	1	1	0	2	3	3	0	50	0	0	0	-5	0	0	1	-123	16	23	0	185
09:40:00	34800	43	61	3	166	0	1	0	0	0	0	0	0	19	30	0	48	2	5	0	15	0	0	0	2	1	2	0	49	0	0	0	-5	0	0	3	-126	21	23	0	183
09:45:00	35100	49	61	2	152	1	0	0	1	0	0	0	0	23	30	0	41	0	5	0	10	0	1	0	1	4	0	0	53	0	0	0	-5	0	0	2	-128	21	25	0	179
09:50:00	35400	43	46	4	145	1	1	0	1	0	0	0	0	23	15	0	49	0	5	0	5	1	1	0	1	4	1	0	56	0	0	0	-5	0	0	4	-132	14	23	0	170
09:55:00	35700	49	46	3	145	0	1	0	0	0	0	0	0	28	22	0	55	0	1	0	4	0	0	0	1	0	2	0	54	0	0	0	-5	0	0	3	-135	21	20	0	171
10:00:00	36000	75	68	7	145	0	0	0	0	0	0	0	0	30	23	0	62	0	2	0	2	0	0	0	1	3	8	0	49	0	0	0	-5	0	0	7	-142	42	35	0	178
10:05:00	36300	60	56	4	145	0	0	0	0	0	0	0	0	35	29	0	68	0	1	0	1	0	0	0	1	0	2	0	47	0	0	0	-5	0	0	4	-146	25	24	0	179
10:10:00	36600	81	74	6	146	0	0	0	0	0	0	0	0	45	37	0	76	0	1	0	0	0	0	0	1	3	3	0	47	0	0	0	-5	0	0	6	-152	33	33	0	179
10:15:00	36900	65	71	3	137	0	0	0	0	0	0	0	0	27	36	0	67	0	0	0	0	0	1	0	0	1	1	0	47	0	0	0	-5	0	0	3	-155	37	33	0	183
10:20:00	37200	66	68	7	128	1	1	0	0	0	0	0	0	27	29	0	65	0	0	0	0	0	0	0	0	1	1	0	47	0	0	0	-5	0	0	7	-162	37	37	0	183
10:25:00	37500	71	75	0	124	1	0	0	1	0	0	0	0	37	41	0	61	0	0	0	0	0	0	0	0	1	1	0	47	0	0	0	-5	0	0	0	-162	32	33	0	182
10:30:00	37800	61	69	2	114	0	1	0	0	0	0	0	0	27	28	0	60	0	0	0	0	0	0	0	0	2	0	0	49	0	0	0	-5	0	0	2	-164	32	40	0	174
10:35:00	38100	45	66	3	90	0	0	0	0	0	0	0	0	23	29	0	54	2	1	0	1	0	0	0	0	0	1	0	48	0	0	0	-5	0	0	3	-167	20	35	0	159
10:40:00	38400	57	63	1	83	1	1	0	0	0	0	0	0	22	31	0	45	1	1	0	1	0	0	0	0	1	1	0	48	0	0	0	-5	0	0	1	-168	32	29	0	162
10:45:00	38700	71	67	1	86	0	0	0	0	0	0	0	0	31	29	0	47	3	0	0	4	0	0	0	0	2	6	0	44	0	0	0	-5	0	0	1	-169	35	32	0	165
10:50:00	39000	44	55	1	74	0	0	0	0	0	0	0	0	18	23	0	42	0	3	0	1	0	0	0	0	2	0	0	46	0	0	1	-6	0	0	0	-169	24	29	0	160
10:55:00	39300	37	51	2	58	0	0	0	0	0	0	0	0	12	18	0	36	2	0	0	3	0	0	0	0	1	2	0	45	0	0	0	-6	0	0	2	-171	22	31	0	151
11:00:00	39600	47	47	2	56	0	0	0	0	0	0	0	0	19	16	0	39	4	1	0	6	0	0	0	0	0	0	0	45	0	0	0	-6	0	0	2	-173	24	30	0	145
11:05:00	39900	81	69	2	66	0	0	0	0	0	0	0	0	34	20	0	53	1	1	0	6	0	0	0	0	10	10	0	45	0	0	0	-6	0	0	2	-175	36	38	0	143
11:10:00	40200	74	50	5	85	0	0	0	0	0	0	0	0	37	23	0	67	2	1	0	7	1	0	0	1	1	0	0	46	0	0	0	-6	0	0	5	-180	33	26	0	150
11:15:00	40500	59	62	1	81	0	0	0	0	0	0	0	0	25	34	0	58	10	3	0	14	0	0	0	1	2	3	0	45	0	0	0	-6	0	0	1	-181	22	22	0	150
11:20:00	40800	63	55	2	87	0	0	0	0	0	0	0	0	27	23	0	62	2	2	0	14	2	0	0	3	3	1	0	47	0	0	1	-7	0	0	1	-182	29	29	0	150
11:25:00	41100	74	73	3	85	0	0	0	0	0	0	0	0	34	39	0	57	3	4	0	13	0	2	0	1	1	1	0	47	0	0	0	-7	0	0	3	-185	36	27	0	159
11:30:00	41400	76	62	1	98	0	0	0	0	0	0	0	0	33	22	0	68	1	4	0	10	3	1	0	3	2	1	0	48	0	0	0	-7	0	0	1	-186	37	34	0	162
11:35:00	41700	89	87	2	98	1	0	0	1	0	0	0	0	35	36	0	67	3	3	0	10	2	1	0	4	5	7	0	46	0	0	0	-7	0	0	2	-188	43	40	0	165
11:40:00	42000	72	61	2	107	0	1	0	0	0	0	0	0	30	21	0	76	0	3	0	7	1	0	0	5	3	10	0	39	0	0	0	-7	0	0	2	-190	38	26	0	177
11:45:00	42300	84	98	3	90	0	0	0	0	0	0	0	0	39	39	0	76	3	6	0	4	0	2	0	3	5	5	0	39	0	0	0	-7	0	0	3	-193	37	46	0	168
11:50:00	42600	83	76	2	95	0	0	0	0	0	0	0	0	41	31	0	86	5	1	0	8	2	1	0	4	1	0	0	40	0	0	0	-7	0	0	2	-195	34	43	0	159
11:55:00	42900	95	81	1	108	1	0	0	1	0	0	0	0	50	38	0	98	1	1	0	8	0	2	0	2	3	3	0	40	0	0	1	-8	0	0	0	-195	40	37	0	162
12:00:00	43200	69	73	1	103	1	1	0	1	0	0	0	0	43	45	0	96	2	3	0	7	1	0	0	3	0	0	0	40	0	0	0	-8	0	0	1	-196	22	24	0	160
12:05:00	43500	57	64	1	95	0	0	0	1	0	0	0	0	27	40	0	83	8	4	0	11	2	0	0	5	4	0	0	44	0	0	0	-8	0	0	1	-197	16	20	0	156
12:10:00	43800	64	68	3	88	0	1	0	0	0	0	0	0	28	39	0	72	2	0	0	13	1	2	0	4	4	1	0	47	0	0	0	-8	0	0	3	-200	29	25	0	160
12:15:00	44100	55	56	4	83	2	0	0	2	0	0	0	0	25	29	0	68	1	3	0	11	1	0	0	5	2	2	0	47	0	0	1	-9	0	0	3	-203	24	22	0	162
12:20:00	44400	47	58	2	70	1	2	0	1	0	0	0	0	28	35	0	61	0	3	0	8	1	0	0	6	2	1	0	48	0	0	0	-9	0	0	2	-205	15	17	0	160
12:25:00	44700	59	64	2	63	1	0	0	2	0	0	0	0	33	27	0	67	0	3	0	5	0	2	0	4	3	3	0	48	0	0	0	-9	0	0	2	-207	22	29	0	153
12:30:00	45000	41	47	3	54	0	0	0	2	0	0	0	0	24	24	0	67	0	1	0	4	2	3	0	3	1	1	0	48	0	0	0	-9	0	0	3	-210	14	18	0	149
12:35:00	45300	34	44	1	43	1	2	0	1	0	0	0	0	11	22	0	56	0	2	0	2	0	0	0	3	3	5	0	46	0	0	0	-9	0	0	1	-211	19	13	0	155
12:40:00	45600	36	39	3	37	1	0	0	2	0	0	0	0	16	16	0	56	0	1	0	1	0	1	0	2	2	1	0	47	0	0	0	-9	0	0	3	-214	17	20	0	152
12:45:00	45900	47	33	1	50	1	0	0	3	0	0	0	0	26	22	0	60	0	0	0	1	2	0	0	4	1	2	0	46	0	0	1	-10	0	0	0	-214	17	9	0	160
12:50:00	46200	31	43	0	38	1	2	0	2	0	0	0	0	14	23	0	51	0	1	0	0	0	3	0	1	2	0	0	48	0	0	0	-10	0	0	0	-214	14	14	0	160
12:55:00	46500	38	36	1	39	0	2	0	0	0	0	0	0	20	21	0	50	0	0	0	0	0	0	0	1	3	3	0	48	0	0	0	-10	0	0	1	-215	15	10	0	165
13:00:00	46800	4	31	2	10	0	0	0	0	0	0	0	0	0	19	0	31	0	0	0	0	0	0	0	1	0	1	0	47	0	0	0	-10	0	0	2	-217	4	11	0	158
13:05:00	47100	4	29	1	-16	0	0	0	0	0	0	0	0	0	18	0	13	0	0	0	0	0	0	0	1	1	0	0	48	0	0	0	-10	0	0	1	-218	3	11	0	150
13:10:00	47400	5	13	1	-25	0	0	0	0	0	0	0	0	0	4	0	9	0	0	0	0	0	0	0	1	3	0	0	51	0	0	0	-10	0	0	1	-219	2	9	0	143
13:15:00	47700	19	17	0	-23	0	0	0	0	0	0	0	0	13	6	0	16	0	0	0	0	1	0	0	2	1	2	0	50	0	0	0	-10	0	0	0	-219	4	9	0	138
13:20:00	48000	10	13	1	-27	0	0	0	0	0	0	0	0	5	9	0	12	0	0	0	0	0	0	0	2	0	0	0	50	0	0	0	-10	0	0	1	-220	5	4	0	139
13:25:00	48300	17	24	0	-34	0	0	0	0	0	0	0	0	9	8	0	13	0	0	0	0	0	1	0	1	2	4	0	48	0	0	0	-10	0	0	0	-220	6	11	0	134
13:30:00	48600	49	16	2	-3	0	0	0	0	0	0	0	0	38	4	0	47	1	0	0	1	0	0	0	1	0	1	0	47	0	0	0	-10	0	0	2	-222	10	11	0	133
13:35:00	48900	60	56	2	-1	0	0	0	0	0	0	0	0	34	31	0	50	5	0	0	6	0	0	0	1	1	7	0	41	0	0	0	-10	0	0	2	-224	20	18	0	135
13:40:00	49200	51	49	3	-2	1	0	0	1	0	0	0	0	21	22	0	49	5	2	0	9	2	2	0	1	0	3	0	38	0	0	0	-10	0	0	3	-227	22	20	0	137
13:45:00	49500	60	49	1	8	0	1	0	0	0	0	0	0	32	24	0	57	2	3	0	8	3	1	0	3	2	2	0	38	0	0	0	-10	0	0	1	-228	21	18	0	140
13:50:00	49800	95	65	4	34	0	0	0	0	0	0	0	0	44	26	0	75	15	7	0	16	2	2	0	3	2	0	0	40	0	0	0	-10	0	0	4	-232	32	30	0	142
13:55:00	50100	103	60	1	76	3	0	0	3	0	0	0	0	51	37	0	89	12	5	0	23	3	1	0	5	2	0	0	42	0	0	0	-10	0	0	1	-233	32	17	0	157
14:00:00	50400	81	85	6	66	1	3	0	1	0	0	0	0	46	43	0	92	3	10	0	16	1	1	0	5	6	0	0	48	0	0	0	-10	0	0	6	-239	24	28	0	153
14:05:00	50700	88	81	2	71	0	1	0	0	0	0	0	0	28	33	0	87	9	6	0	19	1	3	0	3	3	1	0	50	0	0	0	-10	0	0	2	-241	47	37	0	163
14:10:00	51000	79	75	3	72	2	0	0	2	0	0	0	0	35	36	0	86	14	12	0	21	1	1	0	3	6	0	0	56	0	0	1	-11	0	0	2	-243	21	26	0	158
14:15:00	51300	65	65	1	71	2	2	0	2	0	0	0	0	35	32	0	89	8	8	0	21	0	0	0	3	2	0	0	58	0	0	0	-11	0	0	1	-244	18	23	0	153
14:20:00	51600	80	68	4	79	0	0	0	2	0	0	0	0	29	30	0	88	14	7	0	28	0	2	0	1	5	9	0	54	0	0	0	-11	0	0	4	-248	32	20	0	165
14:25:00	51900	68	70	1	76	0	0	0	2	0	0	0	0	40	45	0	83	16	11	0	33	0	0	0	1	2	1	0	55	0	0	0	-11	0	0	1	-249	10	13	0	162
14:30:00	52200	57	65	4	64	0	2	0	0	0	0	0	0	22	23	0	82	12	13	0	32	0	0	0	1	4	3	0	56	0	0	0	-11	0	0	4	-253	19	24	0	157
14:35:00	52500	75	67	2	70	0	0	0	0	0	0	0	0	38	28	0	92	4	12	0	24	1	1	0	1	2	2	0	56	0	0	0	-11	0	0	2	-255	30	24	0	163
14:40:00	52800	64	90	3	41	0	0	0	0	0	0	0	0	26	45	0	73	8	9	0	23	1	0	0	2	2	3	0	55	0	0	0	-11	0	0	3	-258	27	33	0	157
14:45:00	53100	48	63	3	23	0	0	0	0	0	0	0	0	16	25	0	64	9	11	0	21	0	1	0	1	3	10	0	48	0	0	0	-11	0	0	3	-261	20	16	0	161
14:50:00	53400	57	73	4	3	0	0	0	0	0	0	0	0	25	33	0	56	3	6	0	18	0	1	0	0	3	1	0	50	0	0	0	-11	0	0	4	-265	26	32	0	155
14:55:00	53700	45	47	0	1	0	0	0	0	0	0	0	0	17	23	0	50	8	6	0	20	0	0	0	0	2	4	0	48	0	0	0	-11	0	0	0	-265	18	14	0	159
15:00:00	54000	42	51	1	-9	0	0	0	0	0	0	0	0	16	22	0	44	3	9	0	14	0	0	0	0	0	3	0	45	0	0	0	-11	0	0	1	-266	23	17	0	165
15:05:00	54300	48	52	3	-16	0	0	0	0	0	0	0	0	18	21	0	41	1	5	0	10	1	0	0	1	1	1	0	45	0	0	1	-12	0	0	2	-268	27	25	0	167
15:10:00	54600	53	54	4	-21	0	0	0	0	0	0	0	0	17	22	0	36	0	4	0	6	2	1	0	2	2	0	0	47	0	0	0	-12	0	0	4	-272	32	27	0	172
15:15:00	54900	56	50	0	-15	0	0	0	0	0	0	0	0	24	15	0	45	1	2	0	5	1	2	0	1	4	2	0	49	0	0	0	-12	0	0	0	-272	26	29	0	169
15:20:00	55200	57	52	2	-12	0	0	0	0	0	0	0	0	27	22	0	50	1	1	0	5	1	1	0	1	2	0	0	51	0	0	0	-12	0	0	2	-274	26	28	0	167
15:25:00	55500	49	55	2	-20	0	0	0	0	0	0	0	0	27	29	0	48	0	0	0	5	1	0	0	2	3	1	0	53	0	0	0	-12	0	0	2	-276	18	25	0	160
15:30:00	55800	74	53	8	-7	0	0	0	0	0	0	0	0	30	22	0	56	0	1	0	4	0	1	0	1	0	0	0	53	0	0	0	-12	0	0	8	-284	44	29	0	175
15:35:00	56100	100	67	1	25	0	0	0	0	0	0	0	0	51	30	0	77	0	0	0	4	3	0	0	4	5	6	0	52	0	0	0	-12	0	0	1	-285	41	31	0	185
15:40:00	56400	103	97	5	26	0	0	0	0	0	0	0	0	45	41	0	81	0	1	0	3	1	2	0	3	3	1	0	54	0	0	0	-12	0	0	5	-290	54	52	0	187
15:45:00	56700	73	79	3	17	0	0	0	0	0	0	0	0	39	36	0	84	0	0	0	3	0	0	0	3	4	3	0	55	0	0	0	-12	0	0	3	-293	30	40	0	177
15:50:00	57000	73	78	3	9	1	1	0	0	2	1	0	1	37	43	0	78	0	1	0	2	1	0	0	4	0	0	0	55	0	0	0	-12	0	0	3	-296	32	32	0	177
15:55:00	57300	65	76	7	-9	0	0	0	0	0	1	0	0	20	32	0	66	0	0	0	2	0	2	0	2	1	4	0	52	0	0	1	-13	0	0	6	-302	44	37	0	184
16:00:00	57600	90	76	3	2	0	0	0	0	0	0	0	0	29	27	0	68	21	0	0	23	2	1	0	3	1	3	0	50	0	0	0	-13	0	0	3	-305	37	45	0	176
16:05:00	57900	87	74	3	12	1	0	0	1	0	0	0	0	35	33	0	70	19	7	0	35	0	0	0	3	0	4	0	46	0	0	0	-13	0	0	3	-308	32	30	0	178
16:10:00	58200	71	85	4	-6	0	0	0	1	0	0	0	0	23	31	0	62	18	15	0	38	0	1	0	2	1	1	0	46	0	0	1	-14	0	0	3	-311	29	37	0	170
16:15:00	58500	89	92	4	-13	0	1	0	0	0	0	0	0	25	33	0	54	16	14	0	40	1	0	0	3	9	8	0	47	0	0	0	-14	0	0	4	-315	38	36	0	172
16:20:00	58800	88	73	3	-1	0	0	0	0	0	0	0	0	35	22	0	67	17	13	0	44	0	1	0	2	1	3	0	45	0	0	0	-14	0	0	3	-318	35	34	0	173
16:25:00	59100	105	92	5	7	1	0	0	1	0	0	0	0	26	29	0	64	28	20	0	52	0	2	0	0	3	3	0	45	0	0	0	-14	0	0	5	-323	47	38	0	182
16:30:00	59400	120	92	6	29	0	1	0	0	0	0	0	0	32	31	0	65	30	14	0	68	2	1	0	1	9	4	0	50	0	0	0	-14	0	0	6	-329	47	41	0	188
16:35:00	59700	130	100	3	56	1	0	0	1	0	0	0	0	51	27	0	89	28	23	0	73	1	0	0	2	5	3	0	52	0	0	0	-14	0	0	3	-332	44	47	0	185
16:40:00	60000	124	124	8	48	0	0	0	1	0	0	0	0	50	48	0	91	19	24	0	68	1	1	0	2	3	5	0	50	0	0	1	-15	0	0	7	-339	51	46	0	190
16:45:00	60300	95	96	7	40	1	1	0	1	0	0	0	0	31	37	0	85	28	21	0	75	1	1	0	2	0	7	0	43	0	0	0	-15	0	0	7	-346	34	29	0	195
16:50:00	60600	146	114	4	68	0	1	0	0	0	0	0	0	47	42	0	90	47	30	0	92	0	1	0	1	2	2	0	43	0	0	0	-15	0	0	4	-350	50	38	0	207
16:55:00	60900	120	111	3	74	0	0	0	0	0	0	0	0	43	40	0	93	32	29	0	95	2	1	0	2	2	2	0	43	0	0	0	-15	0	0	3	-353	41	39	0	209
17:00:00	61200	148	117	3	102	0	0	0	0	0	0	0	0	74	44	0	123	19	27	0	87	1	1	0	2	3	8	0	38	0	0	0	-15	0	0	3	-356	51	37	0	223
17:05:00	61500	148	106	3	141	0	0	0	0	0	0	0	0	86	53	0	156	12	23	0	76	0	0	0	2	3	6	0	35	0	0	0	-15	0	0	3	-359	47	24	0	246
17:10:00	61800	140	140	4	137	0	0	0	0	0	0	0	0	68	66	0	158	16	20	0	72	2	1	0	3	7	1	0	41	0	0	0	-15	0	0	4	-363	47	52	0	241
17:15:00	62100	141	135	4	139	0	0	0	0	0	0	0	0	64	70	0	152	25	20	0	77	1	1	0	3	4	3	0	42	0	0	0	-15	0	0	4	-367	47	41	0	247
17:20:00	62400	146	130	3	152	1	0	0	1	0	0	0	0	79	57	0	174	16	25	0	68	0	2	0	1	6	2	0	46	0	0	0	-15	0	0	3	-370	44	44	0	247
17:25:00	62700	98	141	2	107	0	1	0	0	0	0	0	0	42	72	0	144	0	23	0	45	1	0	0	2	4	2	0	48	0	0	0	-15	0	0	2	-372	51	43	0	255
17:30:00	63000	83	105	2	83	1	0	0	1	0	0	0	0	51	55	0	140	1	12	0	34	1	0	0	3	2	5	0	45	0	0	0	-15	0	0	2	-374	27	33	0	249
17:35:00	63300	82	94	3	68	0	0	0	1	0	0	0	0	48	48	0	140	2	8	0	28	1	1	0	3	9	3	0	51	0	0	0	-15	0	0	3	-377	22	34	0	237
17:40:00	63600	50	80	1	37	0	0	0	1	0	0	0	0	23	49	0	114	2	5	0	25	1	1	0	3	3	6	0	48	0	0	0	-15	0	0	1	-378	21	19	0	239
17:45:00	63900	90	74	2	51	0	1	0	0	0	0	0	0	58	46	0	126	0	0	0	25	0	0	0	3	0	3	0	45	0	0	0	-15	0	0	2	-380	32	24	0	247
17:50:00	64200	81	81	4	47	1	0	0	1	0	0	0	0	58	47	0	137	1	6	0	20	0	0	0	3	6	2	0	49	0	0	0	-15	0	0	4	-384	15	26	0	236
17:55:00	64500	75	85	3	34	0	1	0	0	0	0	0	0	46	52	0	131	0	4	0	16	1	0	0	4	2	5	0	46	0	0	0	-15	0	0	3	-387	26	23	0	239
18:00:00	64800	64	92	1	5	0	0	0	0	0	0	0	0	38	59	0	110	1	2	0	15	0	2	0	2	4	6	0	44	0	0	0	-15	0	0	1	-388	21	23	0	237
18:05:00	65100	58	72	6	-15	0	0	0	0	0	0	0	0	33	44	0	99	0	1	0	14	0	0	0	2	2	5	0	41	0	0	0	-15	0	0	6	-394	23	22	0	238
18:10:00	65400	39	61	4	-41	0	0	0	0	0	0	0	0	24	39	0	84	1	1	0	14	0	0	0	2	2	2	0	41	0	0	0	-15	0	0	4	-398	12	19	0	231
18:15:00	65700	37	60	3	-67	0	0	0	0	0	0	0	0	21	36	0	69	0	1	0	13	1	0	0	3	1	3	0	39	0	0	0	-15	0	0	3	-401	14	20	0	225
18:20:00	66000	47	53	0	-73	0	0	0	0	0	0	0	0	27	24	0	72	0	2	0	11	0	1	0	2	1	7	0	33	0	0	0	-15	0	0	0	-401	19	19	0	225
18:25:00	66300	39	47	3	-84	0	0	0	0	0	0	0	0	27	27	0	72	0	1	0	10	0	0	0	2	0	4	0	29	0	0	0	-15	0	0	3	-404	12	15	0	222
18:30:00	66600	40	59	4	-107	0	0	0	0	0	0	0	0	19	31	0	60	1	1	0	10	0	0	0	2	4	6	0	27	0	0	0	-15	0	0	4	-408	16	21	0	217
18:35:00	66900	52	58	3	-116	0	0	0	0	0	0	0	0	29	27	0	62	0	3	0	7	0	1	0	1	0	5	0	22	0	0	1	-16	0	0	2	-410	23	22	0	218
18:40:00	67200	31	43	5	-133	0	0	0	0	0	0	0	0	14	23	0	53	0	1	0	6	1	0	0	2	1	3	0	20	0	0	0	-16	0	0	5	-415	15	16	0	217
18:45:00	67500	22	41	0	-152	0	0	0	0	0	0	0	0	15	24	0	44	0	2	0	4	0	1	0	1	0	1	0	19	0	0	0	-16	0	0	0	-415	7	13	0	211
18:50:00	67800	16	33	3	-172	0	0	0	0	0	0	0	0	5	13	0	36	0	0	0	4	0	0	0	1	0	5	0	14	0	0	0	-16	0	0	3	-418	11	15	0	207
18:55:00	68100	23	24	0	-173	0	0	0	0	0	0	0	0	16	12	0	40	0	0	0	4	0	0	0	1	0	1	0	13	0	0	0	-16	0	0	0	-418	7	11	0	203
19:00:00	68400	53	38	1	-159	0	0	0	0	0	0	0	0	36	20	0	56	0	0	0	4	0	1	0	0	1	5	0	9	0	0	0	-16	0	0	1	-419	16	12	0	207
19:05:00	68700	66	38	3	-134	0	0	0	0	1	0	0	1	43	18	0	81	0	0	0	4	1	0	0	1	1	0	0	10	0	0	0	-16	0	0	3	-422	20	20	0	207
19:10:00	69000	52	57	4	-143	0	0	0	0	0	0	0	1	35	37	0	79	0	1	0	3	0	0	0	1	0	0	0	10	0	0	0	-16	0	0	4	-426	17	19	0	205
19:15:00	69300	50	54	1	-148	1	1	0	0	0	0	0	1	29	31	0	77	0	0	0	3	1	0	0	2	1	5	0	6	0	0	0	-16	0	0	1	-427	18	17	0	206
19:20:00	69600	51	61	2	-160	0	0	0	0	0	0	0	1	32	34	0	75	0	0	0	3	0	1	0	1	0	0	0	6	0	0	0	-16	0	0	2	-429	19	26	0	199
19:25:00	69900	70	54	1	-145	1	1	0	0	0	1	0	0	51	35	0	91	0	0	0	3	1	0	0	2	0	1	0	5	0	0	0	-16	0	0	1	-430	17	16	0	200
19:30:00	70200	53	58	4	-154	1	0	0	1	0	0	0	0	37	34	0	94	0	0	0	3	2	0	0	4	1	1	0	5	0	0	0	-16	0	0	4	-434	12	23	0	189
19:35:00	70500	37	56	2	-175	0	0	0	1	0	0	0	0	28	41	0	81	0	0	0	3	0	1	0	3	1	0	0	6	0	0	0	-16	0	0	2	-436	8	14	0	183
19:40:00	70800	33	47	1	-190	1	0	0	2	0	0	0	0	20	35	0	66	0	1	0	2	0	1	0	2	1	0	0	7	0	0	0	-16	0	0	1	-437	11	10	0	184
19:45:00	71100	49	44	1	-186	0	2	0	0	0	0	0	0	35	32	0	69	0	0	0	2	0	0	0	2	1	1	0	7	0	0	0	-16	0	0	1	-438	13	9	0	188
19:50:00	71400	32	41	1	-196	0	0	0	0	0	0	0	0	24	31	0	62	0	0	0	2	0	1	0	1	0	2	0	5	0	0	0	-16	0	0	1	-439	8	7	0	189
19:55:00	71700	38	43	1	-202	0	0	0	0	0	0	0	0	29	33	0	58	0	0	0	2	0	0	0	1	0	0	0	5	0	0	0	-16	0	0	1	-440	9	10	0	188
20:00:00	72000	8	37	1	-232	1	0	0	1	0	0	0	0	3	23	0	38	0	0	0	2	0	0	0	1	1	1	0	5	0	0	0	-16	0	0	1	-441	3	13	0	178
20:05:00	72300	5	26	0	-253	0	0	0	1	0	0	0	0	3	13	0	28	0	0	0	2	0	0	0	1	1	0	0	6	0	0	0	-16	0	0	0	-441	1	13	0	166
20:10:00	72600	4	18	0	-267	0	1	0	0	0	0	0	0	2	11	0	19	0	0	0	2	0	0	0	1	0	0	0	6	0	0	0	-16	0	0	0	-441	2	6	0	162
20:15:00	72900	7	16	0	-276	0	0	0	0	0	0	0	0	3	9	0	13	0	0	0	2	0	0	0	1	1	1	0	6	0	0	0	-16	0	0	0	-441	3	6	0	159
20:20:00	73200	5	15	0	-286	0	0	0	0	0	0	0	0	1	8	0	6	0	1	0	1	0	0	0	1	0	1	0	5	0	0	0	-16	0	0	0	-441	4	5	0	158
20:25:00	73500	4	7	0	-289	0	0	0	0	0	0	0	0	3	2	0	7	0	1	0	0	0	0	0	1	0	0	0	5	0	0	0	-16	0	0	0	-441	1	4	0	155
20:30:00	73800	4	7	0	-292	0	0	0	0	0	0	0	0	1	2	0	6	0	0	0	0	0	0	0	1	0	2	0	3	0	0	0	-16	0	0	0	-441	3	3	0	155
20:35:00	74100	6	9	0	-295	0	0	0	0	0	0	0	0	3	2	0	7	0	0	0	0	0	0	0	1	0	1	0	2	0	0	0	-16	0	0	0	-441	3	6	0	152
20:40:00	74400	5	6	1	-297	0	0	0	0	0	0	0	0	3	1	0	9	0	0	0	0	0	0	0	1	0	0	0	2	0	0	0	-16	0	0	1	-442	2	5	0	149
20:45:00	74700	6	9	0	-300	0	0	0	0	0	0	0	0	1	2	0	8	0	0	0	0	0	1	0	0	0	0	0	2	0	0	0	-16	0	0	0	-442	5	6	0	148
20:50:00	75000	5	11	0	-306	0	0	0	0	0	0	0	0	4	3	0	9	0	0	0	0	0	0	0	0	0	0	0	2	0	0	0	-16	0	0	0	-442	1	8	0	141
20:55:00	75300	2	6	0	-310	0	0	0	0	0	0	0	0	1	2	0	8	0	0	0	0	0	0	0	0	0	0	0	2	0	0	0	-16	0	0	0	-442	1	4	0	138
21:00:00	75600	8	10	2	-314	0	0	0	0	0	0	0	0	4	3	0	9	0	0	0	0	0	0	0	0	0	0	0	2	0	0	0	-16	0	0	2	-444	4	7	0	135
21:05:00	75900	3	6	0	-317	0	0	0	0	0	0	0	0	2	1	0	10	0	0	0	0	0	0	0	0	0	0	0	2	0	0	0	-16	0	0	0	-444	1	5	0	131
21:10:00	76200	5	11	1	-324	0	0	0	0	0	0	0	0	2	5	0	7	0	0	0	0	0	0	0	0	0	0	0	2	0	0	0	-16	0	0	1	-445	3	6	0	128
21:15:00	76500	4	9	0	-329	0	0	0	0	0	0	0	0	3	2	0	8	0	0	0	0	0	0	0	0	0	0	0	2	0	0	0	-16	0	0	0	-445	1	7	0	122
21:20:00	76800	1	2	0	-330	0	0	0	0	0	0	0	0	1	0	0	9	0	0	0	0	0	0	0	0	0	0	0	2	0	0	0	-16	0	0	0	-445	0	2	0	120
21:25:00	77100	0	2	0	-332	0	0	0	0	0	0	0	0	0	1	0	8	0	0	0	0	0	0	0	0	0	0	0	2	0	0	0	-16	0	0	0	-445	0	1	0	119
21:30:00	77400	2	4	0	-334	0	0	0	0	0	0	0	0	1	2	0	7	0	0	0	0	0	0	0	0	0	0	0	2	0	0	0	-16	0	0	0	-445	1	2	0	118
21:35:00	77700	1	2	0	-335	0	0	0	0	0	0	0	0	1	1	0	7	0	0	0	0	0	0	0	0	0	0	0	2	0	0	0	-16	0	0	0	-445	0	1	0	117
21:40:00	78000	0	3	0	-338	0	0	0	0	0	0	0	0	0	2	0	5	0	0	0	0	0	0	0	0	0	0	0	2	0	0	0	-16	0	0	0	-445	0	1	0	116
21:45:00	78300	1	4	0	-341	0	0	0	0	0	0	0	0	1	0	0	6	0	0	0	0	0	0	0	0	0	0	0	2	0	0	0	-16	0	0	0	-445	0	4	0	112
21:50:00	78600	2	2	0	-341	0	0	0	0	0	0	0	0	2	1	0	7	0	0	0	0	0	0	0	0	0	0	0	2	0	0	0	-16	0	0	0	-445	0	1	0	111
21:55:00	78900	1	4	0	-344	0	0	0	0	0	0	0	0	1	3	0	5	0	0	0	0	0	0	0	0	0	0	0	2	0	0	0	-16	0	0	0	-445	0	1	0	110
22:00:00	79200	0	2	0	-346	0	0	0	0	0	0	0	0	0	0	0	5	0	0	0	0	0	0	0	0	0	0	0	2	0	0	0	-16	0	0	0	-445	0	2	0	108
22:05:00	79500	1	2	1	-348	0	0	0	0	0	0	0	0	0	0	0	5	0	0	0	0	0	0	0	0	0	0	0	2	0	0	0	-16	0	0	1	-446	1	2	0	107
22:10:00	79800	2	4	0	-350	0	0	0	0	0	0	0	0	2	1	0	6	0	0	0	0	0	0	0	0	0	0	0	2	0	0	0	-16	0	0	0	-446	0	3	0	104
22:15:00	80100	4	6	1	-353	0	0	0	0	0	0	0	0	1	1	0	6	0	0	0	0	0	0	0	0	0	0	0	2	0	0	0	-16	0	0	1	-447	3	5	0	102
22:20:00	80400	6	6	0	-353	0	0	0	0	0	0	0	0	2	1	0	7	0	0	0	0	0	0	0	0	0	0	0	2	0	0	0	-16	0	0	0	-447	4	5	0	101
22:25:00	80700	2	6	0	-357	0	0	0	0	0	0	0	0	1	1	0	7	0	0	0	0	0	0	0	0	0	0	0	2	0	0	0	-16	0	0	0	-447	1	5	0	97
22:30:00	81000	0	4	0	-361	0	0	0	0	0	0	0	0	0	2	0	5	0	0	0	0	0	0	0	0	0	0	0	2	0	0	0	-16	0	0	0	-447	0	2	0	95
22:35:00	81300	4	7	2	-366	0	0	0	0	0	0	0	0	2	2	0	5	0	0	0	0	0	0	0	0	0	0	0	2	0	0	0	-16	0	0	2	-449	2	5	0	92
22:40:00	81600	1	5	0	-370	0	0	0	0	0	0	0	0	0	2	0	3	0	0	0	0	0	0	0	0	0	0	0	2	0	0	0	-16	0	0	0	-449	1	3	0	90
22:45:00	81900	1	1	0	-370	0	0	0	0	0	0	0	0	1	0	0	4	0	0	0	0	0	0	0	0	0	0	0	2	0	0	0	-16	0	0	0	-449	0	1	0	89
22:50:00	82200	2	4	1	-373	0	0	0	0	0	0	0	0	1	2	0	3	0	0	0	0	0	0	0	0	0	0	0	2	0	0	0	-16	0	0	1	-450	1	2	0	88
22:55:00	82500	2	4	1	-376	0	0	0	0	0	0	0	0	0	1	0	2	0	0	0	0	0	0	0	0	0	0	0	2	0	0	0	-16	0	0	1	-451	2	3	0	87
23:00:00	82800	0	1	0	-377	0	0	0	0	0	0	0	0	0	0	0	2	0	0	0	0	0	0	0	0	0	0	0	2	0	0	0	-16	0	0	0	-451	0	1	0	86
23:05:00	83100	3	4	1	-379	0	0	0	0	0	0	0	0	1	1	0	2	0	0	0	0	0	0	0	0	0	0	0	2	0	0	0	-16	0	0	1	-452	2	3	0	85
23:10:00	83400	1	1	1	-380	0	0	0	0	0	0	0	0	0	0	0	2	0	0	0	0	0	0	0	0	0	0	0	2	0	0	0	-16	0	0	1	-453	1	1	0	85
23:15:00	83700	2	0	0	-378	0	0	0	0	0	0	0	0	2	0	0	4	0	0	0	0	0	0	0	0	0	0	0	2	0	0	0	-16	0	0	0	-453	0	0	0	85
23:20:00	84000	4	4	1	-379	0	0	0	0	0	0	0	0	2	3	0	3	0	0	0	0	0	0	0	0	0	0	0	2	0	0	0	-16	0	0	1	-454	2	1	0	86
23:25:00	84300	6	5	0	-378	0	0	0	0	0	0	0	0	4	2	0	5	0	0	0	0	0	0	0	0	0	0	0	2	0	0	0	-16	0	0	0	-454	2	3	0	85
23:30:00	84600	2	5	1	-382	0	0	0	0	0	0	0	0	0	2	0	3	0	0	0	0	0	0	0	0	0	0	0	2	0	0	0	-16	0	0	1	-455	2	3	0	84
23:35:00	84900	3	2	1	-382	0	0	0	0	0	0	0	0	2	0	0	5	0	0	0	0	0	0	0	0	0	0	0	2	0	0	0	-16	0	0	1	-456	1	2	0	83
23:40:00	85200	2	1	0	-381	0	0	0	0	0	0	0	0	2	0	0	7	0	0	0	0	0	0	0	0	0	0	0	2	0	0	0	-16	0	0	0	-456	0	1	0	82
23:45:00	85500	4	5	1	-383	0	0	0	0	0	0	0	0	2	3	0	6	0	0	0	0	0	0	0	0	0	0	0	2	0	0	0	-16	0	0	1	-457	2	2	0	82
23:50:00	85800	3	4	0	-384	0	0	0	0	0	0	0	0	2	3	0	5	0	0	0	0	0	0	0	0	0	0	0	2	0	0	0	-16	0	0	0	-457	1	1	0	82
23:55:00	86100	3	4	0	-385	0	0	0	0	0	0	0	0	1	2	0	4	0	0	0	0	0	0	0	0	0	0	0	2	0	0	0	-16	0	0	0	-457	2	2	0	82
24:00:00	86400	3	2	0	-384	0	0	0	0	0	0	0	0	1	0	0	5	0	0	0	0	0	0	0	0	0	0	0	2	0	0	0	-16	0	0	0	-457	2	2	0	82
24:05:00	86700	1	4	0	-387	0	0	0	0	0	0	0	0	1	4	0	2	0	0	0	0	0	0	0	0	0	0	0	2	0	0	0	-16	0	0	0	-457	0	0	0	82
24:10:00	87000	3	3	0	-387	0	0	0	0	0	0	0	0	1	0	0	3	0	0	0	0	0	0	0	0	0	0	0	2	0	0	0	-16	0	0	0	-457	2	3	0	81
24:15:00	87300	0	3	0	-390	0	0	0	0	0	0	0	0	0	2	0	1	0	0	0	0	0	0	0	0	0	0	0	2	0	0	0	-16	0	0	0	-457	0	1	0	80
24:20:00	87600	4	5	0	-391	0	0	0	0	0	0	0	0	2	2	0	1	0	0	0	0	0	0	0	0	0	0	0	2	0	0	0	-16	0	0	0	-457	2	3	0	79
24:25:00	87900	3	3	1	-392	1	0	0	1	0	0	0	0	1	1	0	1	0	0	0	0	0	0	0	0	0	0	0	2	0	0	0	-16	0	0	1	-458	1	2	0	78
24:30:00	88200	1	2	0	-393	0	1	0	0	0	0	0	0	0	0	0	1	0	0	0	0	0	0	0	0	0	0	0	2	0	0	0	-16	0	0	0	-458	1	1	0	78
24:35:00	88500	2	5	0	-396	0	0	0	0	0	0	0	0	0	0	0	1	0	0	0	0	0	0	0	0	0	0	0	2	0	0	0	-16	0	0	0	-458	2	5	0	75
24:40:00	88800	3	4	0	-397	0	0	0	0	0	0	0	0	1	0	0	2	0	0	0	0	1	1	0	0	0	0	0	2	0	0	0	-16	0	0	0	-458	1	3	0	73
24:45:00	89100	1	2	1	-399	0	0	0	0	0	0	0	0	0	0	0	2	0	0	0	0	0	0	0	0	0	0	0	2	0	0	0	-16	0	0	1	-459	1	2	0	72
24:50:00	89400	2	2	0	-399	0	0	0	0	0	0	0	0	1	0	0	3	0	0	0	0	0	0	0	0	0	0	0	2	0	0	0	-16	0	0	0	-459	1	2	0	71
24:55:00	89700	0	0	0	-399	0	0	0	0	0	0	0	0	0	0	0	3	0	0	0	0	0	0	0	0	0	0	0	2	0	0	0	-16	0	0	0	-459	0	0	0	71
25:00:00	90000	0	0	0	-399	0	0	0	0	0	0	0	0	0	0	0	3	0	0	0	0	0	0	0	0	0	0	0	2	0	0	0	-16	0	0	0	-459	0	0	0	71
25:05:00	90300	0	0	0	-399	0	0	0	0	0	0	0	0	0	0	0	3	0	0	0	0	0	0	0	0	0	0	0	2	0	0	0	-16	0	0	0	-459	0	0	0	71
25:10:00	90600	2	2	0	-399	0	0	0	0	0	0	0	0	0	1	0	2	0	0	0	0	0	0	0	0	0	0	0	2	0	0	0	-16	0	0	0	-459	2	1	0	72
25:15:00	90900	2	3	0	-400	0	0	0	0	0	0	0	0	1	1	0	2	0	0	0	0	0	0	0	0	0	0	0	2	0	0	0	-16	0	0	0	-459	1	2	0	71
25:20:00	91200	0	0	0	-400	0	0	0	0	0	0	0	0	0	0	0	2	0	0	0	0	0	0	0	0	0	0	0	2	0	0	0	-16	0	0	0	-459	0	0	0	71
25:25:00	91500	0	0	0	-400	0	0	0	0	0	0	0	0	0	0	0	2	0	0	0	0	0	0	0	0	0	0	0	2	0	0	0	-16	0	0	0	-459	0	0	0	71
25:30:00	91800	0	0	0	-400	0	0	0	0	0	0	0	0	0	0	0	2	0	0	0	0	0	0	0	0	0	0	0	2	0	0	0	-16	0	0	0	-459	0	0	0	71
25:35:00	92100	1	1	0	-400	0	0	0	0	0	0	0	0	1	1	0	2	0	0	0	0	0	0	0	0	0	0	0	2	0	0	0	-16	0	0	0	-459	0	0	0	71
25:40:00	92400	0	1	0	-401	0	0	0	0	0	0	0	0	0	1	0	1	0	0	0	0	0	0	0	0	0	0	0	2	0	0	0	-16	0	0	0	-459	0	0	0	71
25:45:00	92700	0	0	0	-401	0	0	0	0	0	0	0	0	0	0	0	1	0	0	0	0	0	0	0	0	0	0	0	2	0	0	0	-16	0	0	0	-459	0	0	0	71
25:50:00	93000	2	3	0	-402	0	0	0	0	0	0	0	0	1	1	0	1	0	0	0	0	0	0	0	0	0	0	0	2	0	0	0	-16	0	0	0	-459	1	2	0	70
25:55:00	93300	0	1	0	-403	0	0	0	0	0	0	0	0	0	0	0	1	0	0	0	0	0	0	0	0	0	0	0	2	0	0	0	-16	0	0	0	-459	0	1	0	69
26:00:00	93600	1	2	1	-405	0	0	0	0	0	0	0	0	0	0	0	1	0	0	0	0	0	0	0	0	0	0	0	2	0	0	0	-16	0	0	1	-460	1	2	0	68
26:05:00	93900	2	3	1	-407	0	0	0	0	0	0	0	0	0	0	0	1	0	0	0	0	0	0	0	0	0	0	0	2	0	0	0	-16	0	0	1	-461	2	3	0	67
26:10:00	94200	3	4	0	-408	0	0	0	0	0	0	0	0	1	1	0	1	0	0	0	0	0	0	0	0	0	0	0	2	0	0	0	-16	0	0	0	-461	2	3	0	66
26:15:00	94500	1	1	0	-408	0	0	0	0	0	0	0	0	0	0	0	1	0	0	0	0	0	0	0	0	0	0	0	2	0	0	0	-16	0	0	0	-461	1	1	0	66
26:20:00	94800	0	0	0	-408	0	0	0	0	0	0	0	0	0	0	0	1	0	0	0	0	0	0	0	0	0	0	0	2	0	0	0	-16	0	0	0	-461	0	0	0	66
26:25:00	95100	0	0	0	-408	0	0	0	0	0	0	0	0	0	0	0	1	0	0	0	0	0	0	0	0	0	0	0	2	0	0	0	-16	0	0	0	-461	0	0	0	66
26:30:00	95400	1	1	0	-408	0	0	0	0	0	0	0	0	0	0	0	1	0	0	0	0	0	0	0	0	0	0	0	2	0	0	0	-16	0	0	0	-461	1	1	0	66
26:35:00	95700	0	0	0	-408	0	0	0	0	0	0	0	0	0	0	0	1	0	0	0	0	0	0	0	0	0	0	0	2	0	0	0	-16	0	0	0	-461	0	0	0	66
26:40:00	96000	0	0	0	-408	0	0	0	0	0	0	0	0	0	0	0	1	0	0	0	0	0	0	0	0	0	0	0	2	0	0	0	-16	0	0	0	-461	0	0	0	66
26:45:00	96300	0	1	0	-409	0	0	0	0	0	0	0	0	0	0	0	1	0	0	0	0	0	0	0	0	0	0	0	2	0	0	0	-16	0	0	0	-461	0	1	0	65
26:50:00	96600	0	3	0	-412	0	0	0	0	0	0	0	0	0	0	0	1	0	0	0	0	0	0	0	0	0	0	0	2	0	0	0	-16	0	0	0	-461	0	3	0	62
26:55:00	96900	5	6	3	-416	0	0	0	0	0	0	0	0	1	1	0	1	0	0	0	0	0	0	0	0	0	0	0	2	0	0	0	-16	0	0	3	-464	4	5	0	61
27:00:00	97200	1	1	1	-417	0	0	0	0	0	0	0	0	0	0	0	1	0	0	0	0	0	0	0	0	0	0	0	2	0	0	0	-16	0	0	1	-465	1	1	0	61
27:05:00	97500	0	0	0	-417	0	0	0	0	0	0	0	0	0	0	0	1	0	0	0	0	0	0	0	0	0	0	0	2	0	0	0	-16	0	0	0	-465	0	0	0	61
27:10:00	97800	1	2	0	-418	0	0	0	0	0	0	0	0	1	1	0	1	0	0	0	0	0	0	0	0	0	0	0	2	0	0	0	-16	0	0	0	-465	0	1	0	60
27:15:00	98100	1	1	1	-419	0	0	0	0	0	0	0	0	0	0	0	1	0	0	0	0	0	0	0	0	0	0	0	2	0	0	0	-16	0	0	1	-466	1	1	0	60
27:20:00	98400	0	0	0	-419	0	0	0	0	0	0	0	0	0	0	0	1	0	0	0	0	0	0	0	0	0	0	0	2	0	0	0	-16	0	0	0	-466	0	0	0	60
27:25:00	98700	0	0	0	-419	0	0	0	0	0	0	0	0	0	0	0	1	0	0	0	0	0	0	0	0	0	0	0	2	0	0	0	-16	0	0	0	-466	0	0	0	60
27:30:00	99000	0	2	0	-421	0	0	0	0	0	0	0	0	0	0	0	1	0	0	0	0	0	0	0	0	0	0	0	2	0	0	0	-16	0	0	0	-466	0	2	0	58
27:35:00	99300	2	3	2	-424	0	0	0	0	0	0	0	0	0	0	0	1	0	0	0	0	0	0	0	0	0	0	0	2	0	0	0	-16	0	0	2	-468	2	3	0	57
27:40:00	99600	5	6	1	-426	0	0	0	0	0	0	0	0	1	1	0	1	0	0	0	0	0	0	0	0	0	0	0	2	0	0	0	-16	0	0	1	-469	4	5	0	56
27:45:00	99900	2	3	1	-428	0	0	0	0	0	0	0	0	0	0	0	1	0	0	0	0	0	0	0	0	0	0	0	2	0	0	0	-16	0	0	1	-470	2	3	0	55
27:50:00	100200	0	0	0	-428	0	0	0	0	0	0	0	0	0	0	0	1	0	0	0	0	0	0	0	0	0	0	0	2	0	0	0	-16	0	0	0	-470	0	0	0	55
27:55:00	100500	2	2	0	-428	0	0	0	0	0	0	0	0	1	0	0	2	0	0	0	0	0	0	0	0	0	0	0	2	0	0	0	-16	0	0	0	-470	1	2	0	54
28:00:00	100800	2	2	0	-428	0	0	0	0	0	0	0	0	1	2	0	1	0	0	0	0	0	0	0	0	0	0	0	2	0	0	0	-16	0	0	0	-470	1	0	0	55
28:05:00	101100	0	2	0	-430	0	0	0	0	0	0	0	0	0	1	0	0	0	0	0	0	0	0	0	0	0	0	0	2	0	0	0	-16	0	0	0	-470	0	1	0	54
28:10:00	101400	0	2	0	-432	0	0	0	0	0	0	0	0	0	0	0	0	0	0	0	0	0	0	0	0	0	0	0	2	0	0	0	-16	0	0	0	-470	0	2	0	52
28:15:00	101700	1	1	1	-433	0	0	0	0	0	0	0	0	0	0	0	0	0	0	0	0	0	0	0	0	0	0	0	2	0	0	0	-16	0	0	1	-471	1	1	0	52
28:20:00	102000	0	0	0	-433	0	0	0	0	0	0	0	0	0	0	0	0	0	0	0	0	0	0	0	0	0	0	0	2	0	0	0	-16	0	0	0	-471	0	0	0	52
28:25:00	102300	0	0	0	-433	0	0	0	0	0	0	0	0	0	0	0	0	0	0	0	0	0	0	0	0	0	0	0	2	0	0	0	-16	0	0	0	-471	0	0	0	52
28:30:00	102600	0	0	0	-433	0	0	0	0	0	0	0	0	0	0	0	0	0	0	0	0	0	0	0	0	0	0	0	2	0	0	0	-16	0	0	0	-471	0	0	0	52
28:35:00	102900	2	2	0	-433	0	0	0	0	0	0	0	0	1	0	0	1	0	0	0	0	0	0	0	0	0	0	0	2	0	0	0	-16	0	0	0	-471	1	2	0	51
28:40:00	103200	0	1	0	-434	0	0	0	0	0	0	0	0	0	0	0	1	0	0	0	0	0	0	0	0	0	0	0	2	0	0	0	-16	0	0	0	-471	0	1	0	50
28:45:00	103500	1	1	1	-435	0	0	0	0	0	0	0	0	0	0	0	1	0	0	0	0	0	0	0	0	0	0	0	2	0	0	0	-16	0	0	1	-472	1	1	0	50
28:50:00	103800	0	2	0	-437	0	0	0	0	0	0	0	0	0	0	0	1	0	0	0	0	0	0	0	0	0	0	0	2	0	0	0	-16	0	0	0	-472	0	2	0	48
28:55:00	104100	1	1	0	-437	0	0	0	0	0	0	0	0	0	0	0	1	0	0	0	0	0	0	0	0	0	0	0	2	0	0	0	-16	0	0	0	-472	1	1	0	48
29:00:00	104400	1	2	0	-438	0	0	0	0	0	0	0	0	0	0	0	1	0	0	0	0	0	0	0	0	0	0	0	2	0	0	0	-16	0	0	0	-472	1	2	0	47
29:05:00	104700	0	0	0	-438	0	0	0	0	0	0	0	0	0	0	0	1	0	0	0	0	0	0	0	0	0	0	0	2	0	0	0	-16	0	0	0	-472	0	0	0	47
29:10:00	105000	0	0	0	-438	0	0	0	0	0	0	0	0	0	0	0	1	0	0	0	0	0	0	0	0	0	0	0	2	0	0	0	-16	0	0	0	-472	0	0	0	47
29:15:00	105300	0	0	0	-438	0	0	0	0	0	0	0	0	0	0	0	1	0	0	0	0	0	0	0	0	0	0	0	2	0	0	0	-16	0	0	0	-472	0	0	0	47
29:20:00	105600	2	2	0	-438	0	0	0	0	0	0	0	0	2	1	0	2	0	0	0	0	0	0	0	0	0	0	0	2	0	0	0	-16	0	0	0	-472	0	1	0	46
29:25:00	105900	2	4	0	-440	0	0	0	0	0	0	0	0	1	1	0	2	0	0	0	0	0	0	0	0	0	0	0	2	0	0	0	-16	0	0	0	-472	1	3	0	44
29:30:00	106200	1	2	0	-441	0	0	0	0	0	0	0	0	0	1	0	1	0	0	0	0	0	0	0	0	0	0	0	2	0	0	0	-16	0	0	0	-472	1	1	0	44
29:35:00	106500	0	0	0	-441	0	0	0	0	0	0	0	0	0	0	0	1	0	0	0	0	0	0	0	0	0	0	0	2	0	0	0	-16	0	0	0	-472	0	0	0	44
29:40:00	106800	1	1	0	-441	0	0	0	0	0	0	0	0	1	1	0	1	0	0	0	0	0	0	0	0	0	0	0	2	0	0	0	-16	0	0	0	-472	0	0	0	44
29:45:00	107100	0	0	0	-441	0	0	0	0	0	0	0	0	0	0	0	1	0	0	0	0	0	0	0	0	0	0	0	2	0	0	0	-16	0	0	0	-472	0	0	0	44
29:50:00	107400	0	3	0	-444	0	0	0	0	0	0	0	0	0	1	0	0	0	0	0	0	0	0	0	0	0	0	0	2	0	0	0	-16	0	0	0	-472	0	2	0	42
29:55:00	107700	1	1	1	-445	0	0	0	0	0	0	0	0	0	0	0	0	0	0	0	0	0	0	0	0	0	0	0	2	0	0	0	-16	0	0	1	-473	1	1	0	42
30:00:00	108000	0	0	44	-489	0	0	0	0	0	0	0	0	0	0	0	0	0	0	0	0	0	0	0	0	0	0	2	0	0	0	0	-16	0	0	0	-473	0	0	42	0
30:05:00	108300	0	0	0	-489	0	0	0	0	0	0	0	0	0	0	0	0	0	0	0	0	0	0	0	0	0	0	0	0	0	0	0	-16	0	0	0	-473	0	0	0	0
