time	time	departures_all	arrivals_all	stuck_all	en-route_all	departures_Shared-Bike	arrivals_Shared-Bike	stuck_Shared-Bike	en-route_Shared-Bike	departures_bike	arrivals_bike	stuck_bike	en-route_bike	departures_car	arrivals_car	stuck_car	en-route_car	departures_car_passenger	arrivals_car_passenger	stuck_car_passenger	en-route_car_passenger	departures_pt	arrivals_pt	stuck_pt	en-route_pt	departures_sharing:standardBikeShare	arrivals_sharing:standardBikeShare	stuck_sharing:standardBikeShare	en-route_sharing:standardBikeShare	departures_walk	arrivals_walk	stuck_walk	en-route_walk
00:00:00	0	0	0	0	0	0	0	0	0	0	0	0	0	0	0	0	0	0	0	0	0	0	0	0	0	0	0	0	0	0	0	0	0
00:05:00	300	0	0	0	0	0	0	0	0	0	0	0	0	0	0	0	0	0	0	0	0	0	0	0	0	0	0	0	0	0	0	0	0
00:10:00	600	0	0	0	0	0	0	0	0	0	0	0	0	0	0	0	0	0	0	0	0	0	0	0	0	0	0	0	0	0	0	0	0
00:15:00	900	0	0	0	0	0	0	0	0	0	0	0	0	0	0	0	0	0	0	0	0	0	0	0	0	0	0	0	0	0	0	0	0
00:20:00	1200	0	0	0	0	0	0	0	0	0	0	0	0	0	0	0	0	0	0	0	0	0	0	0	0	0	0	0	0	0	0	0	0
00:25:00	1500	0	0	0	0	0	0	0	0	0	0	0	0	0	0	0	0	0	0	0	0	0	0	0	0	0	0	0	0	0	0	0	0
00:30:00	1800	0	0	0	0	0	0	0	0	0	0	0	0	0	0	0	0	0	0	0	0	0	0	0	0	0	0	0	0	0	0	0	0
00:35:00	2100	0	0	0	0	0	0	0	0	0	0	0	0	0	0	0	0	0	0	0	0	0	0	0	0	0	0	0	0	0	0	0	0
00:40:00	2400	0	0	0	0	0	0	0	0	0	0	0	0	0	0	0	0	0	0	0	0	0	0	0	0	0	0	0	0	0	0	0	0
00:45:00	2700	0	0	0	0	0	0	0	0	0	0	0	0	0	0	0	0	0	0	0	0	0	0	0	0	0	0	0	0	0	0	0	0
00:50:00	3000	0	0	0	0	0	0	0	0	0	0	0	0	0	0	0	0	0	0	0	0	0	0	0	0	0	0	0	0	0	0	0	0
00:55:00	3300	0	0	0	0	0	0	0	0	0	0	0	0	0	0	0	0	0	0	0	0	0	0	0	0	0	0	0	0	0	0	0	0
01:00:00	3600	0	0	0	0	0	0	0	0	0	0	0	0	0	0	0	0	0	0	0	0	0	0	0	0	0	0	0	0	0	0	0	0
01:05:00	3900	0	0	0	0	0	0	0	0	0	0	0	0	0	0	0	0	0	0	0	0	0	0	0	0	0	0	0	0	0	0	0	0
01:10:00	4200	0	0	0	0	0	0	0	0	0	0	0	0	0	0	0	0	0	0	0	0	0	0	0	0	0	0	0	0	0	0	0	0
01:15:00	4500	0	0	0	0	0	0	0	0	0	0	0	0	0	0	0	0	0	0	0	0	0	0	0	0	0	0	0	0	0	0	0	0
01:20:00	4800	0	0	0	0	0	0	0	0	0	0	0	0	0	0	0	0	0	0	0	0	0	0	0	0	0	0	0	0	0	0	0	0
01:25:00	5100	0	0	0	0	0	0	0	0	0	0	0	0	0	0	0	0	0	0	0	0	0	0	0	0	0	0	0	0	0	0	0	0
01:30:00	5400	0	0	0	0	0	0	0	0	0	0	0	0	0	0	0	0	0	0	0	0	0	0	0	0	0	0	0	0	0	0	0	0
01:35:00	5700	0	0	0	0	0	0	0	0	0	0	0	0	0	0	0	0	0	0	0	0	0	0	0	0	0	0	0	0	0	0	0	0
01:40:00	6000	0	0	0	0	0	0	0	0	0	0	0	0	0	0	0	0	0	0	0	0	0	0	0	0	0	0	0	0	0	0	0	0
01:45:00	6300	0	0	0	0	0	0	0	0	0	0	0	0	0	0	0	0	0	0	0	0	0	0	0	0	0	0	0	0	0	0	0	0
01:50:00	6600	0	0	0	0	0	0	0	0	0	0	0	0	0	0	0	0	0	0	0	0	0	0	0	0	0	0	0	0	0	0	0	0
01:55:00	6900	0	0	0	0	0	0	0	0	0	0	0	0	0	0	0	0	0	0	0	0	0	0	0	0	0	0	0	0	0	0	0	0
02:00:00	7200	0	0	0	0	0	0	0	0	0	0	0	0	0	0	0	0	0	0	0	0	0	0	0	0	0	0	0	0	0	0	0	0
02:05:00	7500	0	0	0	0	0	0	0	0	0	0	0	0	0	0	0	0	0	0	0	0	0	0	0	0	0	0	0	0	0	0	0	0
02:10:00	7800	0	0	0	0	0	0	0	0	0	0	0	0	0	0	0	0	0	0	0	0	0	0	0	0	0	0	0	0	0	0	0	0
02:15:00	8100	0	0	0	0	0	0	0	0	0	0	0	0	0	0	0	0	0	0	0	0	0	0	0	0	0	0	0	0	0	0	0	0
02:20:00	8400	0	0	0	0	0	0	0	0	0	0	0	0	0	0	0	0	0	0	0	0	0	0	0	0	0	0	0	0	0	0	0	0
02:25:00	8700	0	0	0	0	0	0	0	0	0	0	0	0	0	0	0	0	0	0	0	0	0	0	0	0	0	0	0	0	0	0	0	0
02:30:00	9000	0	0	0	0	0	0	0	0	0	0	0	0	0	0	0	0	0	0	0	0	0	0	0	0	0	0	0	0	0	0	0	0
02:35:00	9300	0	0	0	0	0	0	0	0	0	0	0	0	0	0	0	0	0	0	0	0	0	0	0	0	0	0	0	0	0	0	0	0
02:40:00	9600	0	0	0	0	0	0	0	0	0	0	0	0	0	0	0	0	0	0	0	0	0	0	0	0	0	0	0	0	0	0	0	0
02:45:00	9900	0	0	0	0	0	0	0	0	0	0	0	0	0	0	0	0	0	0	0	0	0	0	0	0	0	0	0	0	0	0	0	0
02:50:00	10200	0	0	0	0	0	0	0	0	0	0	0	0	0	0	0	0	0	0	0	0	0	0	0	0	0	0	0	0	0	0	0	0
02:55:00	10500	0	0	0	0	0	0	0	0	0	0	0	0	0	0	0	0	0	0	0	0	0	0	0	0	0	0	0	0	0	0	0	0
03:00:00	10800	0	0	0	0	0	0	0	0	0	0	0	0	0	0	0	0	0	0	0	0	0	0	0	0	0	0	0	0	0	0	0	0
03:05:00	11100	0	0	0	0	0	0	0	0	0	0	0	0	0	0	0	0	0	0	0	0	0	0	0	0	0	0	0	0	0	0	0	0
03:10:00	11400	0	0	0	0	0	0	0	0	0	0	0	0	0	0	0	0	0	0	0	0	0	0	0	0	0	0	0	0	0	0	0	0
03:15:00	11700	0	0	0	0	0	0	0	0	0	0	0	0	0	0	0	0	0	0	0	0	0	0	0	0	0	0	0	0	0	0	0	0
03:20:00	12000	0	0	0	0	0	0	0	0	0	0	0	0	0	0	0	0	0	0	0	0	0	0	0	0	0	0	0	0	0	0	0	0
03:25:00	12300	0	0	0	0	0	0	0	0	0	0	0	0	0	0	0	0	0	0	0	0	0	0	0	0	0	0	0	0	0	0	0	0
03:30:00	12600	0	0	0	0	0	0	0	0	0	0	0	0	0	0	0	0	0	0	0	0	0	0	0	0	0	0	0	0	0	0	0	0
03:35:00	12900	0	0	0	0	0	0	0	0	0	0	0	0	0	0	0	0	0	0	0	0	0	0	0	0	0	0	0	0	0	0	0	0
03:40:00	13200	0	0	0	0	0	0	0	0	0	0	0	0	0	0	0	0	0	0	0	0	0	0	0	0	0	0	0	0	0	0	0	0
03:45:00	13500	0	0	0	0	0	0	0	0	0	0	0	0	0	0	0	0	0	0	0	0	0	0	0	0	0	0	0	0	0	0	0	0
03:50:00	13800	0	0	0	0	0	0	0	0	0	0	0	0	0	0	0	0	0	0	0	0	0	0	0	0	0	0	0	0	0	0	0	0
03:55:00	14100	0	0	0	0	0	0	0	0	0	0	0	0	0	0	0	0	0	0	0	0	0	0	0	0	0	0	0	0	0	0	0	0
04:00:00	14400	0	0	0	0	0	0	0	0	0	0	0	0	0	0	0	0	0	0	0	0	0	0	0	0	0	0	0	0	0	0	0	0
04:05:00	14700	0	0	0	0	0	0	0	0	0	0	0	0	0	0	0	0	0	0	0	0	0	0	0	0	0	0	0	0	0	0	0	0
04:10:00	15000	0	0	0	0	0	0	0	0	0	0	0	0	0	0	0	0	0	0	0	0	0	0	0	0	0	0	0	0	0	0	0	0
04:15:00	15300	0	0	0	0	0	0	0	0	0	0	0	0	0	0	0	0	0	0	0	0	0	0	0	0	0	0	0	0	0	0	0	0
04:20:00	15600	0	0	0	0	0	0	0	0	0	0	0	0	0	0	0	0	0	0	0	0	0	0	0	0	0	0	0	0	0	0	0	0
04:25:00	15900	0	0	0	0	0	0	0	0	0	0	0	0	0	0	0	0	0	0	0	0	0	0	0	0	0	0	0	0	0	0	0	0
04:30:00	16200	0	0	0	0	0	0	0	0	0	0	0	0	0	0	0	0	0	0	0	0	0	0	0	0	0	0	0	0	0	0	0	0
04:35:00	16500	0	0	0	0	0	0	0	0	0	0	0	0	0	0	0	0	0	0	0	0	0	0	0	0	0	0	0	0	0	0	0	0
04:40:00	16800	0	0	0	0	0	0	0	0	0	0	0	0	0	0	0	0	0	0	0	0	0	0	0	0	0	0	0	0	0	0	0	0
04:45:00	17100	0	0	0	0	0	0	0	0	0	0	0	0	0	0	0	0	0	0	0	0	0	0	0	0	0	0	0	0	0	0	0	0
04:50:00	17400	0	0	0	0	0	0	0	0	0	0	0	0	0	0	0	0	0	0	0	0	0	0	0	0	0	0	0	0	0	0	0	0
04:55:00	17700	0	0	0	0	0	0	0	0	0	0	0	0	0	0	0	0	0	0	0	0	0	0	0	0	0	0	0	0	0	0	0	0
05:00:00	18000	0	0	0	0	0	0	0	0	0	0	0	0	0	0	0	0	0	0	0	0	0	0	0	0	0	0	0	0	0	0	0	0
05:05:00	18300	0	0	0	0	0	0	0	0	0	0	0	0	0	0	0	0	0	0	0	0	0	0	0	0	0	0	0	0	0	0	0	0
05:10:00	18600	0	0	0	0	0	0	0	0	0	0	0	0	0	0	0	0	0	0	0	0	0	0	0	0	0	0	0	0	0	0	0	0
05:15:00	18900	0	0	0	0	0	0	0	0	0	0	0	0	0	0	0	0	0	0	0	0	0	0	0	0	0	0	0	0	0	0	0	0
05:20:00	19200	0	0	0	0	0	0	0	0	0	0	0	0	0	0	0	0	0	0	0	0	0	0	0	0	0	0	0	0	0	0	0	0
05:25:00	19500	0	0	0	0	0	0	0	0	0	0	0	0	0	0	0	0	0	0	0	0	0	0	0	0	0	0	0	0	0	0	0	0
05:30:00	19800	0	0	0	0	0	0	0	0	0	0	0	0	0	0	0	0	0	0	0	0	0	0	0	0	0	0	0	0	0	0	0	0
05:35:00	20100	0	0	0	0	0	0	0	0	0	0	0	0	0	0	0	0	0	0	0	0	0	0	0	0	0	0	0	0	0	0	0	0
05:40:00	20400	0	0	0	0	0	0	0	0	0	0	0	0	0	0	0	0	0	0	0	0	0	0	0	0	0	0	0	0	0	0	0	0
05:45:00	20700	0	0	0	0	0	0	0	0	0	0	0	0	0	0	0	0	0	0	0	0	0	0	0	0	0	0	0	0	0	0	0	0
05:50:00	21000	0	0	0	0	0	0	0	0	0	0	0	0	0	0	0	0	0	0	0	0	0	0	0	0	0	0	0	0	0	0	0	0
05:55:00	21300	0	0	0	0	0	0	0	0	0	0	0	0	0	0	0	0	0	0	0	0	0	0	0	0	0	0	0	0	0	0	0	0
06:00:00	21600	4	0	0	4	0	0	0	0	0	0	0	0	4	0	0	4	0	0	0	0	0	0	0	0	0	0	0	0	0	0	0	0
06:05:00	21900	4	1	0	7	0	0	0	0	0	0	0	0	4	1	0	7	0	0	0	0	0	0	0	0	0	0	0	0	0	0	0	0
06:10:00	22200	3	1	0	9	0	0	0	0	0	0	0	0	3	1	0	9	0	0	0	0	0	0	0	0	0	0	0	0	0	0	0	0
06:15:00	22500	1	3	0	7	0	0	0	0	0	0	0	0	1	3	0	7	0	0	0	0	0	0	0	0	0	0	0	0	0	0	0	0
06:20:00	22800	4	1	0	10	0	0	0	0	0	0	0	0	4	1	0	10	0	0	0	0	0	0	0	0	0	0	0	0	0	0	0	0
06:25:00	23100	6	3	0	13	0	0	0	0	0	0	0	0	5	3	0	12	0	0	0	0	0	0	0	0	0	0	0	0	1	0	0	1
06:30:00	23400	42	3	0	52	0	0	0	0	0	0	0	0	35	3	0	44	0	0	0	0	0	0	0	0	0	0	0	0	7	0	0	8
06:35:00	23700	38	22	0	68	0	0	0	0	0	0	0	0	30	17	0	57	0	0	0	0	0	0	0	0	0	0	0	0	8	5	0	11
06:40:00	24000	39	22	0	85	2	1	0	1	0	0	0	0	30	15	0	72	0	0	0	0	3	0	0	3	0	0	0	0	4	6	0	9
06:45:00	24300	36	38	0	83	0	1	0	0	0	0	0	0	28	31	0	69	0	0	0	0	1	0	0	4	0	0	0	0	7	6	0	10
06:50:00	24600	42	30	0	95	1	0	0	1	0	0	0	0	27	22	0	74	0	0	0	0	2	0	0	6	0	0	0	0	12	8	0	14
06:55:00	24900	80	34	0	141	1	0	0	2	0	0	0	0	62	30	0	106	0	0	0	0	0	0	0	6	0	0	0	0	17	4	0	27
07:00:00	25200	65	46	0	160	2	0	0	4	0	0	0	0	49	39	0	116	0	0	0	0	1	0	0	7	0	0	0	0	13	7	0	33
07:05:00	25500	64	51	0	173	0	3	0	1	0	0	0	0	37	34	0	119	0	0	0	0	0	1	0	6	0	0	0	0	27	13	0	47
07:10:00	25800	69	57	0	185	1	2	0	0	0	0	0	0	52	40	0	131	0	0	0	0	5	0	0	11	0	0	0	0	11	15	0	43
07:15:00	26100	88	59	1	213	0	0	0	0	0	0	0	0	73	46	0	158	0	0	0	0	0	0	0	11	0	0	1	-1	15	13	0	45
07:20:00	26400	82	70	1	224	0	0	0	0	0	0	0	0	57	56	0	159	0	0	0	0	8	0	0	19	0	0	1	-2	17	14	0	48
07:25:00	26700	111	69	1	265	1	0	0	1	0	0	0	0	83	53	0	189	0	0	0	0	7	0	0	26	0	0	1	-3	20	16	0	52
07:30:00	27000	79	89	0	255	0	0	0	1	0	0	0	0	62	71	0	180	0	0	0	0	6	2	0	30	0	0	0	-3	11	16	0	47
07:35:00	27300	98	101	0	252	1	2	0	0	0	0	0	0	61	75	0	166	0	0	0	0	4	5	0	29	0	0	0	-3	32	19	0	60
07:40:00	27600	98	72	0	278	1	0	0	1	0	0	0	0	71	52	0	185	0	0	0	0	4	0	0	33	0	0	0	-3	22	20	0	62
07:45:00	27900	99	80	0	297	0	1	0	0	0	0	0	0	73	60	0	198	0	0	0	0	6	0	0	39	0	0	0	-3	20	19	0	63
07:50:00	28200	115	93	0	319	3	0	0	3	1	0	0	1	83	67	0	214	0	0	0	0	4	6	0	37	0	0	0	-3	24	20	0	67
07:55:00	28500	119	109	0	329	0	2	0	1	1	0	0	2	74	83	0	205	12	1	0	11	8	1	0	44	0	0	0	-3	24	22	0	69
08:00:00	28800	138	120	0	347	2	1	0	2	0	1	0	1	83	81	0	207	24	6	0	29	9	5	0	48	0	0	0	-3	20	26	0	63
08:05:00	29100	122	116	1	352	0	2	0	0	0	0	0	1	67	71	0	203	17	11	0	35	7	7	0	48	0	0	1	-4	31	25	0	69
08:10:00	29400	133	115	0	370	0	0	0	0	0	0	0	1	76	78	0	201	26	16	0	45	4	4	0	48	0	0	0	-4	27	17	0	79
08:15:00	29700	100	108	0	362	0	0	0	0	0	0	0	1	56	68	0	189	14	15	0	44	6	1	0	53	0	0	0	-4	24	24	0	79
08:20:00	30000	113	101	0	374	1	0	0	1	0	0	0	1	74	58	0	205	16	18	0	42	8	1	0	60	0	0	0	-4	14	24	0	69
08:25:00	30300	112	106	0	380	0	0	0	1	0	0	0	1	67	73	0	199	20	12	0	50	7	2	0	65	0	0	0	-4	18	19	0	68
08:30:00	30600	104	112	0	372	1	2	0	0	0	1	0	0	47	61	0	185	21	16	0	55	12	7	0	70	0	0	0	-4	23	25	0	66
08:35:00	30900	81	97	0	356	1	0	0	1	0	0	0	0	53	56	0	182	8	19	0	44	6	5	0	71	0	0	0	-4	13	17	0	62
08:40:00	31200	90	90	0	356	0	1	0	0	0	0	0	0	45	55	0	172	24	18	0	50	5	4	0	72	0	0	0	-4	16	12	0	66
08:45:00	31500	110	82	0	384	1	1	0	0	0	0	0	0	47	52	0	167	39	14	0	75	5	1	0	76	0	0	0	-4	18	14	0	70
08:50:00	31800	86	96	0	374	1	1	0	0	0	0	0	0	48	55	0	160	13	23	0	65	6	0	0	82	0	0	0	-4	18	17	0	71
08:55:00	32100	88	91	0	371	0	0	0	0	0	0	0	0	51	54	0	157	18	18	0	65	6	5	0	83	0	0	0	-4	13	14	0	70
09:00:00	32400	99	91	0	379	0	0	0	0	0	0	0	0	70	55	0	172	4	16	0	53	8	3	0	88	0	0	0	-4	17	17	0	70
09:05:00	32700	81	96	0	364	0	0	0	0	0	0	0	0	43	48	0	167	6	11	0	48	4	12	0	80	0	0	0	-4	28	25	0	73
09:10:00	33000	62	88	0	338	2	0	0	2	0	0	0	0	42	54	0	155	3	11	0	40	5	2	0	83	0	0	0	-4	10	21	0	62
09:15:00	33300	67	80	0	325	1	2	0	1	0	0	0	0	47	49	0	153	2	12	0	30	7	3	0	87	0	0	0	-4	10	14	0	58
09:20:00	33600	50	85	0	290	1	0	0	2	1	0	0	1	27	51	0	129	2	12	0	20	3	4	0	86	0	0	0	-4	16	18	0	56
09:25:00	33900	65	68	0	287	0	1	0	1	0	0	0	1	33	39	0	123	4	2	0	22	3	13	0	76	0	0	0	-4	25	13	0	68
09:30:00	34200	51	71	0	267	0	1	0	0	0	0	0	1	36	37	0	122	1	6	0	17	1	6	0	71	0	0	0	-4	13	21	0	60
09:35:00	34500	55	71	0	251	0	0	0	0	0	0	0	1	28	41	0	109	8	6	0	19	6	3	0	74	0	0	0	-4	13	21	0	52
09:40:00	34800	40	60	0	231	0	0	0	0	0	0	0	1	29	41	0	97	2	5	0	16	1	2	0	73	0	0	0	-4	8	12	0	48
09:45:00	35100	44	68	0	207	0	0	0	0	0	1	0	0	27	42	0	82	0	6	0	10	5	0	0	78	0	0	0	-4	12	19	0	41
09:50:00	35400	38	45	0	200	0	0	0	0	0	0	0	0	27	26	0	83	0	4	0	6	5	0	0	83	0	0	0	-4	6	15	0	32
09:55:00	35700	47	39	0	208	0	0	0	0	0	0	0	0	34	25	0	92	0	2	0	4	0	1	0	82	0	0	0	-4	13	11	0	34
10:00:00	36000	75	63	0	220	0	0	0	0	0	0	0	0	46	35	0	103	0	2	0	2	3	10	0	75	0	0	0	-4	26	16	0	44
10:05:00	36300	58	59	0	219	0	0	0	0	0	0	0	0	40	42	0	101	0	1	0	1	0	2	0	73	0	0	0	-4	18	14	0	48
10:10:00	36600	84	80	0	223	0	0	0	0	0	0	0	0	56	46	0	111	0	1	0	0	2	9	0	66	0	0	0	-4	26	24	0	50
10:15:00	36900	64	72	0	215	0	0	0	0	0	0	0	0	35	44	0	102	0	0	0	0	2	2	0	66	0	0	0	-4	27	26	0	51
10:20:00	37200	65	68	0	212	0	0	0	0	0	0	0	0	37	39	0	100	0	0	0	0	4	0	0	70	0	0	0	-4	24	29	0	46
10:25:00	37500	76	75	0	213	0	0	0	0	0	0	0	0	53	47	0	106	0	0	0	0	1	3	0	68	0	0	0	-4	22	25	0	43
10:30:00	37800	62	74	0	201	0	0	0	0	0	0	0	0	39	44	0	101	0	0	0	0	1	0	0	69	0	0	0	-4	22	30	0	35
10:35:00	38100	47	68	0	180	1	0	0	1	0	0	0	0	20	45	0	76	2	1	0	1	3	1	0	71	0	0	0	-4	21	21	0	35
10:40:00	38400	57	64	0	173	0	1	0	0	0	0	0	0	23	29	0	70	1	1	0	1	2	0	0	73	0	0	0	-4	31	33	0	33
10:45:00	38700	67	66	0	174	0	0	0	0	0	0	0	0	37	36	0	71	3	0	0	4	1	6	0	68	0	0	0	-4	26	24	0	35
10:50:00	39000	45	58	0	161	0	0	0	0	1	0	0	1	17	25	0	63	0	3	0	1	3	3	0	68	0	0	0	-4	24	27	0	32
10:55:00	39300	36	47	0	150	0	0	0	0	0	0	0	1	22	24	0	61	2	0	0	3	1	0	0	69	0	0	0	-4	11	23	0	20
11:00:00	39600	49	39	0	160	0	0	0	0	1	0	0	2	30	26	0	65	4	1	0	6	0	1	0	68	0	0	0	-4	14	11	0	23
11:05:00	39900	92	77	0	175	1	0	0	1	0	1	0	1	37	24	0	78	1	1	0	6	11	13	0	66	0	0	0	-4	42	38	0	27
11:10:00	40200	77	49	0	203	0	0	0	1	0	0	0	1	53	29	0	102	2	1	0	7	3	2	0	67	0	0	0	-4	19	17	0	29
11:15:00	40500	63	61	0	205	0	1	0	0	0	0	0	1	32	39	0	95	10	3	0	14	0	3	0	64	0	0	0	-4	21	15	0	35
11:20:00	40800	59	55	0	209	0	0	0	0	1	1	0	1	26	27	0	94	2	1	0	15	2	2	0	64	0	0	0	-4	28	24	0	39
11:25:00	41100	73	68	0	214	0	0	0	0	1	1	0	1	44	38	0	100	3	4	0	14	2	1	0	65	0	0	0	-4	23	24	0	38
11:30:00	41400	84	66	0	232	0	0	0	0	0	0	0	1	49	30	0	119	1	5	0	10	6	2	0	69	0	0	0	-4	28	29	0	37
11:35:00	41700	97	93	0	236	0	0	0	0	0	0	0	1	50	50	0	119	3	3	0	10	8	10	0	67	0	0	0	-4	36	30	0	43
11:40:00	42000	86	80	0	242	0	0	0	0	0	1	0	0	44	37	0	126	0	3	0	7	4	14	0	57	0	0	0	-4	38	25	0	56
11:45:00	42300	85	94	0	233	0	0	0	0	0	0	0	0	46	47	0	125	3	5	0	5	7	6	0	58	0	0	0	-4	29	36	0	49
11:50:00	42600	90	77	0	246	2	0	0	2	0	0	0	0	49	42	0	132	5	2	0	8	1	3	0	56	0	0	0	-4	33	30	0	52
11:55:00	42900	112	98	0	260	0	1	0	1	0	0	0	0	64	50	0	146	1	1	0	8	4	10	0	50	0	0	0	-4	43	36	0	59
12:00:00	43200	86	92	0	254	3	0	0	4	0	0	0	0	61	58	0	149	2	1	0	9	3	0	0	53	0	0	0	-4	17	33	0	43
12:05:00	43500	69	82	0	241	1	3	0	2	0	0	0	0	38	46	0	141	8	6	0	11	7	0	0	60	0	0	0	-4	15	27	0	31
12:10:00	43800	69	61	0	249	1	1	0	2	0	0	0	0	45	38	0	148	2	0	0	13	5	1	0	64	0	0	0	-4	16	21	0	26
12:15:00	44100	54	76	0	227	1	1	0	2	0	0	0	0	34	57	0	125	1	3	0	11	1	2	0	63	0	0	0	-4	17	13	0	30
12:20:00	44400	48	58	1	216	0	1	0	1	0	0	0	0	35	45	0	115	0	3	0	8	2	1	0	64	0	0	1	-5	11	8	0	33
12:25:00	44700	62	63	0	215	0	1	0	0	0	0	0	0	47	35	0	127	0	3	0	5	5	6	0	63	0	0	0	-5	10	18	0	25
12:30:00	45000	41	49	0	207	1	0	0	1	0	0	0	0	28	39	0	116	0	1	0	4	4	1	0	66	0	0	0	-5	8	8	0	25
12:35:00	45300	28	48	0	187	0	0	0	1	0	0	0	0	13	34	0	95	0	2	0	2	3	6	0	63	0	0	0	-5	12	6	0	31
12:40:00	45600	34	36	0	185	0	0	0	1	0	0	0	0	23	26	0	92	0	1	0	1	3	2	0	64	0	0	0	-5	8	7	0	32
12:45:00	45900	49	41	0	193	0	1	0	0	1	0	0	1	31	30	0	93	0	0	0	1	6	1	0	69	0	0	0	-5	11	9	0	34
12:50:00	46200	32	48	0	177	1	0	0	1	0	0	0	1	21	32	0	82	0	1	0	0	6	0	0	75	0	0	0	-5	4	15	0	23
12:55:00	46500	37	38	0	176	0	0	0	1	0	0	0	1	26	30	0	78	0	0	0	0	3	4	0	74	0	0	0	-5	8	4	0	27
13:00:00	46800	6	33	0	149	0	1	0	0	0	0	0	1	0	22	0	56	0	0	0	0	5	0	0	79	0	0	0	-5	1	10	0	18
13:05:00	47100	3	27	0	125	0	0	0	0	0	0	0	1	3	20	0	39	0	0	0	0	0	0	0	79	0	0	0	-5	0	7	0	11
13:10:00	47400	2	14	0	113	0	0	0	0	0	0	0	1	0	11	0	28	0	0	0	0	2	0	0	81	0	0	0	-5	0	3	0	8
13:15:00	47700	23	9	0	127	0	0	0	0	0	0	0	1	13	6	0	35	0	0	0	0	0	2	0	79	0	0	0	-5	10	1	0	17
13:20:00	48000	19	23	0	123	0	0	0	0	0	0	0	1	10	11	0	34	0	0	0	0	1	4	0	76	0	0	0	-5	8	8	0	17
13:25:00	48300	24	22	0	125	0	0	0	0	0	0	0	1	10	7	0	37	0	0	0	0	2	8	0	70	0	0	0	-5	12	7	0	22
13:30:00	48600	55	22	0	158	0	0	0	0	0	0	0	1	43	15	0	65	1	0	0	1	1	1	0	70	0	0	0	-5	10	6	0	26
13:35:00	48900	69	57	0	170	1	0	0	1	0	1	0	0	41	32	0	74	5	0	0	6	3	8	0	65	0	0	0	-5	19	16	0	29
13:40:00	49200	50	47	0	173	1	1	0	1	0	0	0	0	30	27	0	77	5	2	0	9	1	5	0	61	0	0	0	-5	13	12	0	30
13:45:00	49500	60	50	0	183	0	0	0	1	0	0	0	0	42	30	0	89	2	3	0	8	2	4	0	59	0	0	0	-5	14	13	0	31
13:50:00	49800	100	55	0	228	2	1	0	2	0	0	0	0	63	29	0	123	15	7	0	16	2	2	0	59	0	0	0	-5	18	16	0	33
13:55:00	50100	117	64	0	281	2	1	0	3	0	0	0	0	77	45	0	155	12	5	0	23	2	1	0	60	0	0	0	-5	24	12	0	45
14:00:00	50400	86	87	0	280	0	0	0	3	0	0	0	0	64	57	0	162	3	9	0	17	3	0	0	63	0	0	0	-5	16	21	0	40
14:05:00	50700	89	87	0	282	0	2	0	1	0	0	0	0	47	52	0	157	9	6	0	20	3	0	0	66	0	0	0	-5	30	27	0	43
14:10:00	51000	81	83	0	280	0	0	0	1	0	0	0	0	52	52	0	157	14	11	0	23	4	0	0	70	0	0	0	-5	11	20	0	34
14:15:00	51300	67	72	0	275	1	1	0	1	0	0	0	0	37	49	0	145	8	8	0	23	4	0	0	74	0	0	0	-5	17	14	0	37
14:20:00	51600	86	79	0	282	1	1	0	1	0	0	0	0	41	45	0	141	14	8	0	29	5	7	0	72	0	0	0	-5	25	18	0	44
14:25:00	51900	82	86	0	278	0	1	0	0	1	0	0	1	50	57	0	134	16	11	0	34	4	1	0	75	0	0	0	-5	11	16	0	39
14:30:00	52200	58	72	0	264	0	0	0	0	0	0	0	1	25	36	0	123	12	13	0	33	7	5	0	77	0	0	0	-5	14	18	0	35
14:35:00	52500	74	71	1	266	0	0	0	0	0	0	0	1	42	38	0	127	4	13	0	24	2	2	0	77	0	0	1	-6	26	18	0	43
14:40:00	52800	63	84	0	245	0	0	0	0	0	0	0	1	32	49	0	110	8	7	0	25	3	4	0	76	0	0	0	-6	20	24	0	39
14:45:00	53100	56	65	0	236	0	0	0	0	0	0	0	1	25	28	0	107	9	13	0	21	6	9	0	73	0	0	0	-6	16	15	0	40
14:50:00	53400	54	74	0	216	0	0	0	0	0	0	0	1	31	43	0	95	3	6	0	18	5	1	0	77	0	0	0	-6	15	24	0	31
14:55:00	53700	46	55	0	207	0	0	0	0	0	0	0	1	18	27	0	86	8	6	0	20	3	5	0	75	0	0	0	-6	17	17	0	31
15:00:00	54000	43	52	0	198	0	0	0	0	1	1	0	1	22	29	0	79	3	9	0	14	1	3	0	73	0	0	0	-6	16	10	0	37
15:05:00	54300	53	59	0	192	1	0	0	1	0	1	0	0	27	38	0	68	1	4	0	11	2	1	0	74	0	0	0	-6	22	15	0	44
15:10:00	54600	52	49	0	195	0	1	0	0	0	0	0	0	29	24	0	73	0	5	0	6	2	1	0	75	0	0	0	-6	21	18	0	47
15:15:00	54900	61	50	0	206	1	0	0	1	0	0	0	0	34	23	0	84	1	2	0	5	5	1	0	79	0	0	0	-6	20	24	0	43
15:20:00	55200	59	54	0	211	1	1	0	1	0	0	0	0	32	27	0	89	1	1	0	5	5	2	0	82	0	0	0	-6	20	23	0	40
15:25:00	55500	52	62	0	201	0	0	0	1	0	0	0	0	36	42	0	83	0	0	0	5	3	1	0	84	0	0	0	-6	13	19	0	34
15:30:00	55800	77	52	1	225	0	0	0	1	0	0	0	0	45	30	0	98	0	1	0	4	1	2	0	83	0	0	1	-7	31	19	0	46
15:35:00	56100	102	72	0	255	0	1	0	0	0	0	0	0	68	37	0	129	0	0	0	4	4	5	0	82	0	0	0	-7	30	29	0	47
15:40:00	56400	111	99	0	267	0	0	0	0	0	0	0	0	73	55	0	147	0	1	0	3	4	5	0	81	0	0	0	-7	34	38	0	43
15:45:00	56700	78	91	0	254	0	0	0	0	1	1	0	0	47	57	0	137	0	0	0	3	4	5	0	80	0	0	0	-7	26	28	0	41
15:50:00	57000	87	86	0	255	2	1	0	1	0	0	0	0	52	52	0	137	0	1	0	2	2	0	0	82	0	0	0	-7	31	32	0	40
15:55:00	57300	69	81	0	243	1	2	0	0	0	0	0	0	32	48	0	121	0	0	0	2	2	7	0	77	0	0	0	-7	34	24	0	50
16:00:00	57600	91	84	0	250	0	0	0	0	0	0	0	0	44	49	0	116	21	0	0	23	4	6	0	75	0	0	0	-7	22	29	0	43
16:05:00	57900	81	73	0	258	0	0	0	0	0	0	0	0	42	45	0	113	19	7	0	35	0	3	0	72	0	0	0	-7	20	18	0	45
16:10:00	58200	69	88	0	239	0	0	0	0	0	0	0	0	29	44	0	98	18	15	0	38	2	1	0	73	0	0	0	-7	20	28	0	37
16:15:00	58500	87	93	0	233	0	0	0	0	0	0	0	0	33	40	0	91	16	14	0	40	6	12	0	67	0	0	0	-7	32	27	0	42
16:20:00	58800	97	71	0	259	0	0	0	0	0	0	0	0	52	32	0	111	17	11	0	46	2	2	0	67	0	0	0	-7	26	26	0	42
16:25:00	59100	104	80	0	283	0	0	0	0	0	0	0	0	46	36	0	121	27	20	0	53	3	4	0	66	0	0	0	-7	28	20	0	50
16:30:00	59400	117	90	0	310	0	0	0	0	0	0	0	0	57	48	0	130	31	14	0	70	5	2	0	69	0	0	0	-7	24	26	0	48
16:35:00	59700	138	95	0	353	0	0	0	0	0	0	0	0	69	41	0	158	27	20	0	77	6	4	0	71	0	0	0	-7	36	30	0	54
16:40:00	60000	138	129	0	362	0	0	0	0	0	0	0	0	88	64	0	182	20	29	0	68	3	5	0	69	0	0	0	-7	27	31	0	50
16:45:00	60300	105	97	0	370	1	0	0	1	0	0	0	0	51	55	0	178	28	19	0	77	3	4	0	68	0	0	0	-7	22	19	0	53
16:50:00	60600	158	134	0	394	0	1	0	0	0	0	0	0	73	70	0	181	47	31	0	93	5	3	0	70	0	0	0	-7	33	29	0	57
16:55:00	60900	135	129	1	399	1	0	0	1	0	0	0	0	71	66	0	186	31	27	0	97	3	5	0	68	0	0	1	-8	29	31	0	55
17:00:00	61200	183	129	0	453	0	0	0	1	0	0	0	0	115	62	0	239	20	29	0	88	6	7	0	67	0	0	0	-8	42	31	0	66
17:05:00	61500	186	142	0	497	1	1	0	1	0	0	0	0	126	78	0	287	12	21	0	79	4	11	0	60	0	0	0	-8	43	31	0	78
17:10:00	61800	159	155	0	501	0	0	0	1	1	0	0	1	105	96	0	296	15	22	0	72	3	3	0	60	0	0	0	-8	35	34	0	79
17:15:00	62100	185	171	0	515	1	1	0	1	0	0	0	1	105	101	0	300	25	20	0	77	7	6	0	61	0	0	0	-8	47	43	0	83
17:20:00	62400	183	159	0	539	2	2	0	1	1	0	0	2	124	94	0	330	14	22	0	69	4	2	0	63	0	0	0	-8	38	39	0	82
17:25:00	62700	128	173	0	494	0	1	0	0	0	0	0	2	82	103	0	309	3	25	0	47	9	5	0	67	0	0	0	-8	34	39	0	77
17:30:00	63000	109	145	0	458	0	0	0	0	0	1	0	1	79	95	0	293	1	12	0	36	3	8	0	62	0	0	0	-8	26	29	0	74
17:35:00	63300	104	97	0	465	0	0	0	0	0	0	0	1	77	72	0	298	1	5	0	32	9	3	0	68	0	0	0	-8	17	17	0	74
17:40:00	63600	79	118	0	426	0	0	0	0	1	1	0	1	44	73	0	269	2	9	0	25	12	8	0	72	0	0	0	-8	20	27	0	67
17:45:00	63900	116	107	0	435	0	0	0	0	0	0	0	1	84	77	0	276	1	1	0	25	6	6	0	72	0	0	0	-8	25	23	0	69
17:50:00	64200	93	97	0	431	0	0	0	0	0	0	0	1	69	75	0	270	0	5	0	20	6	2	0	76	0	0	0	-8	18	15	0	72
17:55:00	64500	112	119	0	424	1	0	0	1	0	0	0	1	82	83	0	269	1	4	0	17	7	5	0	78	0	0	0	-8	21	27	0	66
18:00:00	64800	73	121	0	376	0	1	0	0	0	0	0	1	56	88	0	237	1	2	0	16	5	3	0	80	0	0	0	-8	11	27	0	50
18:05:00	65100	74	91	0	359	0	0	0	0	0	0	0	1	41	61	0	217	0	2	0	14	8	13	0	75	0	0	0	-8	25	15	0	60
18:10:00	65400	53	88	0	324	1	1	0	0	0	1	0	0	34	61	0	190	0	0	0	14	3	5	0	73	0	0	0	-8	15	20	0	55
18:15:00	65700	45	91	0	278	0	0	0	0	0	0	0	0	29	63	0	156	1	2	0	13	2	8	0	67	0	0	0	-8	13	18	0	50
18:20:00	66000	60	62	0	276	1	1	0	0	0	0	0	0	42	38	0	160	0	1	0	12	3	6	0	64	0	0	0	-8	14	16	0	48
18:25:00	66300	44	60	0	260	0	0	0	0	0	0	0	0	31	40	0	151	0	1	0	11	0	8	0	56	0	0	0	-8	13	11	0	50
18:30:00	66600	42	62	0	240	0	0	0	0	0	0	0	0	27	38	0	140	0	0	0	11	1	8	0	49	0	0	0	-8	14	16	0	48
18:35:00	66900	60	70	0	230	0	0	0	0	0	0	0	0	38	46	0	132	1	4	0	8	0	8	0	41	0	0	0	-8	21	12	0	57
18:40:00	67200	34	49	0	215	0	0	0	0	0	0	0	0	24	29	0	127	0	1	0	7	2	2	0	41	0	0	0	-8	8	17	0	48
18:45:00	67500	34	57	0	192	0	0	0	0	0	0	0	0	25	33	0	119	0	3	0	4	1	6	0	36	0	0	0	-8	8	15	0	41
18:50:00	67800	19	45	0	166	0	0	0	0	0	0	0	0	8	24	0	103	0	0	0	4	0	9	0	27	0	0	0	-8	11	12	0	40
18:55:00	68100	24	40	0	150	0	0	0	0	0	0	0	0	16	24	0	95	0	0	0	4	0	5	0	22	0	0	0	-8	8	11	0	37
19:00:00	68400	65	39	0	176	0	0	0	0	0	0	0	0	52	25	0	122	0	0	0	4	1	7	0	16	0	0	0	-8	12	7	0	42
19:05:00	68700	82	40	0	218	0	0	0	0	0	0	0	0	66	28	0	160	0	0	0	4	3	0	0	19	0	0	0	-8	13	12	0	43
19:10:00	69000	64	61	0	221	0	0	0	0	0	0	0	0	52	50	0	162	0	0	0	4	2	1	0	20	0	0	0	-8	10	10	0	43
19:15:00	69300	57	72	1	205	0	0	0	0	0	0	0	0	43	50	0	155	0	1	0	3	1	4	0	17	0	0	1	-9	13	17	0	39
19:20:00	69600	61	65	0	201	1	0	0	1	0	0	0	0	50	51	0	154	0	0	0	3	0	2	0	15	0	0	0	-9	10	12	0	37
19:25:00	69900	86	58	0	229	0	0	0	1	0	0	0	0	72	48	0	178	0	0	0	3	0	1	0	14	0	0	0	-9	14	9	0	42
19:30:00	70200	68	63	0	234	0	0	0	1	0	0	0	0	54	48	0	184	0	0	0	3	1	2	0	13	0	0	0	-9	13	13	0	42
19:35:00	70500	51	78	0	207	1	0	0	2	0	0	0	0	38	64	0	158	0	0	0	3	1	2	0	12	0	0	0	-9	11	12	0	41
19:40:00	70800	39	58	0	188	0	2	0	0	0	0	0	0	34	45	0	147	0	0	0	3	0	0	0	12	0	0	0	-9	5	11	0	35
19:45:00	71100	70	61	0	197	0	0	0	0	0	0	0	0	55	45	0	157	0	1	0	2	3	4	0	11	0	0	0	-9	12	11	0	36
19:50:00	71400	47	60	0	184	2	0	0	2	0	0	0	0	35	49	0	143	0	0	0	2	2	1	0	12	0	0	0	-9	8	10	0	34
19:55:00	71700	50	55	0	179	0	1	0	1	0	0	0	0	39	47	0	135	0	0	0	2	0	2	0	10	0	0	0	-9	11	5	0	40
20:00:00	72000	8	47	0	140	0	0	0	1	0	0	0	0	2	35	0	102	0	0	0	2	1	1	0	10	0	0	0	-9	5	11	0	34
20:05:00	72300	6	45	0	101	0	1	0	0	0	0	0	0	4	31	0	75	0	0	0	2	1	0	0	11	0	0	0	-9	1	13	0	22
20:10:00	72600	5	17	0	89	0	0	0	0	0	0	0	0	4	13	0	66	0	0	0	2	0	0	0	11	0	0	0	-9	1	4	0	19
20:15:00	72900	6	20	0	75	0	0	0	0	0	0	0	0	2	16	0	52	0	0	0	2	1	2	0	10	0	0	0	-9	3	2	0	20
20:20:00	73200	10	19	0	66	0	0	0	0	0	0	0	0	6	13	0	45	0	1	0	1	1	2	0	9	0	0	0	-9	3	3	0	20
20:25:00	73500	10	10	0	66	0	0	0	0	0	0	0	0	6	5	0	46	0	0	0	1	0	3	0	6	0	0	0	-9	4	2	0	22
20:30:00	73800	6	21	0	51	0	0	0	0	0	0	0	0	4	13	0	37	0	1	0	0	0	2	0	4	0	0	0	-9	2	5	0	19
20:35:00	74100	2	9	0	44	0	0	0	0	0	0	0	0	1	5	0	33	0	0	0	0	0	1	0	3	0	0	0	-9	1	3	0	17
20:40:00	74400	4	9	0	39	0	0	0	0	0	0	0	0	4	7	0	30	0	0	0	0	0	0	0	3	0	0	0	-9	0	2	0	15
20:45:00	74700	6	6	0	39	0	0	0	0	0	0	0	0	4	3	0	31	0	0	0	0	0	0	0	3	0	0	0	-9	2	3	0	14
20:50:00	75000	9	15	0	33	0	0	0	0	0	0	0	0	6	9	0	28	0	0	0	0	0	0	0	3	0	0	0	-9	3	6	0	11
20:55:00	75300	4	7	0	30	0	0	0	0	0	0	0	0	2	4	0	26	0	0	0	0	0	0	0	3	0	0	0	-9	2	3	0	10
21:00:00	75600	9	9	0	30	0	0	0	0	0	0	0	0	7	7	0	26	0	0	0	0	0	0	0	3	0	0	0	-9	2	2	0	10
21:05:00	75900	6	6	0	30	0	0	0	0	0	0	0	0	5	4	0	27	0	0	0	0	0	0	0	3	0	0	0	-9	1	2	0	9
21:10:00	76200	3	6	0	27	0	0	0	0	0	0	0	0	3	3	0	27	0	0	0	0	0	0	0	3	0	0	0	-9	0	3	0	6
21:15:00	76500	2	5	0	24	0	0	0	0	0	0	0	0	2	4	0	25	0	0	0	0	0	0	0	3	0	0	0	-9	0	1	0	5
21:20:00	76800	1	3	0	22	0	0	0	0	0	0	0	0	1	3	0	23	0	0	0	0	0	0	0	3	0	0	0	-9	0	0	0	5
21:25:00	77100	1	2	0	21	0	0	0	0	0	0	0	0	1	2	0	22	0	0	0	0	0	0	0	3	0	0	0	-9	0	0	0	5
21:30:00	77400	0	4	0	17	0	0	0	0	0	0	0	0	0	4	0	18	0	0	0	0	0	0	0	3	0	0	0	-9	0	0	0	5
21:35:00	77700	0	3	0	14	0	0	0	0	0	0	0	0	0	3	0	15	0	0	0	0	0	0	0	3	0	0	0	-9	0	0	0	5
21:40:00	78000	2	3	0	13	0	0	0	0	0	0	0	0	2	3	0	14	0	0	0	0	0	0	0	3	0	0	0	-9	0	0	0	5
21:45:00	78300	1	3	0	11	0	0	0	0	0	0	0	0	1	1	0	14	0	0	0	0	0	0	0	3	0	0	0	-9	0	2	0	3
21:50:00	78600	3	5	0	9	0	0	0	0	0	0	0	0	3	5	0	12	0	0	0	0	0	0	0	3	0	0	0	-9	0	0	0	3
21:55:00	78900	0	0	0	9	0	0	0	0	0	0	0	0	0	0	0	12	0	0	0	0	0	0	0	3	0	0	0	-9	0	0	0	3
22:00:00	79200	0	1	0	8	0	0	0	0	0	0	0	0	0	1	0	11	0	0	0	0	0	0	0	3	0	0	0	-9	0	0	0	3
22:05:00	79500	0	1	0	7	0	0	0	0	0	0	0	0	0	0	0	11	0	0	0	0	0	0	0	3	0	0	0	-9	0	1	0	2
22:10:00	79800	1	1	0	7	0	0	0	0	0	0	0	0	1	1	0	11	0	0	0	0	0	0	0	3	0	0	0	-9	0	0	0	2
22:15:00	80100	3	5	0	5	0	0	0	0	0	0	0	0	3	4	0	10	0	0	0	0	0	0	0	3	0	0	0	-9	0	1	0	1
22:20:00	80400	0	2	0	3	0	0	0	0	0	0	0	0	0	1	0	9	0	0	0	0	0	0	0	3	0	0	0	-9	0	1	0	0
22:25:00	80700	0	3	0	0	0	0	0	0	0	0	0	0	0	3	0	6	0	0	0	0	0	0	0	3	0	0	0	-9	0	0	0	0
22:30:00	81000	0	0	0	0	0	0	0	0	0	0	0	0	0	0	0	6	0	0	0	0	0	0	0	3	0	0	0	-9	0	0	0	0
22:35:00	81300	0	0	0	0	0	0	0	0	0	0	0	0	0	0	0	6	0	0	0	0	0	0	0	3	0	0	0	-9	0	0	0	0
22:40:00	81600	1	2	0	-1	0	0	0	0	0	0	0	0	1	2	0	5	0	0	0	0	0	0	0	3	0	0	0	-9	0	0	0	0
22:45:00	81900	1	1	0	-1	0	0	0	0	0	0	0	0	1	1	0	5	0	0	0	0	0	0	0	3	0	0	0	-9	0	0	0	0
22:50:00	82200	0	1	0	-2	0	0	0	0	0	0	0	0	0	1	0	4	0	0	0	0	0	0	0	3	0	0	0	-9	0	0	0	0
22:55:00	82500	0	0	0	-2	0	0	0	0	0	0	0	0	0	0	0	4	0	0	0	0	0	0	0	3	0	0	0	-9	0	0	0	0
23:00:00	82800	0	0	0	-2	0	0	0	0	0	0	0	0	0	0	0	4	0	0	0	0	0	0	0	3	0	0	0	-9	0	0	0	0
23:05:00	83100	0	0	0	-2	0	0	0	0	0	0	0	0	0	0	0	4	0	0	0	0	0	0	0	3	0	0	0	-9	0	0	0	0
23:10:00	83400	0	0	0	-2	0	0	0	0	0	0	0	0	0	0	0	4	0	0	0	0	0	0	0	3	0	0	0	-9	0	0	0	0
23:15:00	83700	6	2	0	2	0	0	0	0	0	0	0	0	6	2	0	8	0	0	0	0	0	0	0	3	0	0	0	-9	0	0	0	0
23:20:00	84000	5	4	0	3	0	0	0	0	0	0	0	0	5	4	0	9	0	0	0	0	0	0	0	3	0	0	0	-9	0	0	0	0
23:25:00	84300	5	2	0	6	0	0	0	0	0	0	0	0	3	1	0	11	0	0	0	0	0	0	0	3	0	0	0	-9	2	1	0	1
23:30:00	84600	2	6	0	2	0	0	0	0	0	0	0	0	2	5	0	8	0	0	0	0	0	0	0	3	0	0	0	-9	0	1	0	0
23:35:00	84900	2	0	0	4	0	0	0	0	0	0	0	0	2	0	0	10	0	0	0	0	0	0	0	3	0	0	0	-9	0	0	0	0
23:40:00	85200	3	3	0	4	0	0	0	0	0	0	0	0	3	3	0	10	0	0	0	0	0	0	0	3	0	0	0	-9	0	0	0	0
23:45:00	85500	4	2	0	6	0	0	0	0	0	0	0	0	2	2	0	10	0	0	0	0	0	0	0	3	0	0	0	-9	2	0	0	2
23:50:00	85800	4	6	0	4	0	0	0	0	0	0	0	0	3	3	0	10	0	0	0	0	0	0	0	3	0	0	0	-9	1	3	0	0
23:55:00	86100	2	3	0	3	0	0	0	0	0	0	0	0	1	3	0	8	0	0	0	0	0	0	0	3	0	0	0	-9	1	0	0	1
24:00:00	86400	4	0	0	7	0	0	0	0	0	0	0	0	4	0	0	12	0	0	0	0	0	0	0	3	0	0	0	-9	0	0	0	1
24:05:00	86700	2	4	0	5	0	0	0	0	0	0	0	0	2	3	0	11	0	0	0	0	0	0	0	3	0	0	0	-9	0	1	0	0
24:10:00	87000	2	3	0	4	0	0	0	0	0	0	0	0	2	3	0	10	0	0	0	0	0	0	0	3	0	0	0	-9	0	0	0	0
24:15:00	87300	0	3	0	1	0	0	0	0	0	0	0	0	0	3	0	7	0	0	0	0	0	0	0	3	0	0	0	-9	0	0	0	0
24:20:00	87600	0	1	0	0	0	0	0	0	0	0	0	0	0	1	0	6	0	0	0	0	0	0	0	3	0	0	0	-9	0	0	0	0
24:25:00	87900	0	1	0	-1	0	0	0	0	0	0	0	0	0	1	0	5	0	0	0	0	0	0	0	3	0	0	0	-9	0	0	0	0
24:30:00	88200	0	0	0	-1	0	0	0	0	0	0	0	0	0	0	0	5	0	0	0	0	0	0	0	3	0	0	0	-9	0	0	0	0
24:35:00	88500	0	2	0	-3	0	0	0	0	0	0	0	0	0	2	0	3	0	0	0	0	0	0	0	3	0	0	0	-9	0	0	0	0
24:40:00	88800	0	0	0	-3	0	0	0	0	0	0	0	0	0	0	0	3	0	0	0	0	0	0	0	3	0	0	0	-9	0	0	0	0
24:45:00	89100	0	0	0	-3	0	0	0	0	0	0	0	0	0	0	0	3	0	0	0	0	0	0	0	3	0	0	0	-9	0	0	0	0
24:50:00	89400	0	2	0	-5	0	0	0	0	0	0	0	0	0	2	0	1	0	0	0	0	0	0	0	3	0	0	0	-9	0	0	0	0
24:55:00	89700	0	0	0	-5	0	0	0	0	0	0	0	0	0	0	0	1	0	0	0	0	0	0	0	3	0	0	0	-9	0	0	0	0
25:00:00	90000	0	0	0	-5	0	0	0	0	0	0	0	0	0	0	0	1	0	0	0	0	0	0	0	3	0	0	0	-9	0	0	0	0
25:05:00	90300	0	0	0	-5	0	0	0	0	0	0	0	0	0	0	0	1	0	0	0	0	0	0	0	3	0	0	0	-9	0	0	0	0
25:10:00	90600	0	0	0	-5	0	0	0	0	0	0	0	0	0	0	0	1	0	0	0	0	0	0	0	3	0	0	0	-9	0	0	0	0
25:15:00	90900	0	0	0	-5	0	0	0	0	0	0	0	0	0	0	0	1	0	0	0	0	0	0	0	3	0	0	0	-9	0	0	0	0
25:20:00	91200	0	0	0	-5	0	0	0	0	0	0	0	0	0	0	0	1	0	0	0	0	0	0	0	3	0	0	0	-9	0	0	0	0
25:25:00	91500	0	0	0	-5	0	0	0	0	0	0	0	0	0	0	0	1	0	0	0	0	0	0	0	3	0	0	0	-9	0	0	0	0
25:30:00	91800	0	0	0	-5	0	0	0	0	0	0	0	0	0	0	0	1	0	0	0	0	0	0	0	3	0	0	0	-9	0	0	0	0
25:35:00	92100	0	0	0	-5	0	0	0	0	0	0	0	0	0	0	0	1	0	0	0	0	0	0	0	3	0	0	0	-9	0	0	0	0
25:40:00	92400	0	0	0	-5	0	0	0	0	0	0	0	0	0	0	0	1	0	0	0	0	0	0	0	3	0	0	0	-9	0	0	0	0
25:45:00	92700	0	0	0	-5	0	0	0	0	0	0	0	0	0	0	0	1	0	0	0	0	0	0	0	3	0	0	0	-9	0	0	0	0
25:50:00	93000	0	0	0	-5	0	0	0	0	0	0	0	0	0	0	0	1	0	0	0	0	0	0	0	3	0	0	0	-9	0	0	0	0
25:55:00	93300	0	0	0	-5	0	0	0	0	0	0	0	0	0	0	0	1	0	0	0	0	0	0	0	3	0	0	0	-9	0	0	0	0
26:00:00	93600	0	0	0	-5	0	0	0	0	0	0	0	0	0	0	0	1	0	0	0	0	0	0	0	3	0	0	0	-9	0	0	0	0
26:05:00	93900	2	2	0	-5	0	0	0	0	0	0	0	0	2	2	0	1	0	0	0	0	0	0	0	3	0	0	0	-9	0	0	0	0
26:10:00	94200	0	1	0	-6	0	0	0	0	0	0	0	0	0	1	0	0	0	0	0	0	0	0	0	3	0	0	0	-9	0	0	0	0
26:15:00	94500	0	0	0	-6	0	0	0	0	0	0	0	0	0	0	0	0	0	0	0	0	0	0	0	3	0	0	0	-9	0	0	0	0
26:20:00	94800	0	0	0	-6	0	0	0	0	0	0	0	0	0	0	0	0	0	0	0	0	0	0	0	3	0	0	0	-9	0	0	0	0
26:25:00	95100	0	0	0	-6	0	0	0	0	0	0	0	0	0	0	0	0	0	0	0	0	0	0	0	3	0	0	0	-9	0	0	0	0
26:30:00	95400	0	0	0	-6	0	0	0	0	0	0	0	0	0	0	0	0	0	0	0	0	0	0	0	3	0	0	0	-9	0	0	0	0
26:35:00	95700	0	0	0	-6	0	0	0	0	0	0	0	0	0	0	0	0	0	0	0	0	0	0	0	3	0	0	0	-9	0	0	0	0
26:40:00	96000	0	0	0	-6	0	0	0	0	0	0	0	0	0	0	0	0	0	0	0	0	0	0	0	3	0	0	0	-9	0	0	0	0
26:45:00	96300	0	0	0	-6	0	0	0	0	0	0	0	0	0	0	0	0	0	0	0	0	0	0	0	3	0	0	0	-9	0	0	0	0
26:50:00	96600	0	0	0	-6	0	0	0	0	0	0	0	0	0	0	0	0	0	0	0	0	0	0	0	3	0	0	0	-9	0	0	0	0
26:55:00	96900	0	0	0	-6	0	0	0	0	0	0	0	0	0	0	0	0	0	0	0	0	0	0	0	3	0	0	0	-9	0	0	0	0
27:00:00	97200	0	0	0	-6	0	0	0	0	0	0	0	0	0	0	0	0	0	0	0	0	0	0	0	3	0	0	0	-9	0	0	0	0
27:05:00	97500	0	0	0	-6	0	0	0	0	0	0	0	0	0	0	0	0	0	0	0	0	0	0	0	3	0	0	0	-9	0	0	0	0
27:10:00	97800	0	0	0	-6	0	0	0	0	0	0	0	0	0	0	0	0	0	0	0	0	0	0	0	3	0	0	0	-9	0	0	0	0
27:15:00	98100	0	0	0	-6	0	0	0	0	0	0	0	0	0	0	0	0	0	0	0	0	0	0	0	3	0	0	0	-9	0	0	0	0
27:20:00	98400	0	0	0	-6	0	0	0	0	0	0	0	0	0	0	0	0	0	0	0	0	0	0	0	3	0	0	0	-9	0	0	0	0
27:25:00	98700	0	0	0	-6	0	0	0	0	0	0	0	0	0	0	0	0	0	0	0	0	0	0	0	3	0	0	0	-9	0	0	0	0
27:30:00	99000	0	0	0	-6	0	0	0	0	0	0	0	0	0	0	0	0	0	0	0	0	0	0	0	3	0	0	0	-9	0	0	0	0
27:35:00	99300	0	0	0	-6	0	0	0	0	0	0	0	0	0	0	0	0	0	0	0	0	0	0	0	3	0	0	0	-9	0	0	0	0
27:40:00	99600	0	0	0	-6	0	0	0	0	0	0	0	0	0	0	0	0	0	0	0	0	0	0	0	3	0	0	0	-9	0	0	0	0
27:45:00	99900	0	0	0	-6	0	0	0	0	0	0	0	0	0	0	0	0	0	0	0	0	0	0	0	3	0	0	0	-9	0	0	0	0
27:50:00	100200	0	0	0	-6	0	0	0	0	0	0	0	0	0	0	0	0	0	0	0	0	0	0	0	3	0	0	0	-9	0	0	0	0
27:55:00	100500	0	0	0	-6	0	0	0	0	0	0	0	0	0	0	0	0	0	0	0	0	0	0	0	3	0	0	0	-9	0	0	0	0
28:00:00	100800	0	0	0	-6	0	0	0	0	0	0	0	0	0	0	0	0	0	0	0	0	0	0	0	3	0	0	0	-9	0	0	0	0
28:05:00	101100	0	0	0	-6	0	0	0	0	0	0	0	0	0	0	0	0	0	0	0	0	0	0	0	3	0	0	0	-9	0	0	0	0
28:10:00	101400	0	0	0	-6	0	0	0	0	0	0	0	0	0	0	0	0	0	0	0	0	0	0	0	3	0	0	0	-9	0	0	0	0
28:15:00	101700	0	0	0	-6	0	0	0	0	0	0	0	0	0	0	0	0	0	0	0	0	0	0	0	3	0	0	0	-9	0	0	0	0
28:20:00	102000	0	0	0	-6	0	0	0	0	0	0	0	0	0	0	0	0	0	0	0	0	0	0	0	3	0	0	0	-9	0	0	0	0
28:25:00	102300	0	0	0	-6	0	0	0	0	0	0	0	0	0	0	0	0	0	0	0	0	0	0	0	3	0	0	0	-9	0	0	0	0
28:30:00	102600	0	0	0	-6	0	0	0	0	0	0	0	0	0	0	0	0	0	0	0	0	0	0	0	3	0	0	0	-9	0	0	0	0
28:35:00	102900	0	0	0	-6	0	0	0	0	0	0	0	0	0	0	0	0	0	0	0	0	0	0	0	3	0	0	0	-9	0	0	0	0
28:40:00	103200	0	0	0	-6	0	0	0	0	0	0	0	0	0	0	0	0	0	0	0	0	0	0	0	3	0	0	0	-9	0	0	0	0
28:45:00	103500	0	0	0	-6	0	0	0	0	0	0	0	0	0	0	0	0	0	0	0	0	0	0	0	3	0	0	0	-9	0	0	0	0
28:50:00	103800	0	0	0	-6	0	0	0	0	0	0	0	0	0	0	0	0	0	0	0	0	0	0	0	3	0	0	0	-9	0	0	0	0
28:55:00	104100	0	0	0	-6	0	0	0	0	0	0	0	0	0	0	0	0	0	0	0	0	0	0	0	3	0	0	0	-9	0	0	0	0
29:00:00	104400	0	0	0	-6	0	0	0	0	0	0	0	0	0	0	0	0	0	0	0	0	0	0	0	3	0	0	0	-9	0	0	0	0
29:05:00	104700	0	0	0	-6	0	0	0	0	0	0	0	0	0	0	0	0	0	0	0	0	0	0	0	3	0	0	0	-9	0	0	0	0
29:10:00	105000	0	0	0	-6	0	0	0	0	0	0	0	0	0	0	0	0	0	0	0	0	0	0	0	3	0	0	0	-9	0	0	0	0
29:15:00	105300	0	0	0	-6	0	0	0	0	0	0	0	0	0	0	0	0	0	0	0	0	0	0	0	3	0	0	0	-9	0	0	0	0
29:20:00	105600	0	0	0	-6	0	0	0	0	0	0	0	0	0	0	0	0	0	0	0	0	0	0	0	3	0	0	0	-9	0	0	0	0
29:25:00	105900	0	0	0	-6	0	0	0	0	0	0	0	0	0	0	0	0	0	0	0	0	0	0	0	3	0	0	0	-9	0	0	0	0
29:30:00	106200	0	0	0	-6	0	0	0	0	0	0	0	0	0	0	0	0	0	0	0	0	0	0	0	3	0	0	0	-9	0	0	0	0
29:35:00	106500	0	0	0	-6	0	0	0	0	0	0	0	0	0	0	0	0	0	0	0	0	0	0	0	3	0	0	0	-9	0	0	0	0
29:40:00	106800	0	0	0	-6	0	0	0	0	0	0	0	0	0	0	0	0	0	0	0	0	0	0	0	3	0	0	0	-9	0	0	0	0
29:45:00	107100	0	0	0	-6	0	0	0	0	0	0	0	0	0	0	0	0	0	0	0	0	0	0	0	3	0	0	0	-9	0	0	0	0
29:50:00	107400	0	0	0	-6	0	0	0	0	0	0	0	0	0	0	0	0	0	0	0	0	0	0	0	3	0	0	0	-9	0	0	0	0
29:55:00	107700	0	0	0	-6	0	0	0	0	0	0	0	0	0	0	0	0	0	0	0	0	0	0	0	3	0	0	0	-9	0	0	0	0
30:00:00	108000	0	0	3	-9	0	0	0	0	0	0	0	0	0	0	0	0	0	0	0	0	0	0	3	0	0	0	0	-9	0	0	0	0
30:05:00	108300	0	0	0	-9	0	0	0	0	0	0	0	0	0	0	0	0	0	0	0	0	0	0	0	0	0	0	0	-9	0	0	0	0
