time	time	departures_all	arrivals_all	stuck_all	en-route_all	departures_Shared-Bike	arrivals_Shared-Bike	stuck_Shared-Bike	en-route_Shared-Bike	departures_bike	arrivals_bike	stuck_bike	en-route_bike	departures_car	arrivals_car	stuck_car	en-route_car	departures_car_passenger	arrivals_car_passenger	stuck_car_passenger	en-route_car_passenger	departures_eScooter	arrivals_eScooter	stuck_eScooter	en-route_eScooter	departures_pt	arrivals_pt	stuck_pt	en-route_pt	departures_sharing:standardBikeShare	arrivals_sharing:standardBikeShare	stuck_sharing:standardBikeShare	en-route_sharing:standardBikeShare	departures_sharing:standardeScooter	arrivals_sharing:standardeScooter	stuck_sharing:standardeScooter	en-route_sharing:standardeScooter	departures_walk	arrivals_walk	stuck_walk	en-route_walk
00:00:00	0	0	0	0	0	0	0	0	0	0	0	0	0	0	0	0	0	0	0	0	0	0	0	0	0	0	0	0	0	0	0	0	0	0	0	0	0	0	0	0	0
00:05:00	300	0	0	0	0	0	0	0	0	0	0	0	0	0	0	0	0	0	0	0	0	0	0	0	0	0	0	0	0	0	0	0	0	0	0	0	0	0	0	0	0
00:10:00	600	0	0	0	0	0	0	0	0	0	0	0	0	0	0	0	0	0	0	0	0	0	0	0	0	0	0	0	0	0	0	0	0	0	0	0	0	0	0	0	0
00:15:00	900	0	0	0	0	0	0	0	0	0	0	0	0	0	0	0	0	0	0	0	0	0	0	0	0	0	0	0	0	0	0	0	0	0	0	0	0	0	0	0	0
00:20:00	1200	0	0	0	0	0	0	0	0	0	0	0	0	0	0	0	0	0	0	0	0	0	0	0	0	0	0	0	0	0	0	0	0	0	0	0	0	0	0	0	0
00:25:00	1500	0	0	0	0	0	0	0	0	0	0	0	0	0	0	0	0	0	0	0	0	0	0	0	0	0	0	0	0	0	0	0	0	0	0	0	0	0	0	0	0
00:30:00	1800	0	0	0	0	0	0	0	0	0	0	0	0	0	0	0	0	0	0	0	0	0	0	0	0	0	0	0	0	0	0	0	0	0	0	0	0	0	0	0	0
00:35:00	2100	0	0	0	0	0	0	0	0	0	0	0	0	0	0	0	0	0	0	0	0	0	0	0	0	0	0	0	0	0	0	0	0	0	0	0	0	0	0	0	0
00:40:00	2400	0	0	0	0	0	0	0	0	0	0	0	0	0	0	0	0	0	0	0	0	0	0	0	0	0	0	0	0	0	0	0	0	0	0	0	0	0	0	0	0
00:45:00	2700	0	0	0	0	0	0	0	0	0	0	0	0	0	0	0	0	0	0	0	0	0	0	0	0	0	0	0	0	0	0	0	0	0	0	0	0	0	0	0	0
00:50:00	3000	0	0	0	0	0	0	0	0	0	0	0	0	0	0	0	0	0	0	0	0	0	0	0	0	0	0	0	0	0	0	0	0	0	0	0	0	0	0	0	0
00:55:00	3300	0	0	0	0	0	0	0	0	0	0	0	0	0	0	0	0	0	0	0	0	0	0	0	0	0	0	0	0	0	0	0	0	0	0	0	0	0	0	0	0
01:00:00	3600	0	0	0	0	0	0	0	0	0	0	0	0	0	0	0	0	0	0	0	0	0	0	0	0	0	0	0	0	0	0	0	0	0	0	0	0	0	0	0	0
01:05:00	3900	0	0	0	0	0	0	0	0	0	0	0	0	0	0	0	0	0	0	0	0	0	0	0	0	0	0	0	0	0	0	0	0	0	0	0	0	0	0	0	0
01:10:00	4200	0	0	0	0	0	0	0	0	0	0	0	0	0	0	0	0	0	0	0	0	0	0	0	0	0	0	0	0	0	0	0	0	0	0	0	0	0	0	0	0
01:15:00	4500	0	0	0	0	0	0	0	0	0	0	0	0	0	0	0	0	0	0	0	0	0	0	0	0	0	0	0	0	0	0	0	0	0	0	0	0	0	0	0	0
01:20:00	4800	0	0	0	0	0	0	0	0	0	0	0	0	0	0	0	0	0	0	0	0	0	0	0	0	0	0	0	0	0	0	0	0	0	0	0	0	0	0	0	0
01:25:00	5100	0	0	0	0	0	0	0	0	0	0	0	0	0	0	0	0	0	0	0	0	0	0	0	0	0	0	0	0	0	0	0	0	0	0	0	0	0	0	0	0
01:30:00	5400	0	0	0	0	0	0	0	0	0	0	0	0	0	0	0	0	0	0	0	0	0	0	0	0	0	0	0	0	0	0	0	0	0	0	0	0	0	0	0	0
01:35:00	5700	0	0	0	0	0	0	0	0	0	0	0	0	0	0	0	0	0	0	0	0	0	0	0	0	0	0	0	0	0	0	0	0	0	0	0	0	0	0	0	0
01:40:00	6000	0	0	0	0	0	0	0	0	0	0	0	0	0	0	0	0	0	0	0	0	0	0	0	0	0	0	0	0	0	0	0	0	0	0	0	0	0	0	0	0
01:45:00	6300	0	0	0	0	0	0	0	0	0	0	0	0	0	0	0	0	0	0	0	0	0	0	0	0	0	0	0	0	0	0	0	0	0	0	0	0	0	0	0	0
01:50:00	6600	0	0	0	0	0	0	0	0	0	0	0	0	0	0	0	0	0	0	0	0	0	0	0	0	0	0	0	0	0	0	0	0	0	0	0	0	0	0	0	0
01:55:00	6900	0	0	0	0	0	0	0	0	0	0	0	0	0	0	0	0	0	0	0	0	0	0	0	0	0	0	0	0	0	0	0	0	0	0	0	0	0	0	0	0
02:00:00	7200	0	0	0	0	0	0	0	0	0	0	0	0	0	0	0	0	0	0	0	0	0	0	0	0	0	0	0	0	0	0	0	0	0	0	0	0	0	0	0	0
02:05:00	7500	0	0	0	0	0	0	0	0	0	0	0	0	0	0	0	0	0	0	0	0	0	0	0	0	0	0	0	0	0	0	0	0	0	0	0	0	0	0	0	0
02:10:00	7800	0	0	0	0	0	0	0	0	0	0	0	0	0	0	0	0	0	0	0	0	0	0	0	0	0	0	0	0	0	0	0	0	0	0	0	0	0	0	0	0
02:15:00	8100	0	0	0	0	0	0	0	0	0	0	0	0	0	0	0	0	0	0	0	0	0	0	0	0	0	0	0	0	0	0	0	0	0	0	0	0	0	0	0	0
02:20:00	8400	0	0	0	0	0	0	0	0	0	0	0	0	0	0	0	0	0	0	0	0	0	0	0	0	0	0	0	0	0	0	0	0	0	0	0	0	0	0	0	0
02:25:00	8700	0	0	0	0	0	0	0	0	0	0	0	0	0	0	0	0	0	0	0	0	0	0	0	0	0	0	0	0	0	0	0	0	0	0	0	0	0	0	0	0
02:30:00	9000	0	0	0	0	0	0	0	0	0	0	0	0	0	0	0	0	0	0	0	0	0	0	0	0	0	0	0	0	0	0	0	0	0	0	0	0	0	0	0	0
02:35:00	9300	0	0	0	0	0	0	0	0	0	0	0	0	0	0	0	0	0	0	0	0	0	0	0	0	0	0	0	0	0	0	0	0	0	0	0	0	0	0	0	0
02:40:00	9600	0	0	0	0	0	0	0	0	0	0	0	0	0	0	0	0	0	0	0	0	0	0	0	0	0	0	0	0	0	0	0	0	0	0	0	0	0	0	0	0
02:45:00	9900	0	0	0	0	0	0	0	0	0	0	0	0	0	0	0	0	0	0	0	0	0	0	0	0	0	0	0	0	0	0	0	0	0	0	0	0	0	0	0	0
02:50:00	10200	0	0	0	0	0	0	0	0	0	0	0	0	0	0	0	0	0	0	0	0	0	0	0	0	0	0	0	0	0	0	0	0	0	0	0	0	0	0	0	0
02:55:00	10500	0	0	0	0	0	0	0	0	0	0	0	0	0	0	0	0	0	0	0	0	0	0	0	0	0	0	0	0	0	0	0	0	0	0	0	0	0	0	0	0
03:00:00	10800	0	0	0	0	0	0	0	0	0	0	0	0	0	0	0	0	0	0	0	0	0	0	0	0	0	0	0	0	0	0	0	0	0	0	0	0	0	0	0	0
03:05:00	11100	0	0	0	0	0	0	0	0	0	0	0	0	0	0	0	0	0	0	0	0	0	0	0	0	0	0	0	0	0	0	0	0	0	0	0	0	0	0	0	0
03:10:00	11400	0	0	0	0	0	0	0	0	0	0	0	0	0	0	0	0	0	0	0	0	0	0	0	0	0	0	0	0	0	0	0	0	0	0	0	0	0	0	0	0
03:15:00	11700	0	0	0	0	0	0	0	0	0	0	0	0	0	0	0	0	0	0	0	0	0	0	0	0	0	0	0	0	0	0	0	0	0	0	0	0	0	0	0	0
03:20:00	12000	0	0	0	0	0	0	0	0	0	0	0	0	0	0	0	0	0	0	0	0	0	0	0	0	0	0	0	0	0	0	0	0	0	0	0	0	0	0	0	0
03:25:00	12300	0	0	0	0	0	0	0	0	0	0	0	0	0	0	0	0	0	0	0	0	0	0	0	0	0	0	0	0	0	0	0	0	0	0	0	0	0	0	0	0
03:30:00	12600	0	0	0	0	0	0	0	0	0	0	0	0	0	0	0	0	0	0	0	0	0	0	0	0	0	0	0	0	0	0	0	0	0	0	0	0	0	0	0	0
03:35:00	12900	0	0	0	0	0	0	0	0	0	0	0	0	0	0	0	0	0	0	0	0	0	0	0	0	0	0	0	0	0	0	0	0	0	0	0	0	0	0	0	0
03:40:00	13200	0	0	0	0	0	0	0	0	0	0	0	0	0	0	0	0	0	0	0	0	0	0	0	0	0	0	0	0	0	0	0	0	0	0	0	0	0	0	0	0
03:45:00	13500	0	0	0	0	0	0	0	0	0	0	0	0	0	0	0	0	0	0	0	0	0	0	0	0	0	0	0	0	0	0	0	0	0	0	0	0	0	0	0	0
03:50:00	13800	0	0	0	0	0	0	0	0	0	0	0	0	0	0	0	0	0	0	0	0	0	0	0	0	0	0	0	0	0	0	0	0	0	0	0	0	0	0	0	0
03:55:00	14100	0	0	0	0	0	0	0	0	0	0	0	0	0	0	0	0	0	0	0	0	0	0	0	0	0	0	0	0	0	0	0	0	0	0	0	0	0	0	0	0
04:00:00	14400	0	0	0	0	0	0	0	0	0	0	0	0	0	0	0	0	0	0	0	0	0	0	0	0	0	0	0	0	0	0	0	0	0	0	0	0	0	0	0	0
04:05:00	14700	0	0	0	0	0	0	0	0	0	0	0	0	0	0	0	0	0	0	0	0	0	0	0	0	0	0	0	0	0	0	0	0	0	0	0	0	0	0	0	0
04:10:00	15000	0	0	0	0	0	0	0	0	0	0	0	0	0	0	0	0	0	0	0	0	0	0	0	0	0	0	0	0	0	0	0	0	0	0	0	0	0	0	0	0
04:15:00	15300	0	0	0	0	0	0	0	0	0	0	0	0	0	0	0	0	0	0	0	0	0	0	0	0	0	0	0	0	0	0	0	0	0	0	0	0	0	0	0	0
04:20:00	15600	0	0	0	0	0	0	0	0	0	0	0	0	0	0	0	0	0	0	0	0	0	0	0	0	0	0	0	0	0	0	0	0	0	0	0	0	0	0	0	0
04:25:00	15900	0	0	0	0	0	0	0	0	0	0	0	0	0	0	0	0	0	0	0	0	0	0	0	0	0	0	0	0	0	0	0	0	0	0	0	0	0	0	0	0
04:30:00	16200	0	0	0	0	0	0	0	0	0	0	0	0	0	0	0	0	0	0	0	0	0	0	0	0	0	0	0	0	0	0	0	0	0	0	0	0	0	0	0	0
04:35:00	16500	0	0	0	0	0	0	0	0	0	0	0	0	0	0	0	0	0	0	0	0	0	0	0	0	0	0	0	0	0	0	0	0	0	0	0	0	0	0	0	0
04:40:00	16800	0	0	0	0	0	0	0	0	0	0	0	0	0	0	0	0	0	0	0	0	0	0	0	0	0	0	0	0	0	0	0	0	0	0	0	0	0	0	0	0
04:45:00	17100	0	0	0	0	0	0	0	0	0	0	0	0	0	0	0	0	0	0	0	0	0	0	0	0	0	0	0	0	0	0	0	0	0	0	0	0	0	0	0	0
04:50:00	17400	0	0	0	0	0	0	0	0	0	0	0	0	0	0	0	0	0	0	0	0	0	0	0	0	0	0	0	0	0	0	0	0	0	0	0	0	0	0	0	0
04:55:00	17700	0	0	0	0	0	0	0	0	0	0	0	0	0	0	0	0	0	0	0	0	0	0	0	0	0	0	0	0	0	0	0	0	0	0	0	0	0	0	0	0
05:00:00	18000	0	0	0	0	0	0	0	0	0	0	0	0	0	0	0	0	0	0	0	0	0	0	0	0	0	0	0	0	0	0	0	0	0	0	0	0	0	0	0	0
05:05:00	18300	0	0	0	0	0	0	0	0	0	0	0	0	0	0	0	0	0	0	0	0	0	0	0	0	0	0	0	0	0	0	0	0	0	0	0	0	0	0	0	0
05:10:00	18600	0	0	0	0	0	0	0	0	0	0	0	0	0	0	0	0	0	0	0	0	0	0	0	0	0	0	0	0	0	0	0	0	0	0	0	0	0	0	0	0
05:15:00	18900	0	0	0	0	0	0	0	0	0	0	0	0	0	0	0	0	0	0	0	0	0	0	0	0	0	0	0	0	0	0	0	0	0	0	0	0	0	0	0	0
05:20:00	19200	0	0	0	0	0	0	0	0	0	0	0	0	0	0	0	0	0	0	0	0	0	0	0	0	0	0	0	0	0	0	0	0	0	0	0	0	0	0	0	0
05:25:00	19500	0	0	0	0	0	0	0	0	0	0	0	0	0	0	0	0	0	0	0	0	0	0	0	0	0	0	0	0	0	0	0	0	0	0	0	0	0	0	0	0
05:30:00	19800	0	0	0	0	0	0	0	0	0	0	0	0	0	0	0	0	0	0	0	0	0	0	0	0	0	0	0	0	0	0	0	0	0	0	0	0	0	0	0	0
05:35:00	20100	0	0	0	0	0	0	0	0	0	0	0	0	0	0	0	0	0	0	0	0	0	0	0	0	0	0	0	0	0	0	0	0	0	0	0	0	0	0	0	0
05:40:00	20400	0	0	0	0	0	0	0	0	0	0	0	0	0	0	0	0	0	0	0	0	0	0	0	0	0	0	0	0	0	0	0	0	0	0	0	0	0	0	0	0
05:45:00	20700	0	0	0	0	0	0	0	0	0	0	0	0	0	0	0	0	0	0	0	0	0	0	0	0	0	0	0	0	0	0	0	0	0	0	0	0	0	0	0	0
05:50:00	21000	0	0	0	0	0	0	0	0	0	0	0	0	0	0	0	0	0	0	0	0	0	0	0	0	0	0	0	0	0	0	0	0	0	0	0	0	0	0	0	0
05:55:00	21300	0	0	0	0	0	0	0	0	0	0	0	0	0	0	0	0	0	0	0	0	0	0	0	0	0	0	0	0	0	0	0	0	0	0	0	0	0	0	0	0
06:00:00	21600	4	0	0	4	0	0	0	0	0	0	0	0	4	0	0	4	0	0	0	0	0	0	0	0	0	0	0	0	0	0	0	0	0	0	0	0	0	0	0	0
06:05:00	21900	4	1	0	7	0	0	0	0	0	0	0	0	2	1	0	5	0	0	0	0	0	0	0	0	0	0	0	0	0	0	0	0	0	0	0	0	2	0	0	2
06:10:00	22200	3	1	0	9	0	0	0	0	0	0	0	0	3	1	0	7	0	0	0	0	0	0	0	0	0	0	0	0	0	0	0	0	0	0	0	0	0	0	0	2
06:15:00	22500	1	2	0	8	0	0	0	0	0	0	0	0	0	2	0	5	0	0	0	0	0	0	0	0	0	0	0	0	0	0	0	0	0	0	0	0	1	0	0	3
06:20:00	22800	4	0	0	12	0	0	0	0	0	0	0	0	4	0	0	9	0	0	0	0	0	0	0	0	0	0	0	0	0	0	0	0	0	0	0	0	0	0	0	3
06:25:00	23100	4	3	0	13	0	0	0	0	0	0	0	0	3	3	0	9	0	0	0	0	0	0	0	0	0	0	0	0	0	0	0	0	0	0	0	0	1	0	0	4
06:30:00	23400	42	3	1	51	0	0	0	0	0	0	0	0	33	2	0	40	0	0	0	0	0	0	0	0	0	0	0	0	0	0	0	0	0	0	1	-1	9	1	0	12
06:35:00	23700	37	19	0	69	0	0	0	0	0	0	0	0	28	16	0	52	0	0	0	0	0	0	0	0	0	0	0	0	0	0	0	0	0	0	0	-1	9	3	0	18
06:40:00	24000	34	18	0	85	0	0	0	0	0	0	0	0	29	15	0	66	0	0	0	0	0	0	0	0	1	0	0	1	0	0	0	0	0	0	0	-1	4	3	0	19
06:45:00	24300	34	34	1	84	0	0	0	0	0	0	0	0	25	28	0	63	0	0	0	0	0	0	0	0	2	0	0	3	0	0	0	0	0	0	1	-2	7	6	0	20
06:50:00	24600	42	30	0	96	0	0	0	0	0	0	0	0	25	25	0	63	0	0	0	0	2	0	0	2	0	0	0	3	0	0	0	0	0	0	0	-2	15	5	0	30
06:55:00	24900	81	42	1	134	0	0	0	0	0	0	0	0	54	31	0	86	0	0	0	0	1	1	0	2	0	0	0	3	0	0	0	0	0	0	1	-3	26	10	0	46
07:00:00	25200	69	50	0	153	1	0	0	1	0	0	0	0	43	42	0	87	0	0	0	0	2	1	0	3	1	0	0	4	0	0	0	0	0	0	0	-3	22	7	0	61
07:05:00	25500	65	48	4	166	0	1	0	0	0	0	0	0	37	29	0	95	0	0	0	0	1	2	0	2	2	0	0	6	0	0	0	0	0	0	4	-7	25	16	0	70
07:10:00	25800	66	46	1	185	0	0	0	0	0	0	0	0	41	28	0	108	0	0	0	0	0	0	0	2	4	1	0	9	0	0	0	0	0	0	1	-8	21	17	0	74
07:15:00	26100	90	51	2	222	0	0	0	0	0	0	0	0	61	39	0	130	0	0	0	0	1	0	0	3	1	0	0	10	0	0	0	0	0	0	2	-10	27	12	0	89
07:20:00	26400	82	65	0	239	1	1	0	0	0	0	0	0	56	49	0	137	0	0	0	0	2	1	0	4	4	1	0	13	0	0	0	0	0	0	0	-10	19	13	0	95
07:25:00	26700	113	79	5	268	0	0	0	0	0	0	0	0	75	50	0	162	0	0	0	0	0	2	0	2	7	2	0	18	0	0	1	-1	0	0	4	-14	31	25	0	101
07:30:00	27000	77	84	1	260	0	0	0	0	0	0	0	0	42	61	0	143	0	0	0	0	1	1	0	2	2	2	0	18	0	0	0	-1	0	0	1	-15	32	20	0	113
07:35:00	27300	99	96	1	262	4	0	0	4	0	0	0	0	56	69	0	130	0	0	0	0	1	0	0	3	4	5	0	17	0	0	0	-1	0	0	1	-16	34	22	0	125
07:40:00	27600	94	68	1	287	1	1	0	4	0	0	0	0	71	49	0	152	0	0	0	0	0	1	0	2	1	1	0	17	0	0	0	-1	0	0	1	-17	21	16	0	130
07:45:00	27900	103	90	2	298	0	4	0	0	0	0	0	0	64	59	0	157	0	0	0	0	2	2	0	2	5	0	0	22	0	0	0	-1	0	0	2	-19	32	25	0	137
07:50:00	28200	117	95	5	315	0	0	0	0	0	0	0	0	76	62	0	171	0	0	0	0	0	0	0	2	9	4	0	27	0	0	0	-1	0	0	5	-24	32	29	0	140
07:55:00	28500	107	94	1	327	1	0	0	1	0	0	0	0	74	71	0	174	12	1	0	11	0	1	0	1	5	0	0	32	0	0	0	-1	0	0	1	-25	15	21	0	134
08:00:00	28800	124	111	0	340	1	1	0	1	0	0	0	0	72	79	0	167	24	8	0	27	0	1	0	0	2	3	0	31	0	0	0	-1	0	0	0	-25	25	19	0	140
08:05:00	29100	110	98	3	349	0	1	0	0	0	0	0	0	64	57	0	174	17	9	0	35	0	0	0	0	3	3	0	31	0	0	0	-1	0	0	3	-28	26	28	0	138
08:10:00	29400	132	121	4	356	0	0	0	0	0	0	0	0	67	79	0	162	26	16	0	45	2	0	0	2	5	5	0	31	0	0	0	-1	0	0	4	-32	32	21	0	149
08:15:00	29700	96	108	4	340	1	0	0	1	0	0	0	0	52	69	0	145	14	15	0	44	1	2	0	1	0	1	0	30	0	0	0	-1	0	0	4	-36	28	21	0	156
08:20:00	30000	108	93	3	352	0	1	0	0	0	0	0	0	69	55	0	159	16	19	0	41	1	0	0	2	3	1	0	32	0	0	0	-1	0	0	3	-39	19	17	0	158
08:25:00	30300	109	93	2	366	0	0	0	0	0	0	0	0	65	61	0	163	20	14	0	47	0	2	0	0	2	1	0	33	0	0	0	-1	0	0	2	-41	22	15	0	165
08:30:00	30600	97	97	1	365	2	0	0	2	0	0	0	0	47	56	0	154	21	13	0	55	2	0	0	2	5	2	0	36	0	0	0	-1	0	0	1	-42	20	26	0	159
08:35:00	30900	68	81	2	350	1	2	0	1	0	0	0	0	42	49	0	147	8	20	0	43	0	0	0	2	1	0	0	37	0	0	0	-1	0	0	2	-44	16	10	0	165
08:40:00	31200	83	83	2	348	0	0	0	1	0	0	0	0	38	46	0	139	24	17	0	50	0	0	0	2	2	3	0	36	0	0	0	-1	0	0	2	-46	19	17	0	167
08:45:00	31500	106	75	3	376	0	1	0	0	0	0	0	0	49	43	0	145	39	18	0	71	0	0	0	2	2	0	0	38	0	0	0	-1	0	0	3	-49	16	13	0	170
08:50:00	31800	80	93	2	361	0	0	0	0	0	0	0	0	46	55	0	136	13	19	0	65	0	1	0	1	2	0	0	40	0	0	0	-1	0	0	2	-51	19	18	0	171
08:55:00	32100	88	101	2	346	0	0	0	0	0	0	0	0	47	55	0	128	18	21	0	62	2	1	0	2	6	4	0	42	0	0	0	-1	0	0	2	-53	15	20	0	166
09:00:00	32400	97	94	3	346	0	0	0	0	0	0	0	0	58	55	0	131	4	15	0	51	1	1	0	2	8	1	0	49	0	0	0	-1	0	0	3	-56	26	22	0	170
09:05:00	32700	60	77	2	327	0	0	0	0	0	0	0	0	27	36	0	122	6	11	0	46	1	0	0	3	3	6	0	46	0	0	0	-1	0	0	2	-58	23	24	0	169
09:10:00	33000	56	75	1	307	0	0	0	0	0	0	0	0	36	41	0	117	3	13	0	36	1	1	0	3	1	0	0	47	0	0	0	-1	0	0	1	-59	15	20	0	164
09:15:00	33300	57	70	0	294	0	0	0	0	0	0	0	0	32	38	0	111	2	11	0	27	0	3	0	0	4	0	0	51	0	0	0	-1	0	0	0	-59	19	18	0	165
09:20:00	33600	50	76	2	266	1	0	0	1	0	0	0	0	29	44	0	96	2	9	0	20	0	0	0	0	5	2	0	54	0	0	0	-1	0	0	2	-61	13	21	0	157
09:25:00	33900	59	61	1	263	0	0	0	1	0	0	0	0	28	34	0	90	4	2	0	22	1	0	0	1	2	10	0	46	0	0	0	-1	0	0	1	-62	24	15	0	166
09:30:00	34200	48	64	0	247	0	1	0	0	0	0	0	0	24	28	0	86	1	7	0	16	2	2	0	1	1	3	0	44	0	0	0	-1	0	0	0	-62	20	23	0	163
09:35:00	34500	47	62	2	230	0	0	0	0	0	0	0	0	19	32	0	73	8	5	0	19	1	1	0	1	2	1	0	45	0	0	0	-1	0	0	2	-64	17	23	0	157
09:40:00	34800	41	51	0	220	0	0	0	0	0	0	0	0	17	26	0	64	2	5	0	16	0	0	0	1	1	3	0	43	0	0	0	-1	0	0	0	-64	21	17	0	161
09:45:00	35100	43	56	1	206	0	0	0	0	0	0	0	0	16	23	0	57	0	7	0	9	0	1	0	0	3	1	0	45	0	0	0	-1	0	0	1	-65	24	24	0	161
09:50:00	35400	42	50	1	197	0	0	0	0	0	0	0	0	24	17	0	64	0	5	0	4	1	1	0	0	3	1	0	47	0	0	0	-1	0	0	1	-66	14	26	0	149
09:55:00	35700	47	43	2	199	0	0	0	0	0	0	0	0	30	24	0	70	0	0	0	4	0	0	0	0	1	1	0	47	0	0	0	-1	0	0	2	-68	16	18	0	147
10:00:00	36000	79	72	2	204	0	0	0	0	0	0	0	0	33	32	0	71	0	3	0	1	0	0	0	0	2	10	0	39	0	0	0	-1	0	0	2	-70	44	27	0	164
10:05:00	36300	58	50	3	209	0	0	0	0	0	0	0	0	27	25	0	73	0	0	0	1	0	0	0	0	0	2	0	37	0	0	0	-1	0	0	3	-73	31	23	0	172
10:10:00	36600	81	78	5	207	0	0	0	0	0	0	0	0	36	35	0	74	0	1	0	0	1	1	0	0	1	5	0	33	0	0	1	-2	0	0	4	-77	43	36	0	179
10:15:00	36900	61	69	2	197	0	0	0	0	0	0	0	0	27	35	0	66	0	0	0	0	0	0	0	0	1	1	0	33	0	0	0	-2	0	0	2	-79	33	33	0	179
10:20:00	37200	64	63	4	194	0	0	0	0	0	0	0	0	35	27	0	74	0	0	0	0	0	0	0	0	0	1	0	32	0	0	0	-2	0	0	4	-83	29	35	0	173
10:25:00	37500	71	65	1	199	0	0	0	0	0	0	0	0	42	40	0	76	0	0	0	0	0	0	0	0	0	0	0	32	0	0	0	-2	0	0	1	-84	29	25	0	177
10:30:00	37800	58	65	2	190	0	0	0	0	0	0	0	0	20	31	0	65	0	0	0	0	0	0	0	0	0	0	0	32	0	0	0	-2	0	0	2	-86	38	34	0	181
10:35:00	38100	44	64	0	170	0	0	0	0	0	0	0	0	17	32	0	50	2	1	0	1	0	0	0	0	4	0	0	36	0	0	0	-2	0	0	0	-86	21	31	0	171
10:40:00	38400	54	58	1	165	0	0	0	0	0	0	0	0	19	21	0	48	1	1	0	1	0	0	0	0	2	0	0	38	0	0	0	-2	0	0	1	-87	32	36	0	167
10:45:00	38700	67	65	2	165	0	0	0	0	0	0	0	0	24	28	0	44	3	0	0	4	0	0	0	0	2	3	0	37	0	0	0	-2	0	0	2	-89	38	34	0	171
10:50:00	39000	47	53	0	159	0	0	0	0	0	0	0	0	20	17	0	47	0	3	0	1	1	1	0	0	1	0	0	38	0	0	0	-2	0	0	0	-89	25	32	0	164
10:55:00	39300	40	57	1	141	0	0	0	0	0	0	0	0	11	17	0	41	2	0	0	3	0	0	0	0	1	1	0	38	0	0	1	-3	0	0	0	-89	26	39	0	151
11:00:00	39600	51	51	0	141	0	0	0	0	0	0	0	0	18	22	0	37	4	1	0	6	0	0	0	0	0	1	0	37	0	0	0	-3	0	0	0	-89	29	27	0	153
11:05:00	39900	77	68	3	147	0	0	0	0	0	0	0	0	32	19	0	50	1	1	0	6	0	0	0	0	8	7	0	38	0	0	0	-3	0	0	3	-92	36	41	0	148
11:10:00	40200	73	44	7	169	0	0	0	0	0	0	0	0	38	19	0	69	2	1	0	7	0	0	0	0	0	1	0	37	0	0	0	-3	0	0	7	-99	33	23	0	158
11:15:00	40500	54	56	1	166	0	0	0	0	0	0	0	0	22	29	0	62	10	3	0	14	0	0	0	0	0	2	0	35	0	0	0	-3	0	0	1	-100	22	22	0	158
11:20:00	40800	61	63	1	163	0	0	0	0	0	0	0	0	26	24	0	64	2	2	0	14	1	0	0	1	3	1	0	37	0	0	0	-3	0	0	1	-101	29	36	0	151
11:25:00	41100	76	66	3	170	0	0	0	0	0	0	0	0	41	30	0	75	3	4	0	13	0	1	0	0	0	1	0	36	0	0	0	-3	0	0	3	-104	32	30	0	153
11:30:00	41400	73	64	0	179	0	0	0	0	0	0	0	0	41	29	0	87	1	4	0	10	1	0	0	1	2	1	0	37	0	0	0	-3	0	0	0	-104	28	30	0	151
11:35:00	41700	83	71	1	190	0	0	0	0	0	0	0	0	38	32	0	93	3	3	0	10	0	0	0	1	5	7	0	35	0	0	0	-3	0	0	1	-105	37	29	0	159
11:40:00	42000	73	66	0	197	0	0	0	0	0	0	0	0	38	30	0	101	0	4	0	6	1	0	0	2	2	6	0	31	0	0	0	-3	0	0	0	-105	32	26	0	165
11:45:00	42300	78	90	1	184	0	0	0	0	0	0	0	0	37	37	0	101	3	5	0	4	1	2	0	1	2	3	0	30	0	0	0	-3	0	0	1	-106	35	43	0	157
11:50:00	42600	87	79	2	190	0	0	0	0	0	0	0	0	47	39	0	109	5	1	0	8	0	0	0	1	3	1	0	32	0	0	1	-4	0	0	1	-107	32	38	0	151
11:55:00	42900	92	84	2	196	1	0	0	1	0	0	0	0	50	39	0	120	1	1	0	8	0	0	0	1	1	4	0	29	0	0	0	-4	0	0	2	-109	39	40	0	150
12:00:00	43200	73	92	3	174	1	1	0	1	0	0	0	0	50	58	0	112	2	3	0	7	0	0	0	1	0	0	0	29	0	0	0	-4	0	0	3	-112	20	30	0	140
12:05:00	43500	57	54	1	176	0	0	0	1	0	0	0	0	34	37	0	109	8	4	0	11	0	1	0	0	1	0	0	30	0	0	0	-4	0	0	1	-113	14	12	0	142
12:10:00	43800	68	62	0	182	0	1	0	0	0	0	0	0	41	38	0	112	2	0	0	13	0	0	0	0	5	0	0	35	0	0	0	-4	0	0	0	-113	20	23	0	139
12:15:00	44100	59	75	2	164	1	0	0	1	0	0	0	0	27	46	0	93	1	3	0	11	2	1	0	1	1	3	0	33	0	0	1	-5	0	0	1	-114	27	22	0	144
12:20:00	44400	54	61	5	152	1	1	0	1	0	0	0	0	33	35	0	91	0	4	0	7	5	0	0	6	1	0	0	34	0	0	0	-5	0	0	5	-119	14	21	0	137
12:25:00	44700	55	64	3	140	0	0	0	1	0	0	0	0	39	29	0	101	0	2	0	5	0	3	0	3	2	4	0	32	0	0	0	-5	0	0	3	-122	14	26	0	125
12:30:00	45000	43	50	3	130	0	0	0	1	0	0	0	0	30	31	0	100	0	1	0	4	1	0	0	4	1	1	0	32	0	0	0	-5	0	0	3	-125	11	17	0	119
12:35:00	45300	27	45	0	112	1	1	0	1	0	0	0	0	15	29	0	86	0	2	0	2	0	1	0	3	1	2	0	31	0	0	0	-5	0	0	0	-125	10	10	0	119
12:40:00	45600	35	42	1	104	0	0	0	1	0	0	0	0	26	24	0	88	0	1	0	1	0	2	0	1	2	0	0	33	0	0	0	-5	0	0	1	-126	7	15	0	111
12:45:00	45900	42	35	1	110	0	0	0	1	0	0	0	0	29	27	0	90	0	0	0	1	0	0	0	1	0	1	0	32	0	0	1	-6	0	0	0	-126	13	7	0	117
12:50:00	46200	32	45	1	96	1	1	0	1	0	0	0	0	22	32	0	80	0	1	0	0	2	1	0	2	1	0	0	33	0	0	0	-6	0	0	1	-127	6	10	0	113
12:55:00	46500	32	39	0	89	0	1	0	0	0	0	0	0	22	28	0	74	0	0	0	0	0	0	0	2	1	2	0	32	0	0	0	-6	0	0	0	-127	9	8	0	114
13:00:00	46800	4	31	0	62	0	0	0	0	0	0	0	0	1	24	0	51	0	0	0	0	0	0	0	2	0	0	0	32	0	0	0	-6	0	0	0	-127	3	7	0	110
13:05:00	47100	4	24	1	41	1	0	0	1	0	0	0	0	1	19	0	33	0	0	0	0	0	0	0	2	1	0	0	33	0	0	0	-6	0	0	1	-128	1	5	0	106
13:10:00	47400	3	18	0	26	0	0	0	1	0	0	0	0	0	11	0	22	0	0	0	0	0	0	0	2	2	0	0	35	0	0	0	-6	0	0	0	-128	1	7	0	100
13:15:00	47700	23	18	0	31	0	1	0	0	0	0	0	0	15	10	0	27	0	0	0	0	0	0	0	2	0	2	0	33	0	0	0	-6	0	0	0	-128	8	5	0	103
13:20:00	48000	14	17	0	28	1	0	0	1	0	0	0	0	9	12	0	24	0	0	0	0	0	0	0	2	0	0	0	33	0	0	0	-6	0	0	0	-128	4	5	0	102
13:25:00	48300	20	18	1	29	0	0	0	1	0	0	0	0	11	7	0	28	0	0	0	0	2	0	0	4	0	3	0	30	0	0	0	-6	0	0	1	-129	7	8	0	101
13:30:00	48600	55	25	2	57	0	0	0	1	0	0	0	0	41	13	0	56	1	0	0	1	0	0	0	4	4	1	0	33	0	0	0	-6	0	0	2	-131	9	11	0	99
13:35:00	48900	63	58	4	58	0	1	0	0	0	0	0	0	30	29	0	57	5	0	0	6	0	2	0	2	2	5	0	30	0	0	0	-6	0	0	4	-135	26	21	0	104
13:40:00	49200	49	44	2	61	1	0	0	1	0	0	0	0	27	29	0	55	5	2	0	9	0	1	0	1	0	1	0	29	0	0	0	-6	0	0	2	-137	16	11	0	109
13:45:00	49500	60	52	1	68	1	1	0	1	0	0	0	0	33	29	0	59	2	3	0	8	3	0	0	4	1	1	0	29	0	0	0	-6	0	0	1	-138	20	18	0	111
13:50:00	49800	88	42	2	112	1	0	0	2	0	0	0	0	50	26	0	83	15	6	0	17	0	0	0	4	1	0	0	30	0	0	0	-6	0	0	2	-140	21	10	0	122
13:55:00	50100	103	64	4	147	0	0	0	2	0	0	0	0	62	37	0	108	12	6	0	23	1	2	0	3	1	0	0	31	0	0	0	-6	0	0	4	-144	27	19	0	130
14:00:00	50400	90	85	2	150	0	2	0	0	0	0	0	0	57	48	0	117	3	11	0	15	2	1	0	4	4	0	0	35	0	0	0	-6	0	0	2	-146	24	23	0	131
14:05:00	50700	89	81	1	157	0	0	0	0	0	0	0	0	34	39	0	112	9	5	0	19	1	2	0	3	3	0	0	38	0	0	0	-6	0	0	1	-147	42	35	0	138
14:10:00	51000	79	70	3	163	0	0	0	0	0	0	0	0	38	39	0	111	14	11	0	22	2	1	0	4	3	0	0	41	0	0	0	-6	0	0	3	-150	22	19	0	141
14:15:00	51300	66	67	1	161	1	0	0	1	0	0	0	0	36	38	0	109	8	9	0	21	1	2	0	3	4	0	0	45	0	0	0	-6	0	0	1	-151	16	18	0	139
14:20:00	51600	79	65	2	173	0	0	0	1	0	0	0	0	41	33	0	117	14	7	0	28	0	2	0	1	1	6	0	40	0	0	0	-6	0	0	2	-153	23	17	0	145
14:25:00	51900	70	74	1	168	1	1	0	1	0	0	0	0	41	46	0	112	16	12	0	32	0	0	0	1	0	2	0	38	0	0	0	-6	0	0	1	-154	12	13	0	144
14:30:00	52200	56	68	1	155	0	1	0	0	0	0	0	0	22	28	0	106	12	12	0	32	0	1	0	0	3	3	0	38	0	0	0	-6	0	0	1	-155	19	23	0	140
14:35:00	52500	72	66	2	159	0	0	0	0	0	0	0	0	34	35	0	105	4	12	0	24	1	0	0	1	2	1	0	39	0	0	0	-6	0	0	2	-157	31	18	0	153
14:40:00	52800	59	84	2	132	0	0	0	0	0	0	0	0	28	44	0	89	8	10	0	22	1	1	0	1	1	2	0	38	0	0	0	-6	0	0	2	-159	21	27	0	147
14:45:00	53100	55	64	1	122	0	0	0	0	0	0	0	0	25	29	0	85	9	12	0	19	2	0	0	3	5	5	0	38	0	0	0	-6	0	0	1	-160	14	18	0	143
14:50:00	53400	52	62	3	109	0	0	0	0	0	0	0	0	18	31	0	72	3	4	0	18	0	1	0	2	2	0	0	40	0	0	0	-6	0	0	3	-163	29	26	0	146
14:55:00	53700	45	49	1	104	0	0	0	0	0	0	0	0	19	22	0	69	8	6	0	20	0	0	0	2	3	1	0	42	0	0	0	-6	0	0	1	-164	15	20	0	141
15:00:00	54000	43	63	1	83	0	0	0	0	0	0	0	0	17	29	0	57	4	10	0	14	0	1	0	1	1	4	0	39	0	0	0	-6	0	0	1	-165	21	19	0	143
15:05:00	54300	52	43	1	91	0	0	0	0	0	0	0	0	24	18	0	63	0	4	0	10	3	1	0	3	1	1	0	39	0	0	0	-6	0	0	1	-166	24	19	0	148
15:10:00	54600	53	63	3	78	0	0	0	0	0	0	0	0	23	26	0	60	0	4	0	6	1	2	0	2	0	0	0	39	0	0	0	-6	0	0	3	-169	29	31	0	146
15:15:00	54900	61	54	4	81	1	0	0	1	0	0	0	0	27	20	0	67	1	2	0	5	1	2	0	1	2	2	0	39	0	0	0	-6	0	0	4	-173	29	28	0	147
15:20:00	55200	53	50	3	81	0	0	0	1	0	0	0	0	28	22	0	73	1	1	0	5	0	1	0	0	0	0	0	39	0	0	0	-6	0	0	3	-176	24	26	0	145
15:25:00	55500	52	66	4	63	0	1	0	0	0	0	0	0	30	35	0	68	0	0	0	5	1	0	0	1	1	2	0	38	0	0	0	-6	0	0	4	-180	20	28	0	137
15:30:00	55800	79	56	5	81	0	0	0	0	0	0	0	0	38	29	0	77	0	1	0	4	2	0	0	3	1	0	0	39	0	0	0	-6	0	0	5	-185	38	26	0	149
15:35:00	56100	90	65	0	106	0	0	0	0	0	0	0	0	52	36	0	93	0	0	0	4	0	0	0	3	3	2	0	40	0	0	0	-6	0	0	0	-185	35	27	0	157
15:40:00	56400	104	88	6	116	0	0	0	0	0	0	0	0	47	39	0	101	0	1	0	3	0	2	0	1	2	0	0	42	0	0	0	-6	0	0	6	-191	55	46	0	166
15:45:00	56700	72	73	1	114	1	0	0	1	0	0	0	0	35	42	0	94	0	1	0	2	0	0	0	1	7	1	0	48	0	0	0	-6	0	0	1	-192	29	29	0	166
15:50:00	57000	74	86	1	101	1	2	0	0	1	0	0	1	37	45	0	86	0	0	0	2	0	1	0	0	0	0	0	48	0	0	0	-6	0	0	1	-193	35	38	0	163
15:55:00	57300	62	74	4	85	0	0	0	0	0	1	0	0	23	36	0	73	0	0	0	2	1	0	0	1	2	3	0	47	0	0	0	-6	0	0	4	-197	36	34	0	165
16:00:00	57600	90	75	2	98	0	0	0	0	0	0	0	0	31	35	0	69	21	1	0	22	0	0	0	1	2	4	0	45	0	0	1	-7	0	0	1	-198	36	35	0	166
16:05:00	57900	81	75	2	102	0	0	0	0	0	0	0	0	30	29	0	70	19	9	0	32	1	2	0	0	0	3	0	42	0	0	0	-7	0	0	2	-200	31	32	0	165
16:10:00	58200	71	88	2	83	0	0	0	0	0	0	0	0	19	32	0	57	18	14	0	36	0	0	0	0	1	0	0	43	0	0	0	-7	0	0	2	-202	33	42	0	156
16:15:00	58500	83	73	2	91	1	0	0	1	0	0	0	0	18	21	0	54	16	13	0	39	0	0	0	0	6	6	0	43	0	0	0	-7	0	0	2	-204	42	33	0	165
16:20:00	58800	99	78	3	109	0	1	0	0	0	0	0	0	45	25	0	74	17	12	0	44	1	0	0	1	2	2	0	43	0	0	0	-7	0	0	3	-207	34	38	0	161
16:25:00	59100	104	80	2	131	0	0	0	0	0	0	0	0	39	27	0	86	28	21	0	51	1	0	0	2	2	3	0	42	0	0	0	-7	0	0	2	-209	34	29	0	166
16:30:00	59400	112	88	3	152	0	0	0	0	0	0	0	0	36	36	0	86	30	14	0	67	1	1	0	2	3	2	0	43	0	0	0	-7	0	0	3	-212	42	35	0	173
16:35:00	59700	128	98	4	178	1	0	0	1	0	0	0	0	49	28	0	107	28	22	0	73	0	1	0	1	4	2	0	45	0	0	1	-8	0	0	3	-215	46	45	0	174
16:40:00	60000	126	121	4	179	0	0	0	1	0	0	0	0	59	50	0	116	19	24	0	68	0	0	0	1	4	4	0	45	0	0	0	-8	0	0	4	-219	44	43	0	175
16:45:00	60300	99	85	1	192	0	1	0	0	0	0	0	0	40	33	0	123	30	25	0	73	2	0	0	3	1	4	0	42	0	0	0	-8	0	0	1	-220	26	22	0	179
16:50:00	60600	147	124	4	211	0	0	0	0	0	0	0	0	51	53	0	121	45	26	0	92	0	0	0	3	2	5	0	39	0	0	0	-8	0	0	4	-224	49	40	0	188
16:55:00	60900	134	133	3	209	1	0	0	1	0	0	0	0	41	47	0	115	33	32	0	93	4	3	0	4	2	3	0	38	0	0	0	-8	0	0	3	-227	53	48	0	193
17:00:00	61200	162	121	1	249	0	0	0	1	0	0	0	0	87	46	0	156	18	24	0	87	3	2	0	5	4	6	0	36	0	0	0	-8	0	0	1	-228	50	43	0	200
17:05:00	61500	170	123	0	296	0	1	0	0	0	0	0	0	109	62	0	203	12	21	0	78	0	2	0	3	4	9	0	31	0	0	0	-8	0	0	0	-228	45	28	0	217
17:10:00	61800	144	156	5	279	0	0	0	0	0	0	0	0	69	77	0	195	18	25	0	71	1	2	0	2	3	2	0	32	0	0	0	-8	0	0	5	-233	53	50	0	220
17:15:00	62100	157	147	4	285	0	0	0	0	0	0	0	0	80	77	0	198	24	18	0	77	0	1	0	1	2	3	0	31	0	0	0	-8	0	0	4	-237	51	48	0	223
17:20:00	62400	163	148	2	298	0	0	0	0	0	0	0	0	92	73	0	217	15	25	0	67	2	1	0	2	2	1	0	32	0	0	0	-8	0	0	2	-239	52	48	0	227
17:25:00	62700	113	159	1	251	1	0	0	1	0	0	0	0	69	82	0	204	0	23	0	44	3	3	0	2	4	4	0	32	0	0	0	-8	0	0	1	-240	36	47	0	216
17:30:00	63000	92	112	3	228	0	1	0	0	0	0	0	0	66	67	0	203	1	13	0	32	0	0	0	2	2	4	0	30	0	0	0	-8	0	0	3	-243	23	27	0	212
17:35:00	63300	79	91	1	215	0	0	0	0	0	0	0	0	57	64	0	196	2	5	0	29	0	0	0	2	3	3	0	30	0	0	0	-8	0	0	1	-244	17	19	0	210
17:40:00	63600	59	77	1	196	0	0	0	0	0	0	0	0	43	54	0	185	2	6	0	25	0	0	0	2	4	3	0	31	0	0	0	-8	0	0	1	-245	10	14	0	206
17:45:00	63900	94	79	2	209	0	0	0	0	0	0	0	0	68	53	0	200	0	0	0	25	1	0	0	3	1	2	0	30	0	0	0	-8	0	0	2	-247	24	24	0	206
17:50:00	64200	83	90	1	201	1	0	0	1	0	0	0	0	72	67	0	205	1	6	0	20	0	0	0	3	1	0	0	31	0	0	0	-8	0	0	1	-248	8	17	0	197
17:55:00	64500	84	103	1	181	0	1	0	0	0	0	0	0	64	73	0	196	0	3	0	17	0	0	0	3	2	2	0	31	0	0	0	-8	0	0	1	-249	18	24	0	191
18:00:00	64800	67	110	2	136	0	0	0	0	0	0	0	0	44	74	0	166	1	3	0	15	0	1	0	2	4	5	0	30	0	0	0	-8	0	0	2	-251	18	27	0	182
18:05:00	65100	63	69	1	129	0	0	0	0	0	0	0	0	42	51	0	157	0	1	0	14	2	0	0	4	0	5	0	25	0	0	0	-8	0	0	1	-252	19	12	0	189
18:10:00	65400	34	70	0	93	0	0	0	0	0	0	0	0	28	54	0	131	1	1	0	14	0	0	0	4	1	2	0	24	0	0	0	-8	0	0	0	-252	4	13	0	180
18:15:00	65700	35	76	0	52	0	0	0	0	0	0	0	0	25	59	0	97	0	2	0	12	0	1	0	3	1	3	0	22	0	0	0	-8	0	0	0	-252	9	11	0	178
18:20:00	66000	52	52	1	51	0	0	0	0	0	0	0	0	39	32	0	104	0	2	0	10	0	1	0	2	2	1	0	23	0	0	0	-8	0	0	1	-253	11	16	0	173
18:25:00	66300	41	58	2	32	0	0	0	0	0	0	0	0	30	40	0	94	0	0	0	10	0	2	0	0	0	3	0	20	0	0	0	-8	0	0	2	-255	11	13	0	171
18:30:00	66600	35	54	2	11	0	0	0	0	0	0	0	0	22	36	0	80	0	0	0	10	0	0	0	0	1	6	0	15	0	0	0	-8	0	0	2	-257	12	12	0	171
18:35:00	66900	52	56	1	6	0	0	0	0	0	0	0	0	40	38	0	82	1	4	0	7	0	0	0	0	0	1	0	14	0	0	0	-8	0	0	1	-258	11	13	0	169
18:40:00	67200	27	44	2	-13	0	0	0	0	0	0	0	0	21	32	0	71	0	2	0	5	0	0	0	0	2	1	0	15	0	0	0	-8	0	0	2	-260	4	9	0	164
18:45:00	67500	25	43	0	-31	0	0	0	0	0	0	0	0	21	32	0	60	0	1	0	4	0	0	0	0	0	1	0	14	0	0	0	-8	0	0	0	-260	4	9	0	159
18:50:00	67800	11	33	1	-54	0	0	0	0	0	0	0	0	6	22	0	44	0	0	0	4	0	0	0	0	0	2	0	12	0	0	0	-8	0	0	1	-261	5	9	0	155
18:55:00	68100	18	25	1	-62	0	0	0	0	0	0	0	0	10	14	0	40	0	0	0	4	1	0	0	1	0	1	0	11	0	0	0	-8	0	0	1	-262	7	10	0	152
19:00:00	68400	55	28	0	-35	0	0	0	0	0	0	0	0	44	18	0	66	0	0	0	4	0	0	0	1	0	5	0	6	0	0	0	-8	0	0	0	-262	11	5	0	158
19:05:00	68700	69	35	1	-2	0	0	0	0	0	0	0	0	59	24	0	101	0	0	0	4	0	1	0	0	0	0	0	6	0	0	0	-8	0	0	1	-263	10	10	0	158
19:10:00	69000	66	62	1	1	0	0	0	0	0	0	0	0	49	43	0	107	0	1	0	3	1	0	0	1	0	0	0	6	0	0	0	-8	0	0	1	-264	16	18	0	156
19:15:00	69300	55	55	2	-1	1	0	0	1	0	0	0	0	36	37	0	106	0	0	0	3	3	0	0	4	1	1	0	6	0	0	0	-8	0	0	2	-266	14	17	0	153
19:20:00	69600	50	64	4	-19	0	1	0	0	0	0	0	0	36	42	0	100	0	0	0	3	0	1	0	3	0	0	0	6	0	0	0	-8	0	0	4	-270	14	20	0	147
19:25:00	69900	79	68	0	-8	0	0	0	0	0	0	0	0	61	45	0	116	0	0	0	3	1	1	0	3	0	1	0	5	0	0	0	-8	0	0	0	-270	17	21	0	143
19:30:00	70200	66	62	2	-6	0	0	0	0	0	0	0	0	52	45	0	123	0	0	0	3	3	0	0	6	0	0	0	5	0	0	0	-8	0	0	2	-272	11	17	0	137
19:35:00	70500	47	63	0	-22	0	0	0	0	0	0	0	0	37	54	0	106	0	1	0	2	0	1	0	5	0	2	0	3	0	0	0	-8	0	0	0	-272	10	5	0	142
19:40:00	70800	41	57	0	-38	1	0	0	1	0	0	0	0	30	41	0	95	0	0	0	2	1	3	0	3	0	0	0	3	0	0	0	-8	0	0	0	-272	9	13	0	138
19:45:00	71100	57	47	1	-29	0	1	0	0	0	0	0	0	43	36	0	102	0	0	0	2	1	0	0	4	1	1	0	3	0	0	0	-8	0	0	1	-273	12	9	0	141
19:50:00	71400	42	55	1	-43	0	0	0	0	0	0	0	0	34	40	0	96	0	0	0	2	0	4	0	0	0	1	0	2	0	0	0	-8	0	0	1	-274	8	10	0	139
19:55:00	71700	40	49	1	-53	0	0	0	0	0	0	0	0	30	43	0	83	0	0	0	2	0	0	0	0	0	0	0	2	0	0	0	-8	0	0	1	-275	10	6	0	143
20:00:00	72000	6	35	1	-83	1	0	0	1	0	0	0	0	1	27	0	57	0	0	0	2	0	0	0	0	1	0	0	3	0	0	0	-8	0	0	1	-276	3	8	0	138
20:05:00	72300	3	26	0	-106	0	0	0	1	0	0	0	0	1	21	0	37	0	0	0	2	0	0	0	0	0	0	0	3	0	0	0	-8	0	0	0	-276	2	5	0	135
20:10:00	72600	6	22	1	-123	0	1	0	0	0	0	0	0	2	12	0	27	0	0	0	2	0	0	0	0	0	0	0	3	0	0	0	-8	0	0	1	-277	4	9	0	130
20:15:00	72900	9	24	0	-138	0	0	0	0	0	0	0	0	3	12	0	18	0	0	0	2	1	0	0	1	1	0	0	4	0	0	0	-8	0	0	0	-277	4	12	0	122
20:20:00	73200	7	16	0	-147	0	0	0	0	0	0	0	0	3	8	0	13	0	1	0	1	0	0	0	1	0	1	0	3	0	0	0	-8	0	0	0	-277	4	6	0	120
20:25:00	73500	6	6	1	-148	0	0	0	0	0	0	0	0	2	1	0	14	0	0	0	1	0	1	0	0	0	1	0	2	0	0	0	-8	0	0	1	-278	4	3	0	121
20:30:00	73800	3	8	0	-153	0	0	0	0	0	0	0	0	1	3	0	12	0	1	0	0	0	0	0	0	0	0	0	2	0	0	0	-8	0	0	0	-278	2	4	0	119
20:35:00	74100	6	7	0	-154	0	0	0	0	0	0	0	0	3	0	0	15	0	0	0	0	0	0	0	0	0	1	0	1	0	0	0	-8	0	0	0	-278	3	6	0	116
20:40:00	74400	5	12	1	-162	0	0	0	0	0	0	0	0	2	7	0	10	0	0	0	0	0	0	0	0	0	0	0	1	0	0	0	-8	0	0	1	-279	3	5	0	114
20:45:00	74700	7	9	0	-164	0	0	0	0	0	0	0	0	4	3	0	11	0	0	0	0	0	0	0	0	0	0	0	1	0	0	0	-8	0	0	0	-279	3	6	0	111
20:50:00	75000	6	10	1	-169	0	0	0	0	0	0	0	0	4	4	0	11	0	0	0	0	0	0	0	0	0	0	0	1	0	0	0	-8	0	0	1	-280	2	6	0	107
20:55:00	75300	2	4	0	-171	0	0	0	0	0	0	0	0	0	1	0	10	0	0	0	0	0	0	0	0	0	0	0	1	0	0	0	-8	0	0	0	-280	2	3	0	106
21:00:00	75600	6	5	0	-170	0	0	0	0	0	0	0	0	5	3	0	12	0	0	0	0	0	0	0	0	0	0	0	1	0	0	0	-8	0	0	0	-280	1	2	0	105
21:05:00	75900	3	10	1	-178	0	0	0	0	0	0	0	0	2	5	0	9	0	0	0	0	0	0	0	0	0	0	0	1	0	0	0	-8	0	0	1	-281	1	5	0	101
21:10:00	76200	2	7	2	-185	0	0	0	0	0	0	0	0	0	4	0	5	0	0	0	0	0	0	0	0	0	0	0	1	0	0	0	-8	0	0	2	-283	2	3	0	100
21:15:00	76500	1	2	0	-186	0	0	0	0	0	0	0	0	0	0	0	5	0	0	0	0	0	0	0	0	0	0	0	1	0	0	0	-8	0	0	0	-283	1	2	0	99
21:20:00	76800	0	2	0	-188	0	0	0	0	0	0	0	0	0	0	0	5	0	0	0	0	0	0	0	0	0	0	0	1	0	0	0	-8	0	0	0	-283	0	2	0	97
21:25:00	77100	2	2	1	-189	0	0	0	0	0	0	0	0	1	0	0	6	0	0	0	0	0	0	0	0	0	0	0	1	0	0	0	-8	0	0	1	-284	1	2	0	96
21:30:00	77400	2	5	0	-192	0	0	0	0	0	0	0	0	0	2	0	4	0	0	0	0	0	0	0	0	0	0	0	1	0	0	0	-8	0	0	0	-284	2	3	0	95
21:35:00	77700	0	2	0	-194	0	0	0	0	0	0	0	0	0	1	0	3	0	0	0	0	0	0	0	0	0	0	0	1	0	0	0	-8	0	0	0	-284	0	1	0	94
21:40:00	78000	1	2	1	-196	0	0	0	0	0	0	0	0	0	1	0	2	0	0	0	0	0	0	0	0	0	0	0	1	0	0	0	-8	0	0	1	-285	1	1	0	94
21:45:00	78300	0	1	0	-197	0	0	0	0	0	0	0	0	0	0	0	2	0	0	0	0	0	0	0	0	0	0	0	1	0	0	0	-8	0	0	0	-285	0	1	0	93
21:50:00	78600	0	0	0	-197	0	0	0	0	0	0	0	0	0	0	0	2	0	0	0	0	0	0	0	0	0	0	0	1	0	0	0	-8	0	0	0	-285	0	0	0	93
21:55:00	78900	1	2	0	-198	0	0	0	0	0	0	0	0	0	1	0	1	0	0	0	0	0	0	0	0	0	0	0	1	0	0	0	-8	0	0	0	-285	1	1	0	93
22:00:00	79200	0	2	0	-200	0	0	0	0	0	0	0	0	0	0	0	1	0	0	0	0	0	0	0	0	0	0	0	1	0	0	0	-8	0	0	0	-285	0	2	0	91
22:05:00	79500	1	1	0	-200	0	0	0	0	0	0	0	0	1	0	0	2	0	0	0	0	0	0	0	0	0	0	0	1	0	0	0	-8	0	0	0	-285	0	1	0	90
22:10:00	79800	0	1	0	-201	0	0	0	0	0	0	0	0	0	0	0	2	0	0	0	0	0	0	0	0	0	0	0	1	0	0	0	-8	0	0	0	-285	0	1	0	89
22:15:00	80100	1	1	0	-201	0	0	0	0	0	0	0	0	1	0	0	3	0	0	0	0	0	0	0	0	0	0	0	1	0	0	0	-8	0	0	0	-285	0	1	0	88
22:20:00	80400	3	3	0	-201	0	0	0	0	0	0	0	0	1	1	0	3	0	0	0	0	0	0	0	0	0	0	0	1	0	0	0	-8	0	0	0	-285	2	2	0	88
22:25:00	80700	1	3	0	-203	0	0	0	0	0	0	0	0	1	1	0	3	0	0	0	0	0	0	0	0	0	0	0	1	0	0	0	-8	0	0	0	-285	0	2	0	86
22:30:00	81000	2	4	1	-206	0	0	0	0	0	0	0	0	1	2	0	2	0	0	0	0	0	0	0	0	0	0	0	1	0	0	0	-8	0	0	1	-286	1	2	0	85
22:35:00	81300	2	3	0	-207	0	0	0	0	0	0	0	0	1	0	0	3	0	0	0	0	0	0	0	0	0	0	0	1	0	0	0	-8	0	0	0	-286	1	3	0	83
22:40:00	81600	3	5	1	-210	0	0	0	0	0	0	0	0	1	2	0	2	0	0	0	0	0	0	0	0	0	0	0	1	0	0	0	-8	0	0	1	-287	2	3	0	82
22:45:00	81900	0	1	0	-211	0	0	0	0	0	0	0	0	0	1	0	1	0	0	0	0	0	0	0	0	0	0	0	1	0	0	0	-8	0	0	0	-287	0	0	0	82
22:50:00	82200	1	4	0	-214	0	0	0	0	0	0	0	0	0	1	0	0	0	0	0	0	0	0	0	0	0	0	0	1	0	0	0	-8	0	0	0	-287	1	3	0	80
22:55:00	82500	1	2	1	-216	0	0	0	0	0	0	0	0	0	0	0	0	0	0	0	0	0	0	0	0	0	0	0	1	0	0	0	-8	0	0	1	-288	1	2	0	79
23:00:00	82800	0	1	0	-217	0	0	0	0	0	0	0	0	0	0	0	0	0	0	0	0	0	0	0	0	0	0	0	1	0	0	0	-8	0	0	0	-288	0	1	0	78
23:05:00	83100	1	2	1	-219	0	0	0	0	0	0	0	0	0	0	0	0	0	0	0	0	0	0	0	0	0	0	0	1	0	0	0	-8	0	0	1	-289	1	2	0	77
23:10:00	83400	1	2	1	-221	0	0	0	0	0	0	0	0	0	0	0	0	0	0	0	0	0	0	0	0	0	0	0	1	0	0	0	-8	0	0	1	-290	1	2	0	76
23:15:00	83700	4	1	0	-218	0	0	0	0	0	0	0	0	3	0	0	3	0	0	0	0	0	0	0	0	0	0	0	1	0	0	0	-8	0	0	0	-290	1	1	0	76
23:20:00	84000	6	4	1	-217	0	0	0	0	0	0	0	0	4	3	0	4	0	0	0	0	0	0	0	0	0	0	0	1	0	0	0	-8	0	0	1	-291	2	1	0	77
23:25:00	84300	6	5	0	-216	0	0	0	0	0	0	0	0	3	1	0	6	0	0	0	0	0	0	0	0	0	0	0	1	0	0	0	-8	0	0	0	-291	3	4	0	76
23:30:00	84600	3	10	2	-225	0	0	0	0	0	0	0	0	0	4	0	2	0	0	0	0	0	0	0	0	0	0	0	1	0	0	0	-8	0	0	2	-293	3	6	0	73
23:35:00	84900	6	5	1	-225	0	0	0	0	0	0	0	0	2	0	0	4	0	0	0	0	1	0	0	1	0	0	0	1	0	0	0	-8	0	0	1	-294	3	5	0	71
23:40:00	85200	4	3	0	-224	0	0	0	0	0	0	0	0	2	1	0	5	0	0	0	0	0	1	0	0	0	0	0	1	0	0	0	-8	0	0	0	-294	2	1	0	72
23:45:00	85500	4	5	0	-225	0	0	0	0	0	0	0	0	4	3	0	6	0	0	0	0	0	0	0	0	0	0	0	1	0	0	0	-8	0	0	0	-294	0	2	0	70
23:50:00	85800	3	4	0	-226	0	0	0	0	0	0	0	0	2	3	0	5	0	0	0	0	0	0	0	0	0	0	0	1	0	0	0	-8	0	0	0	-294	1	1	0	70
23:55:00	86100	2	1	0	-225	0	0	0	0	0	0	0	0	1	1	0	5	0	0	0	0	0	0	0	0	0	0	0	1	0	0	0	-8	0	0	0	-294	1	0	0	71
24:00:00	86400	4	2	0	-223	0	0	0	0	0	0	0	0	3	0	0	8	0	0	0	0	0	0	0	0	0	0	0	1	0	0	0	-8	0	0	0	-294	1	2	0	70
24:05:00	86700	2	6	0	-227	0	0	0	0	0	0	0	0	1	4	0	5	0	0	0	0	0	0	0	0	0	0	0	1	0	0	0	-8	0	0	0	-294	1	2	0	69
24:10:00	87000	4	5	0	-228	0	0	0	0	0	0	0	0	4	2	0	7	0	0	0	0	0	0	0	0	0	0	0	1	0	0	0	-8	0	0	0	-294	0	3	0	66
24:15:00	87300	0	3	0	-231	0	0	0	0	0	0	0	0	0	1	0	6	0	0	0	0	0	0	0	0	0	0	0	1	0	0	0	-8	0	0	0	-294	0	2	0	64
24:20:00	87600	5	7	1	-234	0	0	0	0	0	0	0	0	2	3	0	5	0	0	0	0	0	0	0	0	0	0	0	1	0	0	0	-8	0	0	1	-295	3	4	0	63
24:25:00	87900	4	6	1	-237	1	0	0	1	0	0	0	0	1	1	0	5	0	0	0	0	0	0	0	0	0	0	0	1	0	0	0	-8	0	0	1	-296	2	5	0	60
24:30:00	88200	3	5	1	-240	0	1	0	0	0	0	0	0	1	0	0	6	0	0	0	0	0	0	0	0	0	0	0	1	0	0	0	-8	0	0	1	-297	2	4	0	58
24:35:00	88500	2	5	1	-244	0	0	0	0	0	0	0	0	1	3	0	4	0	0	0	0	0	0	0	0	0	0	0	1	0	0	0	-8	0	0	1	-298	1	2	0	57
24:40:00	88800	0	1	0	-245	0	0	0	0	0	0	0	0	0	0	0	4	0	0	0	0	0	0	0	0	0	0	0	1	0	0	0	-8	0	0	0	-298	0	1	0	56
24:45:00	89100	0	0	0	-245	0	0	0	0	0	0	0	0	0	0	0	4	0	0	0	0	0	0	0	0	0	0	0	1	0	0	0	-8	0	0	0	-298	0	0	0	56
24:50:00	89400	0	1	0	-246	0	0	0	0	0	0	0	0	0	0	0	4	0	0	0	0	0	0	0	0	0	0	0	1	0	0	0	-8	0	0	0	-298	0	1	0	55
24:55:00	89700	0	2	0	-248	0	0	0	0	0	0	0	0	0	2	0	2	0	0	0	0	0	0	0	0	0	0	0	1	0	0	0	-8	0	0	0	-298	0	0	0	55
25:00:00	90000	1	2	0	-249	0	0	0	0	0	0	0	0	0	1	0	1	0	0	0	0	0	0	0	0	0	0	0	1	0	0	0	-8	0	0	0	-298	1	1	0	55
25:05:00	90300	1	1	1	-250	0	0	0	0	0	0	0	0	0	0	0	1	0	0	0	0	0	0	0	0	0	0	0	1	0	0	0	-8	0	0	1	-299	1	1	0	55
25:10:00	90600	1	2	0	-251	0	0	0	0	0	0	0	0	0	1	0	0	0	0	0	0	0	0	0	0	0	0	0	1	0	0	0	-8	0	0	0	-299	1	1	0	55
25:15:00	90900	1	2	0	-252	0	0	0	0	0	0	0	0	1	1	0	0	0	0	0	0	0	0	0	0	0	0	0	1	0	0	0	-8	0	0	0	-299	0	1	0	54
25:20:00	91200	1	1	0	-252	0	0	0	0	0	0	0	0	0	0	0	0	0	0	0	0	0	0	0	0	0	0	0	1	0	0	0	-8	0	0	0	-299	1	1	0	54
25:25:00	91500	0	0	0	-252	0	0	0	0	0	0	0	0	0	0	0	0	0	0	0	0	0	0	0	0	0	0	0	1	0	0	0	-8	0	0	0	-299	0	0	0	54
25:30:00	91800	0	1	0	-253	0	0	0	0	0	0	0	0	0	0	0	0	0	0	0	0	0	0	0	0	0	0	0	1	0	0	0	-8	0	0	0	-299	0	1	0	53
25:35:00	92100	2	3	1	-255	0	0	0	0	0	0	0	0	1	1	0	0	0	0	0	0	0	0	0	0	0	0	0	1	0	0	0	-8	0	0	1	-300	1	2	0	52
25:40:00	92400	0	0	0	-255	0	0	0	0	0	0	0	0	0	0	0	0	0	0	0	0	0	0	0	0	0	0	0	1	0	0	0	-8	0	0	0	-300	0	0	0	52
25:45:00	92700	0	0	0	-255	0	0	0	0	0	0	0	0	0	0	0	0	0	0	0	0	0	0	0	0	0	0	0	1	0	0	0	-8	0	0	0	-300	0	0	0	52
25:50:00	93000	1	2	0	-256	0	0	0	0	0	0	0	0	0	0	0	0	0	0	0	0	0	0	0	0	0	0	0	1	0	0	0	-8	0	0	0	-300	1	2	0	51
25:55:00	93300	0	2	0	-258	0	0	0	0	0	0	0	0	0	0	0	0	0	0	0	0	0	0	0	0	0	0	0	1	0	0	0	-8	0	0	0	-300	0	2	0	49
26:00:00	93600	2	3	2	-261	0	0	0	0	0	0	0	0	0	0	0	0	0	0	0	0	0	0	0	0	0	0	0	1	0	0	0	-8	0	0	2	-302	2	3	0	48
26:05:00	93900	2	2	1	-262	0	0	0	0	0	0	0	0	0	0	0	0	0	0	0	0	0	0	0	0	0	0	0	1	0	0	0	-8	0	0	1	-303	2	2	0	48
26:10:00	94200	1	1	0	-262	0	0	0	0	0	0	0	0	0	0	0	0	0	0	0	0	0	0	0	0	0	0	0	1	0	0	0	-8	0	0	0	-303	1	1	0	48
26:15:00	94500	0	1	0	-263	0	0	0	0	0	0	0	0	0	0	0	0	0	0	0	0	0	0	0	0	0	0	0	1	0	0	0	-8	0	0	0	-303	0	1	0	47
26:20:00	94800	1	1	1	-264	0	0	0	0	0	0	0	0	0	0	0	0	0	0	0	0	0	0	0	0	0	0	0	1	0	0	0	-8	0	0	1	-304	1	1	0	47
26:25:00	95100	0	0	0	-264	0	0	0	0	0	0	0	0	0	0	0	0	0	0	0	0	0	0	0	0	0	0	0	1	0	0	0	-8	0	0	0	-304	0	0	0	47
26:30:00	95400	1	1	0	-264	0	0	0	0	0	0	0	0	0	0	0	0	0	0	0	0	0	0	0	0	0	0	0	1	0	0	0	-8	0	0	0	-304	1	1	0	47
26:35:00	95700	0	0	0	-264	0	0	0	0	0	0	0	0	0	0	0	0	0	0	0	0	0	0	0	0	0	0	0	1	0	0	0	-8	0	0	0	-304	0	0	0	47
26:40:00	96000	0	0	0	-264	0	0	0	0	0	0	0	0	0	0	0	0	0	0	0	0	0	0	0	0	0	0	0	1	0	0	0	-8	0	0	0	-304	0	0	0	47
26:45:00	96300	0	0	0	-264	0	0	0	0	0	0	0	0	0	0	0	0	0	0	0	0	0	0	0	0	0	0	0	1	0	0	0	-8	0	0	0	-304	0	0	0	47
26:50:00	96600	0	2	0	-266	0	0	0	0	0	0	0	0	0	0	0	0	0	0	0	0	0	0	0	0	0	0	0	1	0	0	0	-8	0	0	0	-304	0	2	0	45
26:55:00	96900	2	2	1	-267	0	0	0	0	0	0	0	0	0	0	0	0	0	0	0	0	0	0	0	0	0	0	0	1	0	0	0	-8	0	0	1	-305	2	2	0	45
27:00:00	97200	0	1	0	-268	0	0	0	0	0	0	0	0	0	0	0	0	0	0	0	0	0	0	0	0	0	0	0	1	0	0	0	-8	0	0	0	-305	0	1	0	44
27:05:00	97500	1	2	0	-269	0	0	0	0	0	0	0	0	0	0	0	0	0	0	0	0	0	0	0	0	0	0	0	1	0	0	0	-8	0	0	0	-305	1	2	0	43
27:10:00	97800	0	0	0	-269	0	0	0	0	0	0	0	0	0	0	0	0	0	0	0	0	0	0	0	0	0	0	0	1	0	0	0	-8	0	0	0	-305	0	0	0	43
27:15:00	98100	0	0	0	-269	0	0	0	0	0	0	0	0	0	0	0	0	0	0	0	0	0	0	0	0	0	0	0	1	0	0	0	-8	0	0	0	-305	0	0	0	43
27:20:00	98400	1	2	1	-271	0	0	0	0	0	0	0	0	0	0	0	0	0	0	0	0	0	0	0	0	0	0	0	1	0	0	0	-8	0	0	1	-306	1	2	0	42
27:25:00	98700	0	0	0	-271	0	0	0	0	0	0	0	0	0	0	0	0	0	0	0	0	0	0	0	0	0	0	0	1	0	0	0	-8	0	0	0	-306	0	0	0	42
27:30:00	99000	0	0	0	-271	0	0	0	0	0	0	0	0	0	0	0	0	0	0	0	0	0	0	0	0	0	0	0	1	0	0	0	-8	0	0	0	-306	0	0	0	42
27:35:00	99300	0	0	0	-271	0	0	0	0	0	0	0	0	0	0	0	0	0	0	0	0	0	0	0	0	0	0	0	1	0	0	0	-8	0	0	0	-306	0	0	0	42
27:40:00	99600	1	1	0	-271	0	0	0	0	0	0	0	0	0	0	0	0	0	0	0	0	0	0	0	0	0	0	0	1	0	0	0	-8	0	0	0	-306	1	1	0	42
27:45:00	99900	1	1	0	-271	0	0	0	0	0	0	0	0	0	0	0	0	0	0	0	0	0	0	0	0	0	0	0	1	0	0	0	-8	0	0	0	-306	1	1	0	42
27:50:00	100200	0	0	0	-271	0	0	0	0	0	0	0	0	0	0	0	0	0	0	0	0	0	0	0	0	0	0	0	1	0	0	0	-8	0	0	0	-306	0	0	0	42
27:55:00	100500	0	0	0	-271	0	0	0	0	0	0	0	0	0	0	0	0	0	0	0	0	0	0	0	0	0	0	0	1	0	0	0	-8	0	0	0	-306	0	0	0	42
28:00:00	100800	0	0	0	-271	0	0	0	0	0	0	0	0	0	0	0	0	0	0	0	0	0	0	0	0	0	0	0	1	0	0	0	-8	0	0	0	-306	0	0	0	42
28:05:00	101100	0	1	0	-272	0	0	0	0	0	0	0	0	0	0	0	0	0	0	0	0	0	0	0	0	0	0	0	1	0	0	0	-8	0	0	0	-306	0	1	0	41
28:10:00	101400	1	2	1	-274	0	0	0	0	0	0	0	0	0	0	0	0	0	0	0	0	0	0	0	0	0	0	0	1	0	0	0	-8	0	0	1	-307	1	2	0	40
28:15:00	101700	1	1	1	-275	0	0	0	0	0	0	0	0	0	0	0	0	0	0	0	0	0	0	0	0	0	0	0	1	0	0	0	-8	0	0	1	-308	1	1	0	40
28:20:00	102000	0	0	0	-275	0	0	0	0	0	0	0	0	0	0	0	0	0	0	0	0	0	0	0	0	0	0	0	1	0	0	0	-8	0	0	0	-308	0	0	0	40
28:25:00	102300	0	1	0	-276	0	0	0	0	0	0	0	0	0	0	0	0	0	0	0	0	0	0	0	0	0	0	0	1	0	0	0	-8	0	0	0	-308	0	1	0	39
28:30:00	102600	1	1	1	-277	0	0	0	0	0	0	0	0	0	0	0	0	0	0	0	0	0	0	0	0	0	0	0	1	0	0	0	-8	0	0	1	-309	1	1	0	39
28:35:00	102900	1	1	0	-277	0	0	0	0	0	0	0	0	0	0	0	0	0	0	0	0	0	0	0	0	0	0	0	1	0	0	0	-8	0	0	0	-309	1	1	0	39
28:40:00	103200	1	1	0	-277	0	0	0	0	0	0	0	0	0	0	0	0	0	0	0	0	0	0	0	0	0	0	0	1	0	0	0	-8	0	0	0	-309	1	1	0	39
28:45:00	103500	0	0	0	-277	0	0	0	0	0	0	0	0	0	0	0	0	0	0	0	0	0	0	0	0	0	0	0	1	0	0	0	-8	0	0	0	-309	0	0	0	39
28:50:00	103800	0	1	0	-278	0	0	0	0	0	0	0	0	0	0	0	0	0	0	0	0	0	0	0	0	0	0	0	1	0	0	0	-8	0	0	0	-309	0	1	0	38
28:55:00	104100	1	1	1	-279	0	0	0	0	0	0	0	0	0	0	0	0	0	0	0	0	0	0	0	0	0	0	0	1	0	0	0	-8	0	0	1	-310	1	1	0	38
29:00:00	104400	0	1	0	-280	0	0	0	0	0	0	0	0	0	0	0	0	0	0	0	0	0	0	0	0	0	0	0	1	0	0	0	-8	0	0	0	-310	0	1	0	37
29:05:00	104700	0	1	0	-281	0	0	0	0	0	0	0	0	0	0	0	0	0	0	0	0	0	0	0	0	0	0	0	1	0	0	0	-8	0	0	0	-310	0	1	0	36
29:10:00	105000	1	1	1	-282	0	0	0	0	0	0	0	0	0	0	0	0	0	0	0	0	0	0	0	0	0	0	0	1	0	0	0	-8	0	0	1	-311	1	1	0	36
29:15:00	105300	0	0	0	-282	0	0	0	0	0	0	0	0	0	0	0	0	0	0	0	0	0	0	0	0	0	0	0	1	0	0	0	-8	0	0	0	-311	0	0	0	36
29:20:00	105600	0	0	0	-282	0	0	0	0	0	0	0	0	0	0	0	0	0	0	0	0	0	0	0	0	0	0	0	1	0	0	0	-8	0	0	0	-311	0	0	0	36
29:25:00	105900	0	1	0	-283	0	0	0	0	0	0	0	0	0	0	0	0	0	0	0	0	0	0	0	0	0	0	0	1	0	0	0	-8	0	0	0	-311	0	1	0	35
29:30:00	106200	0	1	0	-284	0	0	0	0	0	0	0	0	0	0	0	0	0	0	0	0	0	0	0	0	0	0	0	1	0	0	0	-8	0	0	0	-311	0	1	0	34
29:35:00	106500	0	1	0	-285	0	0	0	0	0	0	0	0	0	0	0	0	0	0	0	0	0	0	0	0	0	0	0	1	0	0	0	-8	0	0	0	-311	0	1	0	33
29:40:00	106800	1	1	1	-286	0	0	0	0	0	0	0	0	0	0	0	0	0	0	0	0	0	0	0	0	0	0	0	1	0	0	0	-8	0	0	1	-312	1	1	0	33
29:45:00	107100	0	0	0	-286	0	0	0	0	0	0	0	0	0	0	0	0	0	0	0	0	0	0	0	0	0	0	0	1	0	0	0	-8	0	0	0	-312	0	0	0	33
29:50:00	107400	0	1	0	-287	0	0	0	0	0	0	0	0	0	0	0	0	0	0	0	0	0	0	0	0	0	0	0	1	0	0	0	-8	0	0	0	-312	0	1	0	32
29:55:00	107700	1	1	1	-288	0	0	0	0	0	0	0	0	0	0	0	0	0	0	0	0	0	0	0	0	0	0	0	1	0	0	0	-8	0	0	1	-313	1	1	0	32
30:00:00	108000	0	0	33	-321	0	0	0	0	0	0	0	0	0	0	0	0	0	0	0	0	0	0	0	0	0	0	1	0	0	0	0	-8	0	0	0	-313	0	0	32	0
30:05:00	108300	0	0	0	-321	0	0	0	0	0	0	0	0	0	0	0	0	0	0	0	0	0	0	0	0	0	0	0	0	0	0	0	-8	0	0	0	-313	0	0	0	0
