time	time	departures_all	arrivals_all	stuck_all	en-route_all	departures_Shared-Bike	arrivals_Shared-Bike	stuck_Shared-Bike	en-route_Shared-Bike	departures_bike	arrivals_bike	stuck_bike	en-route_bike	departures_car	arrivals_car	stuck_car	en-route_car	departures_car_passenger	arrivals_car_passenger	stuck_car_passenger	en-route_car_passenger	departures_eScooter	arrivals_eScooter	stuck_eScooter	en-route_eScooter	departures_pt	arrivals_pt	stuck_pt	en-route_pt	departures_sharing:standardBikeShare	arrivals_sharing:standardBikeShare	stuck_sharing:standardBikeShare	en-route_sharing:standardBikeShare	departures_sharing:standardeScooter	arrivals_sharing:standardeScooter	stuck_sharing:standardeScooter	en-route_sharing:standardeScooter	departures_walk	arrivals_walk	stuck_walk	en-route_walk
00:00:00	0	0	0	0	0	0	0	0	0	0	0	0	0	0	0	0	0	0	0	0	0	0	0	0	0	0	0	0	0	0	0	0	0	0	0	0	0	0	0	0	0
00:05:00	300	0	0	0	0	0	0	0	0	0	0	0	0	0	0	0	0	0	0	0	0	0	0	0	0	0	0	0	0	0	0	0	0	0	0	0	0	0	0	0	0
00:10:00	600	0	0	0	0	0	0	0	0	0	0	0	0	0	0	0	0	0	0	0	0	0	0	0	0	0	0	0	0	0	0	0	0	0	0	0	0	0	0	0	0
00:15:00	900	0	0	0	0	0	0	0	0	0	0	0	0	0	0	0	0	0	0	0	0	0	0	0	0	0	0	0	0	0	0	0	0	0	0	0	0	0	0	0	0
00:20:00	1200	0	0	0	0	0	0	0	0	0	0	0	0	0	0	0	0	0	0	0	0	0	0	0	0	0	0	0	0	0	0	0	0	0	0	0	0	0	0	0	0
00:25:00	1500	0	0	0	0	0	0	0	0	0	0	0	0	0	0	0	0	0	0	0	0	0	0	0	0	0	0	0	0	0	0	0	0	0	0	0	0	0	0	0	0
00:30:00	1800	0	0	0	0	0	0	0	0	0	0	0	0	0	0	0	0	0	0	0	0	0	0	0	0	0	0	0	0	0	0	0	0	0	0	0	0	0	0	0	0
00:35:00	2100	0	0	0	0	0	0	0	0	0	0	0	0	0	0	0	0	0	0	0	0	0	0	0	0	0	0	0	0	0	0	0	0	0	0	0	0	0	0	0	0
00:40:00	2400	0	0	0	0	0	0	0	0	0	0	0	0	0	0	0	0	0	0	0	0	0	0	0	0	0	0	0	0	0	0	0	0	0	0	0	0	0	0	0	0
00:45:00	2700	0	0	0	0	0	0	0	0	0	0	0	0	0	0	0	0	0	0	0	0	0	0	0	0	0	0	0	0	0	0	0	0	0	0	0	0	0	0	0	0
00:50:00	3000	0	0	0	0	0	0	0	0	0	0	0	0	0	0	0	0	0	0	0	0	0	0	0	0	0	0	0	0	0	0	0	0	0	0	0	0	0	0	0	0
00:55:00	3300	0	0	0	0	0	0	0	0	0	0	0	0	0	0	0	0	0	0	0	0	0	0	0	0	0	0	0	0	0	0	0	0	0	0	0	0	0	0	0	0
01:00:00	3600	0	0	0	0	0	0	0	0	0	0	0	0	0	0	0	0	0	0	0	0	0	0	0	0	0	0	0	0	0	0	0	0	0	0	0	0	0	0	0	0
01:05:00	3900	0	0	0	0	0	0	0	0	0	0	0	0	0	0	0	0	0	0	0	0	0	0	0	0	0	0	0	0	0	0	0	0	0	0	0	0	0	0	0	0
01:10:00	4200	0	0	0	0	0	0	0	0	0	0	0	0	0	0	0	0	0	0	0	0	0	0	0	0	0	0	0	0	0	0	0	0	0	0	0	0	0	0	0	0
01:15:00	4500	0	0	0	0	0	0	0	0	0	0	0	0	0	0	0	0	0	0	0	0	0	0	0	0	0	0	0	0	0	0	0	0	0	0	0	0	0	0	0	0
01:20:00	4800	0	0	0	0	0	0	0	0	0	0	0	0	0	0	0	0	0	0	0	0	0	0	0	0	0	0	0	0	0	0	0	0	0	0	0	0	0	0	0	0
01:25:00	5100	0	0	0	0	0	0	0	0	0	0	0	0	0	0	0	0	0	0	0	0	0	0	0	0	0	0	0	0	0	0	0	0	0	0	0	0	0	0	0	0
01:30:00	5400	0	0	0	0	0	0	0	0	0	0	0	0	0	0	0	0	0	0	0	0	0	0	0	0	0	0	0	0	0	0	0	0	0	0	0	0	0	0	0	0
01:35:00	5700	0	0	0	0	0	0	0	0	0	0	0	0	0	0	0	0	0	0	0	0	0	0	0	0	0	0	0	0	0	0	0	0	0	0	0	0	0	0	0	0
01:40:00	6000	0	0	0	0	0	0	0	0	0	0	0	0	0	0	0	0	0	0	0	0	0	0	0	0	0	0	0	0	0	0	0	0	0	0	0	0	0	0	0	0
01:45:00	6300	0	0	0	0	0	0	0	0	0	0	0	0	0	0	0	0	0	0	0	0	0	0	0	0	0	0	0	0	0	0	0	0	0	0	0	0	0	0	0	0
01:50:00	6600	0	0	0	0	0	0	0	0	0	0	0	0	0	0	0	0	0	0	0	0	0	0	0	0	0	0	0	0	0	0	0	0	0	0	0	0	0	0	0	0
01:55:00	6900	0	0	0	0	0	0	0	0	0	0	0	0	0	0	0	0	0	0	0	0	0	0	0	0	0	0	0	0	0	0	0	0	0	0	0	0	0	0	0	0
02:00:00	7200	0	0	0	0	0	0	0	0	0	0	0	0	0	0	0	0	0	0	0	0	0	0	0	0	0	0	0	0	0	0	0	0	0	0	0	0	0	0	0	0
02:05:00	7500	0	0	0	0	0	0	0	0	0	0	0	0	0	0	0	0	0	0	0	0	0	0	0	0	0	0	0	0	0	0	0	0	0	0	0	0	0	0	0	0
02:10:00	7800	0	0	0	0	0	0	0	0	0	0	0	0	0	0	0	0	0	0	0	0	0	0	0	0	0	0	0	0	0	0	0	0	0	0	0	0	0	0	0	0
02:15:00	8100	0	0	0	0	0	0	0	0	0	0	0	0	0	0	0	0	0	0	0	0	0	0	0	0	0	0	0	0	0	0	0	0	0	0	0	0	0	0	0	0
02:20:00	8400	0	0	0	0	0	0	0	0	0	0	0	0	0	0	0	0	0	0	0	0	0	0	0	0	0	0	0	0	0	0	0	0	0	0	0	0	0	0	0	0
02:25:00	8700	0	0	0	0	0	0	0	0	0	0	0	0	0	0	0	0	0	0	0	0	0	0	0	0	0	0	0	0	0	0	0	0	0	0	0	0	0	0	0	0
02:30:00	9000	0	0	0	0	0	0	0	0	0	0	0	0	0	0	0	0	0	0	0	0	0	0	0	0	0	0	0	0	0	0	0	0	0	0	0	0	0	0	0	0
02:35:00	9300	0	0	0	0	0	0	0	0	0	0	0	0	0	0	0	0	0	0	0	0	0	0	0	0	0	0	0	0	0	0	0	0	0	0	0	0	0	0	0	0
02:40:00	9600	0	0	0	0	0	0	0	0	0	0	0	0	0	0	0	0	0	0	0	0	0	0	0	0	0	0	0	0	0	0	0	0	0	0	0	0	0	0	0	0
02:45:00	9900	0	0	0	0	0	0	0	0	0	0	0	0	0	0	0	0	0	0	0	0	0	0	0	0	0	0	0	0	0	0	0	0	0	0	0	0	0	0	0	0
02:50:00	10200	0	0	0	0	0	0	0	0	0	0	0	0	0	0	0	0	0	0	0	0	0	0	0	0	0	0	0	0	0	0	0	0	0	0	0	0	0	0	0	0
02:55:00	10500	0	0	0	0	0	0	0	0	0	0	0	0	0	0	0	0	0	0	0	0	0	0	0	0	0	0	0	0	0	0	0	0	0	0	0	0	0	0	0	0
03:00:00	10800	0	0	0	0	0	0	0	0	0	0	0	0	0	0	0	0	0	0	0	0	0	0	0	0	0	0	0	0	0	0	0	0	0	0	0	0	0	0	0	0
03:05:00	11100	0	0	0	0	0	0	0	0	0	0	0	0	0	0	0	0	0	0	0	0	0	0	0	0	0	0	0	0	0	0	0	0	0	0	0	0	0	0	0	0
03:10:00	11400	0	0	0	0	0	0	0	0	0	0	0	0	0	0	0	0	0	0	0	0	0	0	0	0	0	0	0	0	0	0	0	0	0	0	0	0	0	0	0	0
03:15:00	11700	0	0	0	0	0	0	0	0	0	0	0	0	0	0	0	0	0	0	0	0	0	0	0	0	0	0	0	0	0	0	0	0	0	0	0	0	0	0	0	0
03:20:00	12000	0	0	0	0	0	0	0	0	0	0	0	0	0	0	0	0	0	0	0	0	0	0	0	0	0	0	0	0	0	0	0	0	0	0	0	0	0	0	0	0
03:25:00	12300	0	0	0	0	0	0	0	0	0	0	0	0	0	0	0	0	0	0	0	0	0	0	0	0	0	0	0	0	0	0	0	0	0	0	0	0	0	0	0	0
03:30:00	12600	0	0	0	0	0	0	0	0	0	0	0	0	0	0	0	0	0	0	0	0	0	0	0	0	0	0	0	0	0	0	0	0	0	0	0	0	0	0	0	0
03:35:00	12900	0	0	0	0	0	0	0	0	0	0	0	0	0	0	0	0	0	0	0	0	0	0	0	0	0	0	0	0	0	0	0	0	0	0	0	0	0	0	0	0
03:40:00	13200	0	0	0	0	0	0	0	0	0	0	0	0	0	0	0	0	0	0	0	0	0	0	0	0	0	0	0	0	0	0	0	0	0	0	0	0	0	0	0	0
03:45:00	13500	0	0	0	0	0	0	0	0	0	0	0	0	0	0	0	0	0	0	0	0	0	0	0	0	0	0	0	0	0	0	0	0	0	0	0	0	0	0	0	0
03:50:00	13800	0	0	0	0	0	0	0	0	0	0	0	0	0	0	0	0	0	0	0	0	0	0	0	0	0	0	0	0	0	0	0	0	0	0	0	0	0	0	0	0
03:55:00	14100	0	0	0	0	0	0	0	0	0	0	0	0	0	0	0	0	0	0	0	0	0	0	0	0	0	0	0	0	0	0	0	0	0	0	0	0	0	0	0	0
04:00:00	14400	0	0	0	0	0	0	0	0	0	0	0	0	0	0	0	0	0	0	0	0	0	0	0	0	0	0	0	0	0	0	0	0	0	0	0	0	0	0	0	0
04:05:00	14700	0	0	0	0	0	0	0	0	0	0	0	0	0	0	0	0	0	0	0	0	0	0	0	0	0	0	0	0	0	0	0	0	0	0	0	0	0	0	0	0
04:10:00	15000	0	0	0	0	0	0	0	0	0	0	0	0	0	0	0	0	0	0	0	0	0	0	0	0	0	0	0	0	0	0	0	0	0	0	0	0	0	0	0	0
04:15:00	15300	0	0	0	0	0	0	0	0	0	0	0	0	0	0	0	0	0	0	0	0	0	0	0	0	0	0	0	0	0	0	0	0	0	0	0	0	0	0	0	0
04:20:00	15600	0	0	0	0	0	0	0	0	0	0	0	0	0	0	0	0	0	0	0	0	0	0	0	0	0	0	0	0	0	0	0	0	0	0	0	0	0	0	0	0
04:25:00	15900	0	0	0	0	0	0	0	0	0	0	0	0	0	0	0	0	0	0	0	0	0	0	0	0	0	0	0	0	0	0	0	0	0	0	0	0	0	0	0	0
04:30:00	16200	0	0	0	0	0	0	0	0	0	0	0	0	0	0	0	0	0	0	0	0	0	0	0	0	0	0	0	0	0	0	0	0	0	0	0	0	0	0	0	0
04:35:00	16500	0	0	0	0	0	0	0	0	0	0	0	0	0	0	0	0	0	0	0	0	0	0	0	0	0	0	0	0	0	0	0	0	0	0	0	0	0	0	0	0
04:40:00	16800	0	0	0	0	0	0	0	0	0	0	0	0	0	0	0	0	0	0	0	0	0	0	0	0	0	0	0	0	0	0	0	0	0	0	0	0	0	0	0	0
04:45:00	17100	0	0	0	0	0	0	0	0	0	0	0	0	0	0	0	0	0	0	0	0	0	0	0	0	0	0	0	0	0	0	0	0	0	0	0	0	0	0	0	0
04:50:00	17400	0	0	0	0	0	0	0	0	0	0	0	0	0	0	0	0	0	0	0	0	0	0	0	0	0	0	0	0	0	0	0	0	0	0	0	0	0	0	0	0
04:55:00	17700	0	0	0	0	0	0	0	0	0	0	0	0	0	0	0	0	0	0	0	0	0	0	0	0	0	0	0	0	0	0	0	0	0	0	0	0	0	0	0	0
05:00:00	18000	0	0	0	0	0	0	0	0	0	0	0	0	0	0	0	0	0	0	0	0	0	0	0	0	0	0	0	0	0	0	0	0	0	0	0	0	0	0	0	0
05:05:00	18300	0	0	0	0	0	0	0	0	0	0	0	0	0	0	0	0	0	0	0	0	0	0	0	0	0	0	0	0	0	0	0	0	0	0	0	0	0	0	0	0
05:10:00	18600	0	0	0	0	0	0	0	0	0	0	0	0	0	0	0	0	0	0	0	0	0	0	0	0	0	0	0	0	0	0	0	0	0	0	0	0	0	0	0	0
05:15:00	18900	0	0	0	0	0	0	0	0	0	0	0	0	0	0	0	0	0	0	0	0	0	0	0	0	0	0	0	0	0	0	0	0	0	0	0	0	0	0	0	0
05:20:00	19200	0	0	0	0	0	0	0	0	0	0	0	0	0	0	0	0	0	0	0	0	0	0	0	0	0	0	0	0	0	0	0	0	0	0	0	0	0	0	0	0
05:25:00	19500	0	0	0	0	0	0	0	0	0	0	0	0	0	0	0	0	0	0	0	0	0	0	0	0	0	0	0	0	0	0	0	0	0	0	0	0	0	0	0	0
05:30:00	19800	0	0	0	0	0	0	0	0	0	0	0	0	0	0	0	0	0	0	0	0	0	0	0	0	0	0	0	0	0	0	0	0	0	0	0	0	0	0	0	0
05:35:00	20100	0	0	0	0	0	0	0	0	0	0	0	0	0	0	0	0	0	0	0	0	0	0	0	0	0	0	0	0	0	0	0	0	0	0	0	0	0	0	0	0
05:40:00	20400	0	0	0	0	0	0	0	0	0	0	0	0	0	0	0	0	0	0	0	0	0	0	0	0	0	0	0	0	0	0	0	0	0	0	0	0	0	0	0	0
05:45:00	20700	0	0	0	0	0	0	0	0	0	0	0	0	0	0	0	0	0	0	0	0	0	0	0	0	0	0	0	0	0	0	0	0	0	0	0	0	0	0	0	0
05:50:00	21000	0	0	0	0	0	0	0	0	0	0	0	0	0	0	0	0	0	0	0	0	0	0	0	0	0	0	0	0	0	0	0	0	0	0	0	0	0	0	0	0
05:55:00	21300	0	0	0	0	0	0	0	0	0	0	0	0	0	0	0	0	0	0	0	0	0	0	0	0	0	0	0	0	0	0	0	0	0	0	0	0	0	0	0	0
06:00:00	21600	4	0	0	4	0	0	0	0	0	0	0	0	3	0	0	3	0	0	0	0	0	0	0	0	0	0	0	0	0	0	0	0	0	0	0	0	1	0	0	1
06:05:00	21900	4	2	0	6	0	0	0	0	0	0	0	0	1	1	0	3	0	0	0	0	0	0	0	0	0	0	0	0	0	0	0	0	0	0	0	0	3	1	0	3
06:10:00	22200	4	2	0	8	0	0	0	0	0	0	0	0	2	1	0	4	0	0	0	0	0	0	0	0	0	0	0	0	0	0	0	0	0	0	0	0	2	1	0	4
06:15:00	22500	2	2	0	8	1	0	0	1	0	0	0	0	0	2	0	2	0	0	0	0	0	0	0	0	0	0	0	0	0	0	0	0	0	0	0	0	1	0	0	5
06:20:00	22800	5	2	0	11	0	1	0	0	0	0	0	0	3	0	0	5	0	0	0	0	0	0	0	0	0	0	0	0	0	0	0	0	0	0	0	0	2	1	0	6
06:25:00	23100	7	5	1	12	0	0	0	0	0	0	0	0	1	2	0	4	0	0	0	0	0	0	0	0	1	0	0	1	0	0	0	0	0	0	1	-1	5	3	0	8
06:30:00	23400	43	6	1	48	0	0	0	0	0	0	0	0	27	4	0	27	0	0	0	0	1	0	0	1	0	0	0	1	0	0	0	0	0	0	1	-2	15	2	0	21
06:35:00	23700	37	18	3	64	0	0	0	0	1	0	0	1	22	14	0	35	0	0	0	0	0	0	0	1	0	0	0	1	0	0	0	0	0	0	3	-5	14	4	0	31
06:40:00	24000	35	16	1	82	0	0	0	0	0	0	0	1	27	12	0	50	0	0	0	0	0	0	0	1	2	0	0	3	0	0	0	0	0	0	1	-6	6	4	0	33
06:45:00	24300	37	35	0	84	0	0	0	0	0	1	0	0	19	25	0	44	0	0	0	0	0	1	0	0	3	1	0	5	0	0	0	0	0	0	0	-6	15	7	0	41
06:50:00	24600	44	27	0	101	0	0	0	0	0	0	0	0	25	19	0	50	0	0	0	0	1	0	0	1	1	0	0	6	0	0	0	0	0	0	0	-6	17	8	0	50
06:55:00	24900	82	38	5	140	1	0	0	1	0	0	0	0	45	21	0	74	0	0	0	0	0	1	0	0	2	0	0	8	0	0	2	-2	0	0	3	-9	34	16	0	68
07:00:00	25200	68	54	4	150	1	0	0	2	0	0	0	0	37	37	0	74	0	0	0	0	3	2	0	1	1	0	0	9	0	0	0	-2	0	0	4	-13	26	15	0	79
07:05:00	25500	68	53	5	160	0	2	0	0	0	0	0	0	32	28	0	78	0	0	0	0	1	0	0	2	2	0	0	11	0	0	0	-2	0	0	5	-18	33	23	0	89
07:10:00	25800	68	53	0	175	0	0	0	0	0	0	0	0	39	25	0	92	0	0	0	0	2	2	0	2	4	2	0	13	0	0	0	-2	0	0	0	-18	23	24	0	88
07:15:00	26100	90	49	3	213	0	0	0	0	0	0	0	0	44	33	0	103	0	0	0	0	2	1	0	3	2	0	0	15	0	0	1	-3	0	0	2	-20	42	15	0	115
07:20:00	26400	82	69	5	221	0	0	0	0	0	0	0	0	52	45	0	110	0	0	0	0	2	0	0	5	6	3	0	18	0	0	1	-4	0	0	4	-24	22	21	0	116
07:25:00	26700	120	72	3	266	0	0	0	0	0	0	0	0	64	41	0	133	0	0	0	0	0	3	0	2	9	0	0	27	0	0	0	-4	0	0	3	-27	47	28	0	135
07:30:00	27000	75	81	2	258	0	0	0	0	0	0	0	0	47	59	0	121	0	0	0	0	2	1	0	3	4	2	0	29	0	0	0	-4	0	0	2	-29	22	19	0	138
07:35:00	27300	94	99	5	248	1	0	0	1	0	0	0	0	47	67	0	101	0	0	0	0	1	2	0	2	4	6	0	27	0	0	0	-4	0	0	5	-34	41	24	0	155
07:40:00	27600	93	61	2	278	1	0	0	2	0	0	0	0	52	37	0	116	0	0	0	0	1	1	0	2	4	2	0	29	0	0	0	-4	0	0	2	-36	35	21	0	169
07:45:00	27900	96	79	1	294	0	1	0	1	1	0	0	1	55	54	0	117	0	0	0	0	1	2	0	1	3	0	0	32	0	0	0	-4	0	0	1	-37	36	22	0	183
07:50:00	28200	110	74	3	327	1	1	0	1	0	0	0	1	55	40	0	132	0	0	0	0	1	1	0	1	8	6	0	34	0	0	0	-4	0	0	3	-40	45	26	0	202
07:55:00	28500	115	106	6	330	0	1	0	0	0	1	0	0	64	63	0	133	12	1	0	11	2	0	0	3	5	2	0	37	0	0	1	-5	0	0	5	-45	32	38	0	196
08:00:00	28800	125	116	3	336	0	0	0	0	0	0	0	0	63	65	0	131	24	8	0	27	1	2	0	2	5	3	0	39	0	0	0	-5	0	0	3	-48	32	38	0	190
08:05:00	29100	100	90	8	338	0	0	0	0	0	0	0	0	46	50	0	127	17	9	0	35	0	1	0	1	2	3	0	38	0	0	0	-5	0	0	8	-56	35	27	0	198
08:10:00	29400	134	107	2	363	0	0	0	0	0	0	0	0	54	61	0	120	26	16	0	45	0	1	0	0	6	5	0	39	0	0	0	-5	0	0	2	-58	48	24	0	222
08:15:00	29700	97	98	4	358	2	0	0	2	0	0	0	0	45	48	0	117	14	16	0	43	2	0	0	2	4	0	0	43	0	0	1	-6	0	0	3	-61	30	34	0	218
08:20:00	30000	114	99	6	367	0	2	0	0	0	0	0	0	62	47	0	132	16	18	0	41	0	0	0	2	6	3	0	46	0	0	0	-6	0	0	6	-67	30	29	0	219
08:25:00	30300	112	93	1	385	0	0	0	0	0	0	0	0	58	59	0	131	20	13	0	48	1	2	0	1	4	1	0	49	0	0	0	-6	0	0	1	-68	29	18	0	230
08:30:00	30600	94	97	4	378	0	0	0	0	0	0	0	0	35	44	0	122	21	15	0	54	1	1	0	1	6	7	0	48	0	0	0	-6	0	0	4	-72	31	30	0	231
08:35:00	30900	77	96	2	357	1	0	0	1	0	0	0	0	38	53	0	107	8	20	0	42	0	1	0	0	4	3	0	49	0	0	0	-6	0	0	2	-74	26	19	0	238
08:40:00	31200	94	89	4	358	0	0	0	1	0	0	0	0	30	43	0	94	24	16	0	50	2	0	0	2	3	6	0	46	0	0	0	-6	0	0	4	-78	35	24	0	249
08:45:00	31500	103	66	0	395	1	1	0	1	0	0	0	0	43	31	0	106	39	14	0	75	0	1	0	1	3	0	0	49	0	0	0	-6	0	0	0	-78	17	19	0	247
08:50:00	31800	82	102	1	374	0	1	0	0	0	0	0	0	32	47	0	91	13	23	0	65	3	0	0	4	6	1	0	54	0	0	0	-6	0	0	1	-79	28	30	0	245
08:55:00	32100	85	89	5	365	0	0	0	0	0	0	0	0	25	33	0	83	18	18	0	65	2	2	0	4	6	6	0	54	0	0	1	-7	0	0	4	-83	34	30	0	249
09:00:00	32400	90	87	3	365	0	0	0	0	0	0	0	0	45	36	0	92	4	17	0	52	1	1	0	4	8	3	0	59	0	0	0	-7	0	0	3	-86	32	30	0	251
09:05:00	32700	68	81	2	350	0	0	0	0	0	0	0	0	31	29	0	94	6	11	0	47	2	1	0	5	4	8	0	55	0	0	0	-7	0	0	2	-88	25	32	0	244
09:10:00	33000	58	77	4	327	0	0	0	0	0	0	0	0	31	37	0	88	3	13	0	37	0	2	0	3	1	0	0	56	0	0	0	-7	0	0	4	-92	23	25	0	242
09:15:00	33300	62	77	1	311	0	0	0	0	0	0	0	0	36	43	0	81	2	10	0	29	1	1	0	3	7	0	0	63	0	0	0	-7	0	0	1	-93	16	23	0	235
09:20:00	33600	43	70	2	282	0	0	0	0	0	0	0	0	21	36	0	66	2	11	0	20	0	1	0	2	4	1	0	66	0	0	0	-7	0	0	2	-95	16	21	0	230
09:25:00	33900	57	69	0	270	0	0	0	0	0	0	0	0	20	27	0	59	4	2	0	22	1	0	0	3	3	13	0	56	0	0	0	-7	0	0	0	-95	29	27	0	232
09:30:00	34200	57	72	3	252	0	0	0	0	0	0	0	0	27	25	0	61	1	7	0	16	2	3	0	2	1	5	0	52	0	0	0	-7	0	0	3	-98	26	32	0	226
09:35:00	34500	51	62	2	239	0	0	0	0	0	0	0	0	24	31	0	54	8	6	0	18	1	2	0	1	2	2	0	52	0	0	0	-7	0	0	2	-100	16	21	0	221
09:40:00	34800	43	59	2	221	0	0	0	0	0	0	0	0	21	27	0	48	2	5	0	15	0	0	0	1	2	2	0	52	0	0	0	-7	0	0	2	-102	18	25	0	214
09:45:00	35100	43	60	1	203	0	0	0	0	0	0	0	0	23	30	0	41	0	5	0	10	0	1	0	0	4	3	0	53	0	0	0	-7	0	0	1	-103	16	21	0	209
09:50:00	35400	41	48	5	191	0	0	0	0	0	0	0	0	24	17	0	48	0	4	0	6	0	0	0	0	3	0	0	56	0	0	0	-7	0	0	5	-108	14	27	0	196
09:55:00	35700	49	50	7	183	0	0	0	0	0	0	0	0	27	23	0	52	0	2	0	4	0	0	0	0	0	1	0	55	0	0	0	-7	0	0	7	-115	22	24	0	194
10:00:00	36000	75	64	8	186	0	0	0	0	0	0	0	0	32	24	0	60	0	2	0	2	0	0	0	0	2	9	0	48	0	0	0	-7	0	0	8	-123	41	29	0	206
10:05:00	36300	62	63	2	183	0	0	0	0	0	0	0	0	34	35	0	59	0	1	0	1	0	0	0	0	1	4	0	45	0	0	0	-7	0	0	2	-125	27	23	0	210
10:10:00	36600	82	75	6	184	0	0	0	0	0	0	0	0	39	33	0	65	0	1	0	0	1	1	0	0	3	4	0	44	0	0	0	-7	0	0	6	-131	39	36	0	213
10:15:00	36900	65	61	3	185	0	0	0	0	0	0	0	0	23	27	0	61	0	0	0	0	0	0	0	0	2	0	0	46	0	0	0	-7	0	0	3	-134	40	34	0	219
10:20:00	37200	68	75	3	175	1	1	0	0	0	0	0	0	30	31	0	60	0	0	0	0	0	0	0	0	2	1	0	47	0	0	0	-7	0	0	3	-137	35	42	0	212
10:25:00	37500	75	73	0	177	0	0	0	0	0	0	0	0	42	36	0	66	0	0	0	0	1	0	0	1	0	2	0	45	0	0	0	-7	0	0	0	-137	32	35	0	209
10:30:00	37800	67	81	6	157	0	0	0	0	0	0	0	0	31	33	0	64	0	0	0	0	1	1	0	1	3	1	0	47	0	0	0	-7	0	0	6	-143	32	46	0	195
10:35:00	38100	42	63	4	132	0	0	0	0	0	0	0	0	15	30	0	49	2	1	0	1	0	0	0	1	1	1	0	47	0	0	0	-7	0	0	4	-147	24	31	0	188
10:40:00	38400	55	53	3	131	0	0	0	0	0	0	0	0	25	28	0	46	1	1	0	1	0	0	0	1	0	1	0	46	0	0	0	-7	0	0	3	-150	29	23	0	194
10:45:00	38700	74	72	2	131	1	0	0	1	0	0	0	0	30	29	0	47	3	0	0	4	0	1	0	0	2	4	0	44	0	0	0	-7	0	0	2	-152	38	38	0	194
10:50:00	39000	46	57	2	118	0	0	0	1	0	0	0	0	20	20	0	47	0	3	0	1	1	0	0	1	1	0	0	45	0	0	0	-7	0	0	2	-154	24	34	0	184
10:55:00	39300	44	61	5	96	0	1	0	0	0	0	0	0	15	20	0	42	2	0	0	3	0	0	0	1	2	1	0	46	0	0	0	-7	0	0	5	-159	25	39	0	170
11:00:00	39600	53	48	4	97	0	0	0	0	0	0	0	0	17	20	0	39	4	1	0	6	1	0	0	2	0	1	0	45	0	0	1	-8	0	0	3	-162	31	26	0	175
11:05:00	39900	75	67	2	103	0	0	0	0	0	0	0	0	28	21	0	46	1	1	0	6	0	0	0	2	7	7	0	45	0	0	1	-9	0	0	1	-163	39	38	0	176
11:10:00	40200	78	54	3	124	0	0	0	0	0	0	0	0	37	18	0	65	2	1	0	7	0	1	0	1	3	2	0	46	0	0	0	-9	0	0	3	-166	36	32	0	180
11:15:00	40500	61	67	0	118	0	0	0	0	0	0	0	0	30	36	0	59	10	3	0	14	1	0	0	2	1	4	0	43	0	0	0	-9	0	0	0	-166	19	24	0	175
11:20:00	40800	61	60	2	117	0	0	0	0	0	0	0	0	21	27	0	53	2	2	0	14	1	1	0	2	2	1	0	44	0	0	0	-9	0	0	2	-168	35	29	0	181
11:25:00	41100	72	67	2	120	0	0	0	0	0	0	0	0	34	31	0	56	3	3	0	14	1	1	0	2	0	0	0	44	0	0	0	-9	0	0	2	-170	34	32	0	183
11:30:00	41400	81	69	2	130	0	0	0	0	0	0	0	0	30	22	0	64	1	5	0	10	2	1	0	3	4	3	0	45	0	0	0	-9	0	0	2	-172	44	38	0	189
11:35:00	41700	92	87	2	133	1	1	0	0	0	0	0	0	37	34	0	67	3	3	0	10	2	2	0	3	6	8	0	43	0	0	0	-9	0	0	2	-174	43	39	0	193
11:40:00	42000	73	73	2	131	0	0	0	0	0	0	0	0	27	28	0	66	0	4	0	6	1	0	0	4	4	10	0	37	0	0	0	-9	0	0	2	-176	41	31	0	203
11:45:00	42300	82	86	3	124	1	0	0	1	0	0	0	0	39	35	0	70	3	5	0	4	0	2	0	2	9	2	0	44	0	0	0	-9	0	0	3	-179	30	42	0	191
11:50:00	42600	86	76	0	134	0	1	0	0	0	0	0	0	42	33	0	79	5	1	0	8	1	1	0	2	3	1	0	46	0	0	0	-9	0	0	0	-179	35	39	0	187
11:55:00	42900	99	83	5	145	0	0	0	0	0	0	0	0	41	32	0	88	1	1	0	8	0	2	0	0	4	6	0	44	0	0	1	-10	0	0	4	-183	53	42	0	198
12:00:00	43200	72	70	2	145	1	0	0	1	0	0	0	0	41	39	0	90	2	2	0	8	1	0	0	1	3	0	0	47	0	0	0	-10	0	0	2	-185	24	29	0	193
12:05:00	43500	53	71	0	127	0	0	0	1	0	0	0	0	26	37	0	79	8	5	0	11	0	0	0	1	4	0	0	51	0	0	0	-10	0	0	0	-185	15	29	0	179
12:10:00	43800	59	57	3	126	0	0	0	1	0	0	0	0	31	34	0	76	2	0	0	13	1	0	0	2	4	1	0	54	0	0	1	-11	0	0	2	-187	21	22	0	178
12:15:00	44100	51	54	2	121	1	1	0	1	0	0	0	0	30	30	0	76	1	3	0	11	2	0	0	4	1	2	0	53	0	0	0	-11	0	0	2	-189	16	18	0	176
12:20:00	44400	46	66	6	95	2	1	0	2	0	0	0	0	21	37	0	60	0	3	0	8	1	1	0	4	3	1	0	55	0	0	1	-12	0	0	5	-194	19	23	0	172
12:25:00	44700	58	60	1	92	0	0	0	2	0	0	0	0	33	27	0	66	0	3	0	5	0	2	0	2	1	4	0	52	0	0	1	-13	0	0	0	-194	24	24	0	172
12:30:00	45000	41	37	2	94	1	0	0	3	0	0	0	0	23	21	0	68	0	1	0	4	2	0	0	4	1	3	0	50	0	0	0	-13	0	0	2	-196	14	12	0	174
12:35:00	45300	33	51	0	76	1	3	0	1	0	0	0	0	10	26	0	52	0	2	0	2	0	0	0	4	4	4	0	50	0	0	0	-13	0	0	0	-196	18	16	0	176
12:40:00	45600	37	38	3	72	1	0	0	2	0	0	0	0	20	15	0	57	0	1	0	1	0	2	0	2	1	1	0	50	0	0	0	-13	0	0	3	-199	15	19	0	172
12:45:00	45900	46	36	1	81	0	0	0	2	0	0	0	0	27	23	0	61	0	0	0	1	2	0	0	4	1	1	0	50	0	0	0	-13	0	0	1	-200	16	12	0	176
12:50:00	46200	35	50	2	64	1	2	0	1	0	0	0	0	16	25	0	52	0	1	0	0	1	3	0	2	2	0	0	52	0	0	0	-13	0	0	2	-202	15	19	0	172
12:55:00	46500	42	41	1	64	0	1	0	0	0	0	0	0	18	21	0	49	0	0	0	0	2	1	0	3	3	3	0	52	0	0	0	-13	0	0	1	-203	19	15	0	176
13:00:00	46800	4	32	1	35	1	0	0	1	0	0	0	0	0	20	0	29	0	0	0	0	0	1	0	2	0	1	0	51	0	0	0	-13	0	0	1	-204	3	10	0	169
13:05:00	47100	6	30	0	11	0	0	0	1	0	0	0	0	1	18	0	12	0	0	0	0	0	1	0	1	1	0	0	52	0	0	0	-13	0	0	0	-204	4	11	0	162
13:10:00	47400	3	15	0	-1	0	1	0	0	0	0	0	0	0	3	0	9	0	0	0	0	0	0	0	1	2	0	0	54	0	0	0	-13	0	0	0	-204	1	11	0	152
13:15:00	47700	17	11	2	3	0	0	0	0	0	0	0	0	11	5	0	15	0	0	0	0	0	0	0	1	1	0	0	55	0	0	0	-13	0	0	2	-206	5	6	0	151
13:20:00	48000	16	16	1	2	0	0	0	0	0	0	0	0	8	7	0	16	0	0	0	0	0	0	0	1	0	2	0	53	0	0	0	-13	0	0	1	-207	8	7	0	152
13:25:00	48300	16	21	2	-5	0	0	0	0	0	0	0	0	6	4	0	18	0	0	0	0	0	0	0	1	1	4	0	50	0	0	0	-13	0	0	2	-209	9	13	0	148
13:30:00	48600	50	21	2	22	0	0	0	0	0	0	0	0	35	6	0	47	1	0	0	1	0	0	0	1	1	2	0	49	0	0	0	-13	0	0	2	-211	13	13	0	148
13:35:00	48900	54	51	2	23	0	0	0	0	0	0	0	0	27	28	0	46	5	0	0	6	1	0	0	2	1	6	0	44	0	0	0	-13	0	0	2	-213	20	17	0	151
13:40:00	49200	52	49	4	22	0	0	0	0	0	0	0	0	18	21	0	43	5	2	0	9	2	1	0	3	0	4	0	40	0	0	0	-13	0	0	4	-217	27	21	0	157
13:45:00	49500	52	43	4	27	0	0	0	0	0	0	0	0	27	20	0	50	2	3	0	8	2	1	0	4	1	2	0	39	0	0	0	-13	0	0	4	-221	20	17	0	160
13:50:00	49800	84	51	3	57	1	0	0	1	0	0	0	0	38	23	0	65	15	7	0	16	0	1	0	3	3	1	0	41	0	0	0	-13	0	0	3	-224	27	19	0	168
13:55:00	50100	95	61	3	88	1	1	0	1	0	0	0	0	55	35	0	85	12	5	0	23	0	1	0	2	2	0	0	43	0	0	0	-13	0	0	3	-227	25	19	0	174
14:00:00	50400	75	74	3	86	0	0	0	1	0	0	0	0	42	40	0	87	3	10	0	16	1	1	0	2	4	0	0	47	0	0	0	-13	0	0	3	-230	25	23	0	176
14:05:00	50700	84	85	3	82	0	1	0	0	0	0	0	0	26	38	0	75	9	6	0	19	1	1	0	2	3	0	0	50	0	0	1	-14	0	0	2	-232	45	39	0	182
14:10:00	51000	77	69	3	87	1	0	0	1	0	0	0	0	35	30	0	80	14	11	0	22	3	1	0	4	5	0	0	55	0	0	1	-15	0	0	2	-234	19	27	0	174
14:15:00	51300	68	67	1	87	1	1	0	1	0	0	0	0	36	33	0	83	8	8	0	22	0	1	0	3	4	0	0	59	0	0	0	-15	0	0	1	-235	19	24	0	169
14:20:00	51600	82	72	4	93	0	0	0	1	0	0	0	0	28	29	0	82	14	8	0	28	1	2	0	2	4	7	0	56	0	0	0	-15	0	0	4	-239	35	26	0	178
14:25:00	51900	71	73	4	87	0	0	0	1	0	0	0	0	37	43	0	76	16	10	0	34	1	0	0	3	2	1	0	57	0	0	0	-15	0	0	4	-243	15	19	0	174
14:30:00	52200	56	69	4	70	0	1	0	0	0	0	0	0	20	27	0	69	12	15	0	31	0	2	0	1	2	3	0	56	0	0	0	-15	0	0	4	-247	22	21	0	175
14:35:00	52500	77	66	2	79	0	0	0	0	0	0	0	0	40	28	0	81	4	11	0	24	1	1	0	1	2	1	0	57	0	0	0	-15	0	0	2	-249	30	25	0	180
14:40:00	52800	55	74	0	60	0	0	0	0	0	0	0	0	22	36	0	67	8	8	0	24	0	0	0	1	2	6	0	53	0	0	0	-15	0	0	0	-249	23	24	0	179
14:45:00	53100	52	62	4	46	0	0	0	0	0	0	0	0	23	24	0	66	9	13	0	20	0	0	0	1	3	8	0	48	0	0	0	-15	0	0	4	-253	17	17	0	179
14:50:00	53400	56	65	1	36	0	0	0	0	0	0	0	0	25	31	0	60	3	5	0	18	0	1	0	0	3	2	0	49	0	0	0	-15	0	0	1	-254	25	26	0	178
14:55:00	53700	50	56	0	30	0	0	0	0	0	0	0	0	16	25	0	51	8	6	0	20	1	0	0	1	2	3	0	48	0	0	0	-15	0	0	0	-254	23	22	0	179
15:00:00	54000	42	51	2	19	0	0	0	0	0	0	0	0	17	19	0	49	3	9	0	14	0	0	0	1	0	4	0	44	0	0	0	-15	0	0	2	-256	22	19	0	182
15:05:00	54300	50	55	4	10	0	0	0	0	0	0	0	0	16	24	0	41	1	5	0	10	1	0	0	2	1	0	0	45	0	0	1	-16	0	0	3	-259	31	26	0	187
15:10:00	54600	55	57	1	7	0	0	0	0	0	0	0	0	17	23	0	35	0	4	0	6	3	2	0	3	2	0	0	47	0	0	0	-16	0	0	1	-260	33	28	0	192
15:15:00	54900	58	51	0	14	0	0	0	0	0	0	0	0	28	13	0	50	1	2	0	5	2	3	0	2	2	1	0	48	0	0	0	-16	0	0	0	-260	25	32	0	185
15:20:00	55200	57	51	3	17	0	0	0	0	0	0	0	0	24	20	0	54	1	1	0	5	1	2	0	1	3	0	0	51	0	0	0	-16	0	0	3	-263	28	28	0	185
15:25:00	55500	47	55	4	5	0	0	0	0	0	0	0	0	22	30	0	46	0	0	0	5	0	0	0	1	1	1	0	51	0	0	0	-16	0	0	4	-267	24	24	0	185
15:30:00	55800	69	47	2	25	1	0	0	1	0	0	0	0	33	22	0	57	0	1	0	4	0	1	0	0	0	1	0	50	0	0	0	-16	0	0	2	-269	35	22	0	198
15:35:00	56100	100	70	1	54	0	1	0	0	0	0	0	0	42	32	0	67	0	0	0	4	0	0	0	0	4	7	0	47	0	0	0	-16	0	0	1	-270	54	30	0	222
15:40:00	56400	103	96	10	51	0	0	0	0	0	0	0	0	51	40	0	78	0	1	0	3	2	1	0	1	4	0	0	51	0	0	1	-17	0	0	9	-279	46	54	0	214
15:45:00	56700	77	81	5	42	0	0	0	0	0	0	0	0	39	38	0	79	0	0	0	3	1	0	0	2	5	4	0	52	0	0	0	-17	0	0	5	-284	32	39	0	207
15:50:00	57000	77	82	5	32	1	1	0	0	2	1	0	1	36	39	0	76	0	1	0	2	0	1	0	1	1	0	0	53	0	0	0	-17	0	0	5	-289	37	39	0	205
15:55:00	57300	64	83	10	3	0	0	0	0	0	1	0	0	21	32	0	65	0	0	0	2	1	0	0	2	1	4	0	50	0	0	0	-17	0	0	10	-299	41	46	0	200
16:00:00	57600	91	77	5	12	0	0	0	0	0	0	0	0	28	27	0	66	21	0	0	23	1	0	0	3	2	6	0	46	0	0	0	-17	0	0	5	-304	39	44	0	195
16:05:00	57900	86	74	2	22	0	0	0	0	0	0	0	0	34	33	0	67	19	7	0	35	0	3	0	0	0	4	0	42	0	0	0	-17	0	0	2	-306	33	27	0	201
16:10:00	58200	63	78	3	4	0	0	0	0	0	0	0	0	20	32	0	55	18	15	0	38	0	0	0	0	1	0	0	43	0	0	1	-18	0	0	2	-308	24	31	0	194
16:15:00	58500	80	78	4	2	0	0	0	0	0	0	0	0	23	27	0	51	16	14	0	40	0	0	0	0	6	7	0	42	0	0	0	-18	0	0	4	-312	35	30	0	199
16:20:00	58800	88	76	5	9	0	0	0	0	0	0	0	0	37	25	0	63	17	13	0	44	0	0	0	0	1	2	0	41	0	0	0	-18	0	0	5	-317	33	36	0	196
16:25:00	59100	96	79	2	24	1	1	0	0	0	0	0	0	33	28	0	68	27	18	0	53	0	0	0	0	1	4	0	38	0	0	0	-18	0	0	2	-319	34	28	0	202
16:30:00	59400	115	87	6	46	0	0	0	0	0	0	0	0	33	31	0	70	31	16	0	68	0	0	0	0	6	2	0	42	0	0	0	-18	0	0	6	-325	45	38	0	209
16:35:00	59700	130	93	4	79	1	0	0	1	0	0	0	0	41	25	0	86	28	21	0	75	3	0	0	3	5	1	0	46	0	0	0	-18	0	0	4	-329	52	46	0	215
16:40:00	60000	127	120	7	79	0	0	0	1	0	0	0	0	54	41	0	99	19	26	0	68	2	0	0	5	2	7	0	41	0	0	0	-18	0	0	7	-336	50	46	0	219
16:45:00	60300	97	101	7	68	1	1	0	1	0	0	0	0	34	36	0	97	29	22	0	75	1	2	0	4	1	4	0	38	0	0	0	-18	0	0	7	-343	31	36	0	214
16:50:00	60600	134	107	1	94	0	1	0	0	0	0	0	0	48	49	0	96	46	30	0	91	1	0	0	5	0	0	0	38	0	0	0	-18	0	0	1	-344	39	27	0	226
16:55:00	60900	121	120	3	92	0	0	0	0	0	0	0	0	46	48	0	94	31	26	0	96	1	3	0	3	3	1	0	40	0	0	0	-18	0	0	3	-347	40	42	0	224
17:00:00	61200	153	119	4	122	0	0	0	0	0	0	0	0	79	41	0	132	20	29	0	87	2	2	0	3	4	6	0	38	0	0	0	-18	0	0	4	-351	48	41	0	231
17:05:00	61500	144	113	3	150	2	0	0	2	0	0	0	0	79	57	0	154	12	23	0	76	0	0	0	3	0	6	0	32	0	0	0	-18	0	0	3	-354	51	27	0	255
17:10:00	61800	135	138	4	143	0	1	0	1	0	0	0	0	65	65	0	154	16	19	0	73	0	2	0	1	6	2	0	36	0	0	0	-18	0	0	4	-358	48	49	0	254
17:15:00	62100	151	141	2	151	0	1	0	0	0	0	0	0	67	75	0	146	26	22	0	77	2	0	0	3	3	3	0	36	0	0	0	-18	0	0	2	-360	53	40	0	267
17:20:00	62400	149	130	4	166	0	0	0	0	0	0	0	0	76	60	0	162	15	24	0	68	2	0	0	5	7	3	0	40	0	0	0	-18	0	0	4	-364	49	43	0	273
17:25:00	62700	98	142	1	121	0	0	0	0	0	0	0	0	40	67	0	135	0	23	0	45	1	0	0	6	6	5	0	41	0	0	0	-18	0	0	1	-365	51	47	0	277
17:30:00	63000	88	104	3	102	1	0	0	1	0	0	0	0	53	54	0	134	1	12	0	34	1	2	0	5	2	5	0	38	0	0	0	-18	0	0	3	-368	30	31	0	276
17:35:00	63300	75	91	2	84	0	0	0	1	0	0	0	0	48	51	0	131	2	9	0	27	0	0	0	5	4	3	0	39	0	0	0	-18	0	0	2	-370	21	28	0	269
17:40:00	63600	56	85	4	51	0	1	0	0	0	0	0	0	24	46	0	109	1	3	0	25	1	2	0	4	5	4	0	40	0	0	0	-18	0	0	4	-374	25	29	0	265
17:45:00	63900	90	77	6	58	0	0	0	0	0	0	0	0	60	47	0	122	1	1	0	25	0	0	0	4	2	3	0	39	0	0	0	-18	0	0	6	-380	27	26	0	266
17:50:00	64200	81	86	3	50	0	0	0	0	0	0	0	0	53	48	0	127	1	6	0	20	0	1	0	3	6	4	0	41	0	0	0	-18	0	0	3	-383	21	27	0	260
17:55:00	64500	73	83	4	36	0	0	0	0	0	0	0	0	45	50	0	122	0	4	0	16	0	0	0	3	4	5	0	40	0	0	0	-18	0	0	4	-387	24	24	0	260
18:00:00	64800	56	83	0	9	0	0	0	0	0	0	0	0	36	57	0	101	1	2	0	15	0	0	0	3	1	5	0	36	0	0	0	-18	0	0	0	-387	18	19	0	259
18:05:00	65100	57	72	5	-11	0	0	0	0	0	0	0	0	30	39	0	92	0	1	0	14	0	0	0	3	3	9	0	30	0	0	0	-18	0	0	5	-392	24	23	0	260
18:10:00	65400	39	68	2	-42	0	0	0	0	0	0	0	0	19	41	0	70	1	1	0	14	1	0	0	4	3	1	0	32	0	0	0	-18	0	0	2	-394	15	25	0	250
18:15:00	65700	41	65	4	-70	0	0	0	0	0	0	0	0	20	35	0	55	0	1	0	13	0	2	0	2	1	2	0	31	0	0	0	-18	0	0	4	-398	20	25	0	245
18:20:00	66000	49	46	1	-68	1	1	0	0	0	0	0	0	26	18	0	63	0	2	0	11	0	0	0	2	1	3	0	29	0	0	0	-18	0	0	1	-399	21	22	0	244
18:25:00	66300	40	49	4	-81	1	0	0	1	0	0	0	0	24	23	0	64	0	1	0	10	0	0	0	2	0	4	0	25	0	0	0	-18	0	0	4	-403	15	21	0	238
18:30:00	66600	40	52	3	-96	0	1	0	0	0	0	0	0	16	22	0	58	1	2	0	9	0	0	0	2	3	5	0	23	0	0	0	-18	0	0	3	-406	20	22	0	236
18:35:00	66900	51	52	3	-100	0	0	0	0	0	0	0	0	24	27	0	55	0	2	0	7	0	1	0	1	1	2	0	22	0	0	1	-19	0	0	2	-408	26	20	0	242
18:40:00	67200	23	40	3	-120	0	0	0	0	0	0	0	0	13	24	0	44	0	1	0	6	1	1	0	1	0	1	0	21	0	0	0	-19	0	0	3	-411	9	13	0	238
18:45:00	67500	28	38	0	-130	0	0	0	0	0	0	0	0	20	16	0	48	0	2	0	4	0	0	0	1	1	1	0	21	0	0	0	-19	0	0	0	-411	7	19	0	226
18:50:00	67800	14	36	2	-154	0	0	0	0	0	0	0	0	4	14	0	38	0	0	0	4	0	0	0	1	0	7	0	14	0	0	0	-19	0	0	2	-413	10	15	0	221
18:55:00	68100	24	33	3	-166	0	0	0	0	0	0	0	0	15	17	0	36	0	0	0	4	0	0	0	1	0	1	0	13	0	0	0	-19	0	0	3	-416	9	15	0	215
19:00:00	68400	51	36	0	-151	0	0	0	0	0	0	0	0	35	19	0	52	0	0	0	4	0	1	0	0	1	6	0	8	0	0	0	-19	0	0	0	-416	15	10	0	220
19:05:00	68700	69	40	2	-124	0	0	0	0	0	0	0	0	41	18	0	75	0	0	0	4	1	0	0	1	2	0	0	10	0	0	0	-19	0	0	2	-418	25	22	0	223
19:10:00	69000	48	55	3	-134	0	0	0	0	0	0	0	0	33	35	0	73	0	1	0	3	1	0	0	2	0	0	0	10	0	0	0	-19	0	0	3	-421	14	19	0	218
19:15:00	69300	46	47	2	-137	1	1	0	0	0	0	0	0	27	27	0	73	0	0	0	3	0	0	0	2	3	1	0	12	0	0	0	-19	0	0	2	-423	15	18	0	215
19:20:00	69600	42	52	2	-149	0	0	0	0	0	0	0	0	26	30	0	69	0	0	0	3	0	2	0	0	0	0	0	12	0	0	0	-19	0	0	2	-425	16	20	0	211
19:25:00	69900	72	52	2	-131	0	0	0	0	0	0	0	0	47	32	0	84	0	0	0	3	1	0	0	1	0	1	0	11	0	0	0	-19	0	0	2	-427	24	19	0	216
19:30:00	70200	56	55	3	-133	0	0	0	0	0	0	0	0	35	34	0	85	0	0	0	3	2	0	0	3	2	3	0	10	0	0	0	-19	0	0	3	-430	17	18	0	215
19:35:00	70500	35	54	3	-155	0	0	0	0	0	0	0	0	23	37	0	71	0	1	0	2	1	1	0	3	1	1	0	10	0	0	0	-19	0	0	3	-433	10	14	0	211
19:40:00	70800	34	44	1	-166	1	0	0	1	0	0	0	0	20	31	0	60	0	0	0	2	0	0	0	3	2	0	0	12	0	0	0	-19	0	0	1	-434	11	13	0	209
19:45:00	71100	51	36	0	-151	0	1	0	0	0	0	0	0	37	21	0	76	0	0	0	2	0	2	0	1	0	2	0	10	0	0	0	-19	0	0	0	-434	14	10	0	213
19:50:00	71400	38	43	1	-157	0	0	0	0	0	0	0	0	21	29	0	68	0	0	0	2	2	0	0	3	1	1	0	10	0	0	0	-19	0	0	1	-435	14	13	0	214
19:55:00	71700	43	56	1	-171	0	0	0	0	0	0	0	0	28	33	0	63	0	0	0	2	1	1	0	3	1	0	0	11	0	0	0	-19	0	0	1	-436	13	22	0	205
20:00:00	72000	9	41	1	-204	1	0	0	1	0	0	0	0	2	25	0	40	0	0	0	2	0	0	0	3	1	1	0	11	0	0	0	-19	0	0	1	-437	5	15	0	195
20:05:00	72300	6	32	0	-230	0	0	0	1	0	0	0	0	3	16	0	27	0	0	0	2	0	2	0	1	0	0	0	11	0	0	0	-19	0	0	0	-437	3	14	0	184
20:10:00	72600	6	20	0	-244	0	1	0	0	0	0	0	0	3	12	0	18	0	0	0	2	0	0	0	1	0	0	0	11	0	0	0	-19	0	0	0	-437	3	7	0	180
20:15:00	72900	11	24	0	-257	0	0	0	0	0	0	0	0	3	8	0	13	0	1	0	1	0	0	0	1	2	2	0	11	0	0	0	-19	0	0	0	-437	6	13	0	173
20:20:00	73200	8	13	2	-264	0	0	0	0	0	0	0	0	2	6	0	9	0	0	0	1	0	0	0	1	0	1	0	10	0	0	0	-19	0	0	2	-439	6	6	0	173
20:25:00	73500	5	9	0	-268	0	0	0	0	0	0	0	0	2	1	0	10	0	1	0	0	0	0	0	1	0	2	0	8	0	0	0	-19	0	0	0	-439	3	5	0	171
20:30:00	73800	7	14	1	-276	0	0	0	0	0	0	0	0	1	2	0	9	0	0	0	0	0	0	0	1	0	4	0	4	0	0	0	-19	0	0	1	-440	6	8	0	169
20:35:00	74100	9	15	1	-283	0	0	0	0	0	0	0	0	3	3	0	9	0	0	0	0	0	0	0	1	0	2	0	2	0	0	0	-19	0	0	1	-441	6	10	0	165
20:40:00	74400	5	10	0	-288	0	0	0	0	0	0	0	0	3	2	0	10	0	0	0	0	0	0	0	1	0	0	0	2	0	0	0	-19	0	0	0	-441	2	8	0	159
20:45:00	74700	5	11	1	-295	0	0	0	0	0	0	0	0	0	0	0	10	0	0	0	0	0	0	0	1	0	0	0	2	0	0	0	-19	0	0	1	-442	5	11	0	153
20:50:00	75000	8	12	1	-300	0	0	0	0	0	0	0	0	4	4	0	10	0	0	0	0	0	0	0	1	0	0	0	2	0	0	0	-19	0	0	1	-443	4	8	0	149
20:55:00	75300	3	8	0	-305	0	0	0	0	0	0	0	0	0	2	0	8	0	0	0	0	0	1	0	0	0	0	0	2	0	0	0	-19	0	0	0	-443	3	5	0	147
21:00:00	75600	8	8	0	-305	0	0	0	0	0	0	0	0	6	3	0	11	0	0	0	0	0	0	0	0	0	0	0	2	0	0	0	-19	0	0	0	-443	2	5	0	144
21:05:00	75900	3	6	1	-309	0	0	0	0	0	0	0	0	1	2	0	10	0	0	0	0	0	0	0	0	0	0	0	2	0	0	0	-19	0	0	1	-444	2	4	0	142
21:10:00	76200	2	6	0	-313	0	0	0	0	0	0	0	0	2	4	0	8	0	0	0	0	0	0	0	0	0	0	0	2	0	0	0	-19	0	0	0	-444	0	2	0	140
21:15:00	76500	3	4	0	-314	0	0	0	0	0	0	0	0	3	1	0	10	0	0	0	0	0	0	0	0	0	0	0	2	0	0	0	-19	0	0	0	-444	0	3	0	137
21:20:00	76800	2	5	0	-317	0	0	0	0	0	0	0	0	0	1	0	9	0	0	0	0	0	0	0	0	0	0	0	2	0	0	0	-19	0	0	0	-444	2	4	0	135
21:25:00	77100	1	4	1	-321	0	0	0	0	0	0	0	0	0	1	0	8	0	0	0	0	0	0	0	0	0	0	0	2	0	0	0	-19	0	0	1	-445	1	3	0	133
21:30:00	77400	1	2	0	-322	0	0	0	0	0	0	0	0	0	0	0	8	0	0	0	0	0	0	0	0	0	0	0	2	0	0	0	-19	0	0	0	-445	1	2	0	132
21:35:00	77700	1	6	1	-328	0	0	0	0	0	0	0	0	0	4	0	4	0	0	0	0	0	0	0	0	0	0	0	2	0	0	0	-19	0	0	1	-446	1	2	0	131
21:40:00	78000	1	2	0	-329	0	0	0	0	0	0	0	0	0	1	0	3	0	0	0	0	0	0	0	0	0	0	0	2	0	0	0	-19	0	0	0	-446	1	1	0	131
21:45:00	78300	2	3	1	-331	0	0	0	0	0	0	0	0	0	0	0	3	0	0	0	0	0	0	0	0	0	0	0	2	0	0	0	-19	0	0	1	-447	2	3	0	130
21:50:00	78600	2	3	0	-332	0	0	0	0	0	0	0	0	1	1	0	3	0	0	0	0	0	0	0	0	0	0	0	2	0	0	0	-19	0	0	0	-447	1	2	0	129
21:55:00	78900	0	2	0	-334	0	0	0	0	0	0	0	0	0	1	0	2	0	0	0	0	0	0	0	0	0	0	0	2	0	0	0	-19	0	0	0	-447	0	1	0	128
22:00:00	79200	1	4	1	-338	0	0	0	0	0	0	0	0	0	0	0	2	0	0	0	0	0	0	0	0	0	0	0	2	0	0	0	-19	0	0	1	-448	1	4	0	125
22:05:00	79500	1	4	1	-342	0	0	0	0	0	0	0	0	0	0	0	2	0	0	0	0	0	0	0	0	0	0	0	2	0	0	0	-19	0	0	1	-449	1	4	0	122
22:10:00	79800	2	5	0	-345	0	0	0	0	0	0	0	0	2	0	0	4	0	0	0	0	0	0	0	0	0	0	0	2	0	0	0	-19	0	0	0	-449	0	5	0	117
22:15:00	80100	5	6	2	-348	0	0	0	0	0	0	0	0	1	1	0	4	0	0	0	0	0	0	0	0	0	0	0	2	0	0	0	-19	0	0	2	-451	4	5	0	116
22:20:00	80400	5	5	0	-348	0	0	0	0	0	0	0	0	3	1	0	6	0	0	0	0	0	0	0	0	0	0	0	2	0	0	0	-19	0	0	0	-451	2	4	0	114
22:25:00	80700	3	6	0	-351	0	0	0	0	0	0	0	0	1	1	0	6	0	0	0	0	0	0	0	0	0	0	0	2	0	0	0	-19	0	0	0	-451	2	5	0	111
22:30:00	81000	0	5	0	-356	0	0	0	0	0	0	0	0	0	3	0	3	0	0	0	0	0	0	0	0	0	0	0	2	0	0	0	-19	0	0	0	-451	0	2	0	109
22:35:00	81300	4	5	1	-358	0	0	0	0	0	0	0	0	2	0	0	5	0	0	0	0	0	0	0	0	0	0	0	2	0	0	0	-19	0	0	1	-452	2	5	0	106
22:40:00	81600	1	3	0	-360	0	0	0	0	0	0	0	0	0	1	0	4	0	0	0	0	0	0	0	0	0	0	0	2	0	0	0	-19	0	0	0	-452	1	2	0	105
22:45:00	81900	0	3	0	-363	0	0	0	0	0	0	0	0	0	0	0	4	0	0	0	0	0	0	0	0	0	0	0	2	0	0	0	-19	0	0	0	-452	0	3	0	102
22:50:00	82200	3	6	1	-367	0	0	0	0	0	0	0	0	2	2	0	4	0	0	0	0	0	0	0	0	0	0	0	2	0	0	0	-19	0	0	1	-453	1	4	0	99
22:55:00	82500	3	4	1	-369	0	0	0	0	0	0	0	0	1	1	0	4	0	0	0	0	0	0	0	0	0	0	0	2	0	0	0	-19	0	0	1	-454	2	3	0	98
23:00:00	82800	4	6	0	-371	0	0	0	0	0	0	0	0	1	2	0	3	0	0	0	0	0	0	0	0	0	0	0	2	0	0	0	-19	0	0	0	-454	3	4	0	97
23:05:00	83100	2	4	1	-374	0	0	0	0	0	0	0	0	0	0	0	3	0	0	0	0	0	0	0	0	0	0	0	2	0	0	0	-19	0	0	1	-455	2	4	0	95
23:10:00	83400	2	3	0	-375	0	0	0	0	0	0	0	0	2	1	0	4	0	0	0	0	0	0	0	0	0	0	0	2	0	0	0	-19	0	0	0	-455	0	2	0	93
23:15:00	83700	2	0	0	-373	0	0	0	0	0	0	0	0	2	0	0	6	0	0	0	0	0	0	0	0	0	0	0	2	0	0	0	-19	0	0	0	-455	0	0	0	93
23:20:00	84000	5	4	1	-373	0	0	0	0	0	0	0	0	3	3	0	6	0	0	0	0	0	0	0	0	0	0	0	2	0	0	0	-19	0	0	1	-456	2	1	0	94
23:25:00	84300	4	5	0	-374	0	0	0	0	0	0	0	0	2	2	0	6	0	0	0	0	0	0	0	0	0	0	0	2	0	0	0	-19	0	0	0	-456	2	3	0	93
23:30:00	84600	3	7	1	-379	0	0	0	0	0	0	0	0	0	4	0	2	0	0	0	0	0	0	0	0	0	0	0	2	0	0	0	-19	0	0	1	-457	3	3	0	93
23:35:00	84900	3	2	1	-379	0	0	0	0	0	0	0	0	2	0	0	4	0	0	0	0	0	0	0	0	0	0	0	2	0	0	0	-19	0	0	1	-458	1	2	0	92
23:40:00	85200	2	0	0	-377	0	0	0	0	0	0	0	0	1	0	0	5	0	0	0	0	0	0	0	0	0	0	0	2	0	0	0	-19	0	0	0	-458	1	0	0	93
23:45:00	85500	1	3	0	-379	0	0	0	0	0	0	0	0	1	2	0	4	0	0	0	0	0	0	0	0	0	0	0	2	0	0	0	-19	0	0	0	-458	0	1	0	92
23:50:00	85800	2	3	0	-380	0	0	0	0	0	0	0	0	1	2	0	3	0	0	0	0	0	0	0	0	0	0	0	2	0	0	0	-19	0	0	0	-458	1	1	0	92
23:55:00	86100	2	2	0	-380	0	0	0	0	0	0	0	0	0	1	0	2	0	0	0	0	0	0	0	0	0	0	0	2	0	0	0	-19	0	0	0	-458	2	1	0	93
24:00:00	86400	4	1	0	-377	0	0	0	0	0	0	0	0	3	0	0	5	0	0	0	0	0	0	0	0	0	0	0	2	0	0	0	-19	0	0	0	-458	1	1	0	93
24:05:00	86700	1	4	0	-380	0	0	0	0	0	0	0	0	1	2	0	4	0	0	0	0	0	0	0	0	0	0	0	2	0	0	0	-19	0	0	0	-458	0	2	0	91
24:10:00	87000	1	1	0	-380	0	0	0	0	0	0	0	0	1	0	0	5	0	0	0	0	0	0	0	0	0	0	0	2	0	0	0	-19	0	0	0	-458	0	1	0	90
24:15:00	87300	1	3	0	-382	0	0	0	0	0	0	0	0	1	1	0	5	0	0	0	0	0	0	0	0	0	0	0	2	0	0	0	-19	0	0	0	-458	0	2	0	88
24:20:00	87600	1	2	0	-383	0	0	0	0	0	0	0	0	1	2	0	4	0	0	0	0	0	0	0	0	0	0	0	2	0	0	0	-19	0	0	0	-458	0	0	0	88
24:25:00	87900	2	3	1	-385	0	0	0	0	0	0	0	0	1	1	0	4	0	0	0	0	0	0	0	0	0	0	0	2	0	0	0	-19	0	0	1	-459	1	2	0	87
24:30:00	88200	1	3	0	-387	0	0	0	0	0	0	0	0	0	0	0	4	0	0	0	0	0	0	0	0	0	0	0	2	0	0	0	-19	0	0	0	-459	1	3	0	85
24:35:00	88500	3	6	0	-390	0	0	0	0	0	0	0	0	0	1	0	3	0	0	0	0	1	1	0	0	0	0	0	2	0	0	0	-19	0	0	0	-459	2	4	0	83
24:40:00	88800	2	2	0	-390	0	0	0	0	0	0	0	0	1	0	0	4	0	0	0	0	0	0	0	0	0	0	0	2	0	0	0	-19	0	0	0	-459	1	2	0	82
24:45:00	89100	0	2	0	-392	0	0	0	0	0	0	0	0	0	1	0	3	0	0	0	0	0	0	0	0	0	0	0	2	0	0	0	-19	0	0	0	-459	0	1	0	81
24:50:00	89400	1	3	0	-394	0	0	0	0	0	0	0	0	0	1	0	2	0	0	0	0	0	0	0	0	0	0	0	2	0	0	0	-19	0	0	0	-459	1	2	0	80
24:55:00	89700	1	2	1	-396	0	0	0	0	0	0	0	0	0	0	0	2	0	0	0	0	0	0	0	0	0	0	0	2	0	0	0	-19	0	0	1	-460	1	2	0	79
25:00:00	90000	0	1	0	-397	0	0	0	0	0	0	0	0	0	0	0	2	0	0	0	0	0	0	0	0	0	0	0	2	0	0	0	-19	0	0	0	-460	0	1	0	78
25:05:00	90300	2	2	1	-398	0	0	0	0	0	0	0	0	0	0	0	2	0	0	0	0	0	0	0	0	0	0	0	2	0	0	0	-19	0	0	1	-461	2	2	0	78
25:10:00	90600	1	1	0	-398	0	0	0	0	0	0	0	0	0	1	0	1	0	0	0	0	0	0	0	0	0	0	0	2	0	0	0	-19	0	0	0	-461	1	0	0	79
25:15:00	90900	2	3	0	-399	0	0	0	0	0	0	0	0	1	1	0	1	0	0	0	0	0	0	0	0	0	0	0	2	0	0	0	-19	0	0	0	-461	1	2	0	78
25:20:00	91200	0	0	0	-399	0	0	0	0	0	0	0	0	0	0	0	1	0	0	0	0	0	0	0	0	0	0	0	2	0	0	0	-19	0	0	0	-461	0	0	0	78
25:25:00	91500	0	0	0	-399	0	0	0	0	0	0	0	0	0	0	0	1	0	0	0	0	0	0	0	0	0	0	0	2	0	0	0	-19	0	0	0	-461	0	0	0	78
25:30:00	91800	0	0	0	-399	0	0	0	0	0	0	0	0	0	0	0	1	0	0	0	0	0	0	0	0	0	0	0	2	0	0	0	-19	0	0	0	-461	0	0	0	78
25:35:00	92100	0	0	0	-399	0	0	0	0	0	0	0	0	0	0	0	1	0	0	0	0	0	0	0	0	0	0	0	2	0	0	0	-19	0	0	0	-461	0	0	0	78
25:40:00	92400	0	1	0	-400	0	0	0	0	0	0	0	0	0	1	0	0	0	0	0	0	0	0	0	0	0	0	0	2	0	0	0	-19	0	0	0	-461	0	0	0	78
25:45:00	92700	0	1	0	-401	0	0	0	0	0	0	0	0	0	0	0	0	0	0	0	0	0	0	0	0	0	0	0	2	0	0	0	-19	0	0	0	-461	0	1	0	77
25:50:00	93000	2	3	1	-403	0	0	0	0	0	0	0	0	0	0	0	0	0	0	0	0	0	0	0	0	0	0	0	2	0	0	0	-19	0	0	1	-462	2	3	0	76
25:55:00	93300	1	2	0	-404	0	0	0	0	0	0	0	0	1	0	0	1	0	0	0	0	0	0	0	0	0	0	0	2	0	0	0	-19	0	0	0	-462	0	2	0	74
26:00:00	93600	1	2	1	-406	0	0	0	0	0	0	0	0	0	0	0	1	0	0	0	0	0	0	0	0	0	0	0	2	0	0	0	-19	0	0	1	-463	1	2	0	73
26:05:00	93900	2	3	1	-408	0	0	0	0	0	0	0	0	0	0	0	1	0	0	0	0	0	0	0	0	0	0	0	2	0	0	0	-19	0	0	1	-464	2	3	0	72
26:10:00	94200	3	5	0	-410	0	0	0	0	0	0	0	0	2	1	0	2	0	0	0	0	0	0	0	0	0	0	0	2	0	0	0	-19	0	0	0	-464	1	4	0	69
26:15:00	94500	3	3	1	-411	0	0	0	0	0	0	0	0	0	0	0	2	0	0	0	0	0	0	0	0	0	0	0	2	0	0	0	-19	0	0	1	-465	3	3	0	69
26:20:00	94800	0	1	1	-413	0	0	0	0	0	0	0	0	0	1	0	1	0	0	0	0	0	0	0	0	0	0	0	2	0	0	0	-19	0	0	1	-466	0	0	0	69
26:25:00	95100	0	1	0	-414	0	0	0	0	0	0	0	0	0	0	0	1	0	0	0	0	0	0	0	0	0	0	0	2	0	0	0	-19	0	0	0	-466	0	1	0	68
26:30:00	95400	0	0	0	-414	0	0	0	0	0	0	0	0	0	0	0	1	0	0	0	0	0	0	0	0	0	0	0	2	0	0	0	-19	0	0	0	-466	0	0	0	68
26:35:00	95700	0	0	0	-414	0	0	0	0	0	0	0	0	0	0	0	1	0	0	0	0	0	0	0	0	0	0	0	2	0	0	0	-19	0	0	0	-466	0	0	0	68
26:40:00	96000	0	0	0	-414	0	0	0	0	0	0	0	0	0	0	0	1	0	0	0	0	0	0	0	0	0	0	0	2	0	0	0	-19	0	0	0	-466	0	0	0	68
26:45:00	96300	0	1	0	-415	0	0	0	0	0	0	0	0	0	0	0	1	0	0	0	0	0	0	0	0	0	0	0	2	0	0	0	-19	0	0	0	-466	0	1	0	67
26:50:00	96600	0	3	0	-418	0	0	0	0	0	0	0	0	0	0	0	1	0	0	0	0	0	0	0	0	0	0	0	2	0	0	0	-19	0	0	0	-466	0	3	0	64
26:55:00	96900	5	7	2	-422	0	0	0	0	0	0	0	0	1	1	0	1	0	0	0	0	0	0	0	0	0	0	0	2	0	0	0	-19	0	0	2	-468	4	6	0	62
27:00:00	97200	3	2	1	-422	0	0	0	0	0	0	0	0	0	0	0	1	0	0	0	0	1	0	0	1	0	0	0	2	0	0	0	-19	0	0	1	-469	2	2	0	62
27:05:00	97500	2	2	0	-422	0	0	0	0	0	0	0	0	1	0	0	2	0	0	0	0	0	1	0	0	0	0	0	2	0	0	0	-19	0	0	0	-469	1	1	0	62
27:10:00	97800	2	4	0	-424	0	0	0	0	0	0	0	0	2	2	0	2	0	0	0	0	0	0	0	0	0	0	0	2	0	0	0	-19	0	0	0	-469	0	2	0	60
27:15:00	98100	0	1	0	-425	0	0	0	0	0	0	0	0	0	1	0	1	0	0	0	0	0	0	0	0	0	0	0	2	0	0	0	-19	0	0	0	-469	0	0	0	60
27:20:00	98400	0	0	0	-425	0	0	0	0	0	0	0	0	0	0	0	1	0	0	0	0	0	0	0	0	0	0	0	2	0	0	0	-19	0	0	0	-469	0	0	0	60
27:25:00	98700	0	0	0	-425	0	0	0	0	0	0	0	0	0	0	0	1	0	0	0	0	0	0	0	0	0	0	0	2	0	0	0	-19	0	0	0	-469	0	0	0	60
27:30:00	99000	0	3	0	-428	0	0	0	0	0	0	0	0	0	0	0	1	0	0	0	0	0	0	0	0	0	0	0	2	0	0	0	-19	0	0	0	-469	0	3	0	57
27:35:00	99300	4	4	3	-431	0	0	0	0	0	0	0	0	0	0	0	1	0	0	0	0	0	0	0	0	0	0	0	2	0	0	0	-19	0	0	3	-472	4	4	0	57
27:40:00	99600	4	5	0	-432	0	0	0	0	0	0	0	0	1	1	0	1	0	0	0	0	0	0	0	0	0	0	0	2	0	0	0	-19	0	0	0	-472	3	4	0	56
27:45:00	99900	2	3	1	-434	0	0	0	0	0	0	0	0	0	0	0	1	0	0	0	0	0	0	0	0	0	0	0	2	0	0	0	-19	0	0	1	-473	2	3	0	55
27:50:00	100200	0	0	0	-434	0	0	0	0	0	0	0	0	0	0	0	1	0	0	0	0	0	0	0	0	0	0	0	2	0	0	0	-19	0	0	0	-473	0	0	0	55
27:55:00	100500	0	0	0	-434	0	0	0	0	0	0	0	0	0	0	0	1	0	0	0	0	0	0	0	0	0	0	0	2	0	0	0	-19	0	0	0	-473	0	0	0	55
28:00:00	100800	1	1	0	-434	0	0	0	0	0	0	0	0	1	1	0	1	0	0	0	0	0	0	0	0	0	0	0	2	0	0	0	-19	0	0	0	-473	0	0	0	55
28:05:00	101100	0	0	0	-434	0	0	0	0	0	0	0	0	0	0	0	1	0	0	0	0	0	0	0	0	0	0	0	2	0	0	0	-19	0	0	0	-473	0	0	0	55
28:10:00	101400	0	2	0	-436	0	0	0	0	0	0	0	0	0	0	0	1	0	0	0	0	0	0	0	0	0	0	0	2	0	0	0	-19	0	0	0	-473	0	2	0	53
28:15:00	101700	1	2	1	-438	0	0	0	0	0	0	0	0	0	0	0	1	0	0	0	0	0	0	0	0	0	0	0	2	0	0	0	-19	0	0	1	-474	1	2	0	52
28:20:00	102000	0	0	0	-438	0	0	0	0	0	0	0	0	0	0	0	1	0	0	0	0	0	0	0	0	0	0	0	2	0	0	0	-19	0	0	0	-474	0	0	0	52
28:25:00	102300	1	1	0	-438	0	0	0	0	0	0	0	0	1	1	0	1	0	0	0	0	0	0	0	0	0	0	0	2	0	0	0	-19	0	0	0	-474	0	0	0	52
28:30:00	102600	0	0	0	-438	0	0	0	0	0	0	0	0	0	0	0	1	0	0	0	0	0	0	0	0	0	0	0	2	0	0	0	-19	0	0	0	-474	0	0	0	52
28:35:00	102900	3	4	0	-439	0	0	0	0	0	0	0	0	1	1	0	1	0	0	0	0	0	0	0	0	0	0	0	2	0	0	0	-19	0	0	0	-474	2	3	0	51
28:40:00	103200	1	1	1	-440	0	0	0	0	0	0	0	0	0	0	0	1	0	0	0	0	0	0	0	0	0	0	0	2	0	0	0	-19	0	0	1	-475	1	1	0	51
28:45:00	103500	0	0	0	-440	0	0	0	0	0	0	0	0	0	0	0	1	0	0	0	0	0	0	0	0	0	0	0	2	0	0	0	-19	0	0	0	-475	0	0	0	51
28:50:00	103800	0	0	0	-440	0	0	0	0	0	0	0	0	0	0	0	1	0	0	0	0	0	0	0	0	0	0	0	2	0	0	0	-19	0	0	0	-475	0	0	0	51
28:55:00	104100	0	0	0	-440	0	0	0	0	0	0	0	0	0	0	0	1	0	0	0	0	0	0	0	0	0	0	0	2	0	0	0	-19	0	0	0	-475	0	0	0	51
29:00:00	104400	1	2	0	-441	0	0	0	0	0	0	0	0	1	0	0	2	0	0	0	0	0	0	0	0	0	0	0	2	0	0	0	-19	0	0	0	-475	0	2	0	49
29:05:00	104700	0	0	0	-441	0	0	0	0	0	0	0	0	0	0	0	2	0	0	0	0	0	0	0	0	0	0	0	2	0	0	0	-19	0	0	0	-475	0	0	0	49
29:10:00	105000	1	1	0	-441	0	0	0	0	0	0	0	0	0	0	0	2	0	0	0	0	0	0	0	0	0	0	0	2	0	0	0	-19	0	0	0	-475	1	1	0	49
29:15:00	105300	0	0	0	-441	0	0	0	0	0	0	0	0	0	0	0	2	0	0	0	0	0	0	0	0	0	0	0	2	0	0	0	-19	0	0	0	-475	0	0	0	49
29:20:00	105600	1	1	0	-441	0	0	0	0	0	0	0	0	1	1	0	2	0	0	0	0	0	0	0	0	0	0	0	2	0	0	0	-19	0	0	0	-475	0	0	0	49
29:25:00	105900	1	2	0	-442	0	0	0	0	0	0	0	0	0	1	0	1	0	0	0	0	0	0	0	0	0	0	0	2	0	0	0	-19	0	0	0	-475	1	1	0	49
29:30:00	106200	0	1	0	-443	0	0	0	0	0	0	0	0	0	0	0	1	0	0	0	0	0	0	0	0	0	0	0	2	0	0	0	-19	0	0	0	-475	0	1	0	48
29:35:00	106500	0	0	0	-443	0	0	0	0	0	0	0	0	0	0	0	1	0	0	0	0	0	0	0	0	0	0	0	2	0	0	0	-19	0	0	0	-475	0	0	0	48
29:40:00	106800	0	0	0	-443	0	0	0	0	0	0	0	0	0	0	0	1	0	0	0	0	0	0	0	0	0	0	0	2	0	0	0	-19	0	0	0	-475	0	0	0	48
29:45:00	107100	0	0	0	-443	0	0	0	0	0	0	0	0	0	0	0	1	0	0	0	0	0	0	0	0	0	0	0	2	0	0	0	-19	0	0	0	-475	0	0	0	48
29:50:00	107400	0	1	0	-444	0	0	0	0	0	0	0	0	0	0	0	1	0	0	0	0	0	0	0	0	0	0	0	2	0	0	0	-19	0	0	0	-475	0	1	0	47
29:55:00	107700	1	1	0	-444	0	0	0	0	0	0	0	0	0	1	0	0	0	0	0	0	0	0	0	0	0	0	0	2	0	0	0	-19	0	0	0	-475	1	0	0	48
30:00:00	108000	0	0	50	-494	0	0	0	0	0	0	0	0	0	0	0	0	0	0	0	0	0	0	0	0	0	0	2	0	0	0	0	-19	0	0	0	-475	0	0	48	0
30:05:00	108300	0	0	0	-494	0	0	0	0	0	0	0	0	0	0	0	0	0	0	0	0	0	0	0	0	0	0	0	0	0	0	0	-19	0	0	0	-475	0	0	0	0
